8 36;0.4176,1.000,-59.364
5 21 36;0.4066,1.000,-55.375
5 16 20 36;0.4066,1.000,-55.375
5 18 20 36;0.4066,1.000,-55.375
2 18 36;0.3956,1.000,-52.061
5 16 36;0.4066,0.974,-51.756
5 20 36;0.4066,0.974,-51.756
5 18 36;0.4066,0.974,-51.756
2 5 36;0.3846,1.000,-49.134
2 16 36;0.3846,1.000,-49.134
5 36;0.4066,0.949,-48.804
2 9 36;0.3736,1.000,-46.478
2 21 36;0.3956,0.947,-45.578
3 18 20 21 36;0.4176,0.864,-43.594
16 20 21 36;0.4066,0.881,-41.816
4 37;0.1868,1.000,-41.586
15 26 37;0.1868,1.000,-41.586
1 26 37;0.1868,1.000,-41.586
6 26 37;0.1868,1.000,-41.586
7 26 37;0.1868,1.000,-41.586
2 36;0.3956,0.900,-40.786
3 18 20 36;0.4176,0.826,-39.984
1 15 18 37;0.1868,0.944,-38.695
7 15 18 37;0.1868,0.944,-38.695
1 6 15 31 37;0.1868,0.944,-38.695
1 15 21 31 37;0.1868,0.944,-38.695
6 7 15 31 37;0.1868,0.944,-38.695
7 15 21 31 37;0.1868,0.944,-38.695
16 20 36;0.4066,0.841,-38.049
15 18 37;0.1868,0.895,-36.444
1 15 31 37;0.1868,0.895,-36.444
6 15 31 37;0.1868,0.895,-36.444
7 15 31 37;0.1868,0.895,-36.444
15 21 31 37;0.1868,0.895,-36.444
11 16 21 36;0.3516,0.941,-35.620
15 31 37;0.1868,0.850,-34.547
3 20 21 31 36;0.3626,0.892,-33.287
11 16 36;0.3516,0.914,-33.271
3 11 18 21 36;0.3516,0.914,-33.271
23 26 31 37;0.1868,0.810,-32.888
1 21 23 31 37;0.1868,0.810,-32.888
7 20 21 31 37;0.1868,0.810,-32.888
7 21 23 31 37;0.1868,0.810,-32.888
1 6 20 21 31 37;0.1868,0.810,-32.888
3 20 21 36;0.4176,0.745,-32.475
3 20 35 36;0.3187,0.967,-32.381
3 18 21 23 36;0.3736,0.850,-31.760
19 24 39;0.1209,1.000,-31.488
6 24 39;0.1209,1.000,-31.488
7 24 39;0.1209,1.000,-31.488
6 16 19 39;0.1209,1.000,-31.488
6 19 31 39;0.1209,1.000,-31.488
6 18 19 39;0.1209,1.000,-31.488
6 12 16 25 39;0.1209,1.000,-31.488
6 12 25 31 39;0.1209,1.000,-31.488
6 12 18 25 39;0.1209,1.000,-31.488
26 31 37;0.1868,0.773,-31.407
1 6 20 31 37;0.1868,0.773,-31.407
1 6 23 31 37;0.1868,0.773,-31.407
6 7 20 31 37;0.1868,0.773,-31.407
6 7 23 31 37;0.1868,0.773,-31.407
6 20 21 31 37;0.1868,0.773,-31.407
6 21 23 31 37;0.1868,0.773,-31.407
7 18 20 31 37;0.1868,0.773,-31.407
1 18 20 23 31 37;0.1868,0.773,-31.407
16 21 23 36;0.3626,0.868,-31.353
3 11 18 36;0.3516,0.889,-31.183
9 18 20 21 36;0.3956,0.783,-30.326
23 26 37;0.1868,0.739,-30.063
6 20 31 37;0.1868,0.739,-30.063
6 23 31 37;0.1868,0.739,-30.063
7 20 31 37;0.1868,0.739,-30.063
1 6 15 20 37;0.1868,0.739,-30.063
1 15 20 21 37;0.1868,0.739,-30.063
1 20 23 31 37;0.1868,0.739,-30.063
1 20 21 31 37;0.1868,0.739,-30.063
1 18 23 31 37;0.1868,0.739,-30.063
1 18 21 23 37;0.1868,0.739,-30.063
7 18 23 31 37;0.1868,0.739,-30.063
7 18 20 21 37;0.1868,0.739,-30.063
7 18 21 23 37;0.1868,0.739,-30.063
1 6 18 20 21 37;0.1868,0.739,-30.063
3 20 31 36;0.3626,0.846,-29.577
16 19 39;0.1209,0.917,-29.003
19 31 39;0.1209,0.917,-29.003
18 19 39;0.1209,0.917,-29.003
6 12 25 39;0.1209,0.917,-29.003
7 12 16 25 39;0.1209,0.917,-29.003
7 12 25 31 39;0.1209,0.917,-29.003
7 12 18 25 39;0.1209,0.917,-29.003
6 12 16 31 39;0.1209,0.917,-29.003
1 3 6 12 31 39;0.1209,0.917,-29.003
3 6 7 12 31 39;0.1209,0.917,-29.003
26 37;0.1868,0.708,-28.831
1 15 20 37;0.1868,0.708,-28.831
1 23 31 37;0.1868,0.708,-28.831
7 23 31 37;0.1868,0.708,-28.831
1 18 20 31 37;0.1868,0.708,-28.831
6 18 20 21 37;0.1868,0.708,-28.831
6 18 21 23 37;0.1868,0.708,-28.831
3 18 21 36;0.4176,0.704,-28.684
1 20 31 37;0.1868,0.680,-27.692
7 18 20 37;0.1868,0.680,-27.692
7 15 20 21 37;0.1868,0.680,-27.692
1 6 18 20 37;0.1868,0.680,-27.692
1 6 18 23 37;0.1868,0.680,-27.692
1 18 20 23 37;0.1868,0.680,-27.692
1 18 20 21 37;0.1868,0.680,-27.692
6 7 18 23 37;0.1868,0.680,-27.692
9 18 20 36;0.3956,0.750,-27.576
1 10 31 37;0.1429,1.000,-27.415
1 10 18 37;0.1429,1.000,-27.415
6 10 31 37;0.1429,1.000,-27.415
6 10 18 37;0.1429,1.000,-27.415
7 10 31 37;0.1429,1.000,-27.415
7 10 18 37;0.1429,1.000,-27.415
3 21 23 31 36;0.3297,0.882,-27.373
16 23 35 36;0.2637,1.000,-27.150
1 24 39;0.1209,0.846,-27.131
24 25 31 39;0.1209,0.846,-27.131
12 19 25 39;0.1209,0.846,-27.131
6 19 25 39;0.1209,0.846,-27.131
7 12 25 39;0.1209,0.846,-27.131
6 16 25 39;0.1209,0.846,-27.131
6 25 31 39;0.1209,0.846,-27.131
6 18 25 39;0.1209,0.846,-27.131
3 6 12 31 39;0.1209,0.846,-27.131
7 12 16 31 39;0.1209,0.846,-27.131
3 7 12 31 39;0.1209,0.846,-27.131
1 6 9 12 31 39;0.1209,0.846,-27.131
6 7 9 12 31 39;0.1209,0.846,-27.131
3 18 23 36;0.3736,0.791,-27.012
15 20 21 37;0.1868,0.654,-26.631
1 18 23 37;0.1868,0.654,-26.631
6 18 20 37;0.1868,0.654,-26.631
6 18 23 37;0.1868,0.654,-26.631
7 18 23 37;0.1868,0.654,-26.631
16 21 36;0.4066,0.712,-26.560
16 23 36;0.3626,0.805,-26.397
3 20 36;0.4176,0.679,-26.375
3 11 21 31 36;0.3077,0.903,-25.887
1 18 20 37;0.1868,0.630,-25.637
6 7 15 20 37;0.1868,0.630,-25.637
9 20 35 36;0.3187,0.879,-25.632
24 25 39;0.1209,0.786,-25.591
24 31 39;0.1209,0.786,-25.591
19 25 39;0.1209,0.786,-25.591
12 25 31 39;0.1209,0.786,-25.591
7 16 25 39;0.1209,0.786,-25.591
7 25 31 39;0.1209,0.786,-25.591
7 18 25 39;0.1209,0.786,-25.591
1 12 16 25 39;0.1209,0.786,-25.591
1 12 18 25 39;0.1209,0.786,-25.591
6 9 12 31 39;0.1209,0.786,-25.591
7 9 12 31 39;0.1209,0.786,-25.591
9 20 21 36;0.3956,0.720,-25.069
1 10 37;0.1429,0.929,-24.825
11 27 36;0.2857,0.929,-24.800
1 15 21 37;0.1868,0.607,-24.703
6 15 20 37;0.1868,0.607,-24.703
7 15 20 37;0.1868,0.607,-24.703
1 6 20 21 37;0.1868,0.607,-24.703
1 7 20 21 37;0.1868,0.607,-24.703
1 20 21 23 37;0.1868,0.607,-24.703
24 39;0.1209,0.733,-24.269
1 12 25 39;0.1209,0.733,-24.269
12 16 25 39;0.1209,0.733,-24.269
12 18 25 39;0.1209,0.733,-24.269
6 12 16 39;0.1209,0.733,-24.269
6 16 31 39;0.1209,0.733,-24.269
1 12 16 31 39;0.1209,0.733,-24.269
1 3 12 31 39;0.1209,0.733,-24.269
1 3 6 12 18 39;0.1209,0.733,-24.269
3 6 7 12 18 39;0.1209,0.733,-24.269
3 18 36;0.4176,0.655,-24.212
16 35 36;0.3077,0.875,-23.983
9 11 18 21 36;0.3297,0.833,-23.929
3 21 35 36;0.3187,0.853,-23.877
15 20 37;0.1868,0.586,-23.821
1 6 15 37;0.1868,0.586,-23.821
9 17 42;0.0989,0.818,-23.380
16 27 31 36;0.2747,0.926,-23.278
3 23 35 36;0.2747,0.926,-23.278
12 25 39;0.1209,0.688,-23.106
25 31 39;0.1209,0.688,-23.106
6 12 19 39;0.1209,0.688,-23.106
1 16 25 39;0.1209,0.688,-23.106
1 18 25 39;0.1209,0.688,-23.106
7 12 16 39;0.1209,0.688,-23.106
7 16 31 39;0.1209,0.688,-23.106
1 9 12 31 39;0.1209,0.688,-23.106
3 6 12 18 39;0.1209,0.688,-23.106
3 7 12 18 39;0.1209,0.688,-23.106
1 3 6 31 39;0.1209,0.688,-23.106
3 6 7 31 39;0.1209,0.688,-23.106
1 6 9 12 18 39;0.1209,0.688,-23.106
6 7 9 12 18 39;0.1209,0.688,-23.106
1 15 37;0.1868,0.567,-22.985
7 15 21 37;0.1868,0.567,-22.985
1 6 20 37;0.1868,0.567,-22.985
1 20 21 37;0.1868,0.567,-22.985
7 20 21 37;0.1868,0.567,-22.985
10 31 37;0.1429,0.867,-22.859
10 18 37;0.1429,0.867,-22.859
13 29 41;0.0769,1.000,-22.814
11 29 41;0.0769,1.000,-22.814
20 29 41;0.0769,1.000,-22.814
27 31 36;0.2857,0.897,-22.733
3 11 35 36;0.2527,0.958,-22.698
9 11 18 36;0.3297,0.811,-22.415
3 23 31 36;0.3297,0.811,-22.415
3 35 36;0.3187,0.829,-22.278
20 21 27 36;0.3077,0.848,-22.274
18 21 27 36;0.3077,0.848,-22.274
3 11 31 36;0.3077,0.848,-22.274
15 21 37;0.1868,0.548,-22.190
1 7 20 37;0.1868,0.548,-22.190
1 20 23 37;0.1868,0.548,-22.190
6 20 21 37;0.1868,0.548,-22.190
7 21 31 37;0.1868,0.548,-22.190
1 6 21 31 37;0.1868,0.548,-22.190
16 36;0.4066,0.661,-22.112
12 19 39;0.1209,0.647,-22.065
6 19 39;0.1209,0.647,-22.065
6 25 39;0.1209,0.647,-22.065
16 25 39;0.1209,0.647,-22.065
18 25 39;0.1209,0.647,-22.065
12 16 31 39;0.1209,0.647,-22.065
3 6 31 39;0.1209,0.647,-22.065
1 6 12 31 39;0.1209,0.647,-22.065
6 7 12 31 39;0.1209,0.647,-22.065
6 9 12 18 39;0.1209,0.647,-22.065
7 9 12 18 39;0.1209,0.647,-22.065
3 7 18 31 39;0.1209,0.647,-22.065
1 17 42;0.0989,0.750,-21.994
1 3 9 15 42;0.0989,0.750,-21.994
3 7 9 15 42;0.0989,0.750,-21.994
9 18 21 23 36;0.3516,0.762,-21.760
9 20 36;0.3956,0.679,-21.678
6 21 31 37;0.1868,0.531,-21.432
27 35 36;0.2418,0.957,-21.292
6 10 21 37;0.1429,0.812,-21.235
7 10 21 37;0.1429,0.812,-21.235
18 20 21 36;0.4176,0.623,-21.200
19 39;0.1209,0.611,-21.120
7 25 39;0.1209,0.611,-21.120
6 16 39;0.1209,0.611,-21.120
1 12 16 39;0.1209,0.611,-21.120
6 12 31 39;0.1209,0.611,-21.120
7 12 31 39;0.1209,0.611,-21.120
3 12 31 39;0.1209,0.611,-21.120
1 16 31 39;0.1209,0.611,-21.120
3 7 31 39;0.1209,0.611,-21.120
1 3 12 18 39;0.1209,0.611,-21.120
3 9 11 21 36;0.3297,0.789,-21.011
1 3 15 42;0.0989,0.692,-20.815
3 9 15 42;0.0989,0.692,-20.815
20 35 36;0.3187,0.806,-20.809
9 18 21 35 36;0.3187,0.806,-20.809
29 41;0.0769,0.875,-20.735
20 27 36;0.3077,0.824,-20.720
18 27 36;0.3077,0.824,-20.720
21 27 36;0.3077,0.824,-20.720
1 20 37;0.1868,0.515,-20.708
6 7 15 37;0.1868,0.515,-20.708
1 6 31 37;0.1868,0.515,-20.708
1 21 31 37;0.1868,0.515,-20.708
1 21 23 37;0.1868,0.515,-20.708
6 7 31 37;0.1868,0.515,-20.708
7 18 21 37;0.1868,0.515,-20.708
1 6 18 21 37;0.1868,0.515,-20.708
3 11 21 36;0.3516,0.744,-20.522
7 16 39;0.1209,0.579,-20.255
9 12 31 39;0.1209,0.579,-20.255
1 9 12 18 39;0.1209,0.579,-20.255
1 3 6 18 39;0.1209,0.579,-20.255
1 3 18 31 39;0.1209,0.579,-20.255
3 6 7 18 39;0.1209,0.579,-20.255
6 15 37;0.1868,0.500,-20.015
7 15 37;0.1868,0.500,-20.015
6 31 37;0.1868,0.500,-20.015
6 7 20 37;0.1868,0.500,-20.015
6 18 21 37;0.1868,0.500,-20.015
7 18 31 37;0.1868,0.500,-20.015
9 18 23 35 36;0.2747,0.862,-19.500
1 25 39;0.1209,0.550,-19.457
1 12 31 39;0.1209,0.550,-19.457
1 3 31 39;0.1209,0.550,-19.457
3 6 18 39;0.1209,0.550,-19.457
3 7 18 39;0.1209,0.550,-19.457
1 3 6 12 39;0.1209,0.550,-19.457
1 6 12 18 39;0.1209,0.550,-19.457
3 6 7 12 39;0.1209,0.550,-19.457
6 7 12 18 39;0.1209,0.550,-19.457
1 6 9 31 39;0.1209,0.550,-19.457
6 7 9 31 39;0.1209,0.550,-19.457
9 18 35 36;0.3187,0.784,-19.448
9 21 35 36;0.3187,0.784,-19.448
15 37;0.1868,0.486,-19.350
6 20 37;0.1868,0.486,-19.350
7 31 37;0.1868,0.486,-19.350
7 20 37;0.1868,0.486,-19.350
1 18 21 37;0.1868,0.486,-19.350
7 21 23 37;0.1868,0.486,-19.350
18 20 36;0.4176,0.603,-19.327
27 36;0.3077,0.800,-19.295
13 17 41;0.0769,0.778,-19.231
14 17 42;0.0769,1.000,-19.231
17 20 30 41;0.0769,0.778,-19.231
6 17 20 41;0.0769,0.778,-19.231
13 15 30 41;0.0769,0.778,-19.231
15 20 30 41;0.0769,0.778,-19.231
6 11 13 30 41;0.0769,0.778,-19.231
7 11 13 30 41;0.0769,0.778,-19.231
6 11 20 30 41;0.0769,0.778,-19.231
7 11 20 30 41;0.0769,0.778,-19.231
3 13 15 34 41;0.0769,0.778,-19.231
3 7 14 15 42;0.0769,1.000,-19.231
3 6 15 20 34 41;0.0769,0.778,-19.231
3 6 11 13 34 41;0.0769,0.778,-19.231
3 7 11 13 34 41;0.0769,0.778,-19.231
9 15 30 42;0.0879,0.800,-19.184
17 32 42;0.0989,0.600,-18.869
3 21 31 36;0.3626,0.702,-18.857
25 39;0.1209,0.524,-18.715
12 16 39;0.1209,0.524,-18.715
1 16 39;0.1209,0.524,-18.715
3 6 12 39;0.1209,0.524,-18.715
6 12 18 39;0.1209,0.524,-18.715
3 7 12 39;0.1209,0.524,-18.715
7 12 18 39;0.1209,0.524,-18.715
6 9 31 39;0.1209,0.524,-18.715
1 6 9 12 39;0.1209,0.524,-18.715
6 7 9 12 39;0.1209,0.524,-18.715
7 9 18 31 39;0.1209,0.524,-18.715
1 6 18 37;0.1868,0.472,-18.711
1 6 23 37;0.1868,0.472,-18.711
1 18 31 37;0.1868,0.472,-18.711
6 7 18 37;0.1868,0.472,-18.711
6 21 23 37;0.1868,0.472,-18.711
9 18 21 36;0.3956,0.643,-18.646
6 10 37;0.1429,0.722,-18.609
7 10 37;0.1429,0.722,-18.609
10 21 37;0.1429,0.722,-18.609
9 11 35 36;0.2527,0.885,-18.498
3 9 11 36;0.3297,0.750,-18.475
9 18 23 36;0.3516,0.711,-18.239
9 35 36;0.3187,0.763,-18.182
1 31 37;0.1868,0.459,-18.096
6 18 37;0.1868,0.459,-18.096
7 18 37;0.1868,0.459,-18.096
17 42;0.0989,0.562,-18.043
1 9 15 42;0.0989,0.562,-18.043
7 9 15 42;0.0989,0.562,-18.043
3 7 15 32 42;0.0989,0.562,-18.043
17 20 41;0.0769,0.700,-18.027
11 17 30 41;0.0769,0.700,-18.027
6 11 17 41;0.0769,0.700,-18.027
11 15 30 41;0.0769,0.700,-18.027
6 13 30 41;0.0769,0.700,-18.027
7 13 30 41;0.0769,0.700,-18.027
6 11 30 41;0.0769,0.700,-18.027
7 11 30 41;0.0769,0.700,-18.027
3 13 15 41;0.0769,0.700,-18.027
11 13 30 34 41;0.0769,0.700,-18.027
11 20 30 34 41;0.0769,0.700,-18.027
3 15 20 34 41;0.0769,0.700,-18.027
3 6 11 13 41;0.0769,0.700,-18.027
3 7 11 13 41;0.0769,0.700,-18.027
3 6 11 15 34 41;0.0769,0.700,-18.027
3 6 7 15 20 41;0.0769,0.700,-18.027
3 6 11 15 20 41;0.0769,0.700,-18.027
3 6 13 20 34 41;0.0769,0.700,-18.027
3 6 13 23 34 41;0.0769,0.700,-18.027
3 7 13 20 34 41;0.0769,0.700,-18.027
3 7 13 23 34 41;0.0769,0.700,-18.027
6 9 12 39;0.1209,0.500,-18.022
7 9 12 39;0.1209,0.500,-18.022
3 12 18 39;0.1209,0.500,-18.022
1 3 18 39;0.1209,0.500,-18.022
7 9 31 39;0.1209,0.500,-18.022
9 21 23 31 36;0.3077,0.778,-17.979
1 15 30 42;0.0879,0.727,-17.895
9 15 34 42;0.0879,0.727,-17.895
9 11 21 31 36;0.2857,0.812,-17.847
1 23 37;0.1868,0.447,-17.503
1 11 18 37;0.1319,0.750,-17.393
12 31 39;0.1209,0.478,-17.371
1 3 12 39;0.1209,0.478,-17.371
1 12 18 39;0.1209,0.478,-17.371
9 12 18 39;0.1209,0.478,-17.371
1 6 9 18 39;0.1209,0.478,-17.371
1 9 18 31 39;0.1209,0.478,-17.371
6 7 9 18 39;0.1209,0.478,-17.371
9 11 21 36;0.3297,0.732,-17.322
9 15 42;0.0989,0.529,-17.289
3 7 15 42;0.0989,0.529,-17.289
3 15 32 42;0.0989,0.529,-17.289
3 14 15 42;0.0769,0.875,-17.172
11 17 41;0.0769,0.636,-17.015
13 30 34 41;0.0769,0.636,-17.015
11 13 30 41;0.0769,0.636,-17.015
11 30 34 41;0.0769,0.636,-17.015
3 11 15 34 41;0.0769,0.636,-17.015
3 6 11 15 41;0.0769,0.636,-17.015
3 6 15 20 41;0.0769,0.636,-17.015
3 7 15 20 41;0.0769,0.636,-17.015
3 11 15 20 41;0.0769,0.636,-17.015
3 6 13 20 41;0.0769,0.636,-17.015
3 6 13 23 41;0.0769,0.636,-17.015
3 7 13 20 41;0.0769,0.636,-17.015
3 7 13 23 41;0.0769,0.636,-17.015
18 21 35 36;0.3187,0.744,-16.999
1 18 37;0.1868,0.436,-16.930
1 9 12 39;0.1209,0.458,-16.758
1 9 31 39;0.1209,0.458,-16.758
6 9 18 39;0.1209,0.458,-16.758
7 9 18 39;0.1209,0.458,-16.758
3 21 36;0.4176,0.576,-16.690
3 15 42;0.0989,0.500,-16.596
10 37;0.1429,0.650,-16.511
6 7 23 37;0.1868,0.425,-16.377
1 6 12 39;0.1209,0.440,-16.178
6 7 12 39;0.1209,0.440,-16.178
3 11 36;0.3516,0.681,-16.178
11 18 21 36;0.3516,0.681,-16.178
13 30 41;0.0769,0.583,-16.140
6 20 30 41;0.0769,0.583,-16.140
7 20 30 41;0.0769,0.583,-16.140
3 11 15 41;0.0769,0.583,-16.140
3 15 20 41;0.0769,0.583,-16.140
3 6 11 20 34 41;0.0769,0.583,-16.140
18 35 36;0.3187,0.725,-15.889
21 35 36;0.3187,0.725,-15.889
19 30 42;0.0659,1.000,-15.887
15 19 42;0.0659,1.000,-15.887
6 19 23 42;0.0659,1.000,-15.887
14 15 30 42;0.0659,1.000,-15.887
1 9 30 42;0.0879,0.615,-15.864
6 9 30 42;0.0879,0.615,-15.864
7 9 30 42;0.0879,0.615,-15.864
1 3 18 23 31 38;0.0549,0.833,-15.863
3 7 18 23 31 38;0.0549,0.833,-15.863
6 23 37;0.1868,0.415,-15.841
6 12 39;0.1209,0.423,-15.628
7 12 39;0.1209,0.423,-15.628
1 9 18 39;0.1209,0.423,-15.628
11 35 36;0.2527,0.821,-15.368
20 30 34 41;0.0769,0.538,-15.367
11 20 30 41;0.0769,0.538,-15.367
3 6 13 34 41;0.0769,0.538,-15.367
3 7 13 34 41;0.0769,0.538,-15.367
3 6 11 34 41;0.0769,0.538,-15.367
3 6 11 20 41;0.0769,0.538,-15.367
3 7 11 20 34 41;0.0769,0.538,-15.367
1 3 9 23 42;0.0989,0.450,-15.356
3 7 9 23 42;0.0989,0.450,-15.356
7 23 37;0.1868,0.405,-15.322
9 11 31 36;0.2857,0.765,-15.286
11 18 36;0.3516,0.667,-15.219
9 11 36;0.3297,0.698,-15.209
3 12 39;0.1209,0.407,-15.105
12 18 39;0.1209,0.407,-15.105
9 18 36;0.3956,0.600,-15.055
20 21 36;0.4176,0.559,-15.034
1 30 42;0.0879,0.571,-15.028
15 30 32 42;0.0879,0.571,-15.028
3 31 36;0.3626,0.647,-14.933
35 36;0.3187,0.707,-14.845
1 6 21 37;0.1868,0.395,-14.819
1 7 21 37;0.1868,0.395,-14.819
12 16 27 34 40;0.0440,1.000,-14.799
12 20 27 34 40;0.0440,1.000,-14.799
12 18 27 34 40;0.0440,1.000,-14.799
1 12 16 27 40;0.0440,1.000,-14.799
1 12 20 27 40;0.0440,1.000,-14.799
1 12 18 27 40;0.0440,1.000,-14.799
6 12 16 27 40;0.0440,1.000,-14.799
7 12 16 27 40;0.0440,1.000,-14.799
7 12 20 27 40;0.0440,1.000,-14.799
7 12 18 27 40;0.0440,1.000,-14.799
12 16 20 34 40;0.0440,1.000,-14.799
9 12 20 34 40;0.0440,1.000,-14.799
3 12 20 34 40;0.0440,1.000,-14.799
6 12 16 20 40;0.0440,1.000,-14.799
6 12 16 23 40;0.0440,1.000,-14.799
7 12 16 20 40;0.0440,1.000,-14.799
3 7 12 20 40;0.0440,1.000,-14.799
1 3 6 12 20 40;0.0440,1.000,-14.799
1 12 16 20 23 40;0.0440,1.000,-14.799
1 3 12 20 23 40;0.0440,1.000,-14.799
6 9 12 18 23 34 40;0.0440,1.000,-14.799
3 6 12 18 23 34 40;0.0440,1.000,-14.799
1 3 6 12 18 23 40;0.0440,1.000,-14.799
3 6 7 12 18 23 40;0.0440,1.000,-14.799
1 3 23 42;0.0989,0.429,-14.796
11 30 41;0.0769,0.500,-14.673
17 30 34 41;0.0769,0.500,-14.673
6 17 34 41;0.0769,0.500,-14.673
15 30 34 41;0.0769,0.500,-14.673
3 6 13 41;0.0769,0.500,-14.673
3 7 13 41;0.0769,0.500,-14.673
3 6 11 41;0.0769,0.500,-14.673
11 13 15 34 41;0.0769,0.500,-14.673
3 6 15 34 41;0.0769,0.500,-14.673
6 11 13 34 41;0.0769,0.500,-14.673
7 11 13 34 41;0.0769,0.500,-14.673
3 7 11 34 41;0.0769,0.500,-14.673
3 7 11 20 41;0.0769,0.500,-14.673
10 17 41;0.0549,1.000,-14.611
10 30 41;0.0549,1.000,-14.611
3 10 15 41;0.0549,1.000,-14.611
3 6 10 41;0.0549,1.000,-14.611
3 7 10 41;0.0549,1.000,-14.611
1 3 23 31 38;0.0549,0.714,-14.611
3 7 23 31 38;0.0549,0.714,-14.611
1 12 39;0.1209,0.393,-14.606
9 12 39;0.1209,0.393,-14.606
9 23 31 36;0.3077,0.718,-14.550
15 30 42;0.0879,0.533,-14.277
9 23 30 32 42;0.0879,0.533,-14.277
1 3 6 9 39;0.1209,0.379,-14.129
3 6 7 9 39;0.1209,0.379,-14.129
17 30 41;0.0769,0.467,-14.045
17 34 41;0.0769,0.467,-14.045
6 17 41;0.0769,0.467,-14.045
15 30 41;0.0769,0.467,-14.045
13 15 34 41;0.0769,0.467,-14.045
3 15 34 41;0.0769,0.467,-14.045
3 7 11 41;0.0769,0.467,-14.045
19 23 42;0.0659,0.857,-13.972
1 21 37;0.1868,0.378,-13.856
7 21 37;0.1868,0.378,-13.856
1 3 6 39;0.1209,0.367,-13.672
3 6 9 39;0.1209,0.367,-13.672
9 30 32 42;0.0879,0.500,-13.595
17 41;0.0769,0.438,-13.470
20 23 30 41;0.0769,0.438,-13.470
3 6 7 15 41;0.0769,0.438,-13.470
6 13 20 34 41;0.0769,0.438,-13.470
6 13 23 34 41;0.0769,0.438,-13.470
7 13 20 34 41;0.0769,0.438,-13.470
7 13 23 34 41;0.0769,0.438,-13.470
3 11 13 34 41;0.0769,0.438,-13.470
3 6 20 34 41;0.0769,0.438,-13.470
6 21 37;0.1868,0.370,-13.395
1 9 23 42;0.0989,0.375,-13.304
7 9 23 42;0.0989,0.375,-13.304
3 7 23 32 42;0.0989,0.375,-13.304
3 7 9 39;0.1209,0.355,-13.234
12 27 34 40;0.0440,0.800,-13.189
1 12 27 40;0.0440,0.800,-13.189
7 12 27 40;0.0440,0.800,-13.189
12 16 27 40;0.0440,0.800,-13.189
1 16 27 40;0.0440,0.800,-13.189
6 16 27 40;0.0440,0.800,-13.189
7 16 27 40;0.0440,0.800,-13.189
6 12 20 27 40;0.0440,0.800,-13.189
6 12 18 27 40;0.0440,0.800,-13.189
12 16 23 34 40;0.0440,0.800,-13.189
1 12 16 23 40;0.0440,0.800,-13.189
3 6 12 20 40;0.0440,0.800,-13.189
7 12 16 23 40;0.0440,0.800,-13.189
7 9 12 20 40;0.0440,0.800,-13.189
12 16 20 23 40;0.0440,0.800,-13.189
1 20 27 34 40;0.0440,0.800,-13.189
1 18 27 34 40;0.0440,0.800,-13.189
6 20 27 34 40;0.0440,0.800,-13.189
6 18 27 34 40;0.0440,0.800,-13.189
7 20 27 34 40;0.0440,0.800,-13.189
7 18 27 34 40;0.0440,0.800,-13.189
9 12 18 23 34 40;0.0440,0.800,-13.189
3 12 18 23 34 40;0.0440,0.800,-13.189
1 6 9 12 20 40;0.0440,0.800,-13.189
1 9 12 20 23 40;0.0440,0.800,-13.189
1 3 12 18 23 40;0.0440,0.800,-13.189
3 6 12 18 23 40;0.0440,0.800,-13.189
3 7 12 18 23 40;0.0440,0.800,-13.189
1 6 9 12 18 23 40;0.0440,0.800,-13.189
6 7 9 12 18 23 40;0.0440,0.800,-13.189
1 3 11 18 38;0.0440,1.000,-13.189
3 6 11 31 38;0.0440,1.000,-13.189
3 6 11 18 38;0.0440,1.000,-13.189
3 7 11 18 38;0.0440,1.000,-13.189
6 30 32 42;0.0879,0.471,-12.971
7 30 32 42;0.0879,0.471,-12.971
9 23 30 42;0.0879,0.471,-12.971
1 6 37;0.1868,0.362,-12.946
20 30 41;0.0769,0.412,-12.939
6 30 34 41;0.0769,0.412,-12.939
7 30 34 41;0.0769,0.412,-12.939
11 13 15 41;0.0769,0.412,-12.939
3 6 15 41;0.0769,0.412,-12.939
3 7 15 41;0.0769,0.412,-12.939
6 11 13 41;0.0769,0.412,-12.939
7 11 13 41;0.0769,0.412,-12.939
3 13 20 34 41;0.0769,0.412,-12.939
3 13 23 34 41;0.0769,0.412,-12.939
3 7 20 34 41;0.0769,0.412,-12.939
3 6 7 20 41;0.0769,0.412,-12.939
6 11 15 20 34 41;0.0769,0.412,-12.939
3 7 23 42;0.0989,0.360,-12.857
1 3 18 23 38;0.0549,0.556,-12.819
3 7 18 23 38;0.0549,0.556,-12.819
12 39;0.1209,0.344,-12.813
1 3 7 39;0.1209,0.344,-12.813
18 21 36;0.4176,0.535,-12.685
6 14 30 42;0.0659,0.750,-12.616
7 14 30 42;0.0659,0.750,-12.616
9 21 23 36;0.3516,0.627,-12.591
30 34 41;0.0769,0.389,-12.446
6 30 41;0.0769,0.389,-12.446
7 30 41;0.0769,0.389,-12.446
3 15 41;0.0769,0.389,-12.446
3 6 20 41;0.0769,0.389,-12.446
3 7 20 41;0.0769,0.389,-12.446
6 11 15 34 41;0.0769,0.389,-12.446
11 15 20 34 41;0.0769,0.389,-12.446
1 6 31 39;0.1209,0.333,-12.407
1 6 9 39;0.1209,0.333,-12.407
1 3 9 39;0.1209,0.333,-12.407
6 7 31 39;0.1209,0.333,-12.407
6 7 9 39;0.1209,0.333,-12.407
6 30 42;0.0879,0.444,-12.395
7 30 42;0.0879,0.444,-12.395
9 30 42;0.0879,0.444,-12.395
1 9 18 23 31 38;0.0549,0.500,-12.126
7 9 18 23 31 38;0.0549,0.500,-12.126
6 12 27 40;0.0440,0.667,-12.091
12 20 27 40;0.0440,0.667,-12.091
12 18 27 40;0.0440,0.667,-12.091
12 16 23 40;0.0440,0.667,-12.091
1 27 34 40;0.0440,0.667,-12.091
6 27 34 40;0.0440,0.667,-12.091
7 27 34 40;0.0440,0.667,-12.091
1 20 27 40;0.0440,0.667,-12.091
1 18 27 40;0.0440,0.667,-12.091
7 20 27 40;0.0440,0.667,-12.091
7 18 27 40;0.0440,0.667,-12.091
1 12 16 20 40;0.0440,0.667,-12.091
1 3 12 20 40;0.0440,0.667,-12.091
6 9 12 20 40;0.0440,0.667,-12.091
3 12 20 23 40;0.0440,0.667,-12.091
1 9 12 18 23 40;0.0440,0.667,-12.091
6 9 12 18 23 40;0.0440,0.667,-12.091
7 9 12 18 23 40;0.0440,0.667,-12.091
1 7 37;0.1868,0.347,-12.083
9 21 31 36;0.3407,0.633,-12.063
1 3 39;0.1209,0.324,-12.016
6 31 39;0.1209,0.324,-12.016
6 9 39;0.1209,0.324,-12.016
3 6 7 39;0.1209,0.324,-12.016
7 18 31 39;0.1209,0.324,-12.016
13 15 41;0.0769,0.368,-11.987
11 15 34 41;0.0769,0.368,-11.987
6 13 34 41;0.0769,0.368,-11.987
7 13 34 41;0.0769,0.368,-11.987
23 30 32 42;0.0879,0.421,-11.861
3 6 9 23 42;0.0879,0.421,-11.861
3 9 23 36;0.3516,0.615,-11.789
1 15 32 42;0.0989,0.321,-11.639
3 6 39;0.1209,0.314,-11.639
7 31 39;0.1209,0.314,-11.639
7 9 39;0.1209,0.314,-11.639
3 10 41;0.0549,0.714,-11.605
1 16 23 31 38;0.0440,0.800,-11.589
1 3 11 31 38;0.0440,0.800,-11.589
7 16 23 31 38;0.0440,0.800,-11.589
3 7 11 31 38;0.0440,0.800,-11.589
1 3 6 20 31 38;0.0440,0.800,-11.589
3 6 7 20 31 38;0.0440,0.800,-11.589
3 7 18 20 31 38;0.0440,0.800,-11.589
3 13 34 41;0.0769,0.350,-11.556
6 13 20 41;0.0769,0.350,-11.556
6 13 23 41;0.0769,0.350,-11.556
7 13 20 41;0.0769,0.350,-11.556
7 13 23 41;0.0769,0.350,-11.556
6 15 20 34 41;0.0769,0.350,-11.556
6 11 20 34 41;0.0769,0.350,-11.556
1 9 23 31 38;0.0549,0.455,-11.519
7 9 23 31 38;0.0549,0.455,-11.519
30 32 42;0.0879,0.400,-11.362
3 7 39;0.1209,0.306,-11.274
1 6 18 39;0.1209,0.306,-11.274
1 18 31 39;0.1209,0.306,-11.274
6 7 18 39;0.1209,0.306,-11.274
1 37;0.1868,0.333,-11.262
6 7 37;0.1868,0.333,-11.262
21 23 31 37;0.1868,0.333,-11.262
2 7 41;0.0440,1.000,-11.243
2 10 15 41;0.0440,1.000,-11.243
2 6 10 41;0.0440,1.000,-11.243
2 15 34 41;0.0440,1.000,-11.243
2 11 15 41;0.0440,1.000,-11.243
2 6 13 41;0.0440,1.000,-11.243
2 6 34 41;0.0440,1.000,-11.243
2 6 11 41;0.0440,1.000,-11.243
12 27 40;0.0440,0.571,-11.243
1 27 40;0.0440,0.571,-11.243
7 27 40;0.0440,0.571,-11.243
12 20 34 40;0.0440,0.571,-11.243
6 20 27 40;0.0440,0.571,-11.243
6 18 27 40;0.0440,0.571,-11.243
6 16 20 40;0.0440,0.571,-11.243
6 16 23 40;0.0440,0.571,-11.243
7 16 20 40;0.0440,0.571,-11.243
1 9 12 20 40;0.0440,0.571,-11.243
9 12 20 23 40;0.0440,0.571,-11.243
3 12 18 23 40;0.0440,0.571,-11.243
1 16 20 34 40;0.0440,0.571,-11.243
1 16 20 23 40;0.0440,0.571,-11.243
6 12 18 23 34 40;0.0440,0.571,-11.243
1 3 18 20 34 40;0.0440,0.571,-11.243
3 6 18 20 34 40;0.0440,0.571,-11.243
3 6 18 23 34 40;0.0440,0.571,-11.243
3 7 18 20 34 40;0.0440,0.571,-11.243
20 36;0.4176,0.521,-11.200
9 21 36;0.3956,0.554,-11.152
15 20 34 41;0.0769,0.333,-11.151
11 13 34 41;0.0769,0.333,-11.151
6 11 34 41;0.0769,0.333,-11.151
3 6 23 34 41;0.0769,0.333,-11.151
7 11 20 34 41;0.0769,0.333,-11.151
1 31 39;0.1209,0.297,-10.921
1 9 39;0.1209,0.297,-10.921
6 18 39;0.1209,0.297,-10.921
7 18 39;0.1209,0.297,-10.921
1 15 42;0.0989,0.300,-10.911
3 7 9 32 42;0.0989,0.300,-10.911
11 21 31 36;0.3077,0.651,-10.881
6 37;0.1868,0.327,-10.866
18 20 23 31 37;0.1868,0.327,-10.866
3 23 36;0.3736,0.576,-10.824
23 30 41;0.0769,0.318,-10.768
7 11 34 41;0.0769,0.318,-10.768
6 11 15 20 41;0.0769,0.318,-10.768
3 11 20 34 41;0.0769,0.318,-10.768
14 23 30 42;0.0659,0.600,-10.664
7 14 15 42;0.0769,0.467,-10.636
7 15 32 42;0.0989,0.290,-10.568
3 7 9 42;0.0989,0.290,-10.568
1 3 7 32 42;0.0989,0.290,-10.568
6 27 40;0.0440,0.500,-10.550
1 16 23 40;0.0440,0.500,-10.550
7 16 23 40;0.0440,0.500,-10.550
12 18 23 34 40;0.0440,0.500,-10.550
9 12 18 23 40;0.0440,0.500,-10.550
3 7 18 20 40;0.0440,0.500,-10.550
6 9 12 23 34 40;0.0440,0.500,-10.550
3 6 12 23 34 40;0.0440,0.500,-10.550
1 9 18 20 34 40;0.0440,0.500,-10.550
1 3 18 23 34 40;0.0440,0.500,-10.550
6 9 18 20 34 40;0.0440,0.500,-10.550
6 9 18 23 34 40;0.0440,0.500,-10.550
7 9 18 20 34 40;0.0440,0.500,-10.550
3 7 18 23 34 40;0.0440,0.500,-10.550
1 3 6 18 20 40;0.0440,0.500,-10.550
1 3 6 18 23 40;0.0440,0.500,-10.550
1 3 18 20 23 40;0.0440,0.500,-10.550
3 6 7 18 23 40;0.0440,0.500,-10.550
3 6 20 31 38;0.0440,0.667,-10.500
3 6 23 31 38;0.0440,0.667,-10.500
3 7 20 31 38;0.0440,0.667,-10.500
1 9 18 23 38;0.0549,0.385,-10.495
7 9 18 23 38;0.0549,0.385,-10.495
3 36;0.4176,0.514,-10.479
7 37;0.1868,0.321,-10.479
20 23 31 37;0.1868,0.321,-10.479
18 23 31 37;0.1868,0.321,-10.479
23 30 42;0.0879,0.364,-10.456
30 41;0.0769,0.304,-10.405
6 13 41;0.0769,0.304,-10.405
7 13 41;0.0769,0.304,-10.405
6 11 15 41;0.0769,0.304,-10.405
11 15 20 41;0.0769,0.304,-10.405
13 20 34 41;0.0769,0.304,-10.405
13 23 34 41;0.0769,0.304,-10.405
3 11 34 41;0.0769,0.304,-10.405
3 7 23 34 41;0.0769,0.304,-10.405
3 6 7 23 41;0.0769,0.304,-10.405
1 16 30 40;0.0330,1.000,-10.321
1 18 30 40;0.0330,1.000,-10.321
6 16 30 40;0.0330,1.000,-10.321
6 18 30 40;0.0330,1.000,-10.321
7 16 30 40;0.0330,1.000,-10.321
7 18 30 40;0.0330,1.000,-10.321
12 16 30 34 40;0.0330,1.000,-10.321
12 18 30 34 40;0.0330,1.000,-10.321
1 12 20 30 40;0.0330,1.000,-10.321
6 12 20 30 40;0.0330,1.000,-10.321
7 12 20 30 40;0.0330,1.000,-10.321
12 20 23 30 40;0.0330,1.000,-10.321
12 18 23 30 40;0.0330,1.000,-10.321
16 30 32 34 40;0.0330,1.000,-10.321
18 30 32 34 40;0.0330,1.000,-10.321
20 27 30 32 34 40;0.0330,1.000,-10.321
1 18 39;0.1209,0.282,-10.248
15 32 42;0.0989,0.281,-10.238
1 3 7 42;0.0989,0.281,-10.238
1 3 9 32 42;0.0989,0.281,-10.238
18 23 36;0.3736,0.567,-10.114
23 31 37;0.1868,0.315,-10.101
20 21 31 37;0.1868,0.315,-10.101
14 15 42;0.0769,0.438,-10.084
11 15 41;0.0769,0.292,-10.060
3 6 23 41;0.0769,0.292,-10.060
30 42;0.0879,0.348,-10.041
6 9 23 42;0.0879,0.348,-10.041
3 6 23 32 42;0.0879,0.348,-10.041
3 9 23 32 34 42;0.0879,0.348,-10.041
15 25 42;0.0440,1.000,-9.962
7 12 20 40;0.0440,0.444,-9.962
12 16 20 40;0.0440,0.444,-9.962
1 16 20 40;0.0440,0.444,-9.962
9 12 23 34 40;0.0440,0.444,-9.962
3 12 23 34 40;0.0440,0.444,-9.962
1 6 12 20 40;0.0440,0.444,-9.962
1 12 20 23 40;0.0440,0.444,-9.962
16 27 32 34 40;0.0440,0.444,-9.962
20 27 32 34 40;0.0440,0.444,-9.962
18 27 32 34 40;0.0440,0.444,-9.962
1 3 18 23 40;0.0440,0.444,-9.962
3 6 18 20 40;0.0440,0.444,-9.962
3 6 18 23 40;0.0440,0.444,-9.962
3 7 18 23 40;0.0440,0.444,-9.962
1 3 6 12 23 40;0.0440,0.444,-9.962
1 6 12 18 23 40;0.0440,0.444,-9.962
3 6 7 12 23 40;0.0440,0.444,-9.962
6 7 12 18 23 40;0.0440,0.444,-9.962
1 9 18 23 34 40;0.0440,0.444,-9.962
7 9 18 23 34 40;0.0440,0.444,-9.962
1 3 9 42;0.0989,0.273,-9.919
1 3 32 42;0.0989,0.273,-9.919
18 36;0.4176,0.507,-9.773
6 15 34 41;0.0769,0.280,-9.731
6 11 20 41;0.0769,0.280,-9.731
3 7 23 41;0.0769,0.280,-9.731
18 20 31 37;0.1868,0.309,-9.731
2 15 41;0.0440,0.800,-9.662
2 6 41;0.0440,0.800,-9.662
1 14 16 23 38;0.0440,0.571,-9.662
7 14 16 23 38;0.0440,0.571,-9.662
1 9 11 18 38;0.0440,0.571,-9.662
6 9 11 31 38;0.0440,0.571,-9.662
6 9 11 18 38;0.0440,0.571,-9.662
7 9 11 18 38;0.0440,0.571,-9.662
14 16 23 31 34 38;0.0440,0.571,-9.662
1 3 18 20 31 38;0.0440,0.571,-9.662
3 14 18 23 31 34 38;0.0440,0.571,-9.662
3 6 23 42;0.0879,0.333,-9.648
9 23 32 34 42;0.0879,0.333,-9.648
7 15 42;0.0989,0.265,-9.612
1 3 42;0.0989,0.265,-9.612
7 9 32 42;0.0989,0.265,-9.612
3 7 32 42;0.0989,0.265,-9.612
11 21 36;0.3516,0.582,-9.580
6 12 20 40;0.0440,0.400,-9.451
3 12 20 40;0.0440,0.400,-9.451
27 32 34 40;0.0440,0.400,-9.451
1 3 12 23 40;0.0440,0.400,-9.451
1 12 18 23 40;0.0440,0.400,-9.451
3 6 12 23 40;0.0440,0.400,-9.451
6 12 18 23 40;0.0440,0.400,-9.451
3 7 12 23 40;0.0440,0.400,-9.451
7 12 18 23 40;0.0440,0.400,-9.451
1 3 18 20 40;0.0440,0.400,-9.451
6 12 16 32 34 40;0.0440,0.400,-9.451
1 6 9 12 23 40;0.0440,0.400,-9.451
6 7 9 12 23 40;0.0440,0.400,-9.451
6 9 12 18 32 34 40;0.0440,0.400,-9.451
3 6 12 18 32 34 40;0.0440,0.400,-9.451
15 34 41;0.0769,0.269,-9.418
13 34 41;0.0769,0.269,-9.418
6 11 41;0.0769,0.269,-9.418
3 20 34 41;0.0769,0.269,-9.418
7 11 20 41;0.0769,0.269,-9.418
16 23 25 38;0.0330,1.000,-9.405
23 25 31 38;0.0330,1.000,-9.405
18 23 25 38;0.0330,1.000,-9.405
1 11 16 38;0.0330,1.000,-9.405
6 11 16 38;0.0330,1.000,-9.405
7 11 16 38;0.0330,1.000,-9.405
3 6 11 14 20 38;0.0330,1.000,-9.405
20 31 37;0.1868,0.304,-9.370
11 31 36;0.3077,0.622,-9.341
15 42;0.0989,0.257,-9.315
7 9 42;0.0989,0.257,-9.315
1 9 32 34 42;0.0879,0.320,-9.276
3 9 23 34 42;0.0879,0.320,-9.276
3 7 18 31 32 38;0.0549,0.312,-9.273
7 11 41;0.0769,0.259,-9.118
6 20 34 41;0.0769,0.259,-9.118
6 7 15 20 41;0.0769,0.259,-9.118
9 31 36;0.3407,0.585,-9.089
3 7 42;0.0989,0.250,-9.027
1 9 32 42;0.0989,0.250,-9.027
1 23 32 42;0.0989,0.250,-9.027
18 21 23 37;0.1868,0.298,-9.015
1 12 20 40;0.0440,0.364,-8.999
9 12 20 40;0.0440,0.364,-8.999
12 20 23 40;0.0440,0.364,-8.999
16 27 34 40;0.0440,0.364,-8.999
20 27 34 40;0.0440,0.364,-8.999
18 27 34 40;0.0440,0.364,-8.999
6 12 16 34 40;0.0440,0.364,-8.999
6 12 23 34 40;0.0440,0.364,-8.999
12 16 32 34 40;0.0440,0.364,-8.999
1 9 12 23 40;0.0440,0.364,-8.999
6 9 12 23 40;0.0440,0.364,-8.999
7 9 12 23 40;0.0440,0.364,-8.999
6 9 12 18 34 40;0.0440,0.364,-8.999
3 6 12 18 34 40;0.0440,0.364,-8.999
9 12 18 32 34 40;0.0440,0.364,-8.999
3 12 18 32 34 40;0.0440,0.364,-8.999
3 6 9 20 34 40;0.0440,0.364,-8.999
1 16 23 38;0.0440,0.500,-8.978
7 16 23 38;0.0440,0.500,-8.978
1 9 11 31 38;0.0440,0.500,-8.978
1 3 20 31 38;0.0440,0.500,-8.978
7 9 11 31 38;0.0440,0.500,-8.978
3 7 18 20 38;0.0440,0.500,-8.978
3 14 23 31 34 38;0.0440,0.500,-8.978
1 3 6 18 20 38;0.0440,0.500,-8.978
3 6 9 11 20 38;0.0440,0.500,-8.978
9 14 18 23 31 34 38;0.0440,0.500,-8.978
12 16 30 40;0.0330,0.750,-8.944
12 20 30 40;0.0330,0.750,-8.944
12 18 30 40;0.0330,0.750,-8.944
16 30 34 40;0.0330,0.750,-8.944
18 30 34 40;0.0330,0.750,-8.944
16 27 30 32 40;0.0330,0.750,-8.944
20 27 30 32 40;0.0330,0.750,-8.944
18 27 30 32 40;0.0330,0.750,-8.944
3 7 18 31 38;0.0549,0.294,-8.925
3 7 31 32 38;0.0549,0.294,-8.925
1 9 34 42;0.0879,0.308,-8.921
9 23 34 42;0.0879,0.308,-8.921
9 23 36;0.3516,0.571,-8.903
6 15 20 41;0.0769,0.250,-8.830
7 15 20 41;0.0769,0.250,-8.830
3 6 34 41;0.0769,0.250,-8.830
7 20 34 41;0.0769,0.250,-8.830
1 9 42;0.0989,0.243,-8.748
21 23 31 36;0.3297,0.588,-8.663
3 7 31 38;0.0549,0.278,-8.599
1 3 18 31 32 38;0.0549,0.278,-8.599
27 34 40;0.0440,0.333,-8.594
12 16 34 40;0.0440,0.333,-8.594
12 23 34 40;0.0440,0.333,-8.594
3 12 23 40;0.0440,0.333,-8.594
12 18 23 40;0.0440,0.333,-8.594
9 12 18 34 40;0.0440,0.333,-8.594
3 12 18 34 40;0.0440,0.333,-8.594
6 9 20 34 40;0.0440,0.333,-8.594
7 9 18 20 40;0.0440,0.333,-8.594
1 3 6 20 34 40;0.0440,0.333,-8.594
1 3 9 20 34 40;0.0440,0.333,-8.594
3 7 9 20 34 40;0.0440,0.333,-8.594
9 16 20 32 34 40;0.0440,0.333,-8.594
1 3 6 9 20 40;0.0440,0.333,-8.594
1 6 9 18 20 40;0.0440,0.333,-8.594
1 6 9 18 23 40;0.0440,0.333,-8.594
1 9 18 20 23 40;0.0440,0.333,-8.594
3 6 7 9 20 40;0.0440,0.333,-8.594
6 7 9 18 23 40;0.0440,0.333,-8.594
3 9 18 20 32 34 40;0.0440,0.333,-8.594
2 10 41;0.0440,0.667,-8.591
15 20 41;0.0769,0.241,-8.554
3 11 13 41;0.0769,0.241,-8.554
1 23 42;0.0989,0.237,-8.478
14 16 23 34 38;0.0440,0.444,-8.400
3 6 9 11 38;0.0440,0.444,-8.400
3 6 18 20 38;0.0440,0.444,-8.400
3 6 18 23 38;0.0440,0.444,-8.400
1 14 16 31 34 38;0.0440,0.444,-8.400
7 14 16 31 34 38;0.0440,0.444,-8.400
9 14 23 31 34 38;0.0440,0.444,-8.400
3 14 18 23 34 38;0.0440,0.444,-8.400
1 3 6 11 20 38;0.0440,0.444,-8.400
1 6 9 20 31 38;0.0440,0.444,-8.400
1 3 9 11 20 38;0.0440,0.444,-8.400
6 7 9 20 31 38;0.0440,0.444,-8.400
3 7 9 11 20 38;0.0440,0.444,-8.400
7 9 18 20 31 38;0.0440,0.444,-8.400
1 3 14 18 31 34 38;0.0440,0.444,-8.400
18 20 23 37;0.1868,0.288,-8.329
1 3 18 31 38;0.0549,0.263,-8.294
1 3 31 32 38;0.0549,0.263,-8.294
3 7 18 32 38;0.0549,0.263,-8.294
3 13 20 41;0.0769,0.233,-8.288
3 13 23 41;0.0769,0.233,-8.288
3 7 34 41;0.0769,0.233,-8.288
11 20 34 41;0.0769,0.233,-8.288
9 12 23 40;0.0440,0.308,-8.226
1 9 20 34 40;0.0440,0.308,-8.226
1 3 20 34 40;0.0440,0.308,-8.226
6 16 32 34 40;0.0440,0.308,-8.226
7 9 20 34 40;0.0440,0.308,-8.226
1 3 6 20 40;0.0440,0.308,-8.226
1 9 18 23 40;0.0440,0.308,-8.226
3 6 9 20 40;0.0440,0.308,-8.226
6 9 18 20 40;0.0440,0.308,-8.226
6 9 18 23 40;0.0440,0.308,-8.226
3 7 9 20 40;0.0440,0.308,-8.226
7 9 18 23 40;0.0440,0.308,-8.226
6 12 18 32 34 40;0.0440,0.308,-8.226
3 6 18 32 34 40;0.0440,0.308,-8.226
9 16 23 32 34 40;0.0440,0.308,-8.226
9 18 20 32 34 40;0.0440,0.308,-8.226
1 3 9 20 23 40;0.0440,0.308,-8.226
3 9 18 23 32 34 40;0.0440,0.308,-8.226
7 23 32 42;0.0989,0.231,-8.216
9 16 31 39;0.1209,0.239,-8.174
6 14 19 34 42;0.0549,0.556,-8.143
6 14 19 42;0.0659,0.429,-8.134
3 9 21 31 34 39;0.0769,0.438,-8.070
16 27 30 40;0.0330,0.600,-8.036
20 27 30 40;0.0330,0.600,-8.036
18 27 30 40;0.0330,0.600,-8.036
27 30 32 40;0.0330,0.600,-8.036
16 23 30 32 40;0.0330,0.600,-8.036
18 23 30 32 40;0.0330,0.600,-8.036
3 6 11 14 38;0.0330,0.750,-8.036
6 16 20 31 38;0.0330,0.750,-8.036
6 16 23 31 38;0.0330,0.750,-8.036
7 16 20 31 38;0.0330,0.750,-8.036
1 3 11 14 20 38;0.0330,0.750,-8.036
3 7 11 14 20 38;0.0330,0.750,-8.036
1 16 20 31 34 38;0.0330,0.750,-8.036
6 9 11 14 20 34 38;0.0330,0.750,-8.036
11 34 41;0.0769,0.226,-8.032
1 3 31 38;0.0549,0.250,-8.006
3 7 18 38;0.0549,0.250,-8.006
1 3 9 23 38;0.0549,0.250,-8.006
3 7 9 23 38;0.0549,0.250,-8.006
7 9 18 31 32 38;0.0549,0.250,-8.006
18 23 37;0.1868,0.283,-7.995
3 9 32 34 42;0.0879,0.276,-7.951
3 23 32 34 42;0.0879,0.276,-7.951
3 6 9 32 42;0.0879,0.276,-7.951
1 6 39;0.1209,0.234,-7.907
1 3 6 11 38;0.0440,0.400,-7.899
1 3 9 11 38;0.0440,0.400,-7.899
1 3 11 20 38;0.0440,0.400,-7.899
1 3 18 20 38;0.0440,0.400,-7.899
6 9 20 31 38;0.0440,0.400,-7.899
6 9 23 31 38;0.0440,0.400,-7.899
3 7 9 11 38;0.0440,0.400,-7.899
7 9 20 31 38;0.0440,0.400,-7.899
9 14 18 23 34 38;0.0440,0.400,-7.899
1 9 14 18 31 34 38;0.0440,0.400,-7.899
1 14 18 23 31 34 38;0.0440,0.400,-7.899
7 9 14 18 31 34 38;0.0440,0.400,-7.899
7 14 18 23 31 34 38;0.0440,0.400,-7.899
9 16 23 31 32 34 38;0.0440,0.400,-7.899
3 9 18 23 31 32 34 38;0.0440,0.400,-7.899
6 16 34 40;0.0440,0.286,-7.890
6 12 18 34 40;0.0440,0.286,-7.890
12 18 32 34 40;0.0440,0.286,-7.890
1 6 12 23 40;0.0440,0.286,-7.890
6 7 12 23 40;0.0440,0.286,-7.890
6 12 16 32 40;0.0440,0.286,-7.890
1 16 32 34 40;0.0440,0.286,-7.890
3 6 18 34 40;0.0440,0.286,-7.890
7 16 32 34 40;0.0440,0.286,-7.890
9 16 20 34 40;0.0440,0.286,-7.890
16 20 32 34 40;0.0440,0.286,-7.890
1 3 7 20 40;0.0440,0.286,-7.890
1 9 18 20 40;0.0440,0.286,-7.890
1 3 20 23 40;0.0440,0.286,-7.890
6 9 12 32 34 40;0.0440,0.286,-7.890
3 6 12 32 34 40;0.0440,0.286,-7.890
1 3 18 32 34 40;0.0440,0.286,-7.890
6 9 18 32 34 40;0.0440,0.286,-7.890
3 7 18 32 34 40;0.0440,0.286,-7.890
3 9 18 20 34 40;0.0440,0.286,-7.890
9 18 23 32 34 40;0.0440,0.286,-7.890
3 18 20 32 34 40;0.0440,0.286,-7.890
1 3 6 12 18 32 40;0.0440,0.286,-7.890
3 6 7 12 18 32 40;0.0440,0.286,-7.890
18 20 21 34 37;0.1209,0.440,-7.833
6 23 34 41;0.0769,0.219,-7.785
3 23 34 41;0.0769,0.219,-7.785
1 3 23 38;0.0549,0.238,-7.734
1 3 18 32 38;0.0549,0.238,-7.734
7 9 18 31 38;0.0549,0.238,-7.734
7 9 31 32 38;0.0549,0.238,-7.734
1 18 23 31 32 38;0.0549,0.238,-7.734
7 18 23 31 32 38;0.0549,0.238,-7.734
18 20 21 37;0.1868,0.279,-7.669
14 19 42;0.0659,0.400,-7.657
3 14 23 34 42;0.0659,0.400,-7.657
9 32 34 42;0.0879,0.267,-7.655
3 6 9 42;0.0879,0.267,-7.655
16 31 39;0.1209,0.229,-7.647
3 9 18 31 39;0.1209,0.229,-7.647
10 11 13 41;0.0549,0.385,-7.612
9 21 31 34 39;0.0769,0.412,-7.586
12 20 40;0.0440,0.267,-7.580
12 18 34 40;0.0440,0.267,-7.580
1 12 23 40;0.0440,0.267,-7.580
6 12 16 40;0.0440,0.267,-7.580
6 12 23 40;0.0440,0.267,-7.580
7 12 23 40;0.0440,0.267,-7.580
1 16 34 40;0.0440,0.267,-7.580
7 16 34 40;0.0440,0.267,-7.580
6 9 12 34 40;0.0440,0.267,-7.580
3 6 12 34 40;0.0440,0.267,-7.580
9 12 32 34 40;0.0440,0.267,-7.580
3 12 32 34 40;0.0440,0.267,-7.580
7 12 16 32 40;0.0440,0.267,-7.580
1 3 18 34 40;0.0440,0.267,-7.580
6 9 18 34 40;0.0440,0.267,-7.580
3 7 18 34 40;0.0440,0.267,-7.580
9 16 23 34 40;0.0440,0.267,-7.580
16 23 32 34 40;0.0440,0.267,-7.580
9 18 20 34 40;0.0440,0.267,-7.580
1 3 9 20 40;0.0440,0.267,-7.580
1 3 6 12 18 40;0.0440,0.267,-7.580
3 6 7 12 18 40;0.0440,0.267,-7.580
3 6 12 18 32 40;0.0440,0.267,-7.580
3 7 12 18 32 40;0.0440,0.267,-7.580
1 9 18 32 34 40;0.0440,0.267,-7.580
3 6 20 32 34 40;0.0440,0.267,-7.580
7 9 18 32 34 40;0.0440,0.267,-7.580
3 9 18 23 34 40;0.0440,0.267,-7.580
3 18 23 32 34 40;0.0440,0.267,-7.580
1 6 9 12 18 32 40;0.0440,0.267,-7.580
6 7 9 12 18 32 40;0.0440,0.267,-7.580
3 13 41;0.0769,0.212,-7.547
6 7 15 41;0.0769,0.212,-7.547
7 14 23 42;0.0769,0.318,-7.525
1 3 18 38;0.0549,0.227,-7.476
7 9 31 38;0.0549,0.227,-7.476
1 23 31 32 38;0.0549,0.227,-7.476
7 23 31 32 38;0.0549,0.227,-7.476
1 9 18 31 32 38;0.0549,0.227,-7.476
7 23 42;0.0989,0.214,-7.472
1 3 11 38;0.0440,0.364,-7.457
1 14 16 34 38;0.0440,0.364,-7.457
7 14 16 34 38;0.0440,0.364,-7.457
14 16 31 34 38;0.0440,0.364,-7.457
6 9 11 20 38;0.0440,0.364,-7.457
1 9 14 31 34 38;0.0440,0.364,-7.457
1 14 23 31 34 38;0.0440,0.364,-7.457
7 14 23 31 34 38;0.0440,0.364,-7.457
3 14 18 31 34 38;0.0440,0.364,-7.457
1 16 31 32 34 38;0.0440,0.364,-7.457
7 16 31 32 34 38;0.0440,0.364,-7.457
9 16 23 31 34 38;0.0440,0.364,-7.457
1 9 18 20 31 38;0.0440,0.364,-7.457
3 9 18 23 31 34 38;0.0440,0.364,-7.457
3 9 23 31 32 34 38;0.0440,0.364,-7.457
9 18 23 31 32 34 38;0.0440,0.364,-7.457
1 7 39;0.1209,0.224,-7.393
3 9 31 39;0.1209,0.224,-7.393
27 30 40;0.0330,0.500,-7.351
16 30 32 40;0.0330,0.500,-7.351
18 30 32 40;0.0330,0.500,-7.351
3 6 14 20 34 40;0.0330,0.500,-7.351
3 6 7 14 20 40;0.0330,0.500,-7.351
6 23 25 42;0.0440,0.667,-7.349
6 15 41;0.0769,0.206,-7.316
7 15 41;0.0769,0.206,-7.316
7 23 34 41;0.0769,0.206,-7.316
6 7 20 41;0.0769,0.206,-7.316
3 6 7 41;0.0769,0.206,-7.316
9 12 34 40;0.0440,0.250,-7.292
3 12 34 40;0.0440,0.250,-7.292
7 12 16 40;0.0440,0.250,-7.292
16 20 34 40;0.0440,0.250,-7.292
1 3 20 40;0.0440,0.250,-7.292
3 6 12 18 40;0.0440,0.250,-7.292
3 7 12 18 40;0.0440,0.250,-7.292
1 9 18 34 40;0.0440,0.250,-7.292
3 6 20 34 40;0.0440,0.250,-7.292
7 9 18 34 40;0.0440,0.250,-7.292
9 18 23 34 40;0.0440,0.250,-7.292
3 18 20 34 40;0.0440,0.250,-7.292
1 6 9 20 40;0.0440,0.250,-7.292
6 7 9 20 40;0.0440,0.250,-7.292
1 6 9 12 18 40;0.0440,0.250,-7.292
6 7 9 12 18 40;0.0440,0.250,-7.292
6 9 12 18 32 40;0.0440,0.250,-7.292
7 9 12 18 32 40;0.0440,0.250,-7.292
1 18 20 32 34 40;0.0440,0.250,-7.292
3 6 9 23 34 40;0.0440,0.250,-7.292
6 18 20 32 34 40;0.0440,0.250,-7.292
6 18 23 32 34 40;0.0440,0.250,-7.292
3 7 20 32 34 40;0.0440,0.250,-7.292
7 18 20 32 34 40;0.0440,0.250,-7.292
3 6 7 20 32 40;0.0440,0.250,-7.292
28 42;0.0330,1.000,-7.277
1 9 18 31 38;0.0549,0.217,-7.231
1 9 31 32 38;0.0549,0.217,-7.231
1 18 23 31 38;0.0549,0.217,-7.231
7 18 23 31 38;0.0549,0.217,-7.231
7 9 18 32 38;0.0549,0.217,-7.231
6 19 32 42;0.0659,0.375,-7.220
9 36;0.3956,0.507,-7.172
3 18 31 39;0.1209,0.220,-7.144
3 21 31 34 39;0.0769,0.389,-7.141
14 23 25 38;0.0330,0.600,-7.137
11 14 16 34 38;0.0330,0.600,-7.137
3 7 11 14 38;0.0330,0.600,-7.137
6 9 11 14 34 38;0.0330,0.600,-7.137
3 11 14 18 34 38;0.0330,0.600,-7.137
1 9 11 14 20 34 38;0.0330,0.600,-7.137
7 9 11 14 20 34 38;0.0330,0.600,-7.137
3 9 34 42;0.0879,0.250,-7.097
3 23 34 42;0.0879,0.250,-7.097
15 41;0.0769,0.200,-7.093
6 20 41;0.0769,0.200,-7.093
3 6 41;0.0769,0.200,-7.093
7 20 41;0.0769,0.200,-7.093
6 9 11 38;0.0440,0.333,-7.061
3 14 31 34 38;0.0440,0.333,-7.061
1 16 31 34 38;0.0440,0.333,-7.061
7 16 31 34 38;0.0440,0.333,-7.061
1 9 11 20 38;0.0440,0.333,-7.061
1 9 20 31 38;0.0440,0.333,-7.061
7 9 11 20 38;0.0440,0.333,-7.061
7 9 18 20 38;0.0440,0.333,-7.061
1 9 14 18 34 38;0.0440,0.333,-7.061
1 14 18 23 34 38;0.0440,0.333,-7.061
7 9 14 18 34 38;0.0440,0.333,-7.061
7 14 18 23 34 38;0.0440,0.333,-7.061
9 14 18 31 34 38;0.0440,0.333,-7.061
14 18 23 31 34 38;0.0440,0.333,-7.061
16 23 31 32 34 38;0.0440,0.333,-7.061
3 9 23 31 34 38;0.0440,0.333,-7.061
9 18 23 31 34 38;0.0440,0.333,-7.061
9 23 31 32 34 38;0.0440,0.333,-7.061
1 3 6 9 20 38;0.0440,0.333,-7.061
1 6 9 18 20 38;0.0440,0.333,-7.061
3 6 7 9 20 38;0.0440,0.333,-7.061
3 6 11 20 32 38;0.0440,0.333,-7.061
3 18 23 31 32 34 38;0.0440,0.333,-7.061
11 36;0.3516,0.542,-7.039
18 20 37;0.1868,0.270,-7.034
12 23 40;0.0440,0.235,-7.024
16 23 34 40;0.0440,0.235,-7.024
6 16 32 40;0.0440,0.235,-7.024
6 9 20 40;0.0440,0.235,-7.024
7 9 20 40;0.0440,0.235,-7.024
6 12 32 34 40;0.0440,0.235,-7.024
1 12 16 32 40;0.0440,0.235,-7.024
6 9 12 18 40;0.0440,0.235,-7.024
7 9 12 18 40;0.0440,0.235,-7.024
6 9 23 34 40;0.0440,0.235,-7.024
3 7 20 34 40;0.0440,0.235,-7.024
3 18 23 34 40;0.0440,0.235,-7.024
1 9 20 23 40;0.0440,0.235,-7.024
3 6 7 20 40;0.0440,0.235,-7.024
3 6 20 32 40;0.0440,0.235,-7.024
3 7 20 32 40;0.0440,0.235,-7.024
1 3 12 18 32 40;0.0440,0.235,-7.024
1 3 6 23 34 40;0.0440,0.235,-7.024
1 18 23 32 34 40;0.0440,0.235,-7.024
7 18 23 32 34 40;0.0440,0.235,-7.024
3 9 20 32 34 40;0.0440,0.235,-7.024
3 9 23 32 42;0.0989,0.205,-7.008
1 9 31 38;0.0549,0.208,-6.998
1 23 31 38;0.0549,0.208,-6.998
1 9 23 38;0.0549,0.208,-6.998
7 23 31 38;0.0549,0.208,-6.998
7 9 18 38;0.0549,0.208,-6.998
7 9 23 38;0.0549,0.208,-6.998
1 18 23 32 38;0.0549,0.208,-6.998
3 7 23 32 38;0.0549,0.208,-6.998
7 18 23 32 38;0.0549,0.208,-6.998
3 12 14 23 42;0.0549,0.455,-6.926
1 39;0.1209,0.216,-6.901
6 7 39;0.1209,0.216,-6.901
3 31 39;0.1209,0.216,-6.901
11 13 41;0.0769,0.194,-6.877
3 7 41;0.0769,0.194,-6.877
6 9 34 42;0.0769,0.292,-6.868
9 34 42;0.0879,0.242,-6.834
6 9 32 42;0.0879,0.242,-6.834
3 6 32 42;0.0879,0.242,-6.834
6 19 42;0.0659,0.353,-6.819
19 32 42;0.0659,0.353,-6.819
10 13 41;0.0549,0.333,-6.808
6 10 34 41;0.0549,0.333,-6.808
7 10 34 41;0.0549,0.333,-6.808
12 30 34 40;0.0330,0.429,-6.801
16 23 30 40;0.0330,0.429,-6.801
18 23 30 40;0.0330,0.429,-6.801
1 9 20 30 40;0.0330,0.429,-6.801
3 6 14 20 40;0.0330,0.429,-6.801
3 7 14 20 40;0.0330,0.429,-6.801
9 20 30 32 34 40;0.0330,0.429,-6.801
23 31 36;0.3297,0.556,-6.799
3 7 23 38;0.0549,0.200,-6.775
1 9 18 32 38;0.0549,0.200,-6.775
6 16 40;0.0440,0.222,-6.772
6 12 34 40;0.0440,0.222,-6.772
12 32 34 40;0.0440,0.222,-6.772
1 12 16 40;0.0440,0.222,-6.772
3 6 20 40;0.0440,0.222,-6.772
7 16 32 40;0.0440,0.222,-6.772
3 7 20 40;0.0440,0.222,-6.772
1 3 12 18 40;0.0440,0.222,-6.772
1 18 20 34 40;0.0440,0.222,-6.772
6 18 20 34 40;0.0440,0.222,-6.772
6 18 23 34 40;0.0440,0.222,-6.772
7 18 20 34 40;0.0440,0.222,-6.772
9 20 32 34 40;0.0440,0.222,-6.772
1 9 12 18 32 40;0.0440,0.222,-6.772
1 3 9 23 34 40;0.0440,0.222,-6.772
3 7 9 23 34 40;0.0440,0.222,-6.772
1 3 6 9 23 40;0.0440,0.222,-6.772
1 3 6 18 32 40;0.0440,0.222,-6.772
3 6 7 9 23 40;0.0440,0.222,-6.772
3 6 7 18 32 40;0.0440,0.222,-6.772
9 16 21 34 39;0.0769,0.368,-6.729
9 18 31 34 39;0.0769,0.368,-6.729
3 9 18 21 34 39;0.0769,0.368,-6.729
21 31 37;0.1868,0.266,-6.725
20 21 23 37;0.1868,0.266,-6.725
14 16 34 38;0.0440,0.308,-6.703
1 9 11 38;0.0440,0.308,-6.703
7 9 11 38;0.0440,0.308,-6.703
9 14 31 34 38;0.0440,0.308,-6.703
14 23 31 34 38;0.0440,0.308,-6.703
3 14 18 34 38;0.0440,0.308,-6.703
7 14 16 31 38;0.0440,0.308,-6.703
16 23 31 34 38;0.0440,0.308,-6.703
9 23 31 34 38;0.0440,0.308,-6.703
1 3 6 20 38;0.0440,0.308,-6.703
3 6 11 20 38;0.0440,0.308,-6.703
3 6 11 32 38;0.0440,0.308,-6.703
3 6 9 20 38;0.0440,0.308,-6.703
6 9 18 20 38;0.0440,0.308,-6.703
6 9 18 23 38;0.0440,0.308,-6.703
3 7 9 20 38;0.0440,0.308,-6.703
9 16 23 32 34 38;0.0440,0.308,-6.703
3 18 23 31 34 38;0.0440,0.308,-6.703
3 23 31 32 34 38;0.0440,0.308,-6.703
3 7 11 20 32 38;0.0440,0.308,-6.703
3 9 18 23 32 34 38;0.0440,0.308,-6.703
20 34 41;0.0769,0.189,-6.667
6 39;0.1209,0.212,-6.664
9 18 31 39;0.1209,0.212,-6.664
6 9 42;0.0879,0.235,-6.580
1 32 34 42;0.0879,0.235,-6.580
1 7 32 42;0.0989,0.196,-6.567
1 9 18 38;0.0549,0.192,-6.561
1 18 23 38;0.0549,0.192,-6.561
7 18 23 38;0.0549,0.192,-6.561
23 25 42;0.0440,0.571,-6.549
12 34 40;0.0440,0.211,-6.536
7 16 40;0.0440,0.211,-6.536
1 9 20 40;0.0440,0.211,-6.536
1 9 12 18 40;0.0440,0.211,-6.536
1 9 23 34 40;0.0440,0.211,-6.536
1 3 23 34 40;0.0440,0.211,-6.536
1 18 23 34 40;0.0440,0.211,-6.536
7 9 23 34 40;0.0440,0.211,-6.536
7 18 23 34 40;0.0440,0.211,-6.536
9 16 32 34 40;0.0440,0.211,-6.536
3 9 20 34 40;0.0440,0.211,-6.536
1 3 6 18 40;0.0440,0.211,-6.536
1 3 6 23 40;0.0440,0.211,-6.536
3 6 7 18 40;0.0440,0.211,-6.536
3 6 9 23 40;0.0440,0.211,-6.536
3 6 18 32 40;0.0440,0.211,-6.536
3 7 18 32 40;0.0440,0.211,-6.536
1 3 6 12 32 40;0.0440,0.211,-6.536
1 6 12 18 32 40;0.0440,0.211,-6.536
3 6 7 12 32 40;0.0440,0.211,-6.536
6 7 12 18 32 40;0.0440,0.211,-6.536
3 9 18 32 34 40;0.0440,0.211,-6.536
14 20 30 34 40;0.0220,1.000,-6.526
1 14 20 30 40;0.0220,1.000,-6.526
6 14 20 30 40;0.0220,1.000,-6.526
7 14 20 30 40;0.0220,1.000,-6.526
6 14 16 20 38;0.0330,0.500,-6.461
6 14 16 23 38;0.0330,0.500,-6.461
7 14 16 20 38;0.0330,0.500,-6.461
1 16 20 31 38;0.0330,0.500,-6.461
1 11 14 18 34 38;0.0330,0.500,-6.461
6 11 14 31 34 38;0.0330,0.500,-6.461
6 11 14 20 34 38;0.0330,0.500,-6.461
6 11 14 18 34 38;0.0330,0.500,-6.461
3 6 14 20 34 38;0.0330,0.500,-6.461
7 11 14 18 34 38;0.0330,0.500,-6.461
9 11 14 18 34 38;0.0330,0.500,-6.461
3 11 14 20 34 38;0.0330,0.500,-6.461
3 6 7 14 20 38;0.0330,0.500,-6.461
10 11 41;0.0549,0.312,-6.455
19 42;0.0659,0.333,-6.448
7 39;0.1209,0.208,-6.431
9 31 39;0.1209,0.208,-6.431
3 12 23 42;0.0549,0.417,-6.429
6 12 14 23 42;0.0549,0.417,-6.429
9 12 14 23 42;0.0549,0.417,-6.429
3 6 11 38;0.0440,0.286,-6.377
9 14 18 34 38;0.0440,0.286,-6.377
14 18 23 34 38;0.0440,0.286,-6.377
1 16 32 34 38;0.0440,0.286,-6.377
7 16 32 34 38;0.0440,0.286,-6.377
3 23 31 34 38;0.0440,0.286,-6.377
1 3 7 20 38;0.0440,0.286,-6.377
1 11 18 32 38;0.0440,0.286,-6.377
6 11 31 32 38;0.0440,0.286,-6.377
6 11 18 32 38;0.0440,0.286,-6.377
3 7 11 20 38;0.0440,0.286,-6.377
3 7 11 32 38;0.0440,0.286,-6.377
7 11 18 32 38;0.0440,0.286,-6.377
1 14 18 31 34 38;0.0440,0.286,-6.377
7 14 18 31 34 38;0.0440,0.286,-6.377
9 18 23 32 34 38;0.0440,0.286,-6.377
9 18 21 34 39;0.0769,0.350,-6.347
16 30 40;0.0330,0.375,-6.339
18 30 40;0.0330,0.375,-6.339
1 12 30 40;0.0330,0.375,-6.339
6 12 30 40;0.0330,0.375,-6.339
7 12 30 40;0.0330,0.375,-6.339
1 20 30 40;0.0330,0.375,-6.339
9 20 30 34 40;0.0330,0.375,-6.339
3 6 42;0.0879,0.229,-6.336
3 32 34 42;0.0879,0.229,-6.336
12 16 32 40;0.0440,0.200,-6.313
9 20 34 40;0.0440,0.200,-6.313
1 16 32 40;0.0440,0.200,-6.313
3 6 18 40;0.0440,0.200,-6.313
3 7 18 40;0.0440,0.200,-6.313
1 3 6 12 40;0.0440,0.200,-6.313
1 6 12 18 40;0.0440,0.200,-6.313
3 6 7 12 40;0.0440,0.200,-6.313
6 7 12 18 40;0.0440,0.200,-6.313
3 6 12 32 40;0.0440,0.200,-6.313
6 12 18 32 40;0.0440,0.200,-6.313
3 7 12 32 40;0.0440,0.200,-6.313
7 12 18 32 40;0.0440,0.200,-6.313
9 18 32 34 40;0.0440,0.200,-6.313
1 3 9 23 40;0.0440,0.200,-6.313
3 7 9 23 40;0.0440,0.200,-6.313
1 6 9 12 32 40;0.0440,0.200,-6.313
6 7 9 12 32 40;0.0440,0.200,-6.313
3 6 23 32 34 40;0.0440,0.200,-6.313
13 20 41;0.0769,0.179,-6.266
13 23 41;0.0769,0.179,-6.266
6 34 41;0.0769,0.179,-6.266
3 34 41;0.0769,0.179,-6.266
9 16 39;0.1209,0.204,-6.203
3 9 18 23 31 32 38;0.0549,0.179,-6.159
1 32 42;0.0989,0.188,-6.147
9 23 32 42;0.0989,0.188,-6.147
10 34 41;0.0549,0.294,-6.128
3 14 34 42;0.0659,0.316,-6.103
12 16 40;0.0440,0.190,-6.102
1 16 40;0.0440,0.190,-6.102
3 6 12 40;0.0440,0.190,-6.102
6 12 18 40;0.0440,0.190,-6.102
3 7 12 40;0.0440,0.190,-6.102
7 12 18 40;0.0440,0.190,-6.102
16 32 34 40;0.0440,0.190,-6.102
1 3 23 40;0.0440,0.190,-6.102
1 6 9 12 40;0.0440,0.190,-6.102
6 7 9 12 40;0.0440,0.190,-6.102
6 9 12 32 40;0.0440,0.190,-6.102
7 9 12 32 40;0.0440,0.190,-6.102
3 12 18 32 40;0.0440,0.190,-6.102
3 6 23 34 40;0.0440,0.190,-6.102
3 18 32 34 40;0.0440,0.190,-6.102
1 3 18 32 40;0.0440,0.190,-6.102
1 6 20 32 34 40;0.0440,0.190,-6.102
7 14 16 38;0.0440,0.267,-6.077
1 16 34 38;0.0440,0.267,-6.077
7 16 34 38;0.0440,0.267,-6.077
3 7 11 38;0.0440,0.267,-6.077
1 14 31 34 38;0.0440,0.267,-6.077
7 14 31 34 38;0.0440,0.267,-6.077
3 14 23 34 38;0.0440,0.267,-6.077
1 14 16 31 38;0.0440,0.267,-6.077
9 16 23 34 38;0.0440,0.267,-6.077
16 23 32 34 38;0.0440,0.267,-6.077
1 11 31 32 38;0.0440,0.267,-6.077
1 3 9 20 38;0.0440,0.267,-6.077
7 16 31 32 38;0.0440,0.267,-6.077
7 11 31 32 38;0.0440,0.267,-6.077
3 9 18 23 34 38;0.0440,0.267,-6.077
3 18 23 32 34 38;0.0440,0.267,-6.077
6 7 23 41;0.0769,0.175,-6.073
11 16 25 38;0.0220,1.000,-6.015
11 25 31 38;0.0220,1.000,-6.015
11 18 25 38;0.0220,1.000,-6.015
1 11 27 38;0.0220,1.000,-6.015
6 11 27 38;0.0220,1.000,-6.015
7 11 27 38;0.0220,1.000,-6.015
16 22 25 34 38;0.0220,1.000,-6.015
22 25 31 34 38;0.0220,1.000,-6.015
18 22 25 34 38;0.0220,1.000,-6.015
16 22 31 34 38;0.0220,1.000,-6.015
18 22 31 34 38;0.0220,1.000,-6.015
16 22 23 31 38;0.0220,1.000,-6.015
18 22 23 31 38;0.0220,1.000,-6.015
14 20 25 34 38;0.0220,1.000,-6.015
6 14 20 25 38;0.0220,1.000,-6.015
7 14 20 25 38;0.0220,1.000,-6.015
11 14 20 25 38;0.0220,1.000,-6.015
16 20 25 34 38;0.0220,1.000,-6.015
20 25 31 34 38;0.0220,1.000,-6.015
18 20 25 34 38;0.0220,1.000,-6.015
6 16 20 25 38;0.0220,1.000,-6.015
6 20 25 31 38;0.0220,1.000,-6.015
6 18 20 25 38;0.0220,1.000,-6.015
7 16 20 25 38;0.0220,1.000,-6.015
7 20 25 31 38;0.0220,1.000,-6.015
7 18 20 25 38;0.0220,1.000,-6.015
3 14 23 32 42;0.0769,0.259,-6.003
16 21 34 39;0.0769,0.333,-5.990
3 18 21 34 39;0.0769,0.333,-5.990
9 12 23 42;0.0549,0.385,-5.985
3 9 23 31 32 38;0.0549,0.172,-5.970
1 7 42;0.0989,0.184,-5.944
7 32 42;0.0989,0.184,-5.944
12 30 40;0.0330,0.333,-5.943
3 14 20 34 40;0.0330,0.333,-5.943
9 20 23 30 32 40;0.0330,0.333,-5.943
11 21 25 42;0.0330,0.750,-5.943
23 25 38;0.0330,0.429,-5.919
6 16 20 38;0.0330,0.429,-5.919
6 16 23 38;0.0330,0.429,-5.919
7 16 20 38;0.0330,0.429,-5.919
14 25 31 34 38;0.0330,0.429,-5.919
14 18 25 34 38;0.0330,0.429,-5.919
6 11 14 34 38;0.0330,0.429,-5.919
3 11 14 34 38;0.0330,0.429,-5.919
3 6 14 20 38;0.0330,0.429,-5.919
3 7 14 20 38;0.0330,0.429,-5.919
1 11 14 20 34 38;0.0330,0.429,-5.919
1 3 14 20 34 38;0.0330,0.429,-5.919
6 9 14 20 34 38;0.0330,0.429,-5.919
7 11 14 20 34 38;0.0330,0.429,-5.919
9 11 14 20 34 38;0.0330,0.429,-5.919
6 9 12 40;0.0440,0.182,-5.901
7 9 12 40;0.0440,0.182,-5.901
3 12 18 40;0.0440,0.182,-5.901
9 16 34 40;0.0440,0.182,-5.901
1 3 18 40;0.0440,0.182,-5.901
1 3 12 32 40;0.0440,0.182,-5.901
1 12 18 32 40;0.0440,0.182,-5.901
9 12 18 32 40;0.0440,0.182,-5.901
1 20 32 34 40;0.0440,0.182,-5.901
6 18 32 34 40;0.0440,0.182,-5.901
3 9 18 34 40;0.0440,0.182,-5.901
1 6 9 23 40;0.0440,0.182,-5.901
6 7 9 23 40;0.0440,0.182,-5.901
3 6 9 32 34 40;0.0440,0.182,-5.901
3 7 23 32 34 40;0.0440,0.182,-5.901
1 6 9 18 32 40;0.0440,0.182,-5.901
6 7 9 18 32 40;0.0440,0.182,-5.901
3 6 7 23 32 40;0.0440,0.182,-5.901
7 34 41;0.0769,0.171,-5.886
6 23 41;0.0769,0.171,-5.886
1 34 42;0.0879,0.216,-5.871
21 31 36;0.3626,0.516,-5.837
18 31 37;0.1868,0.254,-5.831
6 10 41;0.0549,0.278,-5.825
7 10 41;0.0549,0.278,-5.825
1 11 18 38;0.0440,0.250,-5.799
1 3 20 38;0.0440,0.250,-5.799
6 11 31 38;0.0440,0.250,-5.799
6 11 18 38;0.0440,0.250,-5.799
7 16 31 38;0.0440,0.250,-5.799
7 11 18 38;0.0440,0.250,-5.799
1 14 18 34 38;0.0440,0.250,-5.799
7 14 18 34 38;0.0440,0.250,-5.799
14 18 31 34 38;0.0440,0.250,-5.799
9 14 23 34 38;0.0440,0.250,-5.799
9 18 23 34 38;0.0440,0.250,-5.799
1 6 9 20 38;0.0440,0.250,-5.799
6 7 9 20 38;0.0440,0.250,-5.799
3 6 31 32 38;0.0440,0.250,-5.799
14 16 23 31 32 38;0.0440,0.250,-5.799
9 16 31 32 34 38;0.0440,0.250,-5.799
3 6 7 20 32 38;0.0440,0.250,-5.799
3 9 18 31 32 34 38;0.0440,0.250,-5.799
3 7 9 32 38;0.0549,0.167,-5.788
3 18 23 31 32 38;0.0549,0.167,-5.788
14 23 34 42;0.0659,0.300,-5.782
16 39;0.1209,0.196,-5.762
3 9 18 39;0.1209,0.196,-5.762
3 23 32 42;0.0989,0.180,-5.746
1 3 12 40;0.0440,0.174,-5.710
1 12 18 40;0.0440,0.174,-5.710
9 12 18 40;0.0440,0.174,-5.710
9 18 34 40;0.0440,0.174,-5.710
6 9 23 40;0.0440,0.174,-5.710
1 9 12 32 40;0.0440,0.174,-5.710
1 6 20 34 40;0.0440,0.174,-5.710
1 18 32 34 40;0.0440,0.174,-5.710
3 6 9 34 40;0.0440,0.174,-5.710
6 9 32 34 40;0.0440,0.174,-5.710
3 7 23 34 40;0.0440,0.174,-5.710
7 18 32 34 40;0.0440,0.174,-5.710
3 20 32 34 40;0.0440,0.174,-5.710
18 20 32 34 40;0.0440,0.174,-5.710
1 6 9 18 40;0.0440,0.174,-5.710
6 7 9 18 40;0.0440,0.174,-5.710
3 6 7 23 40;0.0440,0.174,-5.710
6 9 18 32 40;0.0440,0.174,-5.710
3 6 23 32 40;0.0440,0.174,-5.710
7 9 18 32 40;0.0440,0.174,-5.710
7 18 20 32 40;0.0440,0.174,-5.710
1 3 6 32 34 40;0.0440,0.174,-5.710
3 9 23 32 34 40;0.0440,0.174,-5.710
1 6 18 20 32 40;0.0440,0.174,-5.710
1 6 18 23 32 40;0.0440,0.174,-5.710
1 18 20 23 32 40;0.0440,0.174,-5.710
6 7 18 23 32 40;0.0440,0.174,-5.710
13 41;0.0769,0.167,-5.704
7 23 41;0.0769,0.167,-5.704
23 32 34 42;0.0879,0.211,-5.651
6 23 32 42;0.0879,0.211,-5.651
3 7 9 38;0.0549,0.161,-5.612
1 3 7 32 38;0.0549,0.161,-5.612
7 18 31 32 38;0.0549,0.161,-5.612
3 23 31 32 38;0.0549,0.161,-5.612
9 20 30 32 40;0.0330,0.300,-5.595
12 14 23 42;0.0549,0.357,-5.586
1 42;0.0989,0.176,-5.551
31 37;0.1868,0.250,-5.544
20 21 37;0.1868,0.250,-5.544
14 31 34 38;0.0440,0.235,-5.542
1 14 16 38;0.0440,0.235,-5.542
16 23 34 38;0.0440,0.235,-5.542
1 11 31 38;0.0440,0.235,-5.542
3 6 31 38;0.0440,0.235,-5.542
6 9 20 38;0.0440,0.235,-5.542
7 11 31 38;0.0440,0.235,-5.542
7 9 20 38;0.0440,0.235,-5.542
1 3 14 34 38;0.0440,0.235,-5.542
3 7 14 34 38;0.0440,0.235,-5.542
14 16 23 31 38;0.0440,0.235,-5.542
3 18 23 34 38;0.0440,0.235,-5.542
1 16 31 32 38;0.0440,0.235,-5.542
3 6 7 20 38;0.0440,0.235,-5.542
3 6 20 32 38;0.0440,0.235,-5.542
3 7 20 32 38;0.0440,0.235,-5.542
3 9 31 32 34 38;0.0440,0.235,-5.542
9 18 31 32 34 38;0.0440,0.235,-5.542
16 34 40;0.0440,0.167,-5.528
1 9 12 40;0.0440,0.167,-5.528
1 20 34 40;0.0440,0.167,-5.528
6 9 34 40;0.0440,0.167,-5.528
3 18 34 40;0.0440,0.167,-5.528
1 9 23 40;0.0440,0.167,-5.528
6 9 18 40;0.0440,0.167,-5.528
3 6 23 40;0.0440,0.167,-5.528
7 9 18 40;0.0440,0.167,-5.528
7 9 23 40;0.0440,0.167,-5.528
1 6 12 32 40;0.0440,0.167,-5.528
6 7 12 32 40;0.0440,0.167,-5.528
1 3 6 34 40;0.0440,0.167,-5.528
6 20 32 34 40;0.0440,0.167,-5.528
9 23 32 34 40;0.0440,0.167,-5.528
18 23 32 34 40;0.0440,0.167,-5.528
1 18 23 32 40;0.0440,0.167,-5.528
6 18 20 32 40;0.0440,0.167,-5.528
6 18 23 32 40;0.0440,0.167,-5.528
3 7 23 32 40;0.0440,0.167,-5.528
7 18 23 32 40;0.0440,0.167,-5.528
1 3 9 32 34 40;0.0440,0.167,-5.528
3 7 9 32 34 40;0.0440,0.167,-5.528
23 34 41;0.0769,0.163,-5.526
3 14 23 42;0.0769,0.241,-5.492
6 14 23 42;0.0659,0.286,-5.481
1 11 14 34 38;0.0330,0.375,-5.467
7 11 14 34 38;0.0330,0.375,-5.467
9 11 14 34 38;0.0330,0.375,-5.467
11 14 18 34 38;0.0330,0.375,-5.467
6 11 14 20 38;0.0330,0.375,-5.467
1 9 14 20 34 38;0.0330,0.375,-5.467
9 11 16 32 34 38;0.0330,0.375,-5.467
3 9 11 18 32 34 38;0.0330,0.375,-5.467
14 20 23 30 32 40;0.0220,0.667,-5.442
1 3 7 38;0.0549,0.156,-5.442
7 31 32 38;0.0549,0.156,-5.442
1 3 9 32 38;0.0549,0.156,-5.442
9 18 23 31 32 38;0.0549,0.156,-5.442
3 34 42;0.0879,0.205,-5.437
3 9 23 42;0.0989,0.173,-5.361
1 6 12 40;0.0440,0.160,-5.353
6 7 12 40;0.0440,0.160,-5.353
6 12 32 40;0.0440,0.160,-5.353
7 12 32 40;0.0440,0.160,-5.353
16 27 32 40;0.0440,0.160,-5.353
6 18 34 40;0.0440,0.160,-5.353
7 18 20 40;0.0440,0.160,-5.353
3 7 23 40;0.0440,0.160,-5.353
1 3 9 34 40;0.0440,0.160,-5.353
1 9 32 34 40;0.0440,0.160,-5.353
1 3 32 34 40;0.0440,0.160,-5.353
3 7 9 34 40;0.0440,0.160,-5.353
7 9 32 34 40;0.0440,0.160,-5.353
7 20 32 34 40;0.0440,0.160,-5.353
3 9 23 34 40;0.0440,0.160,-5.353
1 6 18 20 40;0.0440,0.160,-5.353
1 6 18 23 40;0.0440,0.160,-5.353
1 9 18 32 40;0.0440,0.160,-5.353
1 18 20 23 40;0.0440,0.160,-5.353
1 18 20 32 40;0.0440,0.160,-5.353
6 7 18 23 40;0.0440,0.160,-5.353
9 18 34 39;0.0769,0.304,-5.344
3 18 39;0.1209,0.190,-5.337
14 18 34 38;0.0440,0.222,-5.301
1 16 31 38;0.0440,0.222,-5.301
3 6 20 38;0.0440,0.222,-5.301
7 16 32 38;0.0440,0.222,-5.301
3 7 20 38;0.0440,0.222,-5.301
1 9 14 34 38;0.0440,0.222,-5.301
1 14 23 34 38;0.0440,0.222,-5.301
7 9 14 34 38;0.0440,0.222,-5.301
7 14 23 34 38;0.0440,0.222,-5.301
9 16 31 34 38;0.0440,0.222,-5.301
16 31 32 34 38;0.0440,0.222,-5.301
9 31 32 34 38;0.0440,0.222,-5.301
3 14 18 23 31 38;0.0440,0.222,-5.301
3 9 18 31 34 38;0.0440,0.222,-5.301
3 18 31 32 34 38;0.0440,0.222,-5.301
20 30 32 34 40;0.0330,0.273,-5.286
6 20 30 32 40;0.0330,0.273,-5.286
7 20 30 32 40;0.0330,0.273,-5.286
9 20 23 30 40;0.0330,0.273,-5.286
6 14 20 34 40;0.0330,0.273,-5.286
1 3 9 38;0.0549,0.152,-5.278
1 3 32 38;0.0549,0.152,-5.278
1 18 31 32 38;0.0549,0.152,-5.278
9 23 31 32 38;0.0549,0.152,-5.278
3 9 18 23 32 38;0.0549,0.152,-5.278
10 41;0.0549,0.250,-5.277
2 22 41;0.0220,1.000,-5.273
20 23 37;0.1868,0.246,-5.261
21 23 37;0.1868,0.246,-5.261
7 14 42;0.0769,0.233,-5.254
6 12 23 42;0.0549,0.333,-5.223
6 12 40;0.0440,0.154,-5.186
7 12 40;0.0440,0.154,-5.186
3 12 32 40;0.0440,0.154,-5.186
12 18 32 40;0.0440,0.154,-5.186
1 9 34 40;0.0440,0.154,-5.186
1 3 34 40;0.0440,0.154,-5.186
1 18 34 40;0.0440,0.154,-5.186
7 9 34 40;0.0440,0.154,-5.186
7 18 34 40;0.0440,0.154,-5.186
9 23 34 40;0.0440,0.154,-5.186
3 20 34 40;0.0440,0.154,-5.186
1 9 18 40;0.0440,0.154,-5.186
1 18 23 40;0.0440,0.154,-5.186
6 18 20 40;0.0440,0.154,-5.186
6 18 23 40;0.0440,0.154,-5.186
7 18 23 40;0.0440,0.154,-5.186
3 6 32 34 40;0.0440,0.154,-5.186
1 6 23 32 34 40;0.0440,0.154,-5.186
7 42;0.0989,0.170,-5.175
1 3 38;0.0549,0.147,-5.119
1 31 32 38;0.0549,0.147,-5.119
7 18 31 38;0.0549,0.147,-5.119
7 9 32 38;0.0549,0.147,-5.119
3 7 32 38;0.0549,0.147,-5.119
7 18 32 38;0.0549,0.147,-5.119
3 9 18 23 31 38;0.0549,0.147,-5.119
18 21 34 37;0.1209,0.344,-5.084
11 25 42;0.0330,0.600,-5.079
14 25 34 38;0.0330,0.333,-5.079
6 11 14 38;0.0330,0.333,-5.079
1 16 20 38;0.0330,0.333,-5.079
16 25 32 34 38;0.0330,0.333,-5.079
25 31 32 34 38;0.0330,0.333,-5.079
18 25 32 34 38;0.0330,0.333,-5.079
11 14 20 34 38;0.0330,0.333,-5.079
3 14 20 34 38;0.0330,0.333,-5.079
1 11 14 20 38;0.0330,0.333,-5.079
7 11 14 20 38;0.0330,0.333,-5.079
9 11 18 32 34 38;0.0330,0.333,-5.079
7 16 38;0.0440,0.211,-5.075
3 14 34 38;0.0440,0.211,-5.075
1 9 20 38;0.0440,0.211,-5.075
14 16 23 32 38;0.0440,0.211,-5.075
3 14 23 31 38;0.0440,0.211,-5.075
9 16 32 34 38;0.0440,0.211,-5.075
3 9 31 34 38;0.0440,0.211,-5.075
9 18 31 34 38;0.0440,0.211,-5.075
3 31 32 34 38;0.0440,0.211,-5.075
3 6 9 23 38;0.0440,0.211,-5.075
3 6 18 32 38;0.0440,0.211,-5.075
3 9 18 32 34 38;0.0440,0.211,-5.075
1 6 11 20 32 38;0.0440,0.211,-5.075
6 23 42;0.0879,0.195,-5.029
3 12 40;0.0440,0.148,-5.026
12 18 40;0.0440,0.148,-5.026
1 12 32 40;0.0440,0.148,-5.026
9 12 32 40;0.0440,0.148,-5.026
20 27 32 40;0.0440,0.148,-5.026
18 27 32 40;0.0440,0.148,-5.026
6 20 34 40;0.0440,0.148,-5.026
18 20 34 40;0.0440,0.148,-5.026
1 18 20 40;0.0440,0.148,-5.026
3 11 20 41;0.0769,0.152,-5.019
6 20 30 40;0.0330,0.250,-5.007
7 20 30 40;0.0330,0.250,-5.007
9 20 30 40;0.0330,0.250,-5.007
9 30 32 34 40;0.0330,0.250,-5.007
7 14 20 34 40;0.0330,0.250,-5.007
7 31 38;0.0549,0.143,-4.965
7 9 38;0.0549,0.143,-4.965
3 9 23 31 38;0.0549,0.143,-4.965
3 18 23 32 38;0.0549,0.143,-4.965
22 25 34 38;0.0220,0.667,-4.939
16 22 25 38;0.0220,0.667,-4.939
22 25 31 38;0.0220,0.667,-4.939
18 22 25 38;0.0220,0.667,-4.939
16 22 34 38;0.0220,0.667,-4.939
22 31 34 38;0.0220,0.667,-4.939
18 22 34 38;0.0220,0.667,-4.939
16 22 31 38;0.0220,0.667,-4.939
16 22 23 38;0.0220,0.667,-4.939
18 22 31 38;0.0220,0.667,-4.939
22 23 31 38;0.0220,0.667,-4.939
18 22 23 38;0.0220,0.667,-4.939
11 14 25 38;0.0220,0.667,-4.939
1 27 31 38;0.0220,0.667,-4.939
2 34 41;0.0440,0.308,-4.932
9 18 39;0.1209,0.183,-4.928
1 12 40;0.0440,0.143,-4.872
9 12 40;0.0440,0.143,-4.872
27 32 40;0.0440,0.143,-4.872
3 6 34 40;0.0440,0.143,-4.872
7 20 34 40;0.0440,0.143,-4.872
18 23 34 40;0.0440,0.143,-4.872
1 6 23 34 40;0.0440,0.143,-4.872
1 23 32 34 40;0.0440,0.143,-4.872
3 7 32 34 40;0.0440,0.143,-4.872
1 6 20 32 40;0.0440,0.143,-4.872
1 3 6 9 32 40;0.0440,0.143,-4.872
3 6 7 9 32 40;0.0440,0.143,-4.872
9 14 34 38;0.0440,0.200,-4.863
14 23 34 38;0.0440,0.200,-4.863
16 31 34 38;0.0440,0.200,-4.863
9 31 34 38;0.0440,0.200,-4.863
1 16 32 38;0.0440,0.200,-4.863
3 6 18 38;0.0440,0.200,-4.863
3 18 31 34 38;0.0440,0.200,-4.863
9 18 32 34 38;0.0440,0.200,-4.863
1 6 11 32 38;0.0440,0.200,-4.863
1 11 20 32 38;0.0440,0.200,-4.863
6 9 31 32 38;0.0440,0.200,-4.863
3 11 41;0.0769,0.149,-4.857
3 7 38;0.0549,0.139,-4.815
1 18 31 38;0.0549,0.139,-4.815
1 9 32 38;0.0549,0.139,-4.815
1 18 32 38;0.0549,0.139,-4.815
1 23 32 38;0.0549,0.139,-4.815
3 18 23 31 38;0.0549,0.139,-4.815
9 14 23 42;0.0769,0.219,-4.807
21 23 36;0.3736,0.493,-4.775
14 20 23 30 40;0.0220,0.500,-4.764
14 20 30 32 40;0.0220,0.500,-4.764
1 30 34 40;0.0330,0.231,-4.754
9 30 34 40;0.0330,0.231,-4.754
20 30 34 40;0.0330,0.231,-4.754
1 9 30 40;0.0330,0.231,-4.754
6 9 30 40;0.0330,0.231,-4.754
7 9 30 40;0.0330,0.231,-4.754
20 23 30 32 40;0.0330,0.231,-4.754
16 25 34 38;0.0330,0.300,-4.741
25 31 34 38;0.0330,0.300,-4.741
18 25 34 38;0.0330,0.300,-4.741
11 14 34 38;0.0330,0.300,-4.741
1 11 14 38;0.0330,0.300,-4.741
7 11 14 38;0.0330,0.300,-4.741
9 11 16 34 38;0.0330,0.300,-4.741
11 16 32 34 38;0.0330,0.300,-4.741
3 9 11 18 34 38;0.0330,0.300,-4.741
3 11 18 32 34 38;0.0330,0.300,-4.741
13 20 25 42;0.0220,1.000,-4.734
6 23 32 34 40;0.0440,0.138,-4.723
3 9 32 34 40;0.0440,0.138,-4.723
3 23 32 34 40;0.0440,0.138,-4.723
1 3 6 9 40;0.0440,0.138,-4.723
1 3 6 32 40;0.0440,0.138,-4.723
1 7 20 32 40;0.0440,0.138,-4.723
1 20 23 32 40;0.0440,0.138,-4.723
3 6 7 9 40;0.0440,0.138,-4.723
3 6 9 32 40;0.0440,0.138,-4.723
18 21 37;0.1868,0.239,-4.709
14 34 42;0.0659,0.250,-4.681
1 31 38;0.0549,0.135,-4.670
1 9 38;0.0549,0.135,-4.670
7 18 38;0.0549,0.135,-4.670
3 23 31 38;0.0549,0.135,-4.670
9 18 23 32 38;0.0549,0.135,-4.670
1 16 38;0.0440,0.190,-4.662
14 16 23 38;0.0440,0.190,-4.662
16 32 34 38;0.0440,0.190,-4.662
3 31 34 38;0.0440,0.190,-4.662
1 11 32 38;0.0440,0.190,-4.662
6 9 31 38;0.0440,0.190,-4.662
3 18 32 34 38;0.0440,0.190,-4.662
1 6 11 20 38;0.0440,0.190,-4.662
6 20 31 32 38;0.0440,0.190,-4.662
6 23 31 32 38;0.0440,0.190,-4.662
9 14 18 23 31 38;0.0440,0.190,-4.662
18 23 31 32 34 38;0.0440,0.190,-4.662
23 34 42;0.0879,0.186,-4.646
9 23 42;0.0989,0.161,-4.639
11 18 34 37;0.0879,0.400,-4.610
12 23 42;0.0549,0.294,-4.588
1 23 34 40;0.0440,0.133,-4.580
3 7 34 40;0.0440,0.133,-4.580
9 32 34 40;0.0440,0.133,-4.580
18 32 34 40;0.0440,0.133,-4.580
1 6 20 40;0.0440,0.133,-4.580
1 3 6 40;0.0440,0.133,-4.580
3 6 9 40;0.0440,0.133,-4.580
3 7 9 32 40;0.0440,0.133,-4.580
9 16 20 23 32 40;0.0440,0.133,-4.580
21 36;0.4176,0.458,-4.563
1 23 38;0.0549,0.132,-4.529
9 18 23 31 38;0.0549,0.132,-4.529
1 30 40;0.0330,0.214,-4.523
20 30 32 40;0.0330,0.214,-4.523
14 20 34 40;0.0330,0.214,-4.523
6 7 14 20 40;0.0330,0.214,-4.523
1 14 34 38;0.0440,0.182,-4.472
7 14 34 38;0.0440,0.182,-4.472
7 14 23 38;0.0440,0.182,-4.472
9 16 34 38;0.0440,0.182,-4.472
1 6 11 38;0.0440,0.182,-4.472
1 11 20 38;0.0440,0.182,-4.472
9 14 23 31 38;0.0440,0.182,-4.472
3 14 18 23 38;0.0440,0.182,-4.472
23 31 32 34 38;0.0440,0.182,-4.472
3 9 18 34 38;0.0440,0.182,-4.472
6 11 20 32 38;0.0440,0.182,-4.472
32 34 42;0.0879,0.182,-4.463
12 32 40;0.0440,0.129,-4.442
1 7 20 40;0.0440,0.129,-4.442
1 20 23 40;0.0440,0.129,-4.442
1 20 32 40;0.0440,0.129,-4.442
3 7 9 40;0.0440,0.129,-4.442
7 23 32 34 40;0.0440,0.129,-4.442
1 3 7 32 40;0.0440,0.129,-4.442
6 7 20 32 40;0.0440,0.129,-4.442
9 16 23 32 40;0.0440,0.129,-4.442
6 14 20 34 38;0.0330,0.273,-4.441
9 11 18 34 38;0.0330,0.273,-4.441
34 41;0.0769,0.140,-4.395
1 18 38;0.0549,0.128,-4.392
7 23 32 38;0.0549,0.128,-4.392
9 23 31 38;0.0549,0.128,-4.392
6 14 20 40;0.0330,0.200,-4.309
7 14 20 40;0.0330,0.200,-4.309
9 23 30 32 40;0.0330,0.200,-4.309
12 40;0.0440,0.125,-4.308
16 27 40;0.0440,0.125,-4.308
6 23 34 40;0.0440,0.125,-4.308
3 9 34 40;0.0440,0.125,-4.308
20 32 34 40;0.0440,0.125,-4.308
3 23 34 40;0.0440,0.125,-4.308
1 3 7 40;0.0440,0.125,-4.308
6 20 32 40;0.0440,0.125,-4.308
7 20 32 40;0.0440,0.125,-4.308
1 6 32 34 40;0.0440,0.125,-4.308
1 6 9 32 40;0.0440,0.125,-4.308
1 3 9 32 40;0.0440,0.125,-4.308
6 7 9 32 40;0.0440,0.125,-4.308
3 6 7 32 40;0.0440,0.125,-4.308
16 20 23 32 40;0.0440,0.125,-4.308
3 9 18 20 23 32 40;0.0440,0.125,-4.308
3 9 32 42;0.0989,0.155,-4.299
1 11 38;0.0440,0.174,-4.292
9 18 34 38;0.0440,0.174,-4.292
6 11 32 38;0.0440,0.174,-4.292
6 20 31 38;0.0440,0.174,-4.292
6 23 31 38;0.0440,0.174,-4.292
6 9 23 38;0.0440,0.174,-4.292
6 9 18 32 38;0.0440,0.174,-4.292
3 6 23 32 38;0.0440,0.174,-4.292
7 11 20 32 38;0.0440,0.174,-4.292
3 9 23 32 34 38;0.0440,0.174,-4.292
22 25 38;0.0220,0.500,-4.269
16 22 38;0.0220,0.500,-4.269
22 31 38;0.0220,0.500,-4.269
18 22 38;0.0220,0.500,-4.269
14 20 30 40;0.0220,0.400,-4.269
20 25 34 38;0.0220,0.500,-4.269
6 20 25 38;0.0220,0.500,-4.269
7 20 25 38;0.0220,0.500,-4.269
11 20 25 38;0.0220,0.500,-4.269
20 25 31 38;0.0220,0.500,-4.269
6 27 31 38;0.0220,0.500,-4.269
1 14 20 25 38;0.0220,0.500,-4.269
3 9 21 34 39;0.0769,0.259,-4.262
6 7 41;0.0769,0.137,-4.247
14 23 32 42;0.0769,0.200,-4.201
18 34 37;0.1209,0.314,-4.193
9 34 40;0.0440,0.121,-4.179
1 20 40;0.0440,0.121,-4.179
1 6 9 40;0.0440,0.121,-4.179
1 3 9 40;0.0440,0.121,-4.179
1 3 32 40;0.0440,0.121,-4.179
6 7 9 40;0.0440,0.121,-4.179
6 9 32 40;0.0440,0.121,-4.179
3 6 32 40;0.0440,0.121,-4.179
16 23 32 40;0.0440,0.121,-4.179
1 6 18 32 40;0.0440,0.121,-4.179
6 7 18 32 40;0.0440,0.121,-4.179
3 9 18 23 32 40;0.0440,0.121,-4.179
20 37;0.1868,0.233,-4.175
11 16 34 38;0.0330,0.250,-4.171
6 14 16 31 38;0.0330,0.250,-4.171
3 11 18 34 38;0.0330,0.250,-4.171
3 23 42;0.0989,0.153,-4.133
3 9 18 23 38;0.0549,0.122,-4.128
3 9 18 31 32 38;0.0549,0.122,-4.128
14 34 38;0.0440,0.167,-4.121
16 34 38;0.0440,0.167,-4.121
3 18 34 38;0.0440,0.167,-4.121
6 9 18 38;0.0440,0.167,-4.121
3 6 23 38;0.0440,0.167,-4.121
7 11 32 38;0.0440,0.167,-4.121
18 23 31 34 38;0.0440,0.167,-4.121
9 23 32 34 38;0.0440,0.167,-4.121
18 23 32 34 38;0.0440,0.167,-4.121
6 18 20 32 38;0.0440,0.167,-4.121
6 18 23 32 38;0.0440,0.167,-4.121
30 32 34 40;0.0330,0.188,-4.111
9 30 32 40;0.0330,0.188,-4.111
20 23 30 40;0.0330,0.188,-4.111
6 41;0.0769,0.135,-4.103
3 20 23 41;0.0769,0.135,-4.103
20 27 40;0.0440,0.118,-4.054
18 27 40;0.0440,0.118,-4.054
1 3 40;0.0440,0.118,-4.054
6 9 40;0.0440,0.118,-4.054
1 32 34 40;0.0440,0.118,-4.054
7 23 34 40;0.0440,0.118,-4.054
6 7 20 40;0.0440,0.118,-4.054
3 6 7 40;0.0440,0.118,-4.054
6 18 32 40;0.0440,0.118,-4.054
7 9 32 40;0.0440,0.118,-4.054
3 7 32 40;0.0440,0.118,-4.054
7 18 32 40;0.0440,0.118,-4.054
1 6 23 32 40;0.0440,0.118,-4.054
9 16 20 32 40;0.0440,0.118,-4.054
3 18 20 23 32 40;0.0440,0.118,-4.054
9 21 34 39;0.0769,0.250,-4.028
7 23 38;0.0549,0.119,-4.001
3 9 31 32 38;0.0549,0.119,-4.001
7 41;0.0769,0.132,-3.961
23 31 34 38;0.0440,0.160,-3.958
6 11 20 38;0.0440,0.160,-3.958
9 14 18 23 38;0.0440,0.160,-3.958
3 9 23 34 38;0.0440,0.160,-3.958
14 18 23 31 32 38;0.0440,0.160,-3.958
27 40;0.0440,0.114,-3.933
18 34 40;0.0440,0.114,-3.933
6 20 40;0.0440,0.114,-3.933
3 6 40;0.0440,0.114,-3.933
7 9 40;0.0440,0.114,-3.933
7 20 40;0.0440,0.114,-3.933
1 6 34 40;0.0440,0.114,-3.933
6 32 34 40;0.0440,0.114,-3.933
3 32 34 40;0.0440,0.114,-3.933
3 18 23 32 40;0.0440,0.114,-3.933
7 14 25 38;0.0330,0.231,-3.927
14 25 31 38;0.0330,0.231,-3.927
25 32 34 38;0.0330,0.231,-3.927
11 14 16 31 32 38;0.0330,0.231,-3.927
3 11 14 18 31 32 38;0.0330,0.231,-3.927
3 9 11 20 32 34 38;0.0330,0.231,-3.927
20 30 40;0.0330,0.176,-3.926
6 30 34 40;0.0330,0.176,-3.926
7 30 34 40;0.0330,0.176,-3.926
6 30 32 40;0.0330,0.176,-3.926
7 30 32 40;0.0330,0.176,-3.926
9 23 30 40;0.0330,0.176,-3.926
14 18 31 32 39;0.0879,0.222,-3.910
31 36;0.3626,0.485,-3.889
3 18 23 38;0.0549,0.116,-3.878
3 18 31 32 38;0.0549,0.116,-3.878
14 23 42;0.0769,0.189,-3.834
6 25 34 42;0.0440,0.308,-3.827
3 7 40;0.0440,0.111,-3.815
1 6 18 40;0.0440,0.111,-3.815
1 6 23 40;0.0440,0.111,-3.815
1 9 32 40;0.0440,0.111,-3.815
1 18 32 40;0.0440,0.111,-3.815
1 23 32 40;0.0440,0.111,-3.815
6 7 18 40;0.0440,0.111,-3.815
16 20 32 40;0.0440,0.111,-3.815
3 9 18 20 32 40;0.0440,0.111,-3.815
9 18 20 23 32 40;0.0440,0.111,-3.815
21 31 34 39;0.0769,0.241,-3.805
6 12 14 42;0.0549,0.250,-3.803
6 11 38;0.0440,0.154,-3.803
9 23 34 38;0.0440,0.154,-3.803
6 18 20 38;0.0440,0.154,-3.803
6 18 23 38;0.0440,0.154,-3.803
7 11 20 38;0.0440,0.154,-3.803
14 18 23 31 38;0.0440,0.154,-3.803
14 23 31 32 38;0.0440,0.154,-3.803
3 9 11 18 32 38;0.0440,0.154,-3.803
11 25 38;0.0220,0.400,-3.781
14 22 23 38;0.0220,0.400,-3.781
1 22 34 38;0.0220,0.400,-3.781
9 22 34 38;0.0220,0.400,-3.781
9 22 23 38;0.0220,0.400,-3.781
14 20 25 38;0.0220,0.400,-3.781
16 20 25 38;0.0220,0.400,-3.781
18 20 25 38;0.0220,0.400,-3.781
1 20 21 27 38;0.0220,0.400,-3.781
7 20 21 27 38;0.0220,0.400,-3.781
6 32 42;0.0879,0.167,-3.779
3 31 32 38;0.0549,0.114,-3.757
3 9 23 32 38;0.0549,0.114,-3.757
30 34 40;0.0330,0.167,-3.754
6 30 40;0.0330,0.167,-3.754
7 30 40;0.0330,0.167,-3.754
9 30 40;0.0330,0.167,-3.754
14 18 31 39;0.0879,0.216,-3.713
14 31 32 39;0.0879,0.216,-3.713
25 34 38;0.0330,0.214,-3.705
14 16 25 38;0.0330,0.214,-3.705
14 18 25 38;0.0330,0.214,-3.705
6 14 16 38;0.0330,0.214,-3.705
1 6 14 20 38;0.0330,0.214,-3.705
6 7 14 20 38;0.0330,0.214,-3.705
11 14 16 31 38;0.0330,0.214,-3.705
11 14 16 32 38;0.0330,0.214,-3.705
6 16 31 32 38;0.0330,0.214,-3.705
3 11 14 18 31 38;0.0330,0.214,-3.705
3 11 14 18 32 38;0.0330,0.214,-3.705
9 11 20 32 34 38;0.0330,0.214,-3.705
3 9 11 32 34 38;0.0330,0.214,-3.705
1 34 40;0.0440,0.108,-3.700
20 34 40;0.0440,0.108,-3.700
1 9 40;0.0440,0.108,-3.700
6 18 40;0.0440,0.108,-3.700
7 18 40;0.0440,0.108,-3.700
7 32 34 40;0.0440,0.108,-3.700
6 7 23 32 40;0.0440,0.108,-3.700
9 18 23 32 40;0.0440,0.108,-3.700
3 9 20 23 32 40;0.0440,0.108,-3.700
20 21 25 34 42;0.0220,0.667,-3.689
6 20 21 25 42;0.0220,0.667,-3.689
18 37;0.1868,0.227,-3.656
9 32 42;0.0989,0.145,-3.654
7 11 38;0.0440,0.148,-3.654
14 23 31 38;0.0440,0.148,-3.654
14 16 31 32 38;0.0440,0.148,-3.654
3 14 23 32 38;0.0440,0.148,-3.654
18 31 32 34 38;0.0440,0.148,-3.654
9 11 18 31 32 38;0.0440,0.148,-3.654
9 18 23 38;0.0549,0.111,-3.639
9 18 31 32 38;0.0549,0.111,-3.639
18 23 31 32 38;0.0549,0.111,-3.639
6 14 42;0.0659,0.207,-3.610
18 31 39;0.1209,0.164,-3.606
3 9 39;0.1209,0.164,-3.606
23 30 32 40;0.0330,0.158,-3.592
3 14 34 40;0.0330,0.158,-3.592
1 23 40;0.0440,0.105,-3.589
23 32 34 40;0.0440,0.105,-3.589
6 23 32 40;0.0440,0.105,-3.589
9 16 20 23 40;0.0440,0.105,-3.589
3 18 20 32 40;0.0440,0.105,-3.589
11 22 41;0.0220,0.500,-3.558
3 20 41;0.0769,0.125,-3.552
25 34 42;0.0440,0.286,-3.541
1 7 32 38;0.0549,0.109,-3.524
9 31 32 38;0.0549,0.109,-3.524
23 31 32 38;0.0549,0.109,-3.524
23 33 36;0.0879,0.727,-3.523
14 31 39;0.0879,0.211,-3.523
14 16 31 38;0.0440,0.143,-3.512
31 32 34 38;0.0440,0.143,-3.512
18 23 34 38;0.0440,0.143,-3.512
14 18 23 32 38;0.0440,0.143,-3.512
1 6 20 32 38;0.0440,0.143,-3.512
3 11 18 32 38;0.0440,0.143,-3.512
1 14 25 38;0.0330,0.200,-3.501
25 31 32 38;0.0330,0.200,-3.501
6 14 20 38;0.0330,0.200,-3.501
7 14 20 38;0.0330,0.200,-3.501
6 16 31 38;0.0330,0.200,-3.501
3 11 14 31 38;0.0330,0.200,-3.501
9 11 32 34 38;0.0330,0.200,-3.501
3 11 14 20 32 38;0.0330,0.200,-3.501
3 9 11 20 34 38;0.0330,0.200,-3.501
6 34 42;0.0769,0.179,-3.494
3 14 32 42;0.0769,0.179,-3.494
6 34 40;0.0440,0.103,-3.481
3 34 40;0.0440,0.103,-3.481
1 18 40;0.0440,0.103,-3.481
7 23 32 40;0.0440,0.103,-3.481
9 16 23 40;0.0440,0.103,-3.481
34 42;0.0879,0.160,-3.465
30 32 40;0.0330,0.150,-3.439
14 23 34 40;0.0330,0.150,-3.439
6 7 14 23 40;0.0330,0.150,-3.439
14 16 20 23 40;0.0330,0.150,-3.439
3 14 20 23 32 40;0.0330,0.150,-3.439
31 39;0.1209,0.162,-3.430
3 9 18 32 38;0.0549,0.106,-3.412
23 37;0.1868,0.224,-3.403
14 22 38;0.0220,0.333,-3.399
1 22 38;0.0220,0.333,-3.399
9 22 38;0.0220,0.333,-3.399
22 32 34 38;0.0220,0.333,-3.399
22 23 32 38;0.0220,0.333,-3.399
1 20 25 38;0.0220,0.333,-3.399
1 20 27 38;0.0220,0.333,-3.399
1 21 27 38;0.0220,0.333,-3.399
7 20 27 38;0.0220,0.333,-3.399
7 21 27 38;0.0220,0.333,-3.399
6 20 21 27 38;0.0220,0.333,-3.399
6 18 21 27 38;0.0220,0.333,-3.399
6 7 23 40;0.0440,0.100,-3.376
16 20 23 40;0.0440,0.100,-3.376
9 18 20 32 40;0.0440,0.100,-3.376
3 9 18 20 23 40;0.0440,0.100,-3.376
3 14 23 38;0.0440,0.138,-3.375
3 14 18 31 38;0.0440,0.138,-3.375
3 9 32 34 38;0.0440,0.138,-3.375
3 23 32 34 38;0.0440,0.138,-3.375
3 6 9 32 38;0.0440,0.138,-3.375
9 11 18 32 38;0.0440,0.138,-3.375
3 32 42;0.0989,0.141,-3.348
3 14 32 39;0.0879,0.205,-3.341
14 25 38;0.0330,0.188,-3.312
25 31 38;0.0330,0.188,-3.312
16 25 32 38;0.0330,0.188,-3.312
18 25 32 38;0.0330,0.188,-3.312
11 14 16 38;0.0330,0.188,-3.312
3 11 14 18 38;0.0330,0.188,-3.312
3 11 14 32 38;0.0330,0.188,-3.312
9 11 20 34 38;0.0330,0.188,-3.312
3 9 11 34 38;0.0330,0.188,-3.312
11 18 32 34 38;0.0330,0.188,-3.312
9 11 14 18 31 38;0.0330,0.188,-3.312
1 32 38;0.0549,0.104,-3.302
9 23 32 38;0.0549,0.104,-3.302
3 9 18 31 38;0.0549,0.104,-3.302
6 14 23 40;0.0330,0.143,-3.295
14 16 23 40;0.0330,0.143,-3.295
3 14 18 20 23 40;0.0330,0.143,-3.295
11 20 41;0.0769,0.121,-3.293
7 34 40;0.0440,0.098,-3.273
6 23 40;0.0440,0.098,-3.273
16 23 40;0.0440,0.098,-3.273
3 9 20 32 40;0.0440,0.098,-3.273
9 20 23 32 40;0.0440,0.098,-3.273
3 9 18 23 40;0.0440,0.098,-3.273
7 14 38;0.0440,0.133,-3.244
3 14 31 38;0.0440,0.133,-3.244
14 18 23 38;0.0440,0.133,-3.244
9 32 34 38;0.0440,0.133,-3.244
18 32 34 38;0.0440,0.133,-3.244
1 6 20 38;0.0440,0.133,-3.244
3 6 9 38;0.0440,0.133,-3.244
3 21 34 39;0.0769,0.219,-3.202
18 21 34 39;0.0769,0.219,-3.202
23 32 42;0.0989,0.138,-3.199
1 7 38;0.0549,0.102,-3.194
7 32 38;0.0549,0.102,-3.194
3 9 31 38;0.0549,0.102,-3.194
3 18 32 38;0.0549,0.102,-3.194
3 14 42;0.0769,0.171,-3.178
7 23 40;0.0440,0.095,-3.173
9 16 20 40;0.0440,0.095,-3.173
3 18 20 23 40;0.0440,0.095,-3.173
6 42;0.0879,0.154,-3.167
11 41;0.0769,0.119,-3.167
3 23 41;0.0769,0.119,-3.167
14 18 32 39;0.0879,0.200,-3.166
23 30 40;0.0330,0.136,-3.158
3 14 20 23 40;0.0330,0.136,-3.158
3 14 18 23 40;0.0330,0.136,-3.158
16 25 38;0.0330,0.176,-3.137
18 25 38;0.0330,0.176,-3.137
1 14 20 38;0.0330,0.176,-3.137
9 11 34 38;0.0330,0.176,-3.137
6 16 32 38;0.0330,0.176,-3.137
9 11 14 31 38;0.0330,0.176,-3.137
3 11 14 20 38;0.0330,0.176,-3.137
9 11 14 20 32 38;0.0330,0.176,-3.137
14 16 32 38;0.0440,0.129,-3.118
18 31 34 38;0.0440,0.129,-3.118
6 31 32 38;0.0440,0.129,-3.118
3 9 11 20 32 38;0.0440,0.129,-3.118
3 18 31 38;0.0549,0.100,-3.089
3 23 32 38;0.0549,0.100,-3.089
18 23 32 38;0.0549,0.100,-3.089
20 22 41;0.0220,0.400,-3.085
22 34 38;0.0220,0.286,-3.085
22 23 38;0.0220,0.286,-3.085
22 32 38;0.0220,0.286,-3.085
20 25 38;0.0220,0.286,-3.085
1 27 38;0.0220,0.286,-3.085
7 27 38;0.0220,0.286,-3.085
6 20 27 38;0.0220,0.286,-3.085
6 18 27 38;0.0220,0.286,-3.085
6 21 27 38;0.0220,0.286,-3.085
23 34 40;0.0440,0.093,-3.075
3 18 23 40;0.0440,0.093,-3.075
3 20 23 32 40;0.0440,0.093,-3.075
13 25 32 42;0.0220,0.500,-3.050
30 40;0.0330,0.130,-3.029
9 34 39;0.0769,0.212,-3.020
