4 17 29 31 50 51 61 62 72 82 92 93 103 122 129 138 144 162 167 182 189 195 204 217 227 238 243 256 269 275 287 293 303 321 326 334 349 359 372 374
4 18 29 31 50 51 61 62 72 82 92 93 103 122 129 138 144 162 167 1000 189 195 208 215 227 238 243 254 270 276 288 293 303 321 325 334 349 359 372 373
4 11 28 34 50 51 61 62 72 82 83 93 103 122 132 135 151 153 167 1000 190 194 211 216 227 1000 245 254 270 276 288 293 303 322 326 336 349 358 372 373
4 16 27 33 50 51 61 62 72 82 92 93 103 122 132 137 151 153 167 173 188 194 208 216 226 235 245 254 268 277 288 293 303 321 327 336 349 360 372 373
4 15 27 33 41 51 61 62 72 82 83 93 103 122 132 137 144 162 1000 173 188 195 208 217 227 238 245 253 271 277 289 296 303 320 324 335 349 359 372 373
4 16 27 33 50 51 61 62 72 82 92 93 103 122 132 137 144 153 167 173 188 194 207 217 226 236 245 255 268 276 287 296 303 321 325 336 349 358 372 373
4 18 29 32 41 51 61 62 72 73 83 93 103 122 129 141 144 162 163 182 188 195 208 216 226 238 245 253 272 278 287 296 303 321 324 333 349 359 372 373
4 20 29 32 41 51 61 62 72 73 83 93 103 122 129 141 151 162 163 182 188 195 204 216 226 238 245 253 272 278 287 296 303 321 326 333 349 359 372 373
4 15 28 34 50 51 61 62 72 82 92 93 112 122 123 133 149 153 167 173 188 195 210 213 225 238 251 253 269 278 288 293 303 322 326 336 349 358 372 374
5 14 23 33 50 51 61 62 72 82 92 93 103 122 132 135 144 153 167 182 191 195 209 216 226 240 245 259 269 274 286 293 303 322 326 336 349 359 372 373
5 14 23 33 50 51 61 62 72 82 92 93 103 122 132 135 151 153 167 173 191 195 204 216 225 238 245 257 269 275 287 293 303 322 326 336 349 359 372 373
4 19 26 32 50 51 61 62 72 82 92 93 103 122 129 138 144 162 167 182 188 197 210 215 227 238 247 255 269 276 287 293 303 321 326 336 349 359 372 374
5 19 26 32 50 51 61 62 72 82 92 93 103 122 129 138 149 162 167 182 188 197 208 215 225 240 245 255 269 275 288 293 303 322 326 336 349 359 372 374
5 20 25 31 50 51 61 62 72 82 92 93 103 122 129 138 149 162 167 182 186 195 208 215 225 237 244 253 268 278 288 293 303 319 326 336 349 357 372 374
5 18 26 32 50 51 61 62 72 82 92 93 103 122 129 138 144 162 167 182 188 195 207 216 226 240 243 257 269 275 287 293 303 321 326 336 349 358 372 373
4 12 28 34 1000 51 61 62 72 73 83 93 103 113 126 134 151 153 167 182 1000 195 206 215 229 240 1000 253 268 278 287 293 303 321 326 336 349 358 372 374
5 12 26 33 41 51 61 62 72 73 83 93 103 113 126 134 147 153 163 182 184 195 204 215 224 1000 1000 253 269 278 287 293 303 321 325 334 349 357 372 373
5 12 26 33 41 51 61 62 72 73 83 93 103 113 126 134 143 153 163 182 184 195 204 216 224 1000 1000 254 269 277 287 293 303 321 329 334 349 357 372 373
5 16 30 32 50 51 61 62 72 82 92 93 103 122 126 134 147 153 163 173 190 193 207 216 224 238 1000 256 268 276 286 293 303 321 326 334 349 358 372 373
5 12 30 32 50 51 61 62 72 82 92 93 103 122 126 134 143 153 163 182 190 193 209 216 224 238 1000 254 268 277 287 293 303 316 327 334 349 358 372 373
5 20 23 33 41 51 61 62 72 73 83 93 107 113 129 140 144 162 163 182 188 195 206 216 225 239 245 253 272 277 289 293 303 318 326 333 349 359 372 373
5 20 23 32 41 51 61 62 72 73 83 93 107 122 129 140 151 162 163 182 186 195 204 215 226 239 245 253 272 278 287 293 303 316 326 333 349 359 372 373
5 18 30 33 41 51 61 62 72 73 83 93 103 122 129 140 144 162 163 182 184 195 204 216 225 239 244 253 271 277 288 295 303 319 326 333 349 356 372 373
5 16 29 32 41 51 61 62 72 73 83 93 103 122 129 141 144 157 163 182 186 194 204 216 226 240 245 253 270 278 287 293 303 321 326 333 349 359 372 374
5 11 27 33 41 51 61 62 72 73 83 93 103 122 129 141 151 162 170 182 186 194 204 215 226 240 244 255 271 277 286 293 303 320 325 335 349 359 372 374
5 11 27 33 41 51 61 62 72 73 83 93 103 122 129 141 151 162 170 182 187 194 204 215 225 240 243 255 270 277 286 293 303 319 325 335 349 359 372 374
5 11 27 33 41 51 61 62 72 82 83 93 103 122 129 141 151 162 170 182 188 195 208 215 226 240 245 255 271 277 286 293 303 321 326 335 349 359 372 373
5 11 27 33 41 51 61 62 72 82 83 93 103 122 129 141 144 162 170 182 188 195 208 216 226 240 244 254 271 277 287 293 303 321 326 335 349 359 372 373
5 18 30 33 41 51 61 62 72 73 83 93 103 113 129 142 144 162 163 182 185 194 1000 215 226 238 245 253 271 277 289 293 303 319 325 333 349 359 372 374
5 18 21 33 41 51 61 62 72 73 83 93 103 113 129 142 144 162 163 173 184 195 206 217 225 238 246 253 271 277 289 293 303 321 326 334 349 359 372 374
5 15 27 33 41 51 61 62 72 82 83 93 103 122 132 135 144 162 167 182 185 195 204 216 229 238 245 258 270 274 287 293 303 320 325 335 349 359 372 373
5 15 27 33 41 51 61 62 72 82 83 93 103 122 132 135 151 162 167 182 185 195 204 216 230 238 245 259 270 273 287 293 303 321 325 335 349 359 372 373
5 18 29 31 50 51 61 62 72 82 92 93 103 122 129 138 144 162 1000 182 187 195 207 215 227 237 244 255 268 276 288 293 303 321 325 334 349 361 372 373
5 20 29 31 50 51 61 62 72 82 92 93 103 122 129 138 149 162 1000 173 186 195 204 215 225 237 243 255 268 276 288 294 303 321 326 334 349 360 372 373
5 17 30 33 41 51 61 62 72 73 83 93 103 113 129 142 144 162 1000 182 186 196 209 217 227 238 246 253 272 277 289 295 303 321 326 333 349 357 372 374
5 15 21 31 41 51 61 62 72 73 83 93 103 122 126 134 143 153 1000 182 184 194 204 216 224 239 1000 253 268 279 287 293 303 316 327 334 349 359 372 373
5 16 29 32 41 51 61 62 72 73 83 93 103 122 132 135 144 157 163 173 187 193 1000 215 227 237 245 254 269 277 287 293 303 321 327 333 349 358 372 374
5 15 21 32 50 51 61 62 72 82 92 93 103 122 132 137 144 162 1000 182 186 195 207 216 231 240 245 253 268 277 289 294 303 322 325 336 349 358 372 373
5 15 21 32 50 51 61 62 72 82 92 93 103 122 132 137 151 162 167 182 184 195 204 215 228 240 245 255 268 276 288 295 303 321 326 336 349 358 372 373
5 14 29 33 41 51 61 62 72 82 83 93 103 122 132 135 151 153 167 182 185 195 208 215 228 238 246 253 268 278 287 293 303 322 326 333 349 358 372 373
5 14 29 33 41 51 61 62 72 82 83 93 103 122 132 135 144 153 167 173 185 195 208 216 227 240 245 254 268 277 287 293 303 322 326 333 349 358 372 373
5 15 21 31 41 51 61 62 72 73 83 93 103 122 126 134 143 153 167 182 184 194 204 216 224 239 1000 253 268 278 288 293 303 316 327 334 349 359 372 373
5 18 29 32 41 51 61 62 72 73 83 93 103 122 129 140 151 162 163 173 188 195 204 216 228 239 245 253 271 277 290 300 303 319 326 333 349 358 372 373
5 17 29 32 41 51 61 62 72 73 83 93 103 122 129 140 144 162 163 173 188 195 208 216 227 239 245 253 271 277 290 300 303 317 327 333 349 358 372 373
5 19 27 32 41 51 61 62 72 82 83 93 103 122 129 141 144 162 167 182 190 195 207 216 223 238 244 253 268 277 288 293 303 317 328 334 349 358 372 373
5 18 27 32 41 51 61 62 72 82 83 93 103 122 129 141 151 162 167 182 188 195 206 217 223 238 243 255 268 277 287 293 303 318 325 334 349 358 372 373
5 17 29 32 41 51 61 62 72 73 83 93 103 122 129 140 144 162 1000 173 188 195 208 217 229 239 246 253 271 277 289 293 303 317 325 333 349 358 372 373
5 11 23 33 41 51 61 62 72 73 83 93 103 122 129 138 144 162 163 182 183 193 204 214 226 237 244 253 269 277 289 293 303 321 325 333 349 358 372 373
5 11 23 33 41 51 61 62 72 73 83 93 103 122 129 138 149 162 163 182 183 193 206 215 225 237 244 253 269 277 289 296 303 318 326 333 349 358 372 373
5 15 27 33 41 51 61 62 72 82 92 93 103 122 132 137 151 162 170 182 186 195 209 216 227 236 246 253 270 278 287 293 303 320 327 335 349 358 372 373
5 19 21 32 50 51 61 62 72 82 92 93 103 122 129 141 144 162 167 182 187 194 209 217 227 238 243 256 267 275 287 293 303 321 326 339 349 356 372 374
5 20 21 33 50 51 61 62 72 82 92 93 103 122 129 141 144 162 167 182 187 194 206 216 226 238 243 256 267 275 287 295 303 321 326 339 349 356 372 374
5 17 29 32 41 51 52 62 72 73 83 93 103 113 129 140 144 162 163 173 186 195 204 215 225 238 245 253 269 277 289 293 303 316 326 334 349 358 372 373
5 20 29 32 41 51 52 62 72 73 83 93 103 113 129 140 151 162 163 182 186 195 207 216 225 239 244 253 269 277 289 293 303 316 326 334 349 358 372 373
5 16 29 32 41 51 61 62 72 73 83 93 103 122 132 135 151 157 163 182 186 193 206 218 228 237 245 253 270 278 287 293 303 321 326 333 349 358 372 373
5 18 29 32 41 51 61 62 72 73 83 93 103 122 129 140 151 162 163 173 188 195 204 217 228 1000 246 253 271 277 290 293 303 319 325 333 349 358 372 373
5 14 29 33 41 51 61 62 72 82 83 93 103 122 123 133 149 153 167 182 185 193 210 213 224 238 248 254 268 277 287 293 303 319 326 333 349 358 372 373
5 14 29 33 41 51 61 62 72 82 83 93 103 122 123 133 144 153 167 182 185 193 211 216 225 238 249 253 268 278 287 293 303 322 327 333 349 358 372 373
5 20 29 31 50 51 61 62 72 82 92 93 103 122 129 138 149 162 167 182 188 195 204 215 223 237 244 255 269 276 287 294 303 320 325 333 349 356 372 374
5 11 27 33 50 51 61 62 72 82 92 93 103 122 129 141 144 162 172 173 186 196 209 222 227 239 245 255 271 276 287 302 303 320 326 336 349 357 372 374
5 11 27 33 50 51 61 62 72 82 92 93 103 113 129 141 151 162 172 1000 186 196 209 215 226 238 243 255 270 275 289 293 303 321 327 336 349 357 372 374
5 11 27 33 50 51 61 62 72 82 92 93 103 122 129 141 144 162 172 173 186 194 206 215 227 238 243 255 270 276 288 293 303 321 326 336 349 358 372 373
5 11 27 33 50 51 61 62 72 82 92 93 103 122 129 141 151 162 172 173 186 194 204 215 227 238 243 256 270 275 288 293 303 321 326 336 349 358 372 373
6 11 27 33 1000 51 61 62 72 82 92 93 103 122 129 141 144 162 172 182 1000 195 207 215 225 238 243 253 270 278 287 293 303 321 326 336 349 359 372 374
5 11 27 33 1000 51 61 62 72 82 92 93 103 122 129 141 144 162 172 173 1000 196 206 215 227 238 245 253 270 278 287 293 303 1000 1000 336 349 360 372 374
6 11 27 31 1000 51 61 62 72 82 92 93 103 113 129 141 144 162 172 182 1000 194 207 216 226 240 244 253 270 278 287 293 303 321 326 336 349 359 372 374
6 20 27 33 50 51 61 62 72 82 92 93 103 122 129 140 151 162 172 182 186 194 209 218 228 237 245 253 270 278 287 295 303 318 327 336 349 359 372 374
5 11 27 33 41 51 61 62 72 82 83 93 103 122 129 138 149 162 1000 182 186 194 208 215 225 237 243 253 269 277 288 295 303 321 325 335 349 356 372 373
5 18 24 32 41 51 61 62 72 73 83 93 103 122 129 142 151 162 163 173 185 194 204 216 228 240 245 253 271 278 287 295 303 319 326 333 349 356 372 373
5 12 28 34 41 51 61 62 72 73 92 93 103 122 126 134 151 153 167 173 185 195 208 215 224 240 1000 253 268 278 288 293 303 321 326 336 349 360 372 373
6 17 28 34 41 51 61 62 72 82 92 93 112 122 123 133 144 153 167 173 188 195 209 215 225 238 250 255 269 276 288 293 303 322 327 336 349 360 372 373
5 12 28 34 41 51 61 62 72 82 92 93 103 122 132 137 144 153 167 173 191 195 204 216 227 236 246 257 269 273 288 296 303 321 326 336 349 360 372 373
6 19 21 33 41 51 61 62 72 73 83 93 103 122 129 138 144 162 163 173 189 193 207 216 226 237 243 254 270 277 288 293 303 315 325 334 349 360 372 373
5 11 27 33 41 51 61 62 72 82 83 93 103 122 129 138 144 162 1000 182 186 194 204 215 227 237 243 255 269 276 288 293 303 319 326 335 349 356 372 373
5 13 28 34 50 51 61 62 72 82 92 93 103 122 126 134 143 153 167 173 188 195 204 216 226 238 1000 256 269 275 287 293 303 321 326 336 349 360 372 373
5 12 28 34 41 51 61 62 72 73 92 93 103 122 126 134 152 153 167 173 185 195 204 216 224 240 1000 253 268 278 288 293 303 320 326 336 349 360 372 373
5 13 28 34 50 51 61 62 72 82 92 93 103 122 126 134 147 153 167 173 188 195 206 216 225 238 1000 253 269 277 289 295 303 320 325 336 349 360 372 373
6 11 27 33 41 51 61 62 72 82 83 93 103 122 132 137 151 162 1000 173 188 195 209 215 226 238 244 255 270 277 286 294 303 315 323 335 349 358 372 374
6 13 28 34 50 51 61 62 72 82 92 93 103 122 126 134 147 153 167 173 188 193 206 215 226 238 1000 255 269 276 287 293 303 320 326 336 349 360 372 373
6 15 28 34 50 51 61 62 72 82 92 93 103 122 126 134 151 153 167 173 188 195 207 215 226 236 245 254 269 276 288 293 303 321 327 336 349 360 372 373
6 18 27 33 41 51 61 62 72 82 83 93 103 122 129 142 151 162 170 173 186 195 204 216 227 240 245 254 269 277 288 293 303 319 326 335 349 358 372 373
6 13 28 34 50 51 61 62 72 82 92 93 103 122 126 134 143 153 167 1000 188 193 204 215 224 238 1000 256 269 277 289 293 303 320 325 336 349 357 372 373
6 12 27 33 41 51 61 62 72 82 83 93 103 122 129 141 144 162 1000 173 186 195 209 216 226 237 243 255 270 277 286 295 303 321 324 335 349 358 372 373
6 13 27 33 41 51 61 62 72 82 83 93 103 122 129 141 151 162 1000 173 186 195 209 216 225 237 243 256 270 277 286 295 303 318 326 335 349 358 372 373
6 19 29 32 41 51 61 62 72 73 83 93 103 122 129 140 151 162 163 173 186 195 207 216 227 237 245 254 270 277 288 293 303 320 327 333 349 358 372 373
6 19 29 31 50 51 61 62 72 82 92 93 103 122 129 138 149 162 167 182 187 195 1000 215 226 237 245 257 269 275 287 294 303 317 324 334 349 358 372 374
6 13 26 33 41 51 61 62 72 82 83 93 103 122 132 137 144 162 1000 1000 190 196 209 215 227 238 245 253 269 277 289 293 303 321 325 334 349 358 372 373
6 20 29 31 50 51 61 62 72 82 92 93 103 113 129 138 149 162 1000 173 189 196 207 213 225 237 245 254 269 277 288 293 303 321 326 334 349 359 372 374
6 18 29 31 50 51 61 62 72 82 92 93 103 122 129 138 144 162 1000 182 187 195 1000 215 226 237 243 257 269 275 287 293 303 318 326 334 349 358 372 373
6 13 26 33 41 51 61 62 72 82 83 93 103 122 132 137 151 162 1000 173 189 196 204 216 226 238 244 253 269 277 289 293 303 321 328 334 349 358 372 373
6 19 27 33 41 51 61 62 72 73 83 93 103 122 129 142 144 162 1000 182 186 196 206 216 226 240 246 253 270 278 287 293 303 320 326 335 349 357 372 373
6 18 27 33 41 51 61 62 72 73 83 93 103 122 129 142 151 162 1000 182 186 196 206 217 227 240 245 253 270 278 287 293 303 320 326 335 349 357 372 373
6 20 29 31 50 51 61 62 72 82 92 93 103 122 129 138 149 162 167 182 186 195 208 215 227 237 247 257 270 275 287 297 303 317 325 334 349 357 372 374
6 20 30 33 41 51 52 62 72 73 83 93 103 122 129 142 143 162 163 182 185 195 204 216 231 239 245 253 271 276 290 293 303 313 323 333 349 357 372 374
6 17 21 32 50 51 61 62 72 82 92 93 103 113 129 141 144 162 167 173 186 195 208 215 227 242 243 257 267 275 286 293 303 321 323 336 349 360 372 373
6 20 21 32 50 51 61 62 72 82 92 93 103 113 129 141 151 162 167 173 187 195 208 216 226 242 243 256 267 275 287 293 303 321 327 336 349 360 372 373
6 17 29 32 41 51 61 62 72 73 83 93 103 122 129 140 144 162 163 173 188 195 208 216 225 239 245 253 272 277 288 293 303 321 325 333 349 358 372 373
6 19 29 32 41 51 61 62 72 73 83 93 103 122 129 140 151 162 163 173 187 195 207 216 227 237 245 255 272 275 288 293 303 321 326 333 349 358 372 373
6 19 23 33 41 51 61 62 72 73 83 93 103 122 129 140 144 162 163 182 185 196 206 216 226 239 245 255 270 275 289 293 303 321 326 333 349 358 372 373
6 20 23 33 41 51 61 62 72 73 83 93 103 122 129 140 151 162 163 182 185 196 206 216 229 237 245 257 270 274 288 293 303 321 327 333 349 358 372 373
6 15 29 32 41 51 61 62 72 82 83 93 103 122 129 141 144 157 163 182 185 195 206 215 226 242 243 255 1000 276 288 293 303 321 329 334 349 359 372 373
6 11 29 32 41 51 61 62 72 82 83 93 103 122 129 141 151 157 163 182 185 195 206 215 227 242 243 254 1000 276 289 293 303 322 327 334 349 359 372 373
6 12 22 33 41 51 61 62 72 82 83 93 103 122 126 134 143 153 167 173 186 195 204 215 225 238 1000 253 269 277 289 293 303 321 325 335 349 358 372 373
6 16 22 33 41 51 61 62 72 82 83 93 103 122 126 134 147 153 167 173 186 195 206 216 225 238 1000 254 269 277 288 293 303 317 324 335 349 358 372 373
7 16 29 32 41 51 61 62 72 73 83 93 103 122 129 141 144 157 163 173 187 201 210 215 227 238 244 253 270 278 287 293 303 319 328 334 349 358 372 374
6 13 24 32 41 51 61 62 72 73 83 93 103 113 132 137 144 162 163 173 186 199 206 215 227 240 245 253 272 278 288 294 303 321 326 333 349 359 372 374
6 12 28 34 50 51 61 62 72 73 83 93 103 113 126 134 151 153 167 173 189 198 208 216 231 240 1000 253 269 277 289 293 303 1000 1000 336 349 359 372 374
6 16 29 32 41 51 61 62 72 73 83 93 103 122 132 135 144 157 163 173 186 198 211 216 230 238 244 255 268 276 287 293 303 322 327 334 349 359 372 374
7 16 29 32 41 51 61 62 72 73 83 93 103 122 132 135 144 157 163 173 186 197 1000 216 229 238 244 255 270 276 287 293 303 322 327 334 349 357 372 374
7 18 25 31 50 51 61 62 72 82 87 93 103 122 129 138 149 162 1000 173 186 197 210 215 226 237 244 253 269 275 291 293 303 321 326 336 349 359 372 374
7 20 29 31 50 51 61 62 72 82 92 93 103 122 129 138 149 162 163 173 188 198 207 216 226 237 244 253 269 277 288 294 303 321 325 334 349 358 372 374
7 19 29 31 50 51 61 62 72 82 92 93 103 122 129 138 149 162 167 173 187 198 207 215 226 238 243 253 269 277 288 294 303 319 325 334 349 358 372 374
7 18 29 32 41 51 52 62 72 73 83 93 103 113 129 140 144 162 163 173 187 201 210 216 226 239 247 253 270 277 289 294 303 321 326 334 349 358 372 373
7 19 29 32 41 51 52 62 72 73 83 93 103 122 129 140 151 162 163 173 187 201 209 216 228 237 245 253 270 275 286 293 303 321 326 334 349 358 372 373
7 15 28 34 50 51 61 62 72 82 92 93 103 122 126 134 147 153 167 173 188 197 208 217 225 238 1000 253 269 277 289 293 303 320 326 336 349 359 372 373
7 17 28 34 50 51 61 62 72 82 92 93 103 113 123 133 149 153 167 173 188 198 206 214 226 237 1000 254 269 278 287 293 303 322 329 336 349 357 372 373
7 15 28 34 50 51 61 62 72 82 92 93 103 113 123 133 144 153 167 173 188 198 206 214 225 237 248 255 269 275 288 293 303 322 326 336 349 357 372 373
7 11 28 34 50 51 61 62 72 82 92 93 103 122 126 134 143 153 167 173 188 197 207 216 225 238 1000 258 269 274 286 293 303 321 324 336 349 359 372 373
6 13 21 33 41 51 61 62 72 73 83 93 103 122 132 135 144 162 163 182 184 200 208 214 230 240 245 253 269 277 289 293 303 321 326 333 349 360 372 374
6 13 30 33 41 51 61 62 72 73 83 93 103 122 132 135 144 162 163 182 188 199 207 214 229 241 245 253 268 279 287 293 303 321 326 334 349 359 372 374
6 19 29 31 50 51 61 62 72 82 92 93 103 113 129 138 149 162 167 182 189 197 208 215 226 237 244 259 269 274 286 293 303 320 326 334 349 358 372 374
6 14 30 33 41 51 61 62 72 73 83 93 103 113 132 135 144 162 163 173 185 198 208 216 227 238 243 253 270 282 283 293 303 321 327 334 349 359 372 374
6 20 25 33 50 51 61 62 72 82 92 93 103 113 129 138 149 162 167 182 189 198 206 215 228 237 244 257 270 276 285 295 303 319 324 334 349 358 372 374
6 20 29 31 50 51 61 62 72 82 92 93 103 113 129 138 149 162 167 173 189 196 204 215 227 237 243 257 270 274 287 293 303 321 325 334 349 359 372 374
6 17 28 34 50 51 61 62 72 82 92 93 103 122 123 133 144 153 167 173 188 197 204 216 229 238 249 253 268 278 287 293 303 322 327 336 349 359 372 373
6 12 28 34 50 51 61 62 72 82 92 93 103 122 123 133 149 153 167 173 188 197 204 216 226 238 250 254 268 278 287 294 303 322 326 336 349 359 372 373
6 20 29 32 41 51 52 62 72 73 83 93 103 122 129 140 151 162 163 182 185 198 206 216 228 237 245 254 271 277 288 293 303 318 324 333 349 358 372 373
6 18 29 32 41 51 52 62 72 73 83 93 103 122 129 140 144 162 163 182 185 198 204 215 227 239 247 255 271 276 287 297 303 318 326 333 349 357 372 373
6 18 21 33 41 51 61 62 72 73 83 93 103 122 129 140 144 162 163 182 186 197 204 216 225 239 245 253 272 277 289 297 303 321 327 334 349 358 372 373
6 18 21 34 41 51 61 62 72 73 83 93 103 122 129 140 151 162 163 182 186 197 206 216 225 237 245 253 272 277 289 297 303 317 324 334 349 358 372 373
6 11 27 32 41 51 61 62 72 82 83 93 103 122 129 141 144 162 1000 173 1000 199 206 215 227 240 243 254 1000 277 288 293 303 319 331 334 349 359 372 373
6 11 27 32 41 51 61 62 72 82 83 93 103 122 129 141 151 162 1000 182 185 199 206 216 226 238 243 254 1000 276 289 293 303 321 327 334 349 359 372 373
6 13 22 33 41 51 61 62 72 82 83 93 103 122 132 137 151 153 167 182 186 198 204 216 226 236 247 254 269 277 288 293 303 321 327 335 349 358 372 373
6 12 22 33 41 51 61 62 72 82 87 93 103 122 132 137 144 153 167 182 186 198 204 216 227 236 246 254 269 277 287 293 303 321 326 335 349 358 372 373
6 17 25 33 50 51 61 62 72 82 92 93 103 113 129 138 144 162 167 182 189 195 207 216 227 237 243 257 270 276 286 295 303 321 326 334 349 357 372 373
6 17 29 31 50 51 61 62 72 82 92 93 103 113 129 138 149 162 167 173 188 200 210 216 228 237 245 253 269 281 285 295 303 321 326 334 349 358 372 374
6 13 24 32 41 51 61 62 72 73 83 93 103 113 132 137 151 162 163 173 186 198 206 216 227 236 245 253 271 278 288 293 303 321 327 333 349 359 372 374
7 17 24 32 41 51 61 62 72 73 83 93 103 122 129 140 144 162 163 173 187 198 209 216 226 239 245 254 271 277 288 294 303 321 327 333 349 359 372 373
7 20 27 33 41 51 61 62 72 82 83 93 103 122 129 142 144 162 170 173 187 201 210 216 227 238 245 253 271 277 289 293 303 317 326 335 349 359 372 373
7 19 27 33 41 51 61 62 72 82 83 93 103 122 129 142 151 162 170 173 187 201 209 216 227 238 245 253 271 276 291 293 303 317 325 335 349 359 372 373
7 17 24 32 41 51 61 62 72 73 83 93 103 122 129 140 151 162 163 173 187 198 210 216 226 237 247 255 271 276 287 294 303 321 329 333 349 359 372 373
7 11 27 33 41 51 61 62 72 82 83 93 103 113 129 141 144 162 163 182 185 202 209 215 224 238 245 253 268 277 288 293 303 321 326 336 349 359 372 373
7 11 27 33 41 51 61 62 72 82 83 93 103 122 129 141 151 162 163 182 185 202 210 215 224 238 244 254 268 276 288 293 303 320 326 336 349 359 372 373
7 19 30 33 41 51 61 62 72 73 83 93 103 122 129 140 144 162 163 182 187 199 210 215 226 239 243 255 269 276 287 293 303 319 327 335 349 360 372 373
7 18 29 33 41 51 61 1000 72 73 83 93 103 122 129 142 151 162 163 173 186 200 208 216 228 240 245 253 271 277 289 295 303 321 324 333 349 359 372 373
7 18 29 32 41 51 61 62 72 73 83 93 103 122 129 142 144 162 163 173 186 200 207 216 228 240 245 253 271 277 289 295 303 317 326 333 349 359 372 373
6 13 24 32 41 51 61 62 72 73 83 93 103 122 132 137 151 162 163 173 186 200 204 216 228 240 244 253 272 277 289 293 303 321 326 333 349 358 372 373
6 13 24 32 41 51 61 62 72 73 83 93 103 122 132 137 144 162 163 173 186 200 206 215 228 238 245 253 272 278 288 294 303 321 326 333 349 359 372 373
7 15 28 34 50 51 61 62 72 82 92 93 103 113 123 133 149 153 167 173 188 202 210 217 228 238 249 253 269 278 287 293 303 322 326 336 349 359 372 374
7 19 30 33 41 51 61 62 72 73 83 93 103 113 129 140 151 162 163 182 188 199 210 216 226 237 245 254 269 277 288 293 303 316 324 335 349 360 372 373
7 15 26 33 41 51 61 62 72 73 83 93 103 122 132 135 144 162 1000 173 188 200 210 216 231 238 244 255 269 274 289 293 303 322 327 334 349 360 372 373
7 15 26 33 41 51 61 62 72 73 83 93 103 122 132 135 151 162 1000 182 188 200 210 215 231 238 244 256 270 275 288 293 303 322 325 334 349 360 372 373
7 12 28 34 50 51 61 62 72 82 92 93 103 122 126 134 143 153 167 173 188 201 210 214 225 1000 1000 258 269 274 286 293 303 321 326 336 349 359 372 374
7 20 27 33 41 51 61 62 72 82 83 93 103 122 132 135 151 162 170 182 185 201 210 215 229 239 245 254 268 278 286 293 303 321 326 335 349 359 372 374
7 13 30 33 41 51 61 62 72 73 83 93 103 122 132 137 144 162 1000 173 1000 198 208 216 228 234 245 254 271 276 289 296 303 322 325 333 349 360 372 373
7 13 30 33 41 51 61 62 72 73 83 93 103 122 132 137 151 162 1000 1000 184 198 210 215 227 235 245 254 271 276 289 293 303 318 324 333 349 359 372 373
7 19 21 33 41 51 61 62 72 73 83 93 103 122 129 142 144 162 163 173 186 198 208 217 228 238 245 253 272 276 291 293 303 319 326 334 349 358 372 373
7 20 30 33 41 51 61 62 72 73 83 93 103 122 129 142 151 162 163 173 184 198 207 217 226 238 245 253 272 276 291 293 303 319 326 334 349 358 372 373
7 14 30 33 41 51 61 62 72 73 83 93 103 122 132 135 144 162 163 173 184 202 208 216 231 238 246 253 270 278 287 293 303 321 326 334 349 357 372 373
7 18 29 32 41 51 61 62 72 73 83 93 103 122 129 141 144 162 163 173 187 202 207 216 226 238 243 254 272 277 288 293 303 322 326 333 349 358 372 373
7 20 29 33 41 51 61 62 72 73 83 93 103 122 129 141 151 162 163 173 187 202 207 216 226 238 244 254 272 277 288 293 303 321 325 333 349 358 372 373
7 14 30 33 41 51 61 62 72 73 83 93 103 113 132 135 151 162 163 173 184 202 204 216 230 238 245 253 270 276 289 293 303 321 326 334 349 357 372 373
7 20 30 33 41 51 61 62 72 73 83 93 103 113 129 140 144 162 163 173 1000 201 204 215 228 239 245 254 270 277 287 296 303 321 326 333 349 358 372 374
7 14 27 33 50 51 61 62 72 82 92 93 103 113 132 137 151 153 167 173 187 201 208 216 227 238 245 253 269 277 288 295 303 321 326 334 349 359 372 374
7 16 29 32 50 51 61 62 72 82 92 93 103 122 132 137 144 157 167 173 186 201 208 215 229 238 245 253 269 278 288 294 303 321 326 336 349 358 372 374
7 20 30 33 41 51 61 62 72 82 83 93 103 122 129 140 151 162 163 173 186 200 204 216 228 237 245 253 270 277 288 293 303 317 325 333 349 359 372 374
7 14 23 33 50 51 61 62 72 82 87 93 103 122 132 135 144 153 167 173 186 201 207 216 227 237 245 253 268 278 287 295 303 321 326 336 349 359 372 374
7 16 25 33 50 51 61 62 72 82 92 93 103 122 126 134 143 153 167 173 188 201 206 216 229 240 1000 256 268 277 286 293 303 321 326 334 349 357 372 374
7 20 27 33 41 51 61 62 72 82 83 93 103 122 132 135 151 162 167 182 185 200 210 215 230 240 246 253 270 279 287 293 303 321 326 335 349 359 372 374
7 18 24 32 41 51 61 62 72 73 83 93 103 113 129 140 144 162 163 173 186 200 1000 216 227 239 247 253 271 278 287 293 303 321 325 333 349 360 372 374
7 11 27 33 41 51 61 62 72 82 83 93 103 122 129 141 151 162 167 173 186 199 210 215 226 240 243 254 270 276 288 293 303 321 326 335 349 358 372 374
7 15 28 34 50 51 61 62 72 73 83 93 103 122 126 134 151 153 167 173 188 200 206 218 224 240 1000 253 267 278 287 293 303 322 326 336 349 359 372 374
7 12 28 34 50 51 61 62 72 73 83 93 103 122 126 134 152 153 1000 173 188 200 204 216 229 238 1000 253 267 277 289 293 303 321 326 336 349 359 372 374
7 14 27 33 50 51 61 62 72 82 92 93 103 122 132 137 144 153 163 173 190 201 204 215 228 234 1000 253 1000 278 288 293 303 321 326 334 349 359 372 374
7 19 30 33 41 51 61 62 72 73 83 93 103 113 129 140 151 162 163 173 186 200 206 216 229 237 244 254 270 277 288 294 303 319 327 333 349 359 372 373
7 20 30 33 41 51 61 62 72 73 83 93 103 113 129 140 144 162 163 173 186 200 204 216 226 239 244 254 270 278 287 294 303 319 325 333 349 359 372 373
1 13 28 34 50 51 61 62 72 82 92 93 103 122 132 137 151 153 167 173 187 200 208 216 228 236 245 258 269 273 288 296 303 321 323 336 344 356 372 374
1 12 28 34 50 51 61 62 72 82 92 93 112 122 132 137 151 153 167 173 188 197 208 215 228 234 244 258 268 273 288 293 303 322 324 336 344 358 372 374
1 15 28 34 50 51 61 62 72 82 92 93 103 122 126 134 143 153 167 173 188 196 206 214 227 240 1000 258 269 274 286 293 303 321 324 336 344 357 372 374
1 14 21 32 50 51 61 62 72 82 92 93 112 122 132 135 151 153 167 182 188 198 212 216 228 239 244 257 266 275 287 293 303 321 326 339 349 356 372 374
1 15 29 32 41 51 61 62 72 73 83 93 103 113 129 141 144 157 163 173 186 194 206 215 227 238 243 253 268 278 288 296 303 322 329 334 344 356 372 373
1 15 30 32 41 51 61 62 72 73 83 93 103 122 132 135 151 162 163 173 187 194 206 215 226 238 245 253 271 277 289 293 303 321 326 333 346 357 372 373
1 15 30 32 41 51 61 62 72 73 83 93 103 122 132 135 144 162 163 173 187 194 206 216 228 237 245 253 271 276 290 293 303 321 326 333 346 357 372 373
1 12 28 33 50 51 61 62 72 82 92 93 103 122 123 133 149 153 167 182 189 198 207 215 225 237 251 253 269 277 288 293 303 316 324 338 349 358 372 373
1 13 28 33 50 51 61 62 72 82 87 93 103 113 123 133 144 153 167 182 189 198 207 216 227 237 250 253 269 278 287 293 303 322 324 338 349 358 372 373
1 15 28 34 41 51 61 62 72 73 83 93 103 122 126 134 151 153 167 173 186 198 206 216 229 240 1000 253 269 277 288 293 303 321 324 336 344 358 372 373
1 13 24 32 41 51 61 62 72 73 83 93 103 122 132 135 144 162 167 173 186 193 208 216 230 237 244 253 270 276 290 293 303 321 326 333 344 357 372 373
1 12 26 33 41 51 61 62 72 82 83 93 103 122 132 135 143 153 163 182 188 199 208 215 226 237 246 253 270 279 287 293 303 313 323 335 349 356 372 374
1 13 22 32 50 51 61 62 72 82 92 93 112 122 132 137 151 162 167 173 187 196 204 216 226 235 247 257 269 275 287 293 303 321 323 336 344 356 372 374
1 12 24 33 50 51 61 62 72 82 92 93 103 122 126 134 147 153 167 173 190 195 210 215 230 240 1000 255 268 276 288 293 309 321 326 336 346 357 372 374
1 18 29 31 50 51 61 62 72 82 92 93 103 113 129 138 149 162 167 182 187 194 209 218 226 236 245 257 270 273 288 294 303 321 326 336 344 357 372 374
1 17 24 33 50 51 61 62 72 82 92 93 103 122 123 133 144 153 167 173 187 197 207 215 231 238 250 256 269 276 287 293 303 322 326 336 344 357 372 374
1 16 29 32 41 51 61 62 72 73 83 93 103 122 132 137 151 157 163 182 185 198 208 215 227 240 243 256 272 276 287 293 303 321 324 333 349 358 372 373
1 16 29 32 41 51 61 62 72 73 83 93 103 122 132 137 144 157 163 182 188 198 207 215 228 1000 245 255 272 276 287 293 303 321 324 333 349 357 372 373
1 19 30 32 41 51 61 62 72 73 83 93 103 122 129 141 144 162 163 173 187 198 208 215 226 238 244 253 271 278 288 293 303 319 330 333 344 356 372 373
1 16 29 32 41 51 61 62 72 82 83 93 103 113 129 141 151 162 163 173 186 196 208 215 228 240 246 253 269 278 288 293 303 317 327 334 344 357 372 373
1 15 29 32 41 51 61 62 72 82 83 93 103 113 129 141 144 162 163 173 186 196 209 215 226 240 245 253 269 278 288 293 303 321 332 334 344 358 372 373
1 16 28 34 50 51 61 62 72 82 92 93 103 113 123 133 149 153 167 173 188 197 204 215 227 238 251 254 269 276 288 293 303 321 326 336 344 357 372 374
1 15 28 34 50 51 61 62 72 82 92 93 103 122 126 134 143 153 167 173 189 198 206 214 227 240 1000 258 269 274 286 293 303 319 324 336 344 357 372 373
1 17 28 34 41 51 61 62 72 73 83 93 103 122 126 134 152 153 167 173 186 198 207 215 229 240 1000 254 269 277 288 293 303 321 326 336 344 356 372 373
1 17 28 34 50 51 61 62 72 82 92 93 103 122 123 133 144 153 167 173 192 198 204 215 228 238 249 253 270 277 289 293 303 322 326 336 344 357 372 373
1 15 28 34 50 51 61 62 72 82 92 93 103 122 126 134 147 153 167 173 187 198 204 216 225 240 1000 253 269 277 289 293 303 321 326 336 343 358 372 373
1 13 28 34 50 51 61 62 72 82 92 93 103 122 132 137 144 153 167 173 190 197 208 215 226 238 245 257 269 273 288 293 303 322 324 336 344 357 372 374
1 20 29 32 41 51 52 62 72 73 83 102 103 122 129 140 151 162 163 173 188 196 209 216 225 1000 245 253 270 277 289 296 303 321 326 333 344 357 372 373
1 19 29 32 41 51 52 62 72 73 83 93 103 122 129 140 144 162 167 173 188 196 206 216 225 239 245 253 270 277 289 299 303 317 326 333 344 357 372 373
1 15 26 33 41 51 61 62 72 73 83 93 103 122 132 135 151 153 163 173 186 198 206 215 227 238 245 253 269 277 289 293 303 321 326 333 344 357 372 373
1 15 26 33 41 51 61 62 72 73 83 93 103 122 132 135 144 153 163 173 186 198 208 215 229 238 245 253 269 277 289 293 303 321 326 333 344 357 372 373
1 17 29 31 50 51 61 62 72 82 92 93 103 113 129 138 149 162 167 182 186 198 209 215 227 1000 243 259 270 273 286 294 303 321 325 336 349 358 372 373
1 13 28 33 50 51 61 62 72 82 87 93 103 113 123 133 144 153 167 1000 188 201 1000 217 231 237 249 254 269 277 288 293 303 322 324 338 1000 1000 372 374
1 20 25 32 50 51 61 62 72 82 87 93 103 113 129 138 149 162 167 173 188 200 211 215 230 238 243 253 270 277 289 293 303 319 326 336 346 357 372 374
1 13 28 33 50 51 61 62 72 82 92 93 103 113 123 133 144 153 167 173 188 198 204 215 232 238 252 253 269 277 290 293 303 322 326 338 346 357 372 374
1 12 26 33 41 51 61 62 72 73 83 93 103 1000 126 134 148 153 170 182 187 200 209 215 228 1000 1000 254 1000 277 288 293 303 321 326 335 349 356 372 373
1 13 26 33 41 51 61 62 72 73 83 93 103 1000 126 134 143 153 170 182 187 200 1000 215 227 1000 1000 254 1000 277 288 293 303 321 326 335 349 356 372 373
1 16 29 32 41 51 61 62 72 73 83 93 103 122 132 135 151 157 163 173 184 199 211 216 227 237 245 253 271 278 287 299 303 321 326 333 346 354 372 373
1 16 29 32 41 51 61 62 72 73 83 93 103 122 132 135 144 157 163 173 184 199 209 216 227 237 245 253 271 277 289 299 303 321 326 333 346 354 372 373
1 19 30 33 41 51 61 62 72 73 83 93 103 122 129 140 144 162 163 173 184 197 208 216 225 239 243 253 271 277 289 293 303 317 324 333 346 358 372 373
1 19 30 33 41 51 61 62 72 73 83 102 103 122 129 140 151 162 163 173 184 197 209 216 226 239 244 258 271 273 288 294 303 316 324 333 346 358 372 373
1 20 30 32 41 51 61 62 72 73 83 93 103 122 129 141 151 162 163 173 184 199 211 215 231 238 245 253 271 277 289 296 303 320 326 333 346 357 372 373
1 20 30 32 41 51 61 62 72 73 83 93 103 122 129 141 144 162 163 173 184 199 211 215 231 238 245 253 271 277 289 296 303 322 325 333 346 357 372 373
1 13 23 32 50 51 61 62 72 73 92 93 103 113 132 135 151 162 163 173 188 198 211 216 229 238 247 253 269 278 288 293 303 322 326 334 346 357 372 373
1 13 23 32 50 51 61 62 72 73 92 93 103 113 132 135 144 162 163 173 189 198 206 215 228 238 247 253 269 277 289 293 303 319 326 334 346 357 372 373
1 20 29 31 50 51 61 62 72 82 92 93 112 122 129 138 144 162 167 1000 186 198 1000 215 228 1000 243 259 270 273 287 293 303 321 325 336 1000 1000 372 373
1 11 24 32 50 51 61 62 72 82 92 93 103 122 126 134 143 153 165 173 188 197 208 216 224 238 1000 257 267 275 287 293 303 321 326 333 346 355 372 373
1 13 24 32 50 51 61 62 72 82 92 93 103 122 126 134 148 153 165 173 188 197 208 216 229 238 1000 256 267 275 287 293 303 321 325 333 346 357 372 373
1 14 25 33 50 51 61 62 72 82 87 93 103 122 123 133 149 153 167 173 188 199 210 214 230 237 249 253 267 277 289 293 303 322 326 336 346 357 372 374
1 12 22 33 50 51 61 62 72 82 92 93 103 113 132 135 151 153 167 173 189 198 209 215 229 238 245 256 269 275 287 293 303 322 326 334 346 357 372 373
1 16 22 33 50 51 61 62 72 82 92 93 103 113 132 135 144 153 167 173 189 198 208 214 229 238 245 256 269 275 287 293 303 322 325 334 346 357 372 373
1 12 22 33 1000 51 61 62 72 73 83 93 103 122 132 135 151 153 163 1000 1000 199 1000 216 227 1000 245 256 269 276 286 293 303 321 326 334 1000 1000 372 373
1 12 22 33 1000 51 61 62 72 73 83 93 103 122 132 135 144 153 163 1000 1000 199 1000 215 227 237 246 257 269 275 287 293 303 321 326 334 1000 1000 372 373
1 13 23 33 50 51 61 62 72 82 87 93 103 113 126 134 148 153 167 173 188 199 210 215 229 238 1000 253 268 277 289 293 303 321 326 336 346 357 372 374
1 20 29 31 50 51 61 62 72 82 92 93 103 113 129 138 149 162 167 173 189 196 206 216 227 240 245 262 270 273 283 293 303 321 326 336 347 357 372 374
1 15 28 32 50 51 61 62 72 82 92 93 103 122 132 135 144 153 1000 173 191 196 209 214 228 237 245 253 268 280 286 293 303 321 326 336 347 358 372 374
1 14 25 33 41 51 61 62 72 82 92 93 103 113 123 133 144 153 167 173 191 201 210 215 231 238 247 254 267 277 287 293 303 321 326 336 346 357 372 374
1 17 30 32 41 51 61 62 72 73 83 93 103 1000 129 140 148 162 163 182 188 199 208 216 1000 239 244 253 271 277 289 293 303 316 324 333 351 356 372 373
1 15 28 32 50 51 61 62 72 82 92 93 103 113 132 135 151 153 1000 173 191 199 210 215 226 237 245 253 269 277 289 293 303 321 326 336 347 358 372 374
1 18 30 32 41 51 61 62 72 73 83 93 103 1000 129 140 144 162 163 182 188 199 209 216 226 239 244 253 271 277 289 293 303 317 324 333 351 357 372 373
2 15 30 32 50 51 61 62 72 82 92 93 103 122 132 137 151 162 167 182 190 196 204 217 226 238 245 256 269 274 288 293 303 322 324 336 349 356 372 374
2 17 21 32 41 51 61 62 72 73 83 93 103 122 129 141 151 162 163 182 186 196 204 215 226 238 244 253 271 278 288 293 303 320 326 334 349 356 372 373
2 18 29 31 50 51 61 62 72 82 92 93 103 122 129 138 144 162 167 182 187 196 204 215 227 238 243 258 269 274 287 293 303 321 325 336 349 356 372 373
1 19 25 31 50 51 61 62 72 82 92 93 103 113 129 138 149 162 1000 1000 188 199 209 215 225 237 243 256 269 277 286 293 303 321 326 336 1000 1000 372 374
2 16 27 33 50 51 61 62 72 82 92 93 103 122 132 135 144 153 167 173 190 199 209 215 230 240 244 253 269 277 286 293 303 321 326 336 346 357 372 374
2 12 27 33 50 51 61 62 72 82 92 93 103 113 132 135 144 153 167 173 188 199 210 214 231 238 246 253 269 277 290 294 303 321 324 336 346 357 372 374
2 11 28 34 50 51 61 62 72 82 92 93 103 122 123 133 144 153 167 173 186 198 208 216 227 1000 248 258 268 273 287 293 303 322 324 336 346 357 372 373
2 15 28 34 50 51 61 62 72 82 92 93 103 122 123 133 149 153 167 182 184 198 211 216 225 1000 251 259 268 274 286 293 303 322 326 336 349 356 372 373
2 16 27 33 50 51 61 62 72 82 92 93 112 122 132 135 151 153 167 173 185 198 208 215 228 237 245 253 269 277 289 294 303 321 324 336 346 357 372 373
2 15 28 34 50 51 61 62 72 82 92 93 112 122 126 134 147 153 167 182 188 198 209 215 226 238 1000 255 268 276 288 293 309 320 325 336 349 356 372 373
2 12 28 34 50 51 61 62 72 82 92 93 112 122 126 134 143 153 167 182 189 198 212 214 226 238 1000 254 268 276 289 293 303 319 324 336 349 356 372 373
2 18 21 32 41 51 61 62 72 73 83 93 103 122 129 141 144 162 163 182 187 198 204 215 226 238 245 253 271 278 288 293 303 321 325 334 349 356 372 374
2 19 26 32 41 51 61 62 72 73 83 93 103 122 129 140 151 162 163 182 184 198 204 215 229 239 243 253 271 277 289 300 303 317 324 333 349 356 372 373
2 18 26 32 41 51 61 62 72 73 83 93 103 122 129 140 144 162 163 173 186 198 209 216 229 239 245 253 271 277 289 300 303 320 325 333 346 357 372 373
2 11 28 34 50 51 61 62 72 73 83 93 103 122 126 134 152 153 167 182 189 198 210 215 229 238 1000 253 267 278 287 293 303 321 326 336 349 356 372 373
2 16 28 34 50 51 61 62 72 73 83 93 103 122 126 134 151 153 167 182 189 198 210 215 230 238 1000 253 267 278 287 293 303 321 326 336 349 356 372 373
2 17 28 33 50 51 61 62 72 82 92 93 112 113 132 137 144 153 167 182 190 198 208 216 229 237 244 255 268 275 288 294 303 322 327 336 349 356 372 374
2 12 28 33 50 51 61 62 72 82 92 93 103 113 123 133 144 153 167 173 190 197 208 218 232 237 249 259 269 273 287 293 303 322 325 336 346 359 372 373
2 12 28 33 50 51 61 62 72 82 92 93 103 113 123 133 149 153 167 173 189 197 210 215 225 237 250 258 269 273 288 294 303 322 326 336 346 359 372 373
2 12 30 32 50 51 61 62 72 82 92 93 103 113 123 133 149 153 167 182 190 200 208 215 228 238 249 253 269 277 288 294 303 322 326 334 349 356 372 373
2 12 30 32 50 51 61 62 72 82 92 93 103 113 123 133 144 153 167 173 191 200 210 215 227 235 248 258 269 273 288 293 303 322 326 334 346 359 372 373
2 18 24 32 41 51 61 62 72 73 83 93 103 122 129 142 144 162 163 182 188 200 207 215 229 240 245 253 272 276 291 1000 303 321 326 333 349 356 372 373
2 19 24 32 41 51 61 62 72 73 83 93 103 122 129 142 152 162 163 173 188 200 209 214 226 240 247 253 272 277 289 1000 303 319 326 333 346 359 372 373
2 19 29 32 41 51 61 62 72 73 83 93 103 113 129 138 144 162 163 173 187 200 210 215 227 238 243 260 271 273 286 293 303 321 325 333 346 359 372 373
2 18 29 32 41 51 61 62 72 73 83 93 103 122 129 138 149 162 163 173 188 200 209 214 225 238 244 259 271 273 287 296 303 321 325 333 346 359 372 373
1 16 29 32 41 51 61 62 72 73 83 93 103 1000 129 141 144 157 163 173 184 198 207 216 227 240 244 253 270 277 289 299 303 321 324 333 346 355 372 373
1 15 29 32 41 51 61 62 72 73 83 93 103 1000 129 141 151 157 163 173 184 198 212 216 227 240 244 253 270 277 289 299 303 317 325 333 346 358 372 373
2 19 30 32 41 51 61 62 72 73 83 93 103 122 129 141 151 162 163 182 186 198 204 215 226 238 246 253 272 277 289 293 303 319 326 333 349 357 372 373
2 20 30 32 41 51 61 62 72 73 83 93 103 122 129 141 144 162 163 182 186 198 210 215 227 238 243 253 272 278 288 293 303 321 325 333 349 357 372 373
2 19 30 32 41 51 61 62 72 73 83 93 103 122 129 140 151 162 163 173 187 198 204 215 227 239 243 253 270 277 289 293 303 317 324 334 346 361 372 373
2 15 30 32 1000 51 61 62 72 73 92 93 103 113 132 137 151 162 1000 173 1000 197 204 216 226 236 245 253 269 277 289 293 303 319 326 333 346 357 372 374
2 18 29 32 41 51 61 62 72 73 83 93 103 122 129 142 144 162 167 173 186 198 210 216 229 239 1000 254 271 275 290 297 303 321 326 334 346 361 372 373
2 18 29 32 41 51 61 62 72 73 83 93 103 122 129 142 151 162 167 173 186 198 209 215 229 239 1000 253 271 276 291 295 303 322 326 334 346 361 372 373
2 12 24 31 50 51 61 62 72 82 92 93 103 122 132 137 144 153 167 173 189 198 210 216 227 236 244 258 268 274 286 296 303 322 326 334 346 355 372 373
2 13 28 33 50 51 61 62 72 82 92 93 103 113 123 133 144 153 167 173 190 197 209 216 229 238 250 259 268 273 287 293 303 322 325 336 346 359 372 373
2 12 24 31 50 51 61 62 72 82 92 93 103 122 132 137 151 153 167 173 189 198 208 216 227 236 245 256 268 275 287 293 303 322 324 334 346 355 372 373
2 12 28 33 50 51 61 62 72 82 92 93 103 113 123 133 149 153 167 173 190 197 208 215 225 238 249 258 268 273 288 294 303 322 326 336 346 361 372 373
2 14 30 33 41 51 61 62 72 73 83 93 103 122 132 137 144 162 163 173 187 197 208 216 227 240 1000 256 271 275 287 294 303 321 326 333 346 361 372 373
2 15 30 33 41 51 61 62 72 73 83 93 103 122 132 137 151 162 163 173 185 197 207 215 227 240 1000 254 271 277 288 293 303 321 324 333 346 361 372 373
2 15 30 32 41 51 61 62 72 73 92 93 103 122 132 137 144 162 1000 173 185 198 212 215 225 236 245 253 270 277 289 293 303 321 327 333 346 357 372 374
2 15 30 32 41 51 61 62 72 73 83 93 103 113 132 137 144 162 1000 173 185 198 206 215 225 236 246 253 270 277 289 293 303 321 327 333 346 357 372 374
2 15 30 32 1000 51 61 62 72 73 92 93 103 113 132 137 151 162 167 173 1000 198 209 217 230 234 244 253 270 277 289 293 303 321 326 333 346 357 372 373
2 15 30 32 41 51 61 62 72 73 92 93 103 113 132 137 144 162 167 182 1000 198 204 215 227 235 246 253 270 277 288 293 303 321 327 333 349 359 372 373
2 19 21 32 41 51 61 1000 72 73 83 93 103 122 129 142 144 162 163 173 184 197 204 216 228 240 1000 253 272 277 289 295 303 321 326 334 346 356 372 373
2 20 21 32 41 51 61 1000 72 73 83 93 103 122 129 142 151 162 163 173 184 197 209 216 230 240 1000 253 272 277 289 294 303 322 327 334 346 356 372 373
2 17 29 33 50 51 61 62 72 82 92 93 112 122 123 133 149 153 167 173 187 197 204 215 225 238 247 254 269 276 289 293 303 322 325 336 352 357 372 373
2 17 29 33 50 51 61 62 72 82 92 93 112 122 123 133 144 157 167 173 186 197 207 214 226 238 248 253 269 277 289 293 303 322 324 336 346 357 372 373
2 19 29 31 50 51 61 62 72 82 92 93 103 122 129 138 149 162 167 173 188 197 204 216 226 238 244 253 270 276 289 294 303 321 326 336 346 357 372 373
2 13 24 33 50 51 61 62 72 82 92 93 103 113 123 133 149 153 165 173 187 198 209 215 225 238 249 256 268 276 286 293 303 322 326 333 346 359 372 373
2 15 24 33 50 51 61 62 72 82 92 93 103 113 123 133 144 153 165 173 187 198 206 215 225 238 248 256 268 275 287 293 303 322 324 333 346 359 372 373
2 16 29 32 41 51 61 62 72 73 83 93 103 113 132 135 144 157 163 182 187 198 207 215 229 238 245 253 270 277 289 293 303 322 326 334 349 358 372 373
2 19 28 32 41 51 61 62 72 73 83 93 103 113 129 138 149 162 1000 173 184 198 206 216 225 238 244 254 270 276 288 295 303 320 325 335 346 359 372 373
2 19 30 32 41 51 61 62 72 73 83 93 103 122 129 140 151 162 1000 173 184 198 212 214 225 239 245 253 270 277 289 293 303 320 326 333 346 357 372 373
2 18 28 32 41 51 61 62 72 73 83 93 103 122 129 138 144 162 1000 173 184 198 209 217 225 238 244 258 270 274 287 293 303 321 326 335 346 359 372 373
2 18 30 32 41 51 61 62 72 73 83 93 103 122 129 140 144 162 1000 173 184 198 204 215 225 239 245 253 270 277 289 293 303 317 324 333 346 359 372 373
2 16 29 32 41 51 61 62 72 73 83 93 103 122 132 137 151 157 163 173 187 198 204 218 229 236 244 255 270 276 288 293 303 322 326 334 346 359 372 373
2 16 29 32 41 51 61 62 72 73 83 93 103 122 132 135 151 157 163 173 187 198 210 215 231 238 246 253 270 277 289 293 303 321 326 334 346 359 372 373
2 12 24 33 50 51 61 62 72 82 92 93 103 122 126 134 143 153 1000 173 187 198 208 216 227 238 1000 256 268 277 286 293 303 320 326 333 346 357 372 373
2 12 24 33 50 51 61 62 72 82 92 93 103 122 126 134 147 153 1000 182 187 198 206 216 224 238 1000 256 268 277 286 293 303 321 324 333 349 358 372 373
2 20 27 32 50 51 61 62 72 82 92 93 103 113 129 142 144 162 1000 173 187 198 209 215 228 240 245 257 269 274 287 293 303 322 326 336 346 357 372 373
2 17 27 32 50 51 61 62 72 82 92 93 103 113 129 142 152 162 163 173 184 198 210 215 228 240 245 256 269 276 287 293 312 321 326 336 346 357 372 373
2 19 21 32 41 51 61 62 72 73 83 93 103 122 129 142 144 162 163 173 189 198 210 216 228 240 245 258 272 274 286 293 303 322 326 334 349 356 372 373
2 17 21 32 41 51 61 62 72 73 83 93 103 122 129 142 152 162 163 173 189 198 1000 215 227 240 245 255 272 276 287 293 303 321 326 334 349 356 372 373
2 16 24 33 50 51 61 62 72 82 92 93 112 1000 132 135 143 157 167 182 187 196 210 215 228 238 245 253 269 276 289 293 303 322 326 334 343 360 372 374
3 18 29 31 50 51 61 62 72 82 92 93 103 113 129 138 149 162 167 182 189 197 209 216 225 237 244 256 270 275 288 294 303 321 325 334 343 357 372 373
3 17 29 31 50 51 61 62 72 82 92 93 103 113 129 138 144 162 167 182 189 197 207 216 227 238 244 255 270 275 289 293 303 321 324 334 343 357 372 373
2 19 21 33 41 51 61 62 72 82 83 93 103 122 129 140 144 162 1000 173 186 198 212 216 227 239 245 255 272 275 288 293 303 318 325 333 352 356 372 373
2 19 21 33 41 51 61 62 72 82 83 93 103 122 129 140 151 162 1000 173 187 198 208 216 228 238 245 253 272 277 289 293 303 319 325 333 352 356 372 373
2 12 23 32 50 51 61 62 72 82 92 93 103 122 126 134 143 153 167 182 186 198 208 215 225 1000 1000 255 1000 275 288 293 303 321 325 342 343 357 372 373
2 15 23 32 50 51 61 62 72 82 92 93 103 122 126 134 147 153 167 173 186 198 208 215 225 1000 1000 256 268 274 288 294 303 321 326 342 352 356 372 373
2 14 21 32 50 51 61 62 72 82 92 93 103 113 123 133 149 153 163 173 188 198 209 215 225 237 250 255 269 277 286 295 303 322 325 336 352 356 372 373
2 14 21 32 50 51 61 62 72 82 92 93 103 122 123 133 144 153 163 173 188 198 211 215 227 1000 250 255 269 275 288 293 303 322 324 336 352 356 372 373
3 16 29 32 41 51 61 62 72 73 83 93 103 122 132 135 143 157 163 173 185 202 210 216 226 240 246 253 271 279 287 293 303 321 326 333 349 355 363 374
3 16 29 32 41 51 61 62 72 73 83 93 103 113 132 135 143 157 163 173 185 198 207 215 225 240 246 253 272 279 287 293 303 321 326 333 349 356 363 374
3 14 23 32 41 51 61 62 72 73 83 93 103 113 132 137 144 162 163 1000 1000 195 1000 216 226 236 245 253 269 277 289 293 303 321 327 333 1000 1000 1000 374
3 16 29 32 41 51 61 62 72 73 83 93 103 113 132 135 143 157 163 173 186 199 204 216 226 238 245 253 270 279 287 293 303 322 326 333 349 357 363 374
3 12 28 34 50 51 61 62 72 82 92 93 103 113 123 133 149 153 167 182 190 197 206 215 225 238 248 257 269 274 288 294 303 321 326 336 349 357 372 373
3 12 28 34 50 51 61 62 72 82 92 93 103 113 132 137 144 153 167 173 190 197 207 215 229 235 245 255 269 275 288 296 303 322 327 336 349 358 372 373
3 12 28 34 50 51 61 62 72 82 92 93 103 113 123 133 144 153 167 173 190 197 208 215 223 238 247 258 269 274 286 293 303 321 326 336 349 358 372 373
3 13 28 34 50 51 61 71 72 82 92 93 103 113 132 137 151 153 167 173 191 197 207 215 229 234 245 255 269 276 287 294 303 321 324 336 349 358 372 373
3 15 28 34 50 51 61 62 72 82 92 93 103 122 126 134 147 153 167 182 189 196 210 214 225 1000 1000 256 269 275 287 293 303 321 324 336 346 359 372 373
3 15 28 34 50 51 61 62 72 82 92 93 103 122 126 134 143 153 167 182 191 196 210 213 225 1000 1000 253 269 277 289 293 303 322 325 336 346 359 372 373
3 17 28 34 50 51 61 62 72 73 83 93 103 122 126 134 152 153 167 182 189 196 206 216 226 1000 1000 253 269 278 287 293 303 321 326 336 346 359 372 373
3 17 28 34 50 51 61 62 72 73 83 93 103 122 126 134 151 153 167 173 189 196 204 215 225 1000 1000 253 269 278 287 293 303 321 325 336 349 355 372 373
3 13 28 34 50 51 61 62 72 82 92 93 103 122 132 137 151 153 167 173 191 199 207 215 227 234 247 257 270 275 287 293 303 322 325 336 349 358 372 373
3 12 28 34 50 51 61 62 72 82 92 93 103 122 132 137 144 153 167 173 190 199 207 215 226 235 245 255 270 275 288 296 303 321 326 336 349 358 372 373
3 16 29 32 41 51 61 62 72 73 83 93 103 113 132 135 143 157 163 173 186 196 207 215 228 237 245 253 271 279 287 293 303 321 326 333 349 356 363 374
3 13 27 33 41 51 61 62 72 82 83 93 103 113 132 135 143 162 167 173 189 197 203 215 227 237 245 255 270 278 286 293 303 321 326 335 349 355 363 374
3 13 27 33 41 51 61 62 72 82 83 93 103 122 132 135 143 162 167 173 189 196 210 215 226 236 245 255 270 278 286 293 303 321 326 335 349 355 363 374
3 19 29 31 50 51 61 62 72 82 92 93 103 113 129 138 149 162 167 173 189 197 207 217 229 240 244 255 269 276 287 293 303 321 326 334 349 355 363 374
3 13 27 33 41 51 61 62 72 82 92 93 103 122 132 137 144 162 165 182 189 197 204 217 227 234 245 255 270 276 288 293 303 322 326 335 349 356 363 374
3 18 29 32 41 51 52 62 72 73 83 93 103 122 129 140 144 162 163 173 186 196 204 216 225 239 246 253 270 280 286 294 303 318 326 333 349 355 363 373
3 18 29 32 41 51 52 62 72 73 83 93 103 113 129 140 151 162 163 173 186 196 204 215 226 239 245 254 270 278 287 293 303 321 326 333 349 355 363 373
3 19 30 33 41 51 61 62 72 73 83 93 103 113 129 141 151 162 165 182 185 196 206 215 226 238 243 253 271 278 287 295 303 321 326 334 349 359 363 373
3 18 30 33 41 51 61 62 72 73 83 93 103 113 129 141 144 162 165 182 185 196 208 215 226 238 243 253 271 278 287 295 303 319 326 334 349 359 363 373
3 16 29 32 41 51 61 62 72 73 83 93 103 122 132 135 151 157 163 173 184 196 206 215 229 238 246 255 1000 277 287 293 303 322 325 333 349 357 363 373
3 20 29 31 50 51 61 1000 72 82 92 93 103 113 129 138 144 162 167 182 187 196 211 215 229 237 244 262 270 273 283 293 303 321 325 336 349 356 363 373
3 12 28 34 50 51 61 62 72 82 92 93 103 122 126 134 143 153 167 182 190 196 210 215 226 240 1000 254 269 277 288 293 303 321 325 336 349 356 363 373
3 12 28 34 50 51 61 62 72 82 92 93 103 122 126 134 147 153 167 182 190 196 210 216 226 240 1000 257 269 274 288 293 309 319 325 336 349 356 363 373
3 14 27 33 41 51 61 62 72 82 92 93 103 113 132 137 151 162 167 182 187 197 208 216 226 238 245 257 269 275 286 293 303 321 325 335 349 361 372 374
3 15 22 33 50 51 61 62 72 82 92 93 103 122 123 133 149 153 167 182 186 197 209 217 227 237 247 253 269 276 290 294 303 322 326 334 349 359 372 373
3 14 27 33 41 51 61 62 72 82 92 93 103 122 132 135 151 162 165 182 187 197 208 215 226 238 244 259 268 274 286 293 303 321 325 335 349 361 372 374
3 14 27 33 41 51 61 62 72 82 92 93 103 122 132 135 144 162 165 182 187 199 209 215 228 238 245 257 269 275 287 293 303 321 324 335 349 361 372 374
3 13 27 33 41 51 61 62 72 82 92 93 103 122 132 137 144 162 165 173 189 196 206 218 226 234 244 255 269 278 285 293 303 322 326 335 349 355 363 374
3 20 22 33 41 51 61 62 72 73 83 93 103 122 129 138 149 162 163 182 184 197 209 216 227 237 247 253 269 277 289 293 303 321 324 335 349 359 372 374
3 15 22 33 50 51 61 62 72 82 92 93 103 113 123 133 144 153 167 173 186 197 206 218 225 237 248 253 269 277 289 293 303 322 325 334 349 358 372 373
3 19 29 31 50 51 61 62 72 82 92 93 103 122 129 138 149 162 167 182 187 198 208 215 224 237 244 257 268 274 288 295 303 321 326 334 349 361 372 374
3 16 29 33 50 51 61 62 72 82 92 93 112 122 123 133 149 153 165 182 190 195 209 1000 227 237 249 256 268 275 287 294 303 321 326 336 349 361 372 373
3 16 29 33 50 51 61 62 72 82 92 93 112 122 123 133 144 153 165 182 190 195 209 1000 225 237 249 258 268 274 286 293 303 321 325 336 349 361 372 373
3 16 29 32 41 51 61 62 72 73 92 93 103 122 132 137 151 157 167 182 185 197 208 215 226 234 245 253 272 277 289 293 303 321 325 333 349 361 372 373
3 16 29 32 41 51 61 62 72 73 92 93 103 122 132 137 144 157 167 182 186 197 208 214 226 234 244 253 272 277 289 294 303 321 324 333 349 361 372 373
3 19 21 32 41 51 61 62 72 73 83 93 103 113 129 141 144 162 163 182 184 197 209 215 228 238 245 257 271 275 287 293 303 319 327 334 349 360 372 373
3 19 21 32 41 51 61 62 72 73 83 93 103 113 129 141 151 162 163 182 184 197 208 215 227 238 245 257 271 275 287 293 303 321 326 334 349 360 372 373
3 19 29 32 41 51 52 62 72 73 83 93 103 122 129 140 144 162 163 182 184 198 209 216 227 239 245 253 271 278 288 294 303 321 326 333 349 361 372 373
3 20 29 32 41 51 52 62 72 73 83 93 103 122 129 140 151 162 163 182 184 198 1000 215 226 242 245 254 271 278 287 293 303 321 326 333 349 361 372 373
3 13 30 32 41 51 61 62 72 73 83 93 103 122 132 137 151 162 1000 173 185 195 210 214 226 238 1000 253 270 278 287 293 303 321 326 333 349 357 372 374
3 18 29 31 50 51 61 62 72 82 92 93 103 122 129 138 149 162 167 173 188 195 207 215 225 238 245 255 268 276 288 293 303 321 326 334 349 357 372 374
3 18 27 33 50 51 61 62 72 82 92 93 103 113 129 142 144 162 167 173 191 195 204 216 227 238 245 256 271 274 289 293 303 319 326 336 349 357 372 374
3 18 27 33 50 51 61 62 72 82 92 93 103 113 129 142 151 162 167 173 191 194 206 217 231 241 244 257 271 275 286 293 303 321 326 336 349 357 372 373
3 18 27 33 50 51 61 62 72 82 92 93 103 113 129 142 144 162 167 173 191 194 204 217 227 240 244 257 271 275 287 293 303 321 326 336 349 357 372 373
3 13 21 32 41 51 61 62 72 73 83 93 103 122 132 135 151 162 163 173 185 195 204 216 226 240 1000 253 271 278 287 294 303 322 326 334 349 356 372 374
3 13 30 32 1000 51 61 62 72 73 83 93 103 122 132 135 144 162 163 1000 1000 194 1000 216 226 237 245 253 270 278 288 293 303 322 326 333 1000 1000 1000 374
3 13 30 32 41 51 61 62 72 73 83 93 103 122 132 137 151 162 1000 173 185 195 210 214 226 238 1000 253 270 278 287 293 303 321 326 333 349 357 372 374
3 13 30 32 41 51 61 62 72 73 83 93 103 122 132 137 151 162 1000 173 185 194 208 216 227 235 245 253 271 278 287 293 303 318 326 333 349 358 372 374
3 14 21 32 41 51 61 62 72 73 83 93 103 113 132 135 144 162 163 173 186 195 206 216 228 238 244 254 270 277 287 293 303 321 326 334 349 356 372 374
3 13 21 32 41 51 61 62 72 73 83 93 103 122 132 135 144 162 163 173 186 195 207 217 227 240 1000 253 271 277 288 294 303 320 325 334 349 356 372 374
3 17 29 31 50 51 61 62 72 82 92 93 103 122 129 138 149 162 167 173 188 195 207 217 226 237 245 256 269 274 288 293 303 321 326 334 349 356 372 374
4 18 29 31 50 51 61 62 72 82 92 93 103 113 129 138 149 162 167 182 188 194 204 217 226 236 243 258 269 274 287 294 303 321 326 334 349 357 372 374
4 17 28 34 50 51 61 62 72 82 92 93 103 122 123 133 144 153 163 173 186 195 204 214 226 238 249 254 269 276 288 293 303 322 326 336 349 356 372 373
3 14 26 32 41 51 61 62 72 82 83 93 103 122 132 137 151 162 167 173 186 195 207 216 227 235 246 253 272 278 288 293 303 321 326 335 349 356 372 373
4 14 26 32 41 51 61 62 72 82 83 93 103 113 132 137 151 162 167 173 186 197 206 215 225 234 244 253 263 278 288 293 303 322 326 335 349 357 372 374
4 13 30 32 41 51 61 62 72 73 83 93 103 113 132 135 143 162 163 173 184 195 204 214 227 238 245 253 268 278 287 293 303 313 323 333 349 357 372 374
3 13 26 32 41 51 61 62 72 82 83 93 103 122 132 137 144 162 167 173 186 195 206 216 227 236 246 253 272 278 287 296 303 1000 326 335 349 356 372 373
3 14 26 32 41 51 61 62 72 82 83 93 103 122 132 137 149 162 167 173 185 195 204 216 227 236 245 253 272 278 287 296 303 321 326 335 349 356 372 373
3 15 29 32 41 51 61 62 72 73 83 93 103 122 129 141 144 157 163 173 187 194 207 215 226 240 244 255 269 276 287 293 303 321 326 333 349 358 372 373
3 15 29 32 41 51 61 62 72 73 83 93 103 122 129 141 151 157 163 173 187 194 204 215 227 1000 243 255 1000 276 288 293 303 1000 1000 333 349 358 372 373
3 17 27 33 41 51 61 62 72 82 83 93 103 113 129 142 144 162 167 173 187 195 204 216 227 238 245 253 271 275 290 293 303 321 327 335 349 358 372 373
3 19 27 33 41 51 61 62 72 82 83 93 103 113 129 142 151 162 167 173 188 195 204 216 226 238 245 254 271 275 290 293 303 321 327 335 349 356 372 373
3 13 28 34 50 51 61 62 72 82 92 93 103 113 123 133 149 153 167 173 186 195 206 214 229 238 248 253 268 278 287 293 303 322 325 336 349 356 372 374
4 13 28 34 50 51 61 62 72 82 92 93 103 113 123 133 149 153 167 173 186 194 204 215 224 238 250 253 269 278 287 293 303 321 326 336 349 356 372 374
4 20 22 32 50 51 61 62 72 82 92 93 103 113 129 138 149 162 167 173 188 195 207 215 226 237 243 253 269 277 289 293 303 322 326 336 349 356 372 374
4 13 30 32 41 51 61 62 72 73 83 93 103 122 132 135 151 162 163 173 188 196 204 216 226 238 245 256 270 276 287 293 303 321 327 333 349 357 372 374
4 13 30 32 41 51 61 62 72 73 83 93 103 122 132 135 144 162 163 173 188 196 207 216 230 238 246 253 269 280 286 293 303 321 326 333 349 357 372 374
4 17 29 32 41 51 52 62 72 73 83 93 103 122 132 137 143 157 163 173 184 196 207 216 229 235 245 253 271 278 287 293 303 320 325 333 349 357 372 373
4 17 29 32 41 51 52 62 72 73 83 93 103 122 132 137 144 157 163 173 184 196 204 219 227 235 245 253 271 277 289 296 303 321 327 333 349 357 372 373
4 13 26 32 41 51 61 62 72 82 83 93 103 122 132 137 144 162 167 173 192 195 208 218 227 236 245 257 271 274 287 296 303 322 326 334 349 357 372 373
4 13 26 32 41 51 61 62 72 82 83 93 103 122 132 137 151 162 167 173 192 195 206 216 227 239 245 257 271 274 287 294 303 318 324 334 349 357 372 373
4 17 29 32 41 51 52 62 72 73 83 93 103 122 132 137 151 157 163 173 186 196 204 217 227 239 244 253 271 277 289 293 303 319 325 333 349 357 372 373
4 14 30 32 41 51 61 62 72 73 83 93 103 122 132 135 144 162 163 173 184 195 206 215 230 237 244 253 269 280 286 293 303 319 326 333 349 357 372 374
4 17 29 32 41 51 52 62 72 73 83 93 103 113 132 135 143 157 163 182 186 196 207 215 229 236 246 253 269 278 287 293 303 313 323 333 349 357 372 374
4 17 28 34 50 51 61 62 72 82 92 93 103 122 123 133 144 153 167 182 186 195 208 215 225 238 249 253 269 276 290 293 303 321 326 336 349 357 372 374
4 13 28 34 50 51 61 62 72 82 92 93 103 113 123 133 149 153 167 182 186 197 206 215 225 238 248 253 269 278 288 293 303 321 326 336 349 357 372 374
4 20 29 31 50 51 61 62 72 82 92 93 103 113 129 138 144 162 167 182 187 194 204 215 227 238 243 257 269 275 287 293 303 321 326 334 349 357 372 373
4 15 29 32 41 51 61 62 72 82 83 93 103 122 129 141 144 157 167 173 187 194 204 215 226 240 243 256 269 275 288 297 303 321 326 335 349 357 372 373
4 15 29 32 41 51 61 62 72 82 83 93 103 122 129 141 151 157 167 182 187 194 209 215 226 240 243 253 269 277 289 297 303 322 329 335 349 357 372 373
4 20 27 33 41 51 1000 62 72 82 83 93 103 122 129 142 144 162 170 173 187 194 209 216 227 240 247 253 271 278 287 295 303 321 327 335 349 357 372 373
4 20 27 33 41 51 1000 62 72 82 83 93 103 122 129 142 151 162 170 173 187 194 204 215 226 240 245 258 271 274 285 295 303 321 326 335 349 356 372 373
4 17 29 31 50 51 61 62 72 82 92 93 103 122 129 138 149 162 167 173 187 194 210 215 226 237 243 253 269 277 289 293 303 321 326 334 349 359 372 373
4 14 27 33 50 51 61 62 72 82 92 93 103 122 132 135 151 162 165 173 188 194 207 216 229 238 246 256 269 276 287 293 303 321 326 336 349 359 372 373
4 13 27 33 50 51 61 62 72 82 92 93 103 113 132 135 144 162 165 173 188 194 208 217 229 238 245 253 269 278 284 296 303 321 326 336 349 359 372 374
4 13 27 33 50 51 61 62 72 82 87 93 103 122 132 135 144 162 165 173 188 194 206 215 229 240 246 253 269 277 290 293 303 321 326 336 349 357 372 374
4 17 29 31 50 51 61 62 72 82 92 93 103 122 129 138 144 162 167 1000 188 194 210 216 226 237 243 254 269 278 287 293 303 321 326 334 349 359 372 373
4 17 21 33 50 51 61 1000 72 82 87 93 103 122 132 135 144 153 167 173 187 195 208 219 228 237 246 1000 267 1000 1000 293 303 321 324 336 349 359 372 374
4 19 24 32 41 51 61 62 72 73 92 93 103 113 129 140 144 162 163 173 187 194 208 215 225 239 247 253 268 277 289 294 303 319 326 333 349 357 372 374
4 17 29 32 50 51 61 62 72 82 92 93 103 122 132 137 151 157 167 173 186 194 204 214 228 236 245 253 269 278 287 293 303 321 326 336 349 357 372 373
4 18 25 31 50 51 61 62 72 82 92 93 103 122 129 138 149 162 1000 173 186 194 209 216 224 237 243 255 268 276 287 293 303 319 324 336 349 359 372 373
4 20 25 31 50 51 61 62 72 82 92 93 103 122 129 138 144 162 1000 173 186 194 209 216 227 237 243 253 268 278 287 293 303 321 326 336 349 359 372 373
4 15 21 31 41 51 61 62 72 82 83 93 103 113 123 133 144 153 167 173 184 194 206 216 225 237 248 253 268 278 288 293 303 322 326 334 349 357 372 373
4 12 21 31 41 51 61 62 72 82 83 93 103 113 123 133 149 153 167 173 184 194 206 216 225 237 248 253 268 279 287 293 303 322 326 334 349 357 372 373
4 18 29 31 50 51 61 62 72 82 92 93 103 122 129 138 149 162 167 173 191 197 204 216 226 239 243 258 269 274 286 293 303 321 325 334 349 360 372 374
4 14 21 33 50 51 61 62 72 82 92 93 103 122 132 135 151 153 163 182 187 199 208 216 229 238 246 253 268 277 289 293 303 322 326 336 349 358 372 374
4 17 29 32 50 51 61 62 72 82 87 93 103 113 132 137 144 157 167 173 186 194 207 215 227 240 245 253 269 278 288 293 303 321 329 336 349 357 372 374
4 14 21 33 50 51 61 62 72 82 87 93 103 113 132 135 144 153 163 173 187 194 208 216 229 237 244 253 267 278 288 293 303 321 326 336 349 359 372 374
4 14 21 33 50 51 61 62 72 82 87 93 103 113 132 135 144 153 163 173 187 194 207 215 229 238 244 253 268 277 289 293 303 321 326 336 349 358 372 374
4 12 24 32 50 51 61 62 72 82 92 93 103 113 132 135 151 153 167 173 186 198 208 215 229 1000 245 253 266 277 289 293 303 322 326 336 349 359 372 374
4 14 21 33 50 51 61 62 72 82 92 93 103 113 132 135 151 153 163 173 187 194 210 216 228 237 245 253 270 277 289 293 303 321 326 336 349 359 372 374
4 12 25 32 50 51 61 62 72 82 92 93 103 113 123 133 144 153 167 173 187 194 207 214 225 238 249 253 269 278 288 293 303 322 325 336 349 362 372 373
4 12 25 32 50 51 61 62 72 82 92 93 103 113 123 133 149 153 167 173 187 194 207 214 225 238 249 253 269 279 287 293 303 322 325 336 349 362 372 373
4 17 29 32 50 51 61 62 72 82 92 93 103 113 132 137 151 157 167 1000 185 194 204 216 227 240 244 253 269 278 287 294 303 321 329 336 349 357 372 373
4 20 29 31 50 51 61 62 72 82 92 93 103 122 129 138 144 162 167 173 191 197 204 215 226 237 243 258 269 274 286 293 303 321 324 334 349 360 372 373
4 20 29 31 50 51 61 62 72 82 92 93 103 122 129 138 149 162 167 173 189 194 208 215 225 237 243 258 268 273 287 293 303 321 326 334 349 359 372 373
4 11 28 34 50 51 61 62 72 82 92 93 103 122 132 135 144 153 167 182 190 197 211 215 227 238 245 254 268 277 287 295 303 321 325 336 349 358 372 374
4 16 29 32 41 51 61 62 72 73 83 93 103 122 132 137 144 157 163 173 185 194 204 216 225 235 245 253 272 277 289 294 303 322 325 333 349 359 372 374
4 12 24 32 50 51 61 62 72 82 92 93 103 122 132 135 144 153 167 173 186 198 207 221 227 237 245 254 266 277 287 293 303 322 326 336 349 359 372 374
4 16 29 32 41 51 61 62 72 73 83 93 103 122 132 137 151 157 163 173 185 194 204 215 227 234 244 253 272 277 289 294 303 321 325 333 349 359 372 373
4 16 29 32 41 51 61 62 72 73 83 93 103 122 132 137 144 157 163 173 185 197 1000 216 230 237 244 253 272 278 287 293 303 321 324 333 349 359 372 373
4 16 29 32 41 51 61 62 72 73 83 93 103 122 132 137 144 157 163 173 185 194 1000 215 227 236 245 253 272 277 289 298 303 321 325 333 349 359 372 373
4 19 21 32 41 51 61 62 72 73 83 93 103 122 129 141 151 162 163 173 188 194 208 215 226 238 245 253 271 277 289 297 303 317 326 334 349 359 372 373
4 18 21 32 41 51 61 62 72 73 83 93 103 122 129 141 144 162 163 173 188 194 206 215 229 238 245 253 271 277 289 297 303 322 326 334 349 359 372 373
4 18 24 32 41 51 61 62 72 73 83 93 103 122 129 142 144 162 163 1000 187 194 204 216 226 240 245 253 269 278 287 293 303 321 326 333 349 359 372 373
4 17 24 32 41 51 61 62 72 73 83 93 103 122 129 142 151 162 163 173 188 194 204 216 227 240 247 253 269 278 287 293 303 321 327 333 349 359 372 373
4 20 24 32 41 51 61 62 72 73 83 93 103 122 129 140 144 162 163 173 184 194 209 216 226 239 245 253 270 277 288 295 303 319 327 333 349 361 372 373
4 12 24 32 50 51 61 62 72 82 92 93 103 122 132 135 144 153 167 173 186 194 207 216 226 238 245 254 269 278 287 295 303 322 326 336 349 362 372 373
4 19 29 31 50 51 61 62 72 82 92 93 103 122 129 138 144 162 167 182 188 197 207 216 227 238 245 256 267 275 292 293 303 322 326 334 349 358 372 374
8 14 23 33 50 51 61 62 72 82 92 93 103 113 123 133 149 153 1000 182 187 200 206 215 226 238 249 253 268 277 289 293 303 322 326 336 349 358 372 374
8 19 24 32 41 51 61 62 72 73 83 93 103 113 129 140 144 162 1000 1000 186 199 204 217 226 233 245 253 270 277 289 293 303 321 327 333 349 358 372 374
8 14 23 33 50 51 61 62 72 82 92 93 103 122 123 133 149 153 1000 173 190 199 206 215 227 238 250 256 268 274 288 293 303 322 326 336 349 359 372 373
7 17 21 31 41 51 61 62 72 82 83 93 103 122 132 137 151 153 1000 182 187 201 204 215 227 236 245 256 269 276 287 294 303 322 326 334 349 358 372 373
8 20 27 33 41 51 61 62 72 82 83 93 103 113 132 137 144 162 1000 173 186 199 204 216 228 235 244 255 270 276 288 296 303 322 326 335 349 358 372 373
8 20 27 33 41 51 61 62 72 82 83 93 103 122 132 137 151 162 1000 173 186 199 207 215 227 234 1000 253 270 276 289 293 303 321 326 335 349 358 372 373
7 15 21 31 41 51 61 62 72 82 83 93 103 122 132 137 144 153 1000 182 187 201 204 216 229 234 1000 254 269 277 288 294 303 322 325 334 349 358 372 373
8 16 29 40 41 51 61 62 72 73 83 93 103 122 132 137 151 157 1000 173 186 200 204 214 230 235 245 254 271 277 288 294 303 321 326 334 349 357 372 373
8 16 29 40 41 51 61 62 72 73 83 93 103 122 132 137 144 157 1000 173 186 200 204 215 227 236 245 253 271 277 288 294 303 321 324 334 349 357 372 373
8 19 21 33 41 51 61 62 72 73 83 93 103 122 129 138 144 162 1000 182 187 199 204 215 226 237 243 255 271 276 287 293 303 321 325 334 349 358 372 373
8 20 21 33 41 51 61 62 72 73 83 93 103 122 129 138 149 162 1000 182 187 199 204 215 226 237 244 255 271 276 287 296 303 321 325 334 349 358 372 373
7 18 29 31 50 51 61 62 72 82 92 93 103 122 129 138 149 162 1000 173 186 199 206 216 227 236 244 253 269 277 289 296 303 321 326 334 349 358 372 373
8 12 22 33 41 51 61 62 72 82 83 93 103 122 123 133 144 153 1000 173 183 194 207 217 227 238 249 253 268 277 288 293 303 322 326 335 349 358 372 373
8 12 22 33 41 51 61 62 72 82 83 93 103 122 123 133 149 153 1000 182 185 194 207 217 227 238 249 255 268 276 288 293 303 322 326 335 349 359 372 373
8 14 23 33 50 51 61 62 72 82 92 93 103 122 123 133 144 153 1000 173 190 199 204 215 227 238 249 255 268 274 289 293 303 322 326 336 349 359 372 373
8 13 21 31 41 51 61 62 72 82 83 93 103 122 123 133 144 153 1000 173 186 199 204 215 227 237 249 253 268 277 289 293 303 322 324 334 349 358 372 373
8 12 21 31 1000 51 61 62 72 82 83 93 103 122 123 133 149 153 1000 173 1000 199 204 215 227 237 249 254 268 276 288 296 303 322 326 334 349 358 372 373
8 16 29 32 50 51 61 62 72 82 92 93 103 122 123 133 144 157 1000 173 187 199 204 217 226 238 1000 253 268 276 289 293 303 322 326 334 349 357 372 373
8 19 29 32 41 51 52 62 72 73 83 93 103 113 129 140 144 162 1000 173 186 200 208 216 228 239 245 254 269 277 287 299 303 315 324 333 349 359 372 373
8 18 29 32 41 51 52 62 72 73 83 93 103 113 129 140 151 162 1000 182 186 200 206 216 227 237 244 254 269 276 288 293 303 318 327 333 349 358 372 373
8 18 30 33 41 51 61 62 72 73 83 93 103 122 129 140 151 162 1000 173 187 198 206 215 229 237 245 255 270 276 287 293 303 321 329 333 349 357 372 373
8 19 30 33 41 51 61 62 72 73 83 93 103 122 129 140 144 162 1000 182 186 199 208 216 228 239 245 253 270 277 289 299 303 319 325 333 349 356 372 373
8 20 29 32 41 51 61 62 72 73 83 93 103 122 129 142 144 162 1000 173 185 199 204 216 228 1000 245 253 272 277 289 293 303 321 327 333 349 357 372 373
8 19 29 32 41 51 61 62 72 73 83 93 103 122 129 142 151 162 1000 173 185 199 204 216 228 1000 245 253 272 276 290 293 303 321 326 333 349 357 372 373
8 17 25 33 41 51 61 62 72 73 83 93 103 122 132 137 144 157 1000 182 186 196 204 216 227 238 245 253 271 277 289 293 303 321 326 334 349 360 372 374
8 17 21 33 50 51 61 62 72 82 92 93 103 113 132 135 144 153 1000 173 186 201 204 215 229 240 245 253 268 277 289 293 303 321 326 336 349 358 372 374
8 20 27 33 41 51 61 62 72 82 83 93 103 122 132 137 144 162 1000 173 186 199 204 215 228 240 244 254 271 276 288 293 303 321 326 335 349 358 372 374
8 16 25 33 50 51 61 62 72 82 92 93 103 122 132 137 144 153 1000 182 188 201 1000 216 227 236 245 256 268 275 287 293 303 321 327 334 349 359 372 374
8 17 25 33 50 51 61 62 72 82 92 93 103 113 132 137 151 153 1000 173 188 199 207 216 227 236 245 254 268 276 289 293 303 321 327 334 349 359 372 374
8 13 21 33 41 51 61 62 72 73 83 93 103 122 132 135 144 162 1000 173 186 200 206 216 227 238 245 255 270 276 287 293 303 322 326 334 349 360 372 374
8 16 30 33 41 51 61 62 72 73 83 93 103 122 132 135 151 153 1000 173 186 199 204 215 228 240 246 253 267 277 289 294 303 317 326 333 349 357 372 374
8 13 22 33 41 51 61 62 72 82 83 93 103 122 132 135 144 153 1000 173 186 202 204 215 226 237 244 253 267 277 289 293 303 321 326 335 349 357 372 374
8 13 30 33 41 51 61 62 72 73 83 93 103 113 132 135 144 153 1000 173 187 200 204 215 231 238 245 253 269 277 289 294 303 320 326 333 349 357 372 374
8 14 22 33 41 51 61 62 72 82 83 93 103 113 132 137 151 153 1000 173 189 200 207 220 227 240 245 253 268 277 289 294 303 321 325 335 349 357 372 374
8 17 25 33 41 51 61 62 72 73 83 93 103 122 132 137 151 157 1000 182 186 197 204 216 228 238 245 253 271 277 289 293 303 321 326 334 349 360 372 374
8 14 23 32 50 51 61 62 72 82 87 93 103 113 132 137 144 153 1000 182 188 196 204 215 227 237 245 253 269 278 289 293 303 316 326 336 349 355 372 374
9 14 28 34 50 51 61 62 72 82 92 93 103 122 132 137 144 153 1000 173 1000 195 204 215 227 234 245 253 269 277 289 294 303 321 331 336 349 357 372 374
9 14 28 34 41 51 61 62 72 82 92 93 103 122 132 137 144 153 1000 182 1000 195 204 216 227 238 245 255 268 275 288 294 303 321 329 336 349 359 372 374
9 14 28 34 50 51 61 62 72 82 92 93 103 122 132 137 144 153 1000 182 189 195 204 215 225 237 245 255 269 275 288 293 303 321 329 336 349 357 372 374
8 14 29 32 41 51 52 62 72 73 83 93 103 122 132 137 144 153 1000 173 186 193 1000 216 228 237 245 254 270 276 289 293 303 322 326 333 349 358 372 374
8 14 29 32 41 51 52 62 72 73 83 93 103 1000 132 137 144 162 1000 173 186 194 1000 216 228 235 245 254 270 276 289 293 303 321 327 333 349 358 372 374
8 14 29 32 41 51 52 62 72 73 83 93 103 122 132 137 144 162 1000 182 186 194 208 215 226 237 245 254 270 276 289 295 303 321 327 333 349 362 372 374
8 20 29 31 50 51 61 62 72 82 92 93 103 122 129 138 149 162 1000 182 186 196 204 215 228 238 244 255 270 276 287 294 303 313 323 334 349 360 372 374
8 17 22 33 41 51 61 62 72 73 83 93 103 122 129 138 144 162 1000 182 186 196 208 217 226 237 245 253 269 277 289 293 303 321 325 334 349 360 372 374
8 16 29 32 50 51 61 62 72 82 92 93 103 122 123 133 149 157 1000 182 187 199 205 214 225 1000 250 255 269 275 288 293 303 322 326 334 349 356 372 374
9 13 27 31 50 51 61 62 72 82 87 93 103 122 132 137 144 162 1000 173 188 194 204 216 227 240 244 253 270 277 289 293 303 322 326 336 349 358 372 374
8 13 30 32 50 51 61 62 72 82 92 93 103 113 123 133 144 153 1000 182 186 201 204 215 227 237 249 255 269 274 289 293 303 322 327 334 349 358 372 374
8 18 23 33 41 51 61 62 72 73 83 93 103 122 129 140 144 162 1000 173 184 1000 208 217 227 239 245 253 269 277 289 293 303 321 326 333 349 359 372 374
9 19 23 32 50 51 61 62 72 73 83 93 103 122 129 140 151 162 1000 173 184 194 204 215 226 237 245 253 269 277 289 293 303 313 323 333 349 357 372 374
8 14 23 33 50 51 61 62 72 82 92 93 103 122 123 133 149 153 1000 182 188 200 207 213 227 1000 249 253 269 277 289 293 303 322 326 336 349 358 372 374
8 16 29 32 50 51 61 62 72 82 92 93 103 122 123 133 149 157 1000 173 187 200 207 215 227 238 249 253 268 277 289 294 303 322 326 334 349 357 372 374
8 15 30 32 50 51 61 62 72 82 92 93 103 113 123 133 149 153 1000 182 185 201 204 216 227 237 249 254 269 276 288 294 303 322 326 334 349 358 372 374
9 11 27 32 41 51 61 62 72 82 83 93 103 122 129 138 149 162 1000 173 186 194 204 215 228 237 245 253 270 277 289 293 303 321 324 335 349 357 372 374
9 11 27 32 41 51 61 62 72 82 83 93 103 122 129 138 149 162 1000 182 186 194 204 215 226 235 245 253 270 277 289 293 303 321 323 335 349 360 372 374
8 17 29 31 50 51 61 62 72 82 92 93 103 122 129 138 144 162 1000 173 186 199 206 215 227 238 247 256 269 275 287 293 303 320 325 334 349 357 372 374
9 16 22 33 41 51 1000 1000 72 82 83 93 1000 1000 132 135 144 1000 1000 173 184 197 206 216 227 237 244 1000 268 1000 1000 1000 1000 321 326 1000 349 359 372 374
9 18 25 31 50 51 1000 1000 72 82 83 93 1000 122 129 138 149 1000 1000 182 186 194 208 215 226 237 246 1000 269 1000 1000 1000 1000 321 327 1000 349 358 372 374
9 11 27 32 41 51 1000 1000 72 82 83 93 1000 113 129 138 149 1000 1000 182 187 193 1000 215 226 237 243 1000 269 1000 1000 1000 1000 319 326 1000 349 357 372 374
9 14 28 32 41 51 1000 1000 72 82 83 93 1000 1000 132 137 151 162 1000 173 186 194 208 216 226 238 244 1000 267 1000 1000 1000 1000 321 326 1000 349 358 372 374
9 17 30 32 41 51 1000 1000 72 73 83 93 1000 122 129 140 151 162 1000 173 185 194 204 215 227 237 247 1000 269 1000 1000 1000 1000 320 326 1000 349 358 372 374
9 14 29 33 41 51 1000 1000 72 73 83 93 1000 122 132 135 144 162 1000 173 189 197 206 216 227 236 245 1000 269 1000 1000 1000 1000 317 326 1000 349 357 372 374
9 19 29 32 41 51 1000 1000 72 73 83 93 1000 122 129 138 144 162 1000 173 185 196 207 216 226 238 243 1000 269 1000 1000 1000 1000 317 326 1000 349 353 372 374
9 13 29 32 41 51 1000 1000 72 73 83 93 1000 122 132 137 144 162 1000 173 187 197 204 217 225 236 245 1000 270 1000 1000 1000 1000 320 325 1000 349 358 372 374
9 17 29 32 41 51 1000 1000 72 73 83 93 1000 122 129 140 152 162 1000 182 186 197 1000 214 228 238 245 1000 270 1000 1000 1000 1000 313 323 1000 349 356 372 374
9 16 29 32 41 51 1000 1000 72 82 83 93 1000 122 129 141 144 157 1000 182 187 197 206 217 227 237 243 1000 270 1000 1000 1000 1000 319 327 1000 349 359 372 374
9 16 29 32 41 51 1000 1000 72 82 83 93 1000 122 132 137 151 157 1000 173 188 198 208 215 227 234 244 1000 270 1000 1000 1000 1000 321 327 1000 349 358 372 374
9 19 24 32 50 51 1000 1000 72 82 92 93 1000 1000 129 140 144 162 1000 182 189 198 208 220 227 239 246 1000 269 1000 1000 1000 1000 319 324 1000 349 357 372 374
9 18 24 32 50 51 1000 1000 72 82 92 93 1000 122 129 140 144 162 1000 173 189 198 208 217 228 239 245 1000 269 1000 1000 1000 1000 321 326 1000 349 358 372 374
9 18 29 32 41 51 1000 1000 72 82 92 93 1000 122 129 140 144 162 1000 173 186 198 208 216 229 239 245 1000 269 1000 1000 1000 1000 321 326 1000 349 358 372 374
9 16 29 32 41 51 1000 1000 72 73 83 93 1000 122 132 137 143 157 1000 173 185 198 207 215 227 238 245 1000 270 1000 1000 1000 1000 321 326 1000 349 358 372 374
9 11 27 32 1000 51 1000 1000 72 82 83 93 1000 122 129 138 149 157 1000 173 188 201 208 215 227 237 245 1000 270 1000 1000 1000 1000 321 326 1000 349 357 372 374
9 14 28 34 50 51 1000 1000 72 82 92 93 1000 122 132 135 151 153 1000 182 188 201 208 215 229 238 244 1000 267 1000 1000 1000 1000 321 329 1000 349 358 372 374
9 11 26 33 1000 51 1000 1000 72 73 83 93 1000 113 123 137 144 153 1000 173 1000 200 209 215 228 1000 244 1000 267 1000 1000 1000 1000 321 1000 1000 349 358 372 374
9 11 27 32 1000 51 1000 1000 72 77 92 93 1000 122 129 138 144 162 1000 173 1000 200 206 216 227 237 246 1000 269 1000 1000 1000 1000 320 326 1000 349 359 372 374
9 12 25 32 1000 51 1000 1000 72 73 83 93 1000 122 123 137 151 153 1000 173 1000 201 208 215 227 238 245 1000 269 1000 1000 1000 1000 321 326 1000 349 359 372 374
9 11 27 32 1000 51 1000 1000 72 77 92 93 1000 122 129 138 149 157 1000 182 1000 197 209 216 228 1000 245 1000 270 1000 1000 1000 1000 1000 1000 1000 349 358 372 374
9 11 27 32 1000 51 1000 1000 72 77 92 93 1000 122 129 138 149 157 1000 182 1000 199 208 215 228 236 244 1000 269 1000 1000 1000 1000 321 326 1000 349 356 372 374
10 11 27 32 1000 51 1000 1000 72 77 92 93 1000 122 129 138 149 157 1000 182 1000 199 207 215 227 237 244 1000 270 1000 1000 1000 1000 321 326 1000 349 356 372 374
10 11 27 32 1000 51 1000 1000 72 77 92 93 1000 122 129 138 149 157 1000 1000 1000 198 208 215 228 237 247 1000 269 1000 1000 1000 1000 321 326 1000 349 356 372 374
9 14 26 33 1000 51 1000 1000 72 77 92 93 1000 1000 123 137 144 153 1000 182 1000 198 210 215 227 236 245 1000 268 1000 1000 1000 1000 321 1000 1000 349 356 372 374
10 17 22 32 1000 51 1000 1000 72 77 92 93 1000 122 123 137 144 153 1000 182 1000 196 205 215 228 236 244 1000 268 1000 1000 1000 1000 318 328 1000 349 356 372 374
10 11 30 31 1000 51 1000 1000 72 77 92 93 1000 122 129 138 149 162 1000 182 1000 198 210 216 226 238 245 1000 269 1000 1000 1000 1000 321 326 1000 349 356 372 374
10 14 26 33 1000 51 1000 1000 72 77 87 93 1000 122 123 137 144 153 1000 173 1000 197 208 215 226 240 245 1000 269 1000 1000 1000 1000 321 327 1000 349 359 372 374
10 14 26 33 1000 51 1000 1000 72 77 87 93 1000 122 123 137 144 153 1000 173 1000 194 208 215 225 237 245 1000 269 1000 1000 1000 1000 321 327 1000 349 359 372 374
10 14 28 34 1000 51 1000 1000 72 73 83 93 1000 122 123 137 144 153 1000 182 1000 195 208 217 227 234 244 1000 269 1000 1000 1000 1000 321 327 1000 343 362 367 374
10 16 29 32 1000 51 1000 1000 72 77 92 1000 1000 122 123 135 144 157 1000 173 1000 193 208 216 229 236 245 1000 269 1000 1000 1000 1000 320 326 1000 349 359 372 374
10 17 27 32 1000 51 1000 1000 72 73 83 1000 1000 122 132 133 149 157 1000 173 1000 194 209 215 225 238 251 1000 267 1000 1000 1000 1000 319 327 1000 349 361 372 374
10 17 23 33 1000 51 1000 1000 72 73 83 1000 1000 122 132 133 149 153 1000 182 1000 194 208 216 226 238 249 1000 268 1000 1000 1000 1000 321 330 1000 349 359 367 374
10 15 22 32 1000 51 1000 1000 72 77 87 1000 1000 122 123 135 144 153 1000 182 1000 194 208 216 228 237 244 1000 269 1000 1000 1000 1000 321 326 1000 349 359 367 374
10 11 27 40 1000 51 1000 1000 72 77 92 1000 1000 122 129 138 149 162 1000 173 1000 195 203 216 226 238 245 1000 271 1000 1000 1000 1000 322 325 1000 349 359 367 374
10 13 29 32 1000 51 1000 1000 72 82 92 1000 1000 122 123 137 144 162 1000 173 1000 196 206 216 229 234 1000 1000 269 1000 1000 1000 1000 319 329 1000 349 360 367 374
10 20 24 33 1000 51 1000 1000 72 82 92 1000 1000 122 129 140 144 162 1000 173 1000 195 205 217 228 239 245 1000 270 1000 1000 1000 1000 317 325 1000 349 360 367 374
10 14 28 34 1000 51 1000 1000 72 73 83 1000 1000 122 123 137 144 153 1000 182 1000 197 205 216 226 235 244 1000 268 1000 1000 1000 1000 321 324 1000 349 360 372 374
10 20 27 40 1000 51 1000 1000 72 82 92 1000 1000 1000 123 137 144 162 1000 182 1000 1000 208 215 227 236 245 1000 270 1000 1000 1000 1000 322 324 1000 349 360 372 374
10 11 27 40 1000 51 1000 1000 72 77 92 1000 1000 122 129 141 144 162 1000 182 1000 198 208 216 229 238 244 1000 270 1000 1000 1000 1000 322 329 1000 349 359 367 374
10 14 28 34 1000 51 1000 1000 72 73 83 1000 1000 122 123 135 144 153 1000 182 1000 198 208 215 230 241 245 1000 269 1000 1000 1000 1000 322 327 1000 349 357 367 374
10 16 29 33 1000 51 1000 1000 72 73 83 1000 1000 122 123 135 144 153 1000 182 1000 197 205 216 226 237 246 1000 269 1000 1000 1000 1000 321 326 1000 349 358 367 374
10 16 26 32 1000 51 1000 1000 72 73 83 1000 1000 122 123 137 151 153 1000 182 1000 198 205 217 226 238 244 1000 269 1000 1000 1000 1000 319 326 1000 349 358 367 374
10 15 29 33 1000 51 1000 1000 72 73 83 1000 1000 122 123 135 151 153 1000 173 1000 198 205 217 230 237 245 1000 269 1000 1000 1000 1000 321 326 1000 349 359 372 374
10 11 26 32 1000 51 1000 1000 72 77 92 1000 1000 122 129 138 149 162 1000 182 1000 198 207 216 227 238 247 1000 270 1000 1000 1000 1000 318 327 1000 349 359 1000 374
10 18 30 38 1000 51 1000 1000 72 77 92 1000 1000 1000 129 140 144 162 1000 182 1000 198 1000 216 227 239 245 1000 271 1000 1000 1000 1000 316 326 1000 349 356 372 374
10 11 27 40 1000 51 1000 1000 72 77 83 1000 1000 122 129 142 144 162 1000 173 1000 197 1000 217 226 238 246 1000 271 1000 1000 1000 1000 321 327 1000 349 361 372 374
10 11 24 33 1000 51 1000 1000 72 82 92 1000 1000 113 129 142 144 162 1000 182 1000 1000 1000 216 228 1000 245 1000 272 1000 1000 1000 1000 321 326 1000 349 361 372 374
10 11 24 33 1000 51 1000 1000 72 82 92 1000 1000 122 129 142 151 162 1000 182 1000 199 1000 215 226 240 245 1000 272 1000 1000 1000 1000 314 324 1000 349 361 372 374
10 11 27 40 1000 51 1000 1000 72 77 92 1000 1000 1000 129 141 144 162 1000 173 1000 198 208 218 227 240 245 1000 270 1000 1000 1000 1000 1000 1000 1000 349 360 372 374
10 11 27 40 1000 51 1000 1000 72 77 92 1000 1000 1000 129 141 151 162 1000 173 1000 197 1000 218 228 240 244 1000 270 1000 1000 1000 1000 316 326 1000 349 361 372 374
10 15 22 33 1000 51 1000 1000 72 77 83 1000 1000 122 123 135 143 162 1000 173 1000 1000 205 216 226 236 246 1000 271 1000 1000 1000 1000 313 323 1000 349 360 372 374
10 11 27 40 1000 51 1000 1000 72 77 83 1000 1000 1000 129 141 144 162 1000 173 1000 1000 208 216 225 240 246 1000 270 1000 1000 1000 1000 321 332 1000 349 360 372 374
10 11 27 40 1000 51 1000 1000 72 77 92 1000 1000 1000 129 142 144 162 1000 173 1000 195 207 216 226 240 246 1000 270 1000 1000 1000 1000 317 330 1000 349 360 372 374
10 15 22 33 1000 51 1000 1000 72 77 92 1000 1000 122 123 135 143 162 1000 173 1000 195 205 215 226 238 244 1000 270 1000 1000 1000 1000 321 326 1000 349 360 372 374
