7 8 12 14 16 19 23 27 29 32 36 38 39 44 47 48 50 52 56 58 62 64 68 70 72 74 77 79 87 88 90 92 94 96 98 101
5 8 12 14 16 20 22 28 30 33 36 38 39 44 47 48 50 52 56 57 62 64 68 70 72 74 77 79 87 88 90 92 94 96 98 101
4 8 12 14 16 19 22 28 30 34 36 38 39 44 47 48 50 52 56 57 62 63 68 70 72 74 77 79 87 88 90 92 94 96 98 101
4 8 12 14 16 19 22 28 29 33 36 38 39 44 47 48 50 52 56 57 62 63 68 70 72 74 77 79 87 88 90 92 94 96 98 101
7 8 12 14 16 20 22 27 29 34 36 38 39 44 47 48 50 52 56 57 62 64 68 70 72 74 77 79 87 88 90 92 94 96 98 101
6 8 12 14 16 21 22 27 29 33 36 38 39 44 47 48 50 52 56 57 62 63 68 70 72 74 77 79 87 88 90 92 94 96 98 101
6 8 12 14 16 20 22 27 30 32 36 38 39 44 47 48 50 52 56 58 62 64 68 70 72 74 77 79 87 88 90 92 94 96 98 101
5 8 12 14 17 19 22 27 29 34 36 38 39 44 47 48 50 52 56 57 62 64 68 70 72 74 77 79 87 88 90 92 94 96 98 101
7 8 12 14 16 21 22 27 30 33 36 38 39 44 47 48 50 52 56 57 62 64 68 70 72 74 77 79 87 88 90 92 94 96 98 101
5 8 12 14 16 20 22 28 29 34 36 38 39 44 47 48 50 52 56 57 62 64 68 70 72 74 77 79 87 88 90 92 94 96 98 101
7 8 10 15 16 19 25 27 30 32 36 38 39 44 47 48 50 52 56 57 59 66 67 69 72 76 78 79 87 88 90 92 94 96 98 102
5 8 10 14 17 19 25 27 30 33 36 38 39 44 47 48 50 52 56 58 59 66 67 69 72 76 78 79 87 88 90 92 94 96 98 102
4 8 10 14 16 19 24 27 29 32 36 38 39 44 47 48 50 52 56 57 59 66 67 69 72 76 78 79 87 88 90 92 94 96 98 102
7 8 10 14 17 21 25 27 30 32 36 38 39 44 47 48 50 52 56 57 59 66 67 69 72 76 78 79 87 88 90 92 94 96 98 102
7 8 10 15 16 19 25 27 30 33 36 38 39 44 47 48 50 52 56 57 59 66 67 69 72 76 78 79 87 88 90 92 94 96 98 102
6 8 10 15 17 21 25 27 30 34 36 38 39 44 47 48 50 52 56 57 59 66 67 69 72 76 78 79 87 88 90 92 94 96 98 102
7 8 10 15 17 18 24 27 29 32 36 38 39 44 47 48 50 52 56 58 59 66 67 69 72 76 78 79 87 88 90 92 94 96 98 102
5 8 10 14 16 20 24 27 29 33 36 38 39 44 47 48 50 52 56 57 59 66 67 69 72 76 78 79 87 88 90 92 94 96 98 102
4 8 10 15 16 20 24 27 29 34 36 38 39 44 47 48 50 52 56 57 59 66 67 69 72 76 78 79 87 88 90 92 94 96 98 102
6 8 10 15 17 20 24 27 29 34 36 38 39 44 47 48 50 52 56 57 59 66 67 69 72 76 78 79 87 88 90 92 94 96 98 102
2 9 12 13 16 20 23 28 29 34 36 37 39 44 47 48 50 52 56 57 60 64 67 70 73 74 77 82 87 88 90 92 94 96 98 103
2 9 12 13 16 19 23 28 29 33 36 37 39 44 47 48 50 52 56 57 60 64 67 70 72 74 77 82 87 88 90 92 94 96 98 103
4 8 12 13 17 21 23 28 29 33 36 37 39 44 47 48 50 52 56 58 60 64 67 70 73 74 77 82 87 88 90 92 94 96 98 103
1 9 12 13 16 18 23 27 30 34 36 37 39 44 47 48 50 52 56 57 60 64 67 70 72 74 77 82 87 88 90 92 94 96 98 103
1 9 12 13 16 19 23 28 30 34 36 37 39 44 47 48 50 52 56 57 60 64 67 70 72 74 77 82 87 88 90 92 94 96 98 103
2 9 12 13 16 21 23 28 29 34 36 37 39 44 47 48 50 52 56 57 60 64 67 70 72 74 77 82 87 88 90 92 94 96 98 103
2 9 12 13 16 18 23 27 29 33 36 37 39 44 47 48 50 52 56 57 60 64 67 70 72 74 77 82 87 88 90 92 94 96 98 103
3 9 12 13 16 20 23 27 29 33 36 37 39 44 47 48 50 52 56 57 60 64 67 70 72 74 77 82 87 88 90 92 94 96 98 103
2 9 12 13 16 19 23 28 29 34 36 37 39 44 47 48 50 52 56 57 60 64 67 70 72 74 77 82 87 88 90 92 94 96 98 103
3 9 12 13 16 19 23 28 29 34 36 37 39 44 47 48 50 52 56 57 60 64 67 70 72 74 77 82 87 88 90 92 94 96 98 103
1 9 12 14 17 19 23 27 29 32 36 38 39 44 47 48 50 52 56 57 60 65 67 70 72 74 77 82 87 88 90 92 94 96 98 104
2 9 12 14 16 21 23 27 29 33 36 38 39 44 47 48 50 52 56 57 61 65 67 69 72 74 77 79 83 88 90 92 94 96 99 104
3 9 12 15 16 20 23 27 29 33 36 38 41 42 46 48 50 52 56 57 62 65 67 69 72 74 77 79 83 88 90 92 94 96 99 104
2 9 12 13 16 20 23 28 30 33 36 38 39 44 47 48 50 52 56 57 61 65 67 69 72 74 77 82 87 88 90 92 94 96 98 104
3 9 12 15 16 20 23 27 29 33 36 38 41 42 46 48 50 52 56 57 61 65 67 69 72 74 77 79 83 88 90 92 94 96 99 104
4 9 12 14 16 20 23 27 29 33 36 38 41 42 46 48 50 52 56 57 62 65 67 69 72 74 77 79 83 88 90 92 94 96 99 104
1 9 11 14 16 19 23 27 29 32 36 38 39 44 47 48 50 52 56 57 60 65 67 69 72 74 77 82 87 88 90 92 94 96 98 104
4 9 12 13 16 20 23 28 30 33 36 38 39 44 47 48 50 52 56 57 61 65 67 69 72 74 77 82 87 88 90 92 94 96 98 104
3 9 11 14 16 18 23 27 29 33 36 38 39 44 47 48 50 52 56 57 61 65 67 69 72 74 77 79 83 88 90 92 94 96 99 104
3 9 12 13 16 19 23 28 29 33 36 38 39 44 47 48 50 52 56 57 60 65 67 69 72 74 77 82 87 88 90 92 94 96 98 104
3 9 12 14 16 19 23 27 29 33 36 38 39 44 47 48 50 52 56 57 61 65 67 69 72 74 77 79 83 88 90 92 94 96 99 104
2 9 12 14 16 19 23 27 29 33 36 38 41 42 46 48 50 52 56 57 60 65 67 69 72 74 77 79 83 88 90 92 94 96 99 104
1 9 12 14 16 21 23 27 29 32 36 38 39 44 47 48 50 52 56 57 60 65 67 69 72 74 77 82 87 88 90 92 94 96 98 104
1 9 11 14 17 20 23 28 30 32 36 38 39 44 47 48 50 52 56 58 61 65 67 70 72 74 77 82 87 88 90 92 94 96 98 104
4 9 12 13 16 19 23 28 30 32 36 38 39 44 47 48 50 52 56 57 61 65 67 69 72 74 77 82 87 88 90 92 94 96 98 104
3 9 12 15 16 21 23 27 29 33 36 38 41 42 46 48 50 52 56 57 62 65 67 69 72 74 77 79 83 88 90 92 94 96 99 104
1 9 12 14 16 20 23 27 29 33 36 38 39 44 47 48 50 52 56 57 60 65 67 69 72 74 77 82 87 88 90 92 94 96 98 104
3 9 11 15 16 20 23 27 29 33 36 38 39 44 47 48 50 52 56 57 61 65 67 69 72 74 77 79 83 88 90 92 94 96 99 104
3 9 12 14 17 19 23 28 29 34 36 38 39 44 47 48 50 52 56 57 60 65 67 70 72 74 77 82 87 88 90 92 94 96 98 104
1 9 12 14 16 21 23 27 29 34 36 38 39 44 47 48 50 52 56 57 60 65 67 69 72 74 77 82 87 88 90 92 94 96 98 104
2 9 12 14 16 18 23 28 30 33 36 38 39 44 47 48 50 52 56 57 61 65 67 69 72 74 77 82 87 88 90 92 94 96 98 104
2 9 12 14 16 18 23 27 29 33 36 38 39 44 47 48 50 52 56 57 60 65 67 69 72 74 77 79 83 88 90 92 94 96 99 104
4 9 12 14 16 19 23 27 29 33 36 38 41 42 46 48 50 52 56 57 62 65 67 69 72 74 77 79 83 88 90 92 94 96 99 104
3 9 12 14 16 19 23 27 29 33 36 38 39 44 47 48 50 52 56 57 62 65 67 69 72 74 77 79 83 88 90 92 94 96 99 104
4 9 12 15 16 20 23 27 29 33 36 38 41 42 46 48 50 52 56 57 61 65 67 69 72 74 77 79 83 88 90 92 94 96 99 104
2 9 12 14 17 21 23 28 29 33 36 38 39 44 47 48 50 52 56 58 60 65 67 70 72 74 77 82 87 88 90 92 94 96 98 104
4 9 11 14 16 21 23 27 29 33 36 38 39 44 47 48 50 52 56 57 61 65 67 69 72 74 77 79 83 88 90 92 94 96 99 104
3 9 12 15 16 19 23 27 29 33 36 38 41 42 46 48 50 52 56 57 61 65 67 69 72 74 77 79 83 88 90 92 94 96 99 104
4 9 11 15 16 20 23 27 29 33 36 38 39 44 47 48 50 52 56 57 61 65 67 69 72 74 77 79 83 88 90 92 94 96 99 104
2 9 12 15 16 19 23 27 29 33 36 38 41 42 46 48 50 52 56 57 60 65 67 69 72 74 77 79 83 88 90 92 94 96 99 104
3 9 12 15 16 21 23 27 29 33 36 38 39 44 47 48 50 52 56 57 61 65 67 69 72 74 77 79 83 88 90 92 94 96 99 104
4 9 11 14 16 18 23 27 29 33 36 38 39 44 47 48 50 52 56 57 62 65 67 69 72 74 77 79 83 88 90 92 94 96 99 104
3 9 12 13 16 19 23 28 29 32 36 38 39 44 47 48 50 52 56 57 60 65 67 69 72 74 77 82 87 88 90 92 94 96 98 104
4 9 11 14 16 19 23 27 29 33 36 38 39 44 47 48 50 52 56 57 62 65 67 69 72 74 77 79 83 88 90 92 94 96 99 104
3 9 12 15 16 19 23 27 29 33 36 38 41 42 46 48 50 52 56 57 60 65 67 69 72 74 77 79 83 88 90 92 94 96 99 104
2 9 12 13 16 18 23 28 30 32 36 38 39 44 47 48 50 52 56 57 61 65 67 69 72 74 77 82 87 88 90 92 94 96 98 104
4 9 12 14 16 20 23 27 29 33 36 38 41 42 46 48 50 52 56 57 61 65 67 69 72 74 77 79 83 88 90 92 94 96 99 104
4 9 12 14 16 21 23 27 29 33 36 38 41 42 46 48 50 52 56 57 62 65 67 69 72 74 77 79 83 88 90 92 94 96 99 104
4 9 11 13 16 20 23 28 30 34 36 38 39 44 47 48 50 52 56 57 61 65 67 69 72 74 77 82 87 88 90 92 94 96 98 104
4 9 12 15 16 20 23 27 29 33 36 38 41 42 46 48 50 52 56 57 62 65 67 69 72 74 77 79 83 88 90 92 94 96 99 104
5 8 10 14 16 19 25 27 30 34 35 38 39 44 47 48 50 52 56 57 59 63 67 69 72 75 77 79 83 88 90 92 94 96 98 105
5 8 10 14 16 19 25 27 30 34 35 38 39 44 47 48 50 52 56 57 59 63 67 69 72 75 77 79 83 88 90 92 94 96 98 105
4 9 10 13 16 21 22 27 30 34 36 37 39 44 47 48 50 52 56 57 59 66 67 69 72 75 77 79 87 88 90 92 94 96 98 105
6 8 10 15 16 19 25 27 30 34 35 38 39 44 47 48 50 52 56 57 59 63 67 69 72 75 77 79 83 88 90 92 94 96 98 105
6 8 10 15 16 20 25 27 30 33 35 38 39 44 47 48 50 52 56 57 59 63 67 69 72 75 77 79 83 88 90 92 94 96 98 105
5 8 10 14 16 21 24 27 29 33 35 38 39 44 47 48 50 52 56 57 59 63 67 69 72 75 77 79 83 88 90 92 94 96 98 105
6 8 10 14 17 21 25 27 29 34 36 38 41 42 46 48 50 52 56 58 59 66 67 69 72 75 77 79 87 88 90 92 94 96 98 105
7 8 11 14 17 20 22 27 30 32 36 37 39 44 46 48 50 52 56 58 59 66 67 69 72 75 77 79 87 88 90 92 94 96 98 105
6 9 10 13 16 21 24 27 29 32 36 38 39 44 47 48 50 52 56 58 59 66 67 69 72 75 77 79 87 88 90 92 94 96 98 105
6 9 10 14 16 19 25 27 30 32 36 38 41 42 46 48 50 52 56 58 59 66 67 69 72 75 77 79 87 88 90 92 94 96 98 105
5 8 11 13 17 20 25 27 30 34 36 37 39 44 47 48 50 52 56 58 59 66 67 69 72 75 77 79 87 88 90 92 94 96 98 105
5 9 10 13 16 21 24 27 30 33 36 38 41 42 46 48 50 52 56 58 59 66 67 69 72 75 77 79 87 88 90 92 94 96 98 105
5 8 10 14 16 20 22 27 30 32 35 38 39 44 47 48 50 52 56 57 59 63 67 69 72 75 77 79 83 88 90 92 94 96 98 105
4 9 10 13 16 20 22 28 29 33 36 38 41 42 46 48 50 52 56 57 59 66 67 69 72 75 77 79 87 88 90 92 94 96 98 105
6 8 10 14 16 21 24 27 29 33 35 38 39 44 47 48 50 52 56 57 59 63 67 69 72 75 77 79 83 88 90 92 94 96 98 105
5 8 10 14 16 21 25 27 30 32 35 38 39 44 47 48 50 52 56 57 59 63 67 69 72 75 77 79 83 88 90 92 94 96 98 105
5 8 10 14 16 21 24 27 29 34 35 38 39 44 47 48 50 52 56 57 59 63 67 69 72 75 77 79 83 88 90 92 94 96 98 105
5 8 10 14 16 19 24 27 30 34 35 38 39 44 47 48 50 52 56 57 59 63 67 69 72 75 77 79 83 88 90 92 94 96 98 105
5 8 10 14 16 19 24 27 29 32 35 38 39 44 47 48 50 52 56 57 59 63 67 69 72 75 77 79 83 88 90 92 94 96 98 105
4 8 10 14 16 21 24 27 29 32 35 38 39 44 47 48 50 52 56 57 59 63 67 69 72 75 77 79 83 88 90 92 94 96 98 105
6 8 10 14 17 21 25 27 29 33 35 38 39 44 47 48 50 53 55 57 59 63 67 69 72 74 77 79 83 88 90 92 94 96 98 106
7 8 11 13 17 18 22 26 30 34 35 38 39 44 47 48 50 53 55 57 59 63 67 69 72 74 77 79 83 88 90 92 94 96 98 106
2 9 10 14 16 21 25 27 31 32 35 38 39 44 47 48 50 53 55 57 59 63 67 69 72 74 77 79 83 88 90 92 94 96 98 106
7 9 11 13 16 20 24 26 30 34 35 38 39 44 47 48 50 53 55 57 59 63 67 69 72 74 77 79 83 88 90 92 94 96 98 106
5 9 11 13 16 20 24 26 31 32 35 38 39 44 47 48 50 53 55 57 59 63 67 69 72 74 77 79 83 88 90 92 94 96 98 106
7 8 10 14 17 19 23 27 29 34 35 38 39 44 47 48 50 53 55 57 59 63 67 69 72 74 77 79 83 88 90 92 94 96 98 106
3 9 11 13 16 20 24 26 29 33 35 38 39 44 47 48 50 53 55 57 59 63 67 69 72 74 77 79 83 88 90 92 94 96 98 106
7 9 10 14 16 19 23 27 30 34 35 38 39 44 47 48 50 53 55 57 59 63 67 69 72 74 77 79 83 88 90 92 94 96 98 106
6 9 10 14 16 19 23 27 29 33 35 38 39 44 47 48 50 53 55 57 59 63 67 69 72 74 77 79 83 88 90 92 94 96 98 106
2 9 10 14 16 19 23 27 31 32 35 38 39 44 47 48 50 53 55 57 59 63 67 69 72 74 77 79 83 88 90 92 94 96 98 106
7 8 12 13 17 20 23 26 30 34 35 38 41 42 46 48 51 54 55 57 59 63 67 69 72 74 77 79 83 89 91 92 94 96 98 107
3 8 12 14 17 19 23 27 30 34 35 38 41 42 46 48 51 54 55 57 59 63 67 69 72 74 77 79 83 89 91 92 94 96 98 107
2 8 12 14 17 21 24 27 29 33 35 38 40 42 46 48 50 54 55 57 59 63 67 69 72 74 77 79 83 89 91 92 94 96 98 107
5 9 12 15 16 20 24 27 29 33 35 38 40 42 46 48 51 54 55 57 59 63 67 69 72 74 77 79 83 89 91 92 94 96 98 107
2 8 12 13 17 18 22 27 29 33 35 38 40 42 46 48 50 54 55 57 59 63 67 69 72 74 77 79 83 89 91 92 94 96 98 107
3 9 12 13 16 21 22 27 29 33 35 38 40 42 46 48 50 54 55 57 59 63 67 69 72 74 77 79 83 89 91 92 94 96 98 107
3 9 12 14 16 20 22 27 29 33 35 38 41 42 46 48 50 54 55 57 59 63 67 69 72 74 77 79 83 89 91 92 94 96 98 107
5 9 12 15 16 20 23 26 30 34 35 38 40 42 46 48 50 54 55 57 59 63 67 69 72 74 77 79 83 89 91 92 94 96 98 107
5 9 12 13 16 19 24 27 29 33 35 38 41 42 46 48 50 54 55 57 59 63 67 69 72 74 77 79 83 89 91 92 94 96 98 107
6 9 12 14 16 21 24 27 29 33 35 38 40 42 46 48 50 54 55 57 59 63 67 69 72 74 77 79 83 89 91 92 94 96 98 107
2 9 12 15 17 21 25 27 29 34 36 38 41 42 46 48 50 52 55 57 59 63 67 69 72 74 77 79 83 88 90 92 94 96 98 108
3 8 12 14 16 20 25 27 30 33 35 38 41 42 46 48 50 52 55 57 59 63 67 69 72 74 77 79 83 88 90 92 94 96 98 108
3 8 12 14 16 20 25 27 30 32 35 38 41 42 46 49 50 52 55 57 59 63 67 69 72 74 77 79 83 88 90 92 94 96 98 108
3 8 12 14 16 19 22 27 31 32 35 38 41 42 46 49 50 52 55 57 59 63 67 69 72 74 77 79 83 88 90 92 94 96 98 108
2 9 12 15 17 21 25 27 30 33 36 38 41 42 46 48 50 52 55 57 59 63 67 69 72 74 77 79 83 88 90 92 94 96 98 108
2 9 12 14 16 20 25 27 29 34 35 38 41 42 46 49 50 52 55 57 59 63 67 69 72 74 77 79 83 88 90 92 94 96 98 108
1 9 12 15 17 21 25 27 31 33 35 38 41 42 46 48 50 52 55 57 59 63 67 69 72 74 77 79 83 88 90 92 94 96 98 108
3 8 12 14 16 20 25 27 29 32 35 38 41 42 46 49 50 52 55 57 59 63 67 69 72 74 77 79 83 88 90 92 94 96 98 108
2 8 12 14 16 20 25 27 30 33 35 38 41 42 46 49 50 52 55 57 59 63 67 69 72 74 77 79 83 88 90 92 94 96 98 108
3 9 12 14 16 21 25 27 29 34 35 38 41 42 46 49 50 52 55 57 59 63 67 69 72 74 77 79 83 88 90 92 94 96 98 108
6 8 12 14 16 20 24 27 29 33 35 38 41 42 46 48 50 52 56 57 62 64 68 69 72 74 77 79 83 88 90 92 94 96 98 108
2 9 12 14 16 21 25 27 30 34 35 38 41 42 46 49 50 52 55 57 59 63 67 69 72 74 77 79 83 88 90 92 94 96 98 108
2 8 12 14 16 21 25 27 31 32 35 38 41 42 46 49 50 52 55 57 59 63 67 69 72 74 77 79 83 88 90 92 94 96 98 108
5 8 12 14 16 19 25 27 29 32 35 38 41 42 46 49 50 52 56 57 62 64 68 69 72 74 77 79 83 88 90 92 94 96 98 108
2 8 12 14 16 20 25 27 29 33 35 38 41 42 46 49 50 52 55 57 59 63 67 69 72 74 77 79 83 88 90 92 94 96 98 108
5 9 12 14 16 21 25 27 29 34 35 38 41 42 46 48 50 52 56 57 62 64 68 69 72 74 77 79 83 88 90 92 94 96 98 108
3 8 12 14 16 21 25 27 29 32 35 38 41 42 46 49 50 52 55 57 59 63 67 69 72 74 77 79 83 88 90 92 94 96 98 108
1 9 11 14 17 20 24 26 31 33 36 38 41 42 46 48 50 52 55 57 59 63 67 69 72 74 77 79 83 88 90 92 94 96 98 108
2 9 11 14 17 20 22 26 29 34 35 38 41 42 46 48 50 52 55 57 59 63 67 69 72 74 77 79 83 88 90 92 94 96 98 108
2 9 12 14 16 19 22 27 31 34 35 38 41 42 46 49 50 52 55 57 59 63 67 69 72 74 77 79 83 88 90 92 94 96 98 108
2 8 12 14 16 19 25 27 29 32 35 38 41 42 46 48 50 52 56 57 62 64 68 69 72 74 77 79 83 88 90 92 94 96 98 108
3 8 12 14 16 21 25 27 30 33 35 38 41 42 46 49 50 52 55 57 59 63 67 69 72 74 77 79 83 88 90 92 94 96 98 108
4 8 12 14 16 20 25 28 31 33 35 38 41 42 46 48 50 52 56 57 59 66 68 70 72 74 77 79 83 88 90 92 94 96 98 108
3 9 12 15 17 21 23 27 30 32 36 38 41 42 46 48 50 52 55 57 59 63 67 69 72 74 77 79 83 88 90 92 94 96 98 108
2 8 12 14 16 20 25 27 31 32 35 38 41 42 46 49 50 52 55 57 59 63 67 69 72 74 77 79 83 88 90 92 94 96 98 108
2 9 12 14 16 20 25 27 29 34 35 38 41 42 46 49 50 52 55 57 59 63 67 69 72 74 77 79 83 88 90 92 94 96 98 108
6 8 12 14 16 19 25 27 29 32 35 38 41 42 46 49 50 52 56 57 62 64 68 69 72 74 77 79 83 88 90 92 94 96 98 108
5 9 11 14 17 20 24 26 29 34 35 38 41 42 46 48 50 52 56 57 62 64 68 69 72 74 77 79 84 88 90 92 94 96 98 108
4 9 12 14 16 19 25 27 29 34 35 38 41 42 46 49 50 52 56 57 62 64 68 69 72 74 77 79 83 88 90 92 94 96 98 108
2 8 12 14 16 21 25 27 29 32 35 38 41 42 46 48 50 52 55 57 59 63 67 69 72 74 77 79 83 88 90 92 94 96 98 108
5 8 12 14 16 20 25 28 30 33 35 38 41 42 46 48 50 52 56 57 59 66 68 70 72 74 77 79 83 88 90 92 94 96 98 108
3 9 12 14 16 20 25 27 29 34 35 38 41 42 46 48 50 52 55 57 59 63 67 69 72 74 77 79 83 88 90 92 94 96 98 108
3 9 11 14 17 18 22 27 30 32 35 38 41 42 46 48 50 52 55 57 59 63 67 69 72 74 77 79 83 88 90 92 94 96 98 108
4 9 12 14 16 21 23 27 29 34 35 38 41 42 46 48 50 52 56 57 62 64 68 69 72 74 77 79 83 88 90 92 94 96 98 108
4 8 12 14 16 21 25 28 31 32 35 38 41 42 46 48 50 52 56 57 59 66 68 70 72 74 77 79 83 88 90 92 94 96 98 108
3 8 12 14 16 20 24 27 29 33 35 38 41 42 46 48 50 52 56 57 62 64 68 69 72 74 77 79 83 88 90 92 94 96 98 108
4 8 12 14 16 21 23 27 29 32 35 38 41 42 46 49 50 52 55 57 59 63 67 69 72 74 77 79 83 88 90 92 94 96 98 108
4 9 12 14 16 21 23 27 29 34 35 38 41 42 46 49 50 52 56 57 62 64 68 69 72 74 77 79 83 88 90 92 94 96 98 108
3 9 12 14 16 21 25 28 31 34 35 38 41 42 46 49 50 52 55 57 59 63 67 69 72 74 77 79 83 88 90 92 94 96 98 108
6 9 12 14 16 21 25 28 29 34 35 38 41 42 46 48 50 52 56 57 59 66 68 70 72 74 77 79 83 88 90 92 94 96 98 108
6 8 12 14 17 21 25 27 30 32 35 38 41 42 45 49 50 52 55 57 59 63 67 69 72 74 77 79 83 88 90 92 94 96 98 116
5 8 12 15 17 20 25 27 30 33 35 38 41 42 45 49 50 52 55 57 59 63 67 69 72 74 77 79 83 88 90 92 94 96 98 116
3 8 11 14 16 18 22 26 29 32 35 38 40 42 45 48 50 52 55 57 59 63 67 69 72 74 77 79 83 88 90 92 94 96 98 116
4 8 11 14 16 19 24 26 29 32 35 38 40 42 45 49 50 52 55 57 59 63 67 69 72 74 77 79 83 88 90 92 94 96 98 116
4 8 11 14 16 21 24 26 29 32 35 38 40 42 45 49 51 52 55 57 59 63 67 69 72 74 77 79 83 88 90 92 94 96 98 116
4 8 12 14 17 20 23 27 30 32 35 38 41 42 45 49 50 52 55 57 59 63 67 69 72 74 77 79 83 88 90 92 94 96 98 116
4 8 11 14 16 19 22 26 29 33 35 38 40 42 45 49 50 52 55 57 59 63 67 69 72 74 77 79 83 88 90 92 94 96 98 116
5 8 12 14 17 18 25 27 30 33 35 38 41 42 45 49 50 52 55 57 59 63 67 69 72 74 77 79 83 88 90 92 94 96 98 116
3 8 11 14 16 21 23 26 29 32 35 38 40 42 45 49 50 52 55 57 59 63 67 69 72 74 77 79 83 88 90 92 94 96 98 116
5 9 12 15 17 20 23 27 30 34 35 38 41 42 45 49 50 52 55 57 59 63 67 69 72 74 77 79 83 88 90 92 94 96 98 116
3 9 11 15 16 20 24 26 29 34 35 38 40 43 45 48 50 52 55 57 59 63 67 69 72 74 77 79 83 88 90 92 94 96 100 117
4 8 12 13 17 20 25 27 30 33 36 38 41 43 45 49 50 52 55 57 59 63 67 69 72 74 77 79 83 89 91 93 94 96 98 117
3 8 11 13 16 18 22 26 29 32 35 38 40 43 45 48 50 52 55 57 59 63 67 69 72 74 77 79 83 88 90 92 94 96 98 117
5 9 12 14 16 21 22 27 29 34 35 38 40 42 45 49 51 52 55 57 59 63 67 69 72 74 77 79 83 88 90 92 95 96 99 117
4 8 12 14 17 19 23 27 29 33 35 38 40 43 45 49 50 52 55 57 59 63 67 69 72 74 77 79 83 89 91 93 95 96 99 117
4 9 11 13 16 20 22 26 29 34 35 38 41 43 45 48 50 52 55 57 59 63 67 69 72 74 77 79 83 88 90 92 94 96 99 117
4 8 11 14 17 20 25 26 29 33 36 38 40 43 45 49 50 52 55 57 59 63 67 69 72 74 77 79 83 89 91 93 95 96 98 117
4 9 12 14 16 18 24 27 29 34 35 38 40 43 45 49 50 52 55 57 59 63 67 69 72 74 77 79 83 88 90 92 95 96 99 117
5 8 11 14 17 19 25 26 29 33 35 38 40 43 45 49 50 52 55 57 59 63 67 69 72 74 77 79 83 89 91 93 95 96 98 117
6 9 11 14 16 20 22 26 30 34 35 38 40 43 45 49 50 52 55 57 59 63 67 69 72 74 77 79 83 88 90 92 94 96 99 117
7 8 12 13 17 20 24 26 29 32 35 37 39 44 47 48 50 52 56 58 59 66 67 69 72 74 77 80 84 89 90 93 94 96 98 118
7 8 12 13 16 20 24 26 30 33 35 38 41 42 45 48 50 52 56 57 59 66 67 69 72 74 77 80 84 89 90 93 94 96 98 118
5 8 12 14 17 19 23 26 30 34 35 37 39 44 47 48 50 52 55 57 59 66 67 69 72 74 77 79 83 89 90 93 94 96 98 118
5 8 12 14 17 18 22 26 29 33 35 38 41 42 45 48 50 52 55 58 59 66 67 69 72 74 77 79 83 89 90 93 94 96 98 118
5 8 12 13 16 18 22 26 29 34 35 38 41 42 45 48 50 52 55 57 59 66 67 69 72 74 77 79 83 89 90 93 94 96 98 118
7 8 12 15 16 20 24 26 29 33 35 38 41 42 45 48 50 52 56 57 59 66 67 69 72 74 77 80 84 89 90 93 94 96 98 118
4 8 12 13 17 18 22 26 29 33 35 37 39 44 47 48 50 52 55 58 59 66 67 69 72 74 77 79 83 89 90 93 94 96 98 118
4 8 12 14 17 21 25 26 30 33 35 37 39 44 47 48 50 52 55 57 59 66 67 69 72 74 77 79 83 89 90 93 94 96 98 118
6 8 12 14 16 19 23 26 29 32 35 38 41 42 45 48 50 52 56 57 59 66 67 69 72 74 77 80 84 89 90 93 94 96 98 118
5 8 12 14 16 18 22 26 30 33 35 37 39 44 47 48 50 52 56 57 59 66 67 69 72 74 77 79 83 89 90 93 94 96 98 118
6 9 12 14 16 21 25 27 30 32 35 37 39 44 47 48 50 52 56 57 62 65 67 69 72 74 77 80 85 88 90 92 94 96 98 119
6 9 12 15 17 20 24 26 30 34 35 38 39 44 47 48 50 52 56 57 62 64 68 70 72 74 77 80 85 89 91 93 94 97 98 119
7 8 12 14 16 19 23 27 30 33 35 37 39 44 47 48 50 52 56 57 62 65 68 69 72 74 77 80 85 89 91 92 95 97 98 119
3 9 12 15 17 18 22 27 29 32 36 38 39 44 47 48 50 52 56 57 61 64 67 70 72 74 77 79 83 88 90 92 94 96 98 119
4 8 12 14 16 21 25 27 29 32 36 38 39 44 47 48 50 52 56 57 62 65 68 70 72 74 77 80 85 89 91 93 94 96 98 119
5 9 12 15 17 20 24 27 29 33 36 38 39 44 47 48 50 52 56 57 62 64 68 70 72 74 77 80 85 88 90 92 94 96 98 119
7 8 12 14 16 20 24 27 29 33 35 37 39 44 47 48 50 52 56 57 62 65 68 69 72 74 77 80 85 89 91 92 95 97 98 119
2 8 12 14 16 19 23 27 30 33 36 38 39 44 47 48 50 52 56 57 61 65 67 70 72 74 77 79 83 89 90 93 94 96 98 119
7 9 12 14 16 20 24 27 30 33 35 37 39 44 47 48 50 52 56 57 62 65 68 69 72 74 77 80 85 89 91 92 95 97 98 119
6 8 12 14 16 19 23 27 31 34 36 38 39 44 47 48 50 52 56 57 62 65 68 70 72 74 77 80 85 89 91 93 94 96 98 119
6 9 12 15 17 21 25 26 30 34 36 38 39 44 47 48 50 52 56 58 62 65 68 70 72 74 77 80 85 88 90 92 94 96 98 119
1 8 12 14 16 21 25 27 30 34 36 38 39 44 47 48 50 52 56 57 61 65 67 70 72 74 77 79 83 89 91 92 95 96 98 119
7 8 12 14 16 20 24 26 29 32 36 38 39 44 47 48 50 52 56 57 62 64 68 70 72 74 77 80 85 89 90 93 95 97 98 119
6 9 12 14 16 19 23 27 29 33 35 37 39 44 47 48 50 52 56 57 62 65 67 69 72 74 77 80 85 89 91 92 95 97 98 119
6 8 12 14 16 20 24 27 29 34 35 37 39 44 47 48 50 52 56 57 62 65 68 69 72 74 77 80 85 88 90 92 94 96 98 119
7 9 12 15 17 18 22 27 29 33 35 38 39 44 47 48 50 52 56 57 62 64 68 70 72 74 77 80 85 88 90 92 94 96 98 119
6 8 12 14 16 19 23 27 29 32 35 37 39 44 47 48 50 52 56 57 62 65 68 69 72 74 77 80 85 89 91 92 95 97 98 119
7 9 12 15 17 21 25 26 31 33 35 38 39 44 47 48 50 52 56 58 62 65 68 70 72 74 77 80 85 88 90 92 94 96 98 119
6 9 12 14 16 21 25 27 29 33 35 37 39 44 47 48 50 52 56 57 62 65 67 69 72 74 77 80 85 89 91 92 95 97 98 119
6 9 12 14 16 20 24 27 30 33 35 37 39 44 47 48 50 52 56 57 62 65 67 69 72 74 77 80 85 89 91 92 95 97 98 119
4 9 11 14 16 18 24 26 29 34 35 38 41 42 46 48 50 52 55 57 59 63 67 69 72 74 77 79 83 88 90 92 94 96 98 109
4 8 10 14 17 18 24 26 29 33 35 38 41 42 46 48 51 52 55 57 59 63 67 69 72 74 77 79 83 88 90 92 94 96 98 109
4 9 11 14 16 18 22 26 29 32 35 38 41 42 46 48 50 52 55 57 59 63 67 69 72 74 77 79 83 88 90 92 94 96 98 109
4 8 10 14 17 20 22 26 29 32 35 38 41 42 46 48 50 52 55 57 59 63 67 69 72 74 77 79 83 88 90 92 94 96 98 109
4 9 11 15 16 21 24 26 30 33 35 38 41 42 46 49 51 52 55 57 59 63 67 69 72 74 77 79 83 88 90 92 94 96 98 109
3 8 10 14 17 18 25 26 31 34 35 38 41 42 46 48 50 52 55 57 59 63 67 69 72 74 77 79 83 88 90 92 94 96 98 109
2 8 10 15 17 21 24 27 30 33 35 38 41 42 46 49 51 52 55 57 59 63 67 69 72 74 77 79 83 88 90 92 94 96 98 109
3 9 11 14 16 20 24 27 30 33 35 38 41 42 46 48 51 52 55 57 59 63 67 69 72 74 77 79 83 88 90 92 94 96 98 109
3 8 10 15 17 21 22 27 30 32 36 38 41 42 46 49 50 52 55 57 59 63 67 69 72 74 77 79 83 88 90 92 94 96 98 109
3 9 11 15 16 21 25 26 31 34 35 38 41 42 46 49 50 52 55 57 59 63 67 69 72 74 77 79 83 88 90 92 94 96 98 109
5 9 12 14 16 19 23 27 30 34 35 38 41 42 46 48 50 52 55 57 59 63 67 69 72 74 77 79 83 88 90 92 94 96 98 110
5 8 11 14 16 21 25 27 29 33 35 38 41 42 46 48 50 52 55 57 59 63 67 69 72 74 77 79 83 88 90 92 94 96 98 110
4 8 12 14 16 18 22 27 29 33 35 38 41 42 46 48 50 52 55 57 59 63 67 69 72 74 77 79 83 88 90 92 94 96 98 110
7 8 12 15 16 21 25 26 30 33 35 38 41 42 46 48 50 52 55 57 59 63 67 69 72 74 77 79 83 88 90 92 94 96 98 110
7 8 11 14 17 20 24 26 31 34 35 38 41 42 46 48 50 52 55 57 59 63 67 69 72 74 77 79 83 89 90 93 94 96 98 110
6 8 12 15 16 21 25 27 29 33 35 38 41 42 46 48 50 52 55 57 59 63 67 69 72 74 77 79 83 88 90 92 94 96 98 110
7 8 11 14 16 21 25 26 30 33 35 38 41 42 46 48 50 52 55 57 59 63 67 69 72 74 77 79 83 88 90 92 94 96 98 110
6 9 12 15 16 21 23 26 29 34 35 38 41 42 46 48 50 52 55 57 59 63 67 69 72 74 77 79 83 88 90 92 94 96 98 110
7 8 12 15 16 21 25 26 30 33 35 38 41 42 46 48 50 52 55 57 59 63 67 69 72 74 77 79 83 88 90 92 94 96 98 110
7 8 12 15 16 21 24 27 30 32 35 38 41 42 46 48 50 52 55 57 59 63 67 69 72 74 77 79 83 88 90 92 94 96 98 110
6 8 12 15 16 20 25 26 29 33 35 38 41 42 46 48 50 52 55 57 59 63 67 69 72 74 77 79 83 88 90 92 94 96 98 110
5 9 12 14 16 21 22 27 30 34 35 38 41 42 46 48 50 52 55 57 59 63 67 69 72 74 77 79 83 88 90 92 94 96 98 110
7 8 12 14 16 19 23 26 30 32 35 38 41 42 46 49 50 52 55 57 59 63 67 69 72 74 77 79 83 88 90 92 94 96 98 110
6 8 12 15 16 20 24 27 29 32 35 38 41 42 46 48 50 52 55 57 59 63 67 69 72 74 77 79 83 88 90 92 94 96 98 110
6 9 12 14 16 18 22 26 29 34 35 38 41 42 46 48 50 52 55 57 59 63 67 69 72 74 77 79 83 88 90 92 94 96 98 110
5 8 12 14 16 20 24 26 29 33 35 38 41 42 46 48 50 52 55 57 59 63 67 69 72 74 77 79 83 88 90 92 94 96 98 110
5 8 12 14 16 19 23 27 30 33 35 38 41 42 46 49 50 52 55 57 59 63 67 69 72 74 77 79 83 88 90 92 94 96 98 110
6 8 12 14 16 20 23 26 29 32 35 38 41 42 46 48 50 52 55 57 59 63 67 69 72 74 77 79 83 88 90 92 94 96 98 110
7 8 12 15 16 21 24 26 30 32 35 38 41 42 46 48 50 52 55 57 59 63 67 69 72 74 77 79 83 88 90 92 94 96 98 110
7 9 12 15 16 19 23 26 30 34 35 38 41 42 46 48 50 52 55 57 59 63 67 69 72 74 77 79 83 88 90 92 94 96 98 110
6 9 12 15 16 21 23 27 29 34 35 38 41 42 46 48 50 52 55 57 59 63 67 69 72 74 77 79 83 88 90 92 94 96 98 110
6 9 12 15 16 21 25 27 30 33 35 38 41 42 46 48 50 52 55 57 59 63 67 69 72 74 77 79 83 88 90 92 94 96 98 110
5 9 12 14 16 20 23 26 29 34 35 38 41 42 46 49 50 52 55 57 59 63 67 69 72 74 77 79 83 88 90 92 94 96 98 110
7 9 11 15 16 20 24 26 31 32 35 38 41 42 46 48 50 52 55 57 59 63 67 69 72 74 77 79 83 89 90 93 94 96 98 110
5 9 12 14 16 19 24 27 30 34 35 38 41 42 46 48 50 52 55 57 59 63 67 69 72 74 77 79 83 88 90 92 94 96 98 110
7 9 12 15 16 20 23 26 30 34 35 38 41 42 46 48 50 52 55 57 59 63 67 69 72 74 77 79 83 88 90 92 94 96 98 110
5 9 12 14 16 18 25 26 29 34 35 38 41 42 46 48 50 52 55 57 59 63 67 69 72 74 77 79 83 88 90 92 94 96 98 110
5 8 12 15 16 21 25 27 29 32 35 38 41 42 46 48 50 52 55 57 59 63 67 69 72 74 77 79 83 88 90 92 94 96 98 110
6 8 12 15 16 20 25 27 29 33 35 38 41 42 46 48 50 52 55 57 59 63 67 69 72 74 77 79 83 88 90 92 94 96 98 110
4 8 12 14 16 18 22 27 29 32 35 38 41 42 46 48 50 52 55 57 59 63 67 69 72 74 77 79 83 88 90 92 94 96 98 110
6 8 12 14 16 19 24 26 30 32 35 38 41 42 46 49 50 52 55 57 59 63 67 69 72 74 77 79 83 88 90 92 94 96 98 110
6 8 12 15 16 19 23 26 30 33 35 38 41 42 46 48 50 52 55 57 59 63 67 69 72 74 77 79 83 88 90 92 94 96 98 110
5 8 12 15 16 19 23 27 29 34 35 38 41 42 46 48 50 52 55 57 59 63 67 69 72 74 77 79 83 88 90 92 94 96 98 110
6 9 12 14 16 21 25 26 30 34 35 38 41 42 46 49 50 52 55 57 59 63 67 69 72 74 77 79 83 88 90 92 94 96 98 110
7 8 12 14 16 20 23 26 29 33 35 38 41 42 46 49 50 52 55 57 59 63 67 69 72 74 77 79 83 88 90 92 94 96 98 110
6 8 12 14 16 18 25 26 29 32 35 38 41 42 46 48 50 52 55 57 59 63 67 69 72 74 77 79 83 88 90 92 94 96 98 110
7 8 12 14 16 18 25 26 29 33 35 38 41 42 46 48 50 52 55 57 59 63 67 69 72 74 77 79 83 88 90 92 94 96 98 110
6 9 12 15 16 20 23 27 29 34 35 38 41 42 46 48 50 52 55 57 59 63 67 69 72 74 77 79 83 88 90 92 94 96 98 110
6 8 12 14 16 21 22 26 30 32 35 38 41 42 46 49 50 52 55 57 59 63 67 69 72 74 77 79 83 88 90 92 94 96 98 110
7 8 12 14 16 19 24 26 30 33 35 38 41 42 46 49 50 52 55 57 59 63 67 69 72 74 77 79 83 88 90 92 94 96 98 110
7 8 11 15 16 21 25 26 29 32 35 38 41 42 46 48 50 52 56 57 62 65 68 70 72 74 77 80 85 89 90 92 94 96 98 111
5 8 11 15 16 19 23 26 30 33 35 38 41 42 46 48 50 52 55 57 59 63 67 69 72 74 77 79 83 88 90 92 94 96 98 111
6 8 11 14 16 20 23 26 29 32 35 38 41 42 46 48 50 52 56 57 62 64 67 70 72 74 77 79 83 88 90 92 94 96 98 111
6 9 12 14 16 21 24 26 29 34 35 38 41 42 46 48 50 52 55 57 59 63 67 69 72 74 77 79 83 88 90 92 94 96 98 111
7 9 12 15 16 21 25 26 30 34 35 38 41 42 46 48 50 52 56 57 62 65 67 70 72 74 77 80 84 88 90 92 94 96 98 111
5 8 11 14 16 21 25 27 30 32 35 38 41 42 46 48 50 52 55 57 59 63 67 69 72 74 77 79 83 88 90 92 94 96 98 111
4 8 12 14 16 20 25 26 30 33 35 38 41 42 46 48 50 52 56 57 62 65 67 70 72 74 77 80 84 88 90 92 94 96 98 111
6 8 12 15 16 20 24 26 29 33 35 38 41 42 46 48 50 52 56 57 62 65 67 70 72 74 77 80 84 88 90 92 94 96 98 111
6 8 12 14 16 19 23 27 30 32 35 38 41 42 46 48 50 52 55 57 59 63 67 69 72 74 77 79 83 88 90 92 94 96 98 111
6 8 12 15 16 20 25 26 30 33 35 38 41 42 46 48 50 52 56 57 62 65 67 70 72 74 77 80 84 88 90 92 94 96 98 111
6 8 12 14 16 18 23 26 30 33 35 38 41 42 46 48 50 52 56 57 62 65 67 70 72 74 77 80 84 88 90 92 94 96 98 111
5 8 12 14 16 20 25 26 30 32 35 38 41 42 46 48 50 52 55 57 59 63 67 69 72 74 77 79 83 88 90 92 94 96 98 111
5 8 12 15 16 19 23 27 30 32 35 38 41 42 46 48 50 52 56 57 62 65 67 70 72 74 77 80 84 88 90 92 94 96 98 111
5 8 12 14 16 20 23 27 30 33 35 38 41 42 46 48 50 52 56 57 62 64 67 70 72 74 77 80 84 88 90 92 94 96 98 111
4 9 12 14 16 21 24 27 29 34 35 38 41 42 46 48 50 52 56 57 62 65 67 70 72 74 77 80 84 88 90 92 94 96 98 111
6 8 12 14 16 21 22 27 29 33 35 38 41 42 46 48 50 52 56 57 62 64 67 70 72 74 77 80 84 88 90 92 94 96 98 111
6 8 12 15 16 19 23 26 30 32 35 38 41 42 46 48 50 52 56 57 62 65 67 70 72 74 77 80 84 88 90 92 94 96 98 111
5 8 12 15 16 19 24 27 29 32 35 38 41 42 46 48 50 52 56 57 62 65 67 70 72 74 77 80 84 88 90 92 94 96 98 111
6 8 12 15 16 20 23 26 30 33 35 38 41 42 46 48 50 52 56 57 62 65 67 70 72 74 77 80 84 88 90 92 94 96 98 111
6 8 12 14 16 21 22 27 29 32 35 38 41 42 46 48 50 52 56 57 62 64 67 70 72 74 77 80 84 88 90 92 94 96 98 111
4 8 12 14 16 19 24 27 29 33 35 38 41 42 46 48 50 52 55 57 59 63 67 69 72 74 77 79 83 88 90 92 94 96 98 111
7 8 11 15 16 21 25 26 30 32 35 38 41 42 46 48 50 52 56 57 62 65 68 69 72 74 77 80 85 89 90 93 95 97 98 111
6 8 11 14 16 19 25 27 31 32 35 38 41 42 46 48 50 52 56 57 62 63 68 69 72 74 77 80 84 88 90 92 94 96 98 111
6 8 12 14 16 21 24 27 29 32 35 38 41 42 46 48 50 52 56 57 62 64 67 70 72 74 77 80 84 88 90 92 94 96 98 111
6 9 12 14 16 21 25 26 30 34 35 38 41 42 46 48 50 52 55 57 59 63 67 69 72 74 77 79 83 88 90 92 94 96 98 111
4 9 12 14 16 21 22 27 29 34 35 38 41 42 46 48 50 52 55 57 59 63 67 69 72 74 77 79 83 88 90 92 94 96 98 111
7 9 12 15 16 21 23 26 30 34 35 38 41 42 46 48 50 52 56 57 62 65 67 70 72 74 77 80 84 88 90 92 94 96 98 111
5 8 12 14 16 19 24 27 29 33 35 38 41 42 46 48 50 52 55 57 59 63 67 69 72 74 77 79 83 88 90 92 94 96 98 111
5 8 12 15 16 19 22 27 29 32 35 38 41 42 46 48 50 52 56 57 62 65 67 70 72 74 77 80 84 88 90 92 94 96 98 111
7 9 12 15 16 21 22 26 29 34 35 38 41 42 46 48 50 52 56 57 62 65 67 70 72 74 77 80 84 88 90 92 94 96 98 111
6 9 12 15 16 21 25 26 30 34 35 38 41 42 46 48 50 52 56 57 62 65 67 70 72 74 77 80 84 88 90 92 94 96 98 111
5 8 12 14 16 18 23 27 30 32 35 38 41 42 46 48 50 52 55 57 59 63 67 69 72 74 77 79 83 88 90 92 94 96 98 111
5 8 12 14 16 20 25 27 30 33 35 38 41 42 46 48 50 52 56 57 62 64 67 70 72 74 77 80 84 88 90 92 94 96 98 111
5 9 11 15 16 19 23 26 31 34 36 38 41 42 46 48 50 52 55 57 59 63 67 69 72 74 77 79 83 88 90 92 94 96 98 111
5 8 12 14 16 20 22 26 29 33 35 38 41 42 46 48 50 52 55 57 59 63 67 69 72 74 77 79 83 88 90 92 94 96 98 111
6 9 12 14 16 19 24 27 29 34 35 38 41 42 46 48 50 52 55 57 59 63 67 69 72 74 77 79 83 88 90 92 94 96 98 111
5 8 12 15 16 19 25 27 30 32 35 38 41 42 46 48 50 52 56 57 62 65 67 70 72 74 77 80 84 88 90 92 94 96 98 111
6 8 12 14 16 19 24 26 29 32 35 38 41 42 46 48 50 52 56 57 62 65 67 70 72 74 77 80 84 88 90 92 94 96 98 111
6 8 12 15 16 20 22 26 29 33 35 38 41 42 46 48 50 52 56 57 62 65 67 70 72 74 77 80 84 88 90 92 94 96 98 111
6 9 12 14 16 20 25 26 30 34 35 38 41 42 46 48 50 52 56 57 62 65 67 70 72 74 77 80 84 88 90 92 94 96 98 111
6 8 12 15 16 21 25 27 29 32 35 37 41 42 46 48 50 52 56 57 59 63 68 69 72 74 77 80 85 88 91 93 95 97 98 112
7 8 12 15 16 20 25 27 29 33 35 37 41 42 46 48 50 52 56 57 59 63 68 69 72 74 77 80 85 89 91 93 95 97 98 112
6 8 12 15 16 21 25 27 29 32 35 37 41 42 46 48 50 52 56 57 59 63 68 69 72 74 77 80 85 89 91 93 95 97 98 112
2 9 11 15 16 21 22 27 29 34 35 37 41 42 46 48 50 52 56 57 59 63 68 69 72 74 77 80 85 88 91 93 95 97 98 112
6 8 12 15 16 20 25 27 29 33 35 37 41 42 46 48 50 52 56 57 59 63 68 69 72 74 77 80 85 89 91 93 95 97 98 112
6 8 12 15 16 20 25 27 29 32 35 37 41 42 46 48 50 52 56 57 59 63 68 69 72 74 77 80 85 89 91 93 95 97 98 112
3 8 12 14 16 20 23 27 29 33 36 38 41 42 46 48 50 52 55 57 59 63 67 69 72 74 77 81 83 89 90 92 95 96 100 113
4 8 12 14 16 21 24 27 29 33 36 38 41 42 46 48 50 52 55 57 59 63 67 69 72 74 77 81 83 89 90 92 95 96 100 113
5 8 12 14 16 21 24 27 29 33 36 38 41 42 46 48 50 52 55 57 59 63 67 69 72 74 77 81 83 89 90 92 95 96 100 113
4 8 12 14 16 20 23 27 29 33 36 38 41 42 46 48 50 52 55 57 59 63 67 69 72 74 77 81 83 89 90 92 95 96 100 113
4 8 12 14 16 20 23 27 29 33 36 38 41 42 46 48 50 52 55 57 59 63 67 69 72 74 77 81 83 89 90 92 95 96 100 113
5 8 12 14 16 20 23 27 29 33 36 38 41 42 46 48 50 52 55 57 59 63 67 69 72 74 77 81 83 89 90 92 95 96 100 113
6 8 12 14 16 20 23 27 29 33 35 38 39 44 47 48 51 52 56 57 59 63 67 69 72 74 77 79 83 88 90 92 94 96 98 115
2 9 12 13 16 19 22 27 29 33 36 38 41 43 46 48 51 52 56 57 59 63 67 69 72 74 77 82 83 88 90 92 94 96 99 114
1 9 12 13 16 18 25 27 29 33 36 38 39 44 47 48 51 52 56 57 59 63 67 69 72 74 77 82 83 88 90 92 94 96 99 114
2 9 12 13 16 18 22 27 29 33 36 38 39 44 47 48 51 52 56 57 59 63 67 69 72 74 77 82 83 88 90 92 94 96 99 114
2 9 12 13 16 19 25 27 29 33 36 38 41 43 46 48 51 52 56 57 59 63 67 69 72 74 77 82 83 88 90 92 94 96 99 114
7 8 12 14 16 19 22 27 29 34 36 38 39 44 47 48 50 52 56 57 62 64 68 70 72 74 77 79 87 88 90 92 94 96 98 101
4 8 12 14 16 20 22 28 30 33 36 38 39 44 47 48 50 52 56 57 62 63 68 70 72 74 77 79 87 88 90 92 94 96 98 101
5 8 12 14 16 21 22 28 29 34 36 38 39 44 47 48 50 52 56 57 62 64 68 70 72 74 77 79 87 88 90 92 94 96 98 101
6 8 12 14 16 19 22 27 29 33 36 38 39 44 47 48 50 52 56 57 62 63 68 70 72 74 77 79 87 88 90 92 94 96 98 101
4 8 12 14 16 21 22 27 29 33 36 38 39 44 47 48 50 52 56 57 62 63 68 70 72 74 77 79 87 88 90 92 94 96 98 101
6 8 12 14 16 20 22 27 30 32 36 38 39 44 47 48 50 52 56 57 62 63 68 70 72 74 77 79 87 88 90 92 94 96 98 101
6 8 12 14 16 21 23 27 30 34 36 38 39 44 47 48 50 52 56 58 62 63 68 70 72 74 77 79 87 88 90 92 94 96 98 101
4 8 12 14 16 20 23 27 29 33 36 38 39 44 47 48 50 52 56 58 62 63 68 70 72 74 77 79 87 88 90 92 94 96 98 101
5 8 12 14 16 21 22 27 30 34 36 38 39 44 47 48 50 52 56 58 62 63 68 70 72 74 77 79 87 88 90 92 94 96 98 101
7 8 12 14 16 21 22 27 30 33 36 38 39 44 47 48 50 52 56 58 62 64 68 70 72 74 77 79 87 88 90 92 94 96 98 101
5 8 10 14 16 20 25 27 30 33 36 38 39 44 47 48 50 52 56 57 59 66 67 69 72 76 78 79 87 88 90 92 94 96 98 102
6 8 10 15 16 21 24 27 29 34 36 38 39 44 47 48 50 52 56 57 59 66 67 69 72 76 78 79 87 88 90 92 94 96 98 102
5 8 10 15 16 21 25 27 30 33 36 38 39 44 47 48 50 52 56 57 59 66 67 69 72 76 78 79 87 88 90 92 94 96 98 102
6 8 10 15 16 18 24 27 29 34 36 38 39 44 47 48 50 52 56 57 59 66 67 69 72 76 78 79 87 88 90 92 94 96 98 102
6 8 10 15 17 20 24 27 29 34 36 38 39 44 47 48 50 52 56 58 59 66 67 69 72 76 78 79 87 88 90 92 94 96 98 102
4 8 10 15 17 18 24 27 29 33 36 38 39 44 47 48 50 52 56 57 59 66 67 69 72 76 78 79 87 88 90 92 94 96 98 102
5 8 10 15 17 19 25 27 30 34 36 38 39 44 47 48 50 52 56 57 59 66 67 69 72 76 78 79 87 88 90 92 94 96 98 102
6 8 10 15 17 20 24 27 29 32 36 38 39 44 47 48 50 52 56 57 59 66 67 69 72 76 78 79 87 88 90 92 94 96 98 102
7 8 10 15 17 21 25 27 30 33 36 38 39 44 47 48 50 52 56 57 59 66 67 69 72 76 78 79 87 88 90 92 94 96 98 102
7 8 10 15 17 21 25 27 30 32 36 38 39 44 47 48 50 52 56 57 59 66 67 69 72 76 78 79 87 88 90 92 94 96 98 102
1 9 12 13 16 18 23 27 29 33 36 37 39 44 47 48 50 52 56 57 60 64 67 70 72 74 77 82 87 88 90 92 94 96 99 103
1 9 12 13 16 21 23 28 29 34 36 37 39 44 47 48 50 52 56 57 60 64 67 70 72 74 77 82 87 88 90 92 94 96 98 103
1 9 12 13 16 20 23 27 30 33 36 37 39 44 47 48 50 52 56 57 60 64 67 70 72 74 77 82 87 88 90 92 94 96 98 103
3 9 12 13 16 18 23 27 29 33 36 37 39 44 47 48 50 52 56 57 60 64 67 70 72 74 77 82 87 88 90 92 94 96 98 103
2 9 12 13 16 20 23 27 29 33 36 37 39 44 47 48 50 52 56 57 60 64 67 70 72 74 77 82 87 88 90 92 94 96 98 103
3 9 12 13 16 21 23 28 29 33 36 37 39 44 47 48 50 52 56 57 60 64 67 70 72 74 77 82 87 88 90 92 94 96 98 103
3 9 12 13 16 20 23 27 29 34 36 37 39 44 47 48 50 52 56 57 60 64 67 70 73 74 77 82 87 88 90 92 94 96 98 103
5 8 12 13 17 18 23 28 29 34 36 38 39 44 47 48 50 52 56 58 60 64 67 70 73 74 77 82 87 88 90 92 94 96 98 103
1 9 12 13 16 19 23 27 30 33 36 37 39 44 47 48 50 52 56 57 60 64 67 70 73 74 77 82 87 88 90 92 94 96 98 103
3 9 12 13 16 21 23 28 29 34 36 37 39 44 47 48 50 52 56 57 60 64 67 70 73 74 77 82 87 88 90 92 94 96 98 103
3 9 11 13 16 21 23 28 29 34 36 38 39 44 47 48 50 52 56 57 60 65 67 69 72 74 77 82 87 88 90 92 94 96 98 104
2 9 12 13 16 21 23 27 30 34 36 38 39 44 47 48 50 52 56 57 61 65 67 69 72 74 77 82 87 88 90 92 94 96 98 104
3 9 12 14 17 21 23 28 30 34 36 38 39 44 47 48 50 52 56 57 61 65 67 70 72 74 77 82 87 88 90 92 94 96 98 104
2 9 12 14 17 20 25 27 30 33 36 38 39 44 47 48 50 52 56 57 61 65 67 70 72 74 77 82 87 88 90 92 94 96 98 104
4 9 11 14 16 20 23 27 29 33 36 38 39 44 47 48 50 52 56 57 62 65 67 69 72 74 77 79 83 88 90 92 94 96 99 104
4 9 11 14 16 21 23 27 29 33 36 38 39 44 47 48 50 52 56 57 61 65 67 69 72 74 77 79 83 88 90 92 94 96 99 104
1 9 12 15 16 21 23 27 29 33 36 38 41 42 46 48 50 52 56 57 62 65 67 69 72 74 77 79 83 88 90 92 94 96 99 104
2 9 12 14 16 20 23 27 29 33 36 38 41 42 46 48 50 52 56 57 60 65 67 69 72 74 77 79 83 88 90 92 94 96 99 104
2 9 12 14 16 18 23 27 29 33 36 38 41 42 46 48 50 52 56 57 59 65 67 71 72 74 77 79 83 88 90 92 94 96 99 104
5 9 11 15 16 21 23 27 29 33 36 38 41 42 46 48 50 52 56 57 62 65 67 69 72 74 77 79 83 88 90 92 94 96 99 104
2 9 12 15 16 20 23 27 29 33 36 38 41 42 46 48 50 52 56 57 60 65 67 71 72 74 77 79 83 88 90 92 94 96 99 104
3 9 12 14 16 21 23 27 29 33 36 38 41 42 46 48 50 52 56 57 60 65 67 69 72 74 77 79 83 88 90 92 94 96 99 104
4 9 12 15 16 20 23 27 29 33 36 38 41 42 46 48 50 52 56 57 62 65 67 69 72 74 77 79 83 88 90 92 94 96 99 104
5 9 11 14 16 21 23 27 29 33 36 38 41 42 46 48 50 52 56 57 62 65 67 69 72 74 77 79 83 88 90 92 94 96 99 104
2 9 12 14 16 20 23 27 29 33 36 38 41 42 46 48 50 52 56 57 60 65 67 71 72 74 77 79 83 88 90 92 94 96 99 104
2 9 12 14 16 21 23 27 29 33 36 38 41 42 46 48 50 52 56 57 62 65 67 71 72 74 77 79 83 88 90 92 94 96 99 104
2 9 12 15 16 19 23 27 29 33 36 38 41 42 46 48 50 52 56 57 62 65 67 71 72 74 77 79 83 88 90 92 94 96 99 104
3 9 11 15 16 20 23 27 29 33 36 38 41 42 46 48 50 52 56 57 60 65 67 71 72 74 77 79 83 88 90 92 94 96 99 104
4 9 11 14 16 21 23 27 29 33 36 38 41 42 46 48 50 52 56 57 61 65 67 69 72 74 77 79 83 88 90 92 94 96 99 104
4 9 11 14 16 19 23 27 29 33 36 38 41 42 46 48 50 52 56 57 62 65 67 69 72 74 77 79 83 88 90 92 94 96 99 104
2 9 12 15 16 19 23 27 29 33 36 38 41 42 46 48 50 52 56 57 59 65 67 71 72 74 77 79 83 88 90 92 94 96 99 104
3 9 12 15 16 20 23 27 29 33 36 38 41 42 46 48 50 52 56 57 61 65 67 69 72 74 77 79 83 88 90 92 94 96 99 104
4 9 11 14 16 21 23 27 29 33 36 38 41 42 46 48 50 52 56 57 62 65 67 69 72 74 77 79 83 88 90 92 94 96 99 104
5 9 11 14 16 20 23 27 29 33 36 38 41 42 46 48 50 52 56 57 62 65 67 69 72 74 77 79 83 88 90 92 94 96 99 104
2 9 12 15 16 21 23 27 29 33 36 38 41 42 46 48 50 52 56 57 59 65 67 71 72 74 77 79 83 88 90 92 94 96 99 104
3 9 12 15 16 20 23 27 29 33 36 38 41 42 46 48 50 52 56 57 61 65 67 69 72 74 77 79 83 88 90 92 94 96 99 104
4 9 11 14 16 21 23 27 29 33 36 38 41 42 46 48 50 52 56 57 62 65 67 69 72 74 77 79 83 88 90 92 94 96 99 104
5 9 11 14 16 20 23 27 29 33 36 38 41 42 46 48 50 52 56 57 62 65 67 69 72 74 77 79 83 88 90 92 94 96 99 104
2 9 12 15 16 21 23 27 29 33 36 38 41 42 46 48 50 52 56 57 59 65 67 71 72 74 77 79 83 88 90 92 94 96 99 104
3 9 12 15 16 20 23 27 29 33 36 38 41 42 46 48 50 52 56 57 61 65 67 69 72 74 77 79 83 88 90 92 94 96 99 104
4 9 11 14 16 21 23 27 29 33 36 38 41 42 46 48 50 52 56 57 62 65 67 69 72 74 77 79 83 88 90 92 94 96 99 104
2 9 12 15 16 20 23 27 29 33 36 38 41 42 46 48 50 52 56 57 59 65 67 71 72 74 77 79 83 88 90 92 94 96 99 104
3 9 12 14 16 21 23 27 29 33 36 38 41 42 46 48 50 52 56 57 61 65 67 69 72 74 77 79 83 88 90 92 94 96 99 104
4 9 12 14 16 19 23 27 29 33 36 38 41 42 46 48 50 52 56 57 62 65 67 69 72 74 77 79 83 88 90 92 94 96 99 104
2 9 12 15 16 20 23 27 29 33 36 38 41 42 46 48 50 52 56 57 59 65 67 71 72 74 77 79 83 88 90 92 94 96 99 104
3 9 12 15 16 21 23 27 29 33 36 38 41 42 46 48 50 52 56 57 61 65 67 69 72 74 77 79 83 88 90 92 94 96 99 104
4 9 11 14 16 20 23 27 29 33 36 38 41 42 46 48 50 52 56 57 62 65 67 69 72 74 77 79 83 88 90 92 94 96 99 104
5 9 11 14 16 21 23 27 29 33 36 38 41 42 46 48 50 52 56 57 62 65 67 69 72 74 77 79 83 88 90 92 94 96 99 104
2 9 12 14 16 20 23 27 29 33 36 38 41 42 46 48 50 52 56 57 61 65 67 71 72 74 77 79 83 88 90 92 94 96 99 104
3 9 12 14 16 21 23 27 29 33 36 38 41 42 46 48 50 52 56 57 62 65 67 69 72 74 77 79 83 88 90 92 94 96 99 104
4 9 11 14 16 19 23 27 29 33 36 38 41 42 46 48 50 52 56 57 62 65 67 69 72 74 77 79 83 88 90 92 94 96 99 104
5 9 11 14 16 19 23 27 29 33 36 38 41 42 46 48 50 52 56 57 62 65 67 69 72 74 77 79 83 88 90 92 94 96 99 104
2 9 12 15 16 20 23 27 29 33 36 38 41 42 46 48 50 52 56 57 61 65 67 71 72 74 77 79 83 88 90 92 94 96 99 104
3 9 12 15 16 21 23 27 29 33 36 38 41 42 46 48 50 52 56 57 62 65 67 69 72 74 77 79 83 88 90 92 94 96 99 104
4 9 11 14 16 20 23 27 29 33 36 38 41 42 46 48 50 52 56 57 62 65 67 69 72 74 77 79 83 88 90 92 94 96 99 104
3 9 11 14 16 21 23 27 29 33 36 38 41 42 46 48 50 52 56 57 62 65 67 69 72 74 77 79 83 88 90 92 94 96 99 104
4 9 11 14 16 20 23 27 29 33 36 38 41 42 46 48 50 52 56 57 62 65 67 69 72 74 77 79 83 88 90 92 94 96 99 104
4 9 11 14 16 21 23 27 29 33 36 38 41 42 46 48 50 52 56 57 62 65 67 69 72 74 77 79 83 88 90 92 94 96 99 104
4 8 10 13 17 19 22 28 29 32 36 38 41 42 46 48 50 52 56 58 59 66 67 69 72 75 77 79 87 88 90 92 94 96 98 105
5 8 11 13 17 20 24 27 30 33 36 37 39 44 47 48 50 52 56 58 59 66 67 69 72 75 77 79 87 88 90 92 94 96 98 105
4 8 10 13 17 21 24 28 29 33 36 38 41 42 46 48 50 52 56 58 59 66 67 69 72 75 77 79 87 88 90 92 94 96 98 105
6 8 10 14 17 21 22 27 29 32 36 38 41 42 47 48 50 52 56 58 59 66 67 69 72 75 77 79 87 88 90 92 94 96 98 105
7 8 10 14 17 20 23 27 30 33 36 38 41 42 46 48 50 52 56 58 59 66 67 69 72 75 77 79 87 88 90 92 94 96 98 105
5 8 11 13 17 21 24 28 29 34 36 37 39 44 47 48 50 52 56 58 59 66 67 69 72 75 77 79 87 88 90 92 94 96 98 105
6 8 10 15 16 20 25 27 29 34 35 38 39 44 47 48 50 52 56 57 59 63 67 69 72 75 77 79 83 88 90 92 94 96 98 105
6 8 10 14 16 19 22 27 30 32 35 38 39 44 47 48 50 52 56 57 59 63 67 69 72 75 77 79 83 88 90 92 94 96 98 105
5 8 10 14 16 21 24 27 29 33 35 38 39 44 47 48 50 52 56 57 59 63 67 69 72 75 77 79 83 88 90 92 94 96 98 105
6 8 10 14 16 20 25 27 29 34 35 38 39 44 47 48 50 52 56 57 59 63 67 69 72 75 77 79 83 88 90 92 94 96 98 105
6 8 10 14 16 20 24 27 30 33 35 38 39 44 47 48 50 52 56 57 59 63 67 69 72 75 77 79 83 88 90 92 94 96 98 105
4 9 11 13 16 20 22 28 29 34 36 37 39 44 47 48 50 52 56 58 59 66 67 69 72 75 77 79 87 88 90 92 94 96 98 105
6 9 11 14 16 20 25 28 29 32 36 37 39 44 47 48 50 52 56 58 59 66 67 69 72 75 77 79 87 88 90 92 94 96 98 105
5 9 10 13 16 20 24 28 29 33 36 38 41 42 46 48 50 52 56 57 59 66 67 69 72 75 77 79 87 88 90 92 94 96 98 105
6 9 11 13 16 21 25 27 30 34 36 37 39 44 47 48 50 52 56 58 59 66 67 69 72 75 77 79 87 88 90 92 94 96 98 105
5 9 11 13 16 21 23 27 30 32 36 37 39 44 47 48 50 52 56 57 59 66 67 69 72 75 77 79 87 88 90 92 94 96 98 105
7 9 11 14 16 21 25 27 30 33 36 37 39 44 47 48 50 52 56 58 59 66 67 69 72 75 77 79 87 88 90 92 94 96 98 105
4 8 10 14 16 20 24 27 29 33 35 38 39 44 47 48 50 52 56 57 59 63 67 69 72 75 77 79 83 88 90 92 94 96 98 105
6 8 10 15 16 21 22 27 29 34 35 38 39 44 47 48 50 52 56 57 59 63 67 69 72 75 77 79 83 88 90 92 94 96 98 105
4 8 10 14 16 20 24 27 30 33 35 38 39 44 47 48 50 52 56 57 59 63 67 69 72 75 77 79 83 88 90 92 94 96 98 105
5 8 10 14 16 19 25 27 29 32 35 38 39 44 47 48 50 52 56 57 59 63 67 69 72 75 77 79 83 88 90 92 94 96 98 105
6 8 10 15 16 20 22 27 30 32 35 38 39 44 47 48 50 52 56 57 59 63 67 69 72 75 77 79 83 88 90 92 94 96 98 105
5 8 10 14 16 19 22 27 29 32 35 38 39 44 47 48 50 52 56 57 59 63 67 69 72 75 77 79 83 88 90 92 94 96 98 105
6 8 10 15 16 21 24 27 30 33 35 38 39 44 47 48 50 52 56 57 59 63 67 69 72 75 77 79 83 88 90 92 94 96 98 105
2 8 10 13 17 18 22 26 29 32 35 38 39 44 47 48 50 53 55 57 59 63 67 69 72 74 77 79 83 88 90 92 94 96 98 106
3 8 11 14 17 19 23 27 30 33 35 38 39 44 47 48 50 53 55 57 59 63 67 69 72 74 77 79 83 88 90 92 94 96 98 106
4 8 12 13 17 20 24 26 29 34 35 38 39 44 47 48 50 53 55 57 59 63 67 69 72 74 77 79 83 88 90 92 94 96 98 106
5 8 10 14 17 21 25 27 29 32 35 38 39 44 47 48 50 53 55 57 59 63 67 69 72 74 77 79 83 88 90 92 94 96 98 106
6 8 11 13 17 18 22 26 29 33 35 38 39 44 47 48 50 53 55 57 59 63 67 69 72 74 77 79 83 88 90 92 94 96 98 106
5 8 11 13 17 20 24 26 30 32 35 38 39 44 47 48 50 53 55 57 59 63 67 69 72 74 77 79 83 88 90 92 94 96 98 106
4 9 10 14 16 21 25 27 30 34 35 38 39 44 47 48 50 53 55 57 59 63 67 69 72 74 77 79 83 88 90 92 94 96 98 106
5 9 11 13 16 18 22 26 31 32 35 38 39 44 47 48 50 53 55 57 59 63 67 69 72 74 77 79 83 88 90 92 94 96 98 106
3 9 11 13 16 18 22 26 29 33 35 38 39 44 47 48 50 53 55 57 59 63 67 69 72 74 77 79 83 88 90 92 94 96 98 106
6 9 10 14 16 21 25 27 29 33 35 38 39 44 47 48 50 53 55 57 59 63 67 69 72 74 77 79 83 88 90 92 94 96 98 106
4 8 12 13 17 20 24 27 29 33 35 38 40 42 46 48 50 54 55 57 59 63 67 69 72 74 77 79 83 89 91 92 94 96 98 107
5 8 12 14 17 21 25 27 30 34 35 38 41 42 46 48 51 54 55 57 59 63 67 69 72 74 77 79 83 89 91 92 94 96 98 107
6 8 12 14 17 19 22 27 29 33 35 38 40 42 46 48 50 54 55 57 59 63 67 69 72 74 77 79 83 89 91 92 94 96 98 107
3 8 12 13 17 18 25 27 30 34 35 38 41 42 46 48 50 54 55 57 59 63 67 69 72 74 77 79 83 89 91 92 94 96 98 107
4 8 12 14 17 19 22 27 29 33 35 38 41 42 46 48 51 54 55 57 59 63 67 69 72 74 77 79 83 89 91 92 94 96 98 107
7 9 12 13 16 19 25 26 30 34 35 38 41 42 46 48 51 54 55 57 59 63 67 69 72 74 77 79 83 89 91 92 94 96 98 107
4 9 12 15 16 21 23 27 30 34 35 38 40 42 46 48 50 54 55 57 59 63 67 69 72 74 77 79 83 89 91 92 94 96 98 107
6 9 12 14 16 20 25 26 30 34 35 38 40 42 46 48 50 54 55 57 59 63 67 69 72 74 77 79 83 89 91 92 94 96 98 107
4 9 12 14 16 19 23 26 30 34 35 38 41 42 46 48 50 54 55 57 59 63 67 69 72 74 77 79 83 89 91 92 94 96 98 107
6 9 12 13 16 21 25 26 30 34 35 38 41 42 46 48 50 54 55 57 59 63 67 69 72 74 77 79 83 89 91 92 94 96 98 107
2 9 12 14 16 21 24 27 29 34 35 38 41 42 46 48 50 52 56 57 62 64 68 69 72 74 77 79 83 88 90 92 94 96 98 108
3 8 12 14 16 19 23 27 29 32 35 38 41 42 46 49 50 52 55 57 59 63 67 69 72 74 77 79 83 88 90 92 94 96 98 108
4 8 12 14 16 20 25 27 29 33 35 38 41 42 46 48 50 52 55 57 59 63 67 69 72 74 77 79 83 88 90 92 94 96 98 108
3 9 12 14 16 21 25 27 29 34 35 38 41 42 46 49 50 52 55 57 59 63 67 69 72 74 77 79 83 88 90 92 94 96 98 108
3 8 12 14 16 20 24 27 29 33 35 38 41 42 46 49 50 52 56 57 62 64 68 69 72 74 77 79 83 88 90 92 94 96 98 108
6 8 12 14 16 20 25 28 30 33 35 38 41 42 46 48 50 52 56 57 59 66 68 70 72 74 77 79 83 88 90 92 94 96 98 108
3 8 12 14 16 21 25 27 30 33 35 38 41 42 46 49 50 52 55 57 59 63 67 69 72 74 77 79 83 88 90 92 94 96 98 108
2 8 12 14 16 20 25 27 31 33 35 38 41 42 46 49 50 52 55 57 59 63 67 69 72 74 77 79 83 88 90 92 94 96 98 108
3 9 11 14 17 20 24 27 30 34 36 38 41 42 46 48 50 52 55 57 59 63 67 69 72 74 77 79 83 88 90 92 94 96 98 108
4 9 12 15 17 19 23 26 31 33 35 38 41 42 46 48 50 52 56 57 62 64 67 69 72 74 77 80 85 88 90 92 94 96 98 108
1 8 11 14 16 18 22 26 29 32 35 38 41 42 46 48 50 52 55 57 59 63 67 69 72 74 77 79 83 88 90 92 94 96 98 108
2 8 12 15 16 19 23 26 30 33 36 38 41 42 46 48 50 52 55 57 59 63 67 69 72 74 77 79 83 88 90 92 94 96 98 108
3 8 11 14 16 20 24 27 31 34 35 38 41 42 46 48 50 52 55 57 59 63 67 69 72 74 77 79 83 88 90 92 94 96 98 108
4 8 12 15 16 21 25 26 29 33 36 38 41 42 46 48 50 52 56 57 62 64 67 69 72 74 77 79 84 88 90 92 94 96 98 108
5 8 11 14 16 19 22 27 30 34 35 38 41 42 46 48 50 52 56 57 62 64 68 69 72 74 77 80 85 88 90 92 94 96 98 108
1 8 12 15 16 20 23 27 31 33 36 38 41 42 46 48 50 52 55 57 59 63 67 69 72 74 77 79 83 88 90 92 94 96 98 108
2 8 11 14 16 21 24 26 29 34 35 38 41 42 46 48 50 52 55 57 59 63 67 69 72 74 77 79 83 88 90 92 94 96 98 108
3 8 12 15 16 19 25 26 30 33 35 38 41 42 46 48 50 52 55 57 59 63 67 69 72 74 77 79 83 88 90 92 94 96 98 108
1 8 11 14 16 20 22 26 31 34 36 38 41 42 46 48 50 52 55 57 59 63 67 69 72 74 77 79 83 88 90 92 94 96 98 108
2 9 12 15 17 21 23 26 29 33 35 38 41 42 46 48 50 52 55 57 59 63 67 69 72 74 77 79 83 88 90 92 94 96 98 108
2 8 12 14 16 19 23 27 29 32 35 38 41 42 46 48 50 52 55 57 59 63 67 69 72 74 77 79 83 88 90 92 94 96 98 108
3 8 12 14 16 20 24 27 29 33 35 38 41 42 46 49 50 52 55 57 59 63 67 69 72 74 77 79 83 88 90 92 94 96 98 108
4 9 12 14 16 21 25 27 29 34 35 38 41 42 46 48 50 52 56 57 62 64 68 69 72 74 77 79 83 88 90 92 94 96 98 108
5 8 12 14 16 20 23 27 29 32 35 38 41 42 46 49 50 52 56 57 62 64 68 69 72 74 77 79 83 88 90 92 94 96 98 108
6 8 12 14 16 21 24 27 29 33 35 38 41 42 46 48 50 52 56 57 62 64 68 69 72 74 77 79 83 88 90 92 94 96 98 108
2 9 12 14 16 20 25 27 29 34 35 38 41 42 46 49 50 52 55 57 59 63 67 69 72 74 77 79 83 88 90 92 94 96 98 108
3 8 12 14 16 21 25 27 29 32 35 38 41 42 46 49 50 52 55 57 59 63 67 69 72 74 77 79 83 88 90 92 94 96 98 108
4 8 12 14 16 20 25 27 29 33 35 38 41 42 46 48 50 52 56 57 62 64 68 69 72 74 77 79 83 88 90 92 94 96 98 108
2 9 12 14 16 21 25 27 29 34 35 38 41 42 46 49 50 52 55 57 59 63 67 69 72 74 77 79 83 88 90 92 94 96 98 108
3 8 12 14 16 19 23 27 29 32 35 38 41 42 46 49 50 52 55 57 59 63 67 69 72 74 77 79 83 88 90 92 94 96 98 108
4 8 12 14 16 20 24 27 29 33 35 38 41 42 46 48 50 52 56 57 62 64 68 69 72 74 77 79 83 88 90 92 94 96 98 108
2 9 12 14 16 21 25 27 29 34 35 38 41 42 46 49 50 52 55 57 59 63 67 69 72 74 77 79 83 88 90 92 94 96 98 108
3 8 12 14 16 20 25 27 29 32 35 38 41 42 46 49 50 52 55 57 59 63 67 69 72 74 77 79 83 88 90 92 94 96 98 108
4 8 12 14 16 21 25 27 29 33 35 38 41 42 46 49 50 52 56 57 62 64 68 69 72 74 77 79 83 88 90 92 94 96 98 108
2 9 12 14 16 20 23 27 29 34 35 38 41 42 46 49 50 52 55 57 59 63 67 69 72 74 77 79 83 88 90 92 94 96 98 108
3 8 12 14 16 21 24 27 29 32 35 38 41 42 46 49 50 52 55 57 59 63 67 69 72 74 77 79 83 88 90 92 94 96 98 108
4 8 12 14 16 20 25 27 29 33 35 38 41 42 46 48 50 52 56 57 62 64 68 69 72 74 77 79 83 88 90 92 94 96 98 108
5 9 12 14 16 21 23 27 29 34 35 38 41 42 46 48 50 52 56 57 62 64 68 69 72 74 77 79 83 88 90 92 94 96 98 108
6 8 12 14 16 19 24 27 29 32 35 38 41 42 46 48 50 52 56 57 62 64 68 69 72 74 77 79 83 88 90 92 94 96 98 108
2 8 12 14 16 20 25 27 29 33 35 38 41 42 46 49 50 52 55 57 59 63 67 69 72 74 77 79 83 88 90 92 94 96 98 108
3 9 12 14 16 21 25 27 29 34 35 38 41 42 46 49 50 52 55 57 59 63 67 69 72 74 77 79 83 88 90 92 94 96 98 108
4 8 12 14 16 20 23 27 29 32 35 38 41 42 46 48 50 52 56 57 62 64 68 69 72 74 77 79 83 88 90 92 94 96 98 108
5 8 12 14 16 21 25 27 29 33 35 38 41 42 46 48 50 52 56 57 62 64 68 69 72 74 77 79 83 88 90 92 94 96 98 108
6 9 12 14 16 21 25 27 29 34 35 38 41 42 46 48 50 52 56 57 62 64 68 69 72 74 77 79 83 88 90 92 94 96 98 108
2 8 12 14 16 19 23 27 29 32 35 38 41 42 46 48 50 52 55 57 59 63 67 69 72 74 77 79 83 88 90 92 94 96 98 108
3 8 12 14 16 20 24 27 29 33 35 38 41 42 46 48 50 52 55 57 59 63 67 69 72 74 77 79 83 88 90 92 94 96 98 108
4 9 12 14 16 21 25 27 29 34 35 38 41 42 46 49 50 52 56 57 62 64 68 69 72 74 77 79 83 88 90 92 94 96 98 108
2 8 12 14 16 19 23 27 29 32 35 38 41 42 46 49 50 52 56 57 62 64 68 69 72 74 77 79 83 88 90 92 94 96 98 108
3 8 12 14 16 20 24 27 29 33 35 38 41 42 46 49 50 52 56 57 62 64 68 69 72 74 77 79 83 88 90 92 94 96 98 108
4 9 12 14 16 21 25 27 29 34 35 38 41 42 46 49 50 52 56 57 62 64 68 69 72 74 77 79 83 88 90 92 94 96 98 108
2 8 12 14 16 19 25 27 29 32 35 38 41 42 46 49 50 52 56 57 62 64 68 69 72 74 77 79 83 88 90 92 94 96 98 108
3 8 12 14 16 20 24 27 29 33 35 38 41 42 46 49 50 52 56 57 62 64 68 69 72 74 77 79 83 88 90 92 94 96 98 108
4 8 12 14 17 19 23 27 30 33 35 38 41 42 45 49 50 52 55 57 59 63 67 69 72 74 77 79 83 88 90 92 94 96 98 116
5 9 11 14 16 20 24 26 29 34 35 38 40 42 45 49 50 52 55 57 59 63 67 69 72 74 77 79 83 88 90 92 94 96 98 116
3 9 11 14 16 19 22 26 29 34 35 38 40 42 45 48 50 52 55 57 59 63 67 69 72 74 77 79 83 88 90 92 94 96 98 116
5 8 11 15 16 21 24 26 29 33 35 38 40 42 45 49 50 52 55 57 59 63 67 69 72 74 77 79 83 88 90 92 94 96 98 116
6 9 12 14 17 19 25 27 30 34 36 38 41 42 45 49 50 52 55 57 59 63 67 69 72 74 77 79 83 88 90 92 94 96 98 116
4 8 11 14 16 20 22 26 29 32 36 38 40 42 45 49 50 52 55 57 59 63 67 69 72 74 77 79 83 88 90 92 94 96 98 116
5 8 12 14 17 21 23 27 30 33 35 38 41 42 45 48 51 52 55 57 59 63 67 69 72 74 77 79 83 88 90 92 94 96 98 116
4 8 12 14 17 19 24 27 30 33 36 38 41 42 45 49 50 52 55 57 59 63 67 69 72 74 77 79 83 88 90 92 94 96 98 116
5 9 11 14 16 20 25 26 29 34 35 38 40 42 45 49 50 52 55 57 59 63 67 69 72 74 77 79 83 88 90 92 94 96 98 116
6 8 12 14 17 21 22 27 30 33 36 38 41 42 45 49 50 52 55 57 59 63 67 69 72 74 77 79 83 88 90 92 94 96 98 116
4 8 11 13 17 21 25 26 29 33 35 38 40 43 45 48 50 52 55 57 59 63 67 69 72 74 77 79 83 89 91 93 94 96 98 117
2 9 11 14 16 19 22 26 30 34 35 38 40 43 45 49 50 52 55 57 59 63 67 69 72 74 77 79 83 88 90 92 95 96 99 117
3 8 11 15 17 20 23 26 29 33 35 38 41 43 45 49 50 52 55 57 59 63 67 69 72 74 77 79 83 89 91 93 94 96 98 117
4 9 11 14 16 21 24 26 29 34 35 38 41 42 45 48 50 52 55 57 59 63 67 69 72 74 77 79 83 88 90 92 94 96 99 117
3 8 12 14 17 21 23 27 30 33 35 38 40 43 45 49 50 52 55 57 59 63 67 69 72 74 77 79 83 89 91 93 94 96 98 117
3 8 12 14 17 19 25 27 29 33 35 38 40 43 45 49 50 52 55 57 59 63 67 69 72 74 77 79 83 89 91 93 94 96 98 117
2 8 11 14 17 21 23 26 30 33 35 38 40 42 45 49 50 52 55 57 59 63 67 69 72 74 77 79 83 89 91 93 95 96 98 117
3 9 12 15 16 19 24 27 30 34 35 38 40 43 45 49 50 52 55 57 59 63 67 69 72 74 77 79 83 88 90 92 94 96 99 117
6 8 11 15 17 18 23 26 29 33 36 38 40 43 45 48 51 52 55 57 59 63 67 69 72 74 77 79 83 89 91 93 94 96 98 117
3 9 12 13 16 19 24 27 29 34 35 38 40 43 45 49 51 52 55 57 59 63 67 69 72 74 77 79 83 88 90 92 94 96 99 117
6 8 12 15 17 20 24 26 29 33 35 38 41 42 45 48 50 52 55 58 59 66 67 69 72 74 77 80 84 89 90 93 94 96 98 118
7 8 12 13 17 21 25 26 30 34 35 38 41 42 45 48 50 52 56 57 59 66 67 69 72 74 77 80 84 89 90 93 94 96 98 118
6 8 12 15 17 19 23 26 30 34 35 38 41 42 45 48 50 52 55 57 59 66 67 69 72 74 77 80 84 89 90 93 94 96 98 118
5 8 12 15 17 18 22 26 29 34 35 38 41 42 45 48 50 52 55 58 59 66 67 69 72 74 77 80 84 89 90 93 94 96 98 118
6 8 12 13 16 19 23 26 29 33 35 38 41 42 45 48 50 52 56 57 59 66 67 69 72 74 77 80 84 89 90 93 94 96 98 118
7 8 12 14 16 20 24 26 29 34 35 37 39 44 47 48 50 52 56 57 59 66 67 69 72 74 77 80 84 89 90 93 94 96 98 118
4 8 12 15 16 21 25 26 29 33 35 37 39 44 47 48 50 52 55 57 59 66 67 69 72 74 77 79 83 89 90 93 94 96 98 118
4 8 12 13 16 21 25 26 29 34 35 37 39 44 47 48 50 52 55 57 59 66 67 69 72 74 77 79 83 89 90 93 94 96 98 118
6 8 12 15 16 19 23 26 30 34 35 37 39 44 47 48 50 52 55 57 59 66 67 69 72 74 77 79 83 89 90 93 94 96 98 118
7 8 12 14 16 21 25 26 30 34 35 38 41 42 45 48 50 52 56 57 59 66 67 69 72 74 77 80 84 89 90 93 94 96 98 118
1 8 12 14 16 18 22 26 29 32 35 38 39 44 47 48 50 52 56 57 61 64 67 70 72 74 77 79 83 89 90 93 95 97 98 119
3 8 12 14 16 20 24 26 31 34 36 38 39 44 47 48 50 52 56 57 62 64 67 70 72 74 77 79 83 89 90 93 95 97 98 119
5 8 12 14 16 18 22 26 30 33 35 38 39 44 47 48 50 52 56 57 62 64 68 70 72 74 77 80 85 89 91 92 95 97 98 119
2 8 12 14 16 18 22 26 31 33 36 38 39 44 47 48 50 52 56 57 61 64 67 70 72 74 77 79 83 89 90 93 94 97 98 119
5 9 12 15 17 19 23 27 29 32 35 38 39 44 47 48 50 52 56 58 62 65 68 70 72 74 77 80 85 89 91 92 95 96 98 119
7 8 12 14 16 21 25 27 29 33 35 37 39 44 47 48 50 52 56 57 62 65 68 69 72 74 77 80 85 89 91 92 95 97 98 119
7 9 12 14 16 19 23 27 30 32 35 37 39 44 47 48 50 52 56 57 62 65 68 69 72 74 77 80 85 89 91 92 95 97 98 119
7 9 12 14 16 21 25 27 29 32 35 37 39 44 47 48 50 52 56 57 62 65 68 69 72 74 77 80 85 89 91 92 95 97 98 119
6 9 12 14 16 20 24 27 29 34 35 37 39 44 47 48 50 52 56 57 62 65 68 69 72 74 77 80 85 89 91 92 95 97 98 119
6 8 12 14 16 21 25 27 30 32 35 37 39 44 47 48 50 52 56 57 62 65 68 69 72 74 77 80 85 89 91 92 95 97 98 119
5 8 12 14 16 20 24 27 30 34 35 37 39 44 47 48 50 52 56 57 62 65 67 69 72 74 77 80 85 88 90 92 94 96 98 119
4 9 12 15 17 19 23 26 30 34 36 38 39 44 47 48 50 52 56 58 62 65 68 70 72 74 77 80 85 88 90 92 94 96 98 119
5 9 12 15 17 19 23 26 30 32 36 38 39 44 47 48 50 52 56 58 62 65 68 70 72 74 77 80 85 88 90 92 94 96 98 119
6 9 12 15 17 20 24 27 29 33 35 38 39 44 47 48 50 52 56 57 62 64 68 70 72 74 77 80 85 88 90 92 94 96 98 119
7 9 12 15 17 21 25 26 30 34 35 38 39 44 47 48 50 52 56 57 62 65 68 70 72 74 77 80 85 88 90 92 94 96 98 119
5 8 12 14 16 19 23 28 29 32 35 37 39 44 47 48 50 52 56 57 62 65 67 69 72 74 77 80 85 88 90 92 94 96 98 119
6 9 12 14 16 20 24 27 30 33 35 37 39 44 47 48 50 52 56 57 62 65 68 69 72 74 77 80 85 89 91 92 95 97 98 119
7 8 12 14 16 21 25 27 29 32 35 37 39 44 47 48 50 52 56 57 62 65 68 69 72 74 77 80 85 89 91 92 95 97 98 119
5 9 12 14 16 19 23 28 30 33 35 37 39 44 47 48 50 52 56 57 62 65 67 69 72 74 77 80 85 88 90 92 94 96 98 119
6 8 12 14 16 20 24 27 29 32 35 37 39 44 47 48 50 52 56 57 62 65 68 69 72 74 77 80 85 89 91 92 95 97 98 119
7 9 12 14 16 21 25 27 30 33 35 37 39 44 47 48 50 52 56 57 62 65 68 69 72 74 77 80 85 89 91 92 95 97 98 119
6 8 12 14 16 21 25 27 29 32 35 37 39 44 47 48 50 52 56 57 62 65 68 69 72 74 77 80 85 88 90 92 94 96 98 119
6 9 12 14 16 19 23 27 30 33 35 37 39 44 47 48 50 52 56 57 62 65 67 69 72 74 77 80 85 88 90 92 94 96 98 119
6 8 12 14 16 19 23 27 29 33 35 37 39 44 47 48 50 52 56 57 62 65 68 69 72 74 77 80 85 88 90 92 94 96 98 119
2 8 10 14 17 18 22 27 29 32 35 38 41 42 46 48 51 52 55 57 59 63 67 69 72 74 77 79 83 88 90 92 94 96 98 109
4 8 10 14 17 20 25 26 29 34 36 38 41 42 46 48 51 52 55 57 59 63 67 69 72 74 77 79 83 88 90 92 94 96 98 109
2 9 11 14 16 20 25 27 29 34 35 38 41 42 46 48 50 52 55 57 59 63 67 69 72 74 77 79 83 88 90 92 94 96 98 109
3 9 11 14 16 20 22 27 29 34 35 38 41 42 46 48 50 52 55 57 59 63 67 69 72 74 77 79 83 88 90 92 94 96 98 109
3 8 10 15 17 19 24 26 30 33 35 38 41 42 46 49 50 52 55 57 59 63 67 69 72 74 77 79 83 88 90 92 94 96 98 109
3 8 10 15 17 19 25 26 29 34 35 38 41 42 46 49 50 52 55 57 59 63 67 69 72 74 77 79 83 88 90 92 94 96 98 109
4 9 11 15 16 19 22 26 29 32 36 38 41 42 46 49 51 52 55 57 59 63 67 69 72 74 77 79 83 88 90 92 94 96 98 109
5 9 11 15 16 19 24 26 30 33 36 38 41 42 46 49 51 52 55 57 59 63 67 69 72 74 77 79 83 88 90 92 94 96 98 109
3 9 11 15 16 21 22 26 30 33 35 38 41 42 46 49 51 52 55 57 59 63 67 69 72 74 77 79 83 88 90 92 94 96 98 109
5 9 11 15 16 19 25 26 30 33 35 38 41 42 46 49 51 52 55 57 59 63 67 69 72 74 77 79 83 88 90 92 94 96 98 109
7 8 12 15 16 20 24 26 30 32 35 38 41 42 46 48 50 52 55 57 59 63 67 69 72 74 77 79 83 88 90 92 94 96 98 110
6 8 12 15 16 20 24 27 29 32 35 38 41 42 46 48 50 52 55 57 59 63 67 69 72 74 77 79 83 88 90 92 94 96 98 110
7 9 12 15 16 20 25 27 30 34 35 38 41 42 46 48 50 52 55 57 59 63 67 69 72 74 77 79 83 88 90 92 94 96 98 110
6 9 12 14 16 20 24 26 29 34 35 38 41 42 46 48 50 52 55 57 59 63 67 69 72 74 77 79 83 88 90 92 94 96 98 110
7 8 12 14 16 21 25 26 30 32 35 38 41 42 46 48 50 52 55 57 59 63 67 69 72 74 77 79 83 88 90 92 94 96 98 110
6 8 12 14 16 20 24 26 29 32 35 38 41 42 46 49 50 52 55 57 59 63 67 69 72 74 77 79 83 88 90 92 94 96 98 110
7 8 12 14 16 21 25 26 30 33 35 38 41 42 46 49 50 52 55 57 59 63 67 69 72 74 77 79 83 88 90 92 94 96 98 110
6 8 12 14 16 21 22 26 30 33 35 38 41 42 46 49 50 52 55 57 59 63 67 69 72 74 77 79 83 88 90 92 94 96 98 110
6 9 12 14 17 18 22 27 30 33 35 38 41 42 46 48 50 52 55 57 59 63 67 69 72 74 77 79 83 89 90 93 94 96 98 110
6 9 12 14 17 19 23 27 30 33 35 38 41 42 46 48 50 52 55 57 59 63 67 69 72 74 77 79 83 88 90 92 94 96 98 110
5 8 12 14 17 18 22 27 29 32 35 38 41 42 46 48 50 52 55 57 59 63 67 69 72 74 77 79 83 89 90 93 94 96 98 110
7 9 11 15 17 19 23 26 31 34 35 38 41 42 46 48 50 52 55 57 59 63 67 69 72 74 77 79 83 88 90 92 94 96 98 110
5 9 12 14 16 20 24 26 29 32 35 38 41 42 46 48 50 52 55 57 59 63 67 69 72 74 77 79 83 89 90 92 94 96 98 110
7 8 11 14 17 18 22 26 31 34 35 38 41 42 46 48 50 52 55 57 59 63 67 69 72 74 77 79 83 89 90 93 94 96 98 110
6 8 12 14 17 20 24 27 30 33 35 38 41 42 46 48 50 52 55 57 59 63 67 69 72 74 77 79 83 89 90 93 94 96 98 110
7 8 11 15 17 21 25 26 31 32 35 38 41 42 46 48 50 52 55 57 59 63 67 69 72 74 77 79 83 88 90 93 94 96 98 110
5 9 12 15 16 18 22 26 29 34 35 38 41 42 46 48 50 52 55 57 59 63 67 69 72 74 77 79 83 89 90 93 94 96 98 110
6 9 11 15 17 18 22 27 30 34 35 38 41 42 46 48 50 52 55 57 59 63 67 69 72 74 77 79 83 89 90 93 94 96 98 110
7 8 12 14 16 19 23 26 31 32 35 38 41 42 46 48 50 52 55 57 59 63 67 69 72 74 77 79 83 88 90 92 94 96 98 110
6 9 11 15 17 20 24 26 29 32 35 38 41 42 46 48 50 52 55 57 59 63 67 69 72 74 77 79 83 89 90 93 94 96 98 110
5 8 12 14 16 19 22 27 29 32 35 38 41 42 46 48 50 52 55 57 59 63 67 69 72 74 77 79 83 88 90 92 94 96 98 110
6 8 12 15 16 20 23 27 30 33 35 38 41 42 46 48 50 52 55 57 59 63 67 69 72 74 77 79 83 88 90 92 94 96 98 110
7 9 12 15 16 21 24 26 29 34 35 38 41 42 46 48 50 52 55 57 59 63 67 69 72 74 77 79 83 88 90 92 94 96 98 110
6 8 12 15 16 19 25 26 30 32 35 38 41 42 46 48 50 52 55 57 59 63 67 69 72 74 77 79 83 88 90 92 94 96 98 110
6 8 12 15 16 20 22 27 29 33 35 38 41 42 46 48 50 52 55 57 59 63 67 69 72 74 77 79 83 88 90 92 94 96 98 110
6 9 12 15 16 21 23 26 30 34 35 38 41 42 46 48 50 52 55 57 59 63 67 69 72 74 77 79 83 88 90 92 94 96 98 110
6 8 12 15 16 20 25 26 30 33 35 38 41 42 46 48 50 52 55 57 59 63 67 69 72 74 77 79 83 88 90 92 94 96 98 110
6 9 12 15 16 21 22 27 29 34 35 38 41 42 46 48 50 52 55 57 59 63 67 69 72 74 77 79 83 88 90 92 94 96 98 110
6 8 12 15 16 19 23 26 30 32 35 38 41 42 46 48 50 52 55 57 59 63 67 69 72 74 77 79 83 88 90 92 94 96 98 110
5 8 12 14 16 20 24 27 29 33 35 38 41 42 46 48 50 52 55 57 59 63 67 69 72 74 77 79 83 88 90 92 94 96 98 110
6 9 12 15 16 21 25 26 30 34 35 38 41 42 46 48 50 52 55 57 59 63 67 69 72 74 77 79 83 88 90 92 94 96 98 110
7 8 12 15 16 19 22 26 29 32 35 38 41 42 46 48 50 52 55 57 59 63 67 69 72 74 77 79 83 88 90 92 94 96 98 110
4 8 12 14 16 20 23 27 30 33 35 38 41 42 46 48 50 52 55 57 59 63 67 69 72 74 77 79 83 88 90 92 94 96 98 110
5 9 12 14 16 21 24 27 29 34 35 38 41 42 46 48 50 52 55 57 59 63 67 69 72 74 77 79 83 88 90 92 94 96 98 110
6 8 12 15 16 19 25 27 30 32 35 38 41 42 46 48 50 52 55 57 59 63 67 69 72 74 77 79 83 88 90 92 94 96 98 110
7 8 12 15 16 20 22 26 29 33 35 38 41 42 46 48 50 52 55 57 59 63 67 69 72 74 77 79 83 88 90 92 94 96 98 110
5 9 12 14 16 21 23 27 30 34 35 38 41 42 46 48 50 52 55 57 59 63 67 69 72 74 77 79 83 88 90 92 94 96 98 110
5 8 12 14 16 19 24 27 29 32 35 38 41 42 46 48 50 52 55 57 59 63 67 69 72 74 77 79 83 88 90 92 94 96 98 110
6 8 12 15 16 20 25 26 30 33 35 38 41 42 46 48 50 52 55 57 59 63 67 69 72 74 77 79 83 88 90 92 94 96 98 110
6 9 12 15 16 21 22 26 29 34 35 38 41 42 46 48 50 52 55 57 59 63 67 69 72 74 77 79 83 88 90 92 94 96 98 110
6 8 12 15 16 19 23 27 30 32 35 38 41 42 46 48 50 52 55 57 59 63 67 69 72 74 77 79 83 88 90 92 94 96 98 110
7 8 12 15 16 20 24 26 29 33 35 38 41 42 46 48 50 52 55 57 59 63 67 69 72 74 77 79 83 88 90 92 94 96 98 110
7 9 12 15 16 21 25 26 30 34 35 38 41 42 46 48 50 52 55 57 59 63 67 69 72 74 77 79 83 88 90 92 94 96 98 110
6 8 12 15 16 19 22 26 29 32 35 38 41 42 46 48 50 52 55 57 59 63 67 69 72 74 77 79 83 88 90 92 94 96 98 110
7 8 12 15 16 20 23 27 30 33 35 38 41 42 46 48 50 52 55 57 59 63 67 69 72 74 77 79 83 88 90 92 94 96 98 110
6 9 12 15 16 21 24 26 29 34 35 38 41 42 46 48 50 52 55 57 59 63 67 69 72 74 77 79 83 88 90 92 94 96 98 110
7 8 12 15 16 21 25 27 30 32 35 38 41 42 46 48 50 52 55 57 59 63 67 69 72 74 77 79 83 88 90 92 94 96 98 110
6 8 12 15 16 21 23 26 29 33 35 38 41 42 46 48 50 52 55 57 59 63 67 69 72 74 77 79 83 88 90 92 94 96 98 110
7 9 12 15 16 21 24 27 30 34 35 38 41 42 46 48 50 52 55 57 59 63 67 69 72 74 77 79 83 88 90 92 94 96 98 110
6 8 12 15 16 20 23 27 29 32 35 38 41 42 46 48 50 52 55 57 59 63 67 69 72 74 77 79 83 88 90 92 94 96 98 110
7 8 12 15 16 20 24 26 30 33 35 38 41 42 46 48 50 52 55 57 59 63 67 69 72 74 77 79 83 88 90 92 94 96 98 110
5 9 12 14 16 21 22 27 29 34 35 38 41 42 46 48 50 52 56 57 62 65 67 70 72 74 77 80 84 88 90 92 94 96 98 111
5 8 12 14 16 20 24 27 29 33 35 38 41 42 46 48 50 52 56 57 62 65 67 70 72 74 77 80 84 88 90 92 94 96 98 111
4 8 12 14 16 19 22 26 29 32 35 38 41 42 46 48 50 52 55 57 59 63 67 69 72 74 77 79 83 88 90 92 94 96 98 111
5 8 12 14 16 19 25 27 30 32 35 38 41 42 46 48 50 52 55 57 59 63 67 69 72 74 77 79 83 88 90 92 94 96 98 111
5 9 12 14 16 21 23 27 30 34 35 38 41 42 46 48 50 52 55 57 59 63 67 69 72 74 77 79 83 88 90 92 94 96 98 111
5 9 12 14 16 20 23 26 30 34 35 38 41 42 46 48 50 52 56 57 62 65 67 70 72 74 77 80 84 88 90 92 94 96 98 111
5 9 12 14 16 21 22 27 29 34 35 38 41 42 46 48 50 52 55 57 59 63 67 69 72 74 77 79 83 88 90 92 94 96 98 111
5 8 11 14 17 21 23 26 29 33 35 38 41 42 46 48 50 52 55 57 59 63 67 69 72 74 77 79 83 88 90 92 94 96 98 111
7 8 11 14 16 20 25 26 30 32 35 38 41 42 46 48 50 52 55 57 59 63 67 69 72 74 77 79 83 88 90 92 94 96 98 111
6 8 11 14 17 18 23 26 29 32 35 38 41 42 46 48 50 52 56 57 62 63 67 70 72 74 77 80 84 88 90 92 94 96 98 111
4 8 12 14 17 18 22 27 29 33 35 38 41 42 46 48 50 52 55 57 59 63 67 69 72 74 77 79 83 88 90 92 94 96 98 111
6 8 12 14 17 20 24 26 31 32 35 38 41 42 46 48 50 52 56 58 62 64 67 69 72 74 77 79 83 88 90 92 94 96 98 111
4 9 12 14 17 18 22 27 30 34 36 38 41 42 46 48 50 52 55 58 61 64 67 70 72 74 77 80 84 88 90 92 94 96 98 111
6 8 12 14 17 20 24 26 29 32 35 38 41 42 46 48 50 52 56 57 62 64 67 70 72 74 77 80 84 88 90 92 94 96 98 111
5 8 12 15 17 19 22 27 31 32 35 38 41 42 46 48 50 52 55 57 59 63 67 69 72 74 77 79 83 88 90 92 94 96 98 111
5 8 12 15 17 21 24 26 30 32 35 38 41 42 46 48 50 52 55 57 59 63 67 69 72 74 77 79 83 88 90 92 94 96 98 111
4 9 12 15 17 20 22 27 29 34 36 38 41 42 46 48 50 52 55 57 59 63 67 69 72 74 77 79 83 88 90 92 94 96 98 111
5 9 12 15 17 21 22 27 31 34 36 38 41 42 46 48 50 52 55 58 62 64 67 70 72 74 77 79 83 88 90 92 94 96 98 111
4 8 12 15 16 20 24 27 29 33 35 38 41 42 46 48 50 52 55 57 59 63 67 69 72 74 77 79 83 88 90 92 94 96 98 111
4 8 12 14 16 19 22 27 29 32 35 38 41 42 46 48 50 52 56 57 62 65 67 70 72 74 77 80 84 88 90 92 94 96 98 111
5 8 12 15 16 20 23 27 30 33 35 38 41 42 46 48 50 52 56 57 62 65 67 70 72 74 77 80 84 88 90 92 94 96 98 111
6 9 12 14 16 21 24 26 29 34 35 38 41 42 46 48 50 52 56 57 62 65 67 70 72 74 77 80 84 88 90 92 94 96 98 111
7 8 12 15 16 19 25 26 30 32 35 38 41 42 46 48 50 52 56 57 62 65 67 70 72 74 77 80 84 88 90 92 94 96 98 111
5 8 12 14 16 20 22 27 29 33 35 38 41 42 46 48 50 52 56 57 62 65 67 70 72 74 77 80 84 88 90 92 94 96 98 111
6 9 12 15 16 21 23 26 30 34 35 38 41 42 46 48 50 52 56 57 62 65 67 70 72 74 77 80 84 88 90 92 94 96 98 111
7 8 12 14 16 19 24 26 29 32 35 38 41 42 46 48 50 52 56 57 62 65 67 70 72 74 77 80 84 88 90 92 94 96 98 111
5 8 12 15 16 20 25 27 30 33 35 38 41 42 46 48 50 52 56 57 62 65 67 70 72 74 77 80 84 88 90 92 94 96 98 111
6 9 12 14 16 21 22 26 29 34 35 38 41 42 46 48 50 52 56 57 62 65 67 70 72 74 77 80 84 88 90 92 94 96 98 111
7 8 12 15 16 19 23 26 30 32 35 38 41 42 46 48 50 52 56 57 62 65 67 70 72 74 77 80 84 88 90 92 94 96 98 111
5 8 12 14 16 20 24 27 29 33 35 38 41 42 46 48 50 52 56 57 62 65 67 70 72 74 77 80 84 88 90 92 94 96 98 111
6 9 12 15 16 21 25 26 30 34 35 38 41 42 46 48 50 52 56 57 62 65 67 70 72 74 77 80 84 88 90 92 94 96 98 111
7 8 12 14 16 19 22 26 29 32 35 38 41 42 46 48 50 52 56 57 62 65 67 70 72 74 77 80 84 88 90 92 94 96 98 111
4 8 12 15 16 20 23 27 30 33 35 38 41 42 46 48 50 52 56 57 62 65 67 70 72 74 77 80 84 88 90 92 94 96 98 111
5 9 12 14 16 21 24 27 29 34 35 38 41 42 46 48 50 52 56 57 62 65 67 70 72 74 77 80 84 88 90 92 94 96 98 111
6 8 12 15 16 19 25 26 30 32 35 38 41 42 46 48 50 52 56 57 62 65 67 70 72 74 77 80 84 88 90 92 94 96 98 111
7 8 12 15 16 20 22 26 29 33 35 38 41 42 46 48 50 52 56 57 62 65 67 70 72 74 77 80 84 88 90 92 94 96 98 111
4 9 12 14 16 21 23 27 30 34 35 38 41 42 46 48 50 52 56 57 62 65 67 70 72 74 77 80 84 88 90 92 94 96 98 111
5 8 12 14 16 19 24 27 29 32 35 38 41 42 46 48 50 52 56 57 62 65 67 70 72 74 77 80 84 88 90 92 94 96 98 111
6 8 12 14 16 20 25 26 30 33 35 38 41 42 46 48 50 52 56 57 62 65 67 70 72 74 77 80 84 88 90 92 94 96 98 111
7 9 12 15 16 21 22 26 29 34 35 38 41 42 46 48 50 52 56 57 62 65 67 70 72 74 77 80 84 88 90 92 94 96 98 111
4 8 12 14 16 19 23 27 30 32 35 38 41 42 46 48 50 52 56 57 62 65 67 70 72 74 77 80 84 88 90 92 94 96 98 111
5 8 12 14 16 20 24 27 29 33 35 38 41 42 46 48 50 52 56 57 62 65 67 70 72 74 77 80 84 88 90 92 94 96 98 111
6 9 12 15 16 21 25 26 30 34 35 38 41 42 46 48 50 52 56 57 62 65 67 70 72 74 77 80 84 88 90 92 94 96 98 111
5 8 12 14 16 19 22 27 29 32 35 38 41 42 46 48 50 52 56 57 62 65 67 70 72 74 77 80 84 88 90 92 94 96 98 111
6 8 12 15 16 20 23 26 30 33 35 38 41 42 46 48 50 52 56 57 62 65 67 70 72 74 77 80 84 88 90 92 94 96 98 111
7 9 12 14 16 21 24 26 29 34 35 38 41 42 46 48 50 52 56 57 62 65 67 70 72 74 77 80 84 88 90 92 94 96 98 111
5 8 12 15 16 19 25 27 30 32 35 38 41 42 46 48 50 52 56 57 62 65 67 70 72 74 77 80 84 88 90 92 94 96 98 111
6 8 12 14 16 20 22 26 29 33 35 38 41 42 46 48 50 52 56 57 62 65 67 70 72 74 77 80 84 88 90 92 94 96 98 111
7 9 12 15 16 21 23 26 30 34 35 38 41 42 46 48 50 52 56 57 62 65 67 70 72 74 77 80 84 88 90 92 94 96 98 111
5 8 12 14 16 19 24 27 29 32 35 38 41 42 46 48 50 52 56 57 62 65 67 70 72 74 77 80 84 88 90 92 94 96 98 111
6 8 12 15 16 20 25 26 30 33 35 38 41 42 46 48 50 52 56 57 62 65 67 70 72 74 77 80 84 88 90 92 94 96 98 111
7 8 12 15 16 20 25 27 29 33 35 37 41 42 46 48 50 52 56 57 59 63 68 69 72 74 77 80 85 89 91 93 95 97 98 112
7 8 12 15 16 19 25 27 29 33 35 37 41 42 46 48 50 52 56 57 59 63 68 69 72 74 77 80 85 89 91 93 95 97 98 112
6 8 12 15 16 19 25 27 29 33 35 37 41 42 46 48 50 52 56 57 59 63 68 69 72 74 77 80 85 89 91 93 95 97 98 112
7 8 12 15 16 21 25 27 29 33 35 37 41 42 46 48 50 52 56 57 59 63 68 69 72 74 77 80 85 89 91 93 95 97 98 112
7 8 12 15 16 18 25 27 29 33 35 37 41 42 46 48 50 52 56 57 59 63 68 69 72 74 77 80 85 89 91 93 95 97 98 112
2 9 11 15 16 18 22 27 29 34 35 37 41 42 46 48 50 52 56 57 59 63 68 69 72 74 77 80 85 88 91 93 95 97 98 112
6 8 12 15 16 19 25 27 29 32 35 37 41 42 46 48 50 52 56 57 59 63 68 69 72 74 77 80 85 89 91 93 95 97 98 112
6 8 12 15 16 21 25 27 29 32 35 37 41 42 46 48 50 52 56 57 59 63 68 69 72 74 77 80 85 89 91 93 95 97 98 112
7 8 12 15 16 21 25 27 29 33 35 37 41 42 46 48 50 52 56 57 59 63 68 69 72 74 77 80 85 89 91 93 95 97 98 112
3 8 12 14 16 19 23 27 29 33 36 38 41 42 46 48 50 52 55 57 59 63 67 69 72 74 77 81 83 89 90 92 95 96 100 113
4 8 12 14 16 20 24 27 29 33 36 38 41 42 46 48 50 52 55 57 59 63 67 69 72 74 77 81 83 89 90 92 95 96 100 113
5 8 12 14 16 19 23 27 29 33 36 38 41 42 46 48 50 52 55 57 59 63 67 69 72 74 77 81 83 89 90 92 95 96 100 113
3 8 12 14 16 20 24 27 29 33 36 38 41 42 46 48 50 52 55 57 59 63 67 69 72 74 77 81 83 89 90 92 95 96 100 113
4 8 12 14 16 20 23 27 29 33 36 38 41 42 46 48 50 52 55 57 59 63 67 69 72 74 77 81 83 89 90 92 95 96 100 113
5 8 12 14 16 21 24 27 29 33 36 38 41 42 46 48 50 52 55 57 59 63 67 69 72 74 77 81 83 89 90 92 95 96 100 113
5 8 12 14 16 21 23 27 29 33 36 38 41 42 46 48 50 52 55 57 59 63 67 69 72 74 77 81 83 89 90 92 95 96 100 113
4 8 12 14 16 21 24 27 29 33 36 38 41 42 46 48 50 52 55 57 59 63 67 69 72 74 77 81 83 89 90 92 95 96 100 113
6 8 12 14 16 20 23 27 29 33 35 38 39 44 47 48 51 52 56 57 59 63 67 69 72 74 77 79 83 88 90 92 94 96 98 115
1 8 12 14 16 20 22 27 29 33 35 38 39 44 47 48 51 52 56 57 59 63 67 69 72 74 77 79 83 88 90 92 94 96 98 115
2 8 12 14 16 20 23 27 29 33 35 38 39 44 47 48 51 52 56 57 59 63 67 69 72 74 77 79 83 88 90 92 94 96 98 115
3 8 12 14 16 20 24 27 29 33 35 38 39 44 47 48 51 52 56 57 59 63 67 69 72 74 77 79 83 88 90 92 94 96 98 115
4 8 12 14 16 20 25 27 29 33 35 38 39 44 47 48 51 52 56 57 59 63 67 69 72 74 77 79 83 88 90 92 94 96 98 115
5 8 12 14 16 20 22 27 29 33 35 38 39 44 47 48 51 52 56 57 59 63 67 69 72 74 77 79 83 88 90 92 94 96 98 115
7 8 12 14 16 20 24 27 29 33 35 38 39 44 47 48 51 52 56 57 59 63 67 69 72 74 77 79 83 88 90 92 94 96 98 115
1 8 12 14 16 20 25 27 29 33 35 38 39 44 47 48 51 52 56 57 59 63 67 69 72 74 77 79 83 88 90 92 94 96 98 115
2 8 12 14 16 20 22 27 29 33 35 38 39 44 47 48 51 52 56 57 59 63 67 69 72 74 77 79 83 88 90 92 94 96 98 115
3 8 12 14 16 20 23 27 29 33 35 38 39 44 47 48 51 52 56 57 59 63 67 69 72 74 77 79 83 88 90 92 94 96 98 115
4 8 12 14 16 20 24 27 29 33 35 38 39 44 47 48 51 52 56 57 59 63 67 69 72 74 77 79 83 88 90 92 94 96 98 115
5 8 12 14 16 20 25 27 29 33 35 38 39 44 47 48 51 52 56 57 59 63 67 69 72 74 77 79 83 88 90 92 94 96 98 115
6 8 12 14 16 20 22 27 29 33 35 38 39 44 47 48 51 52 56 57 59 63 67 69 72 74 77 79 83 88 90 92 94 96 98 115
7 8 12 14 16 20 23 27 29 33 35 38 39 44 47 48 51 52 56 57 59 63 67 69 72 74 77 79 83 88 90 92 94 96 98 115
1 8 12 14 16 20 24 27 29 33 35 38 39 44 47 48 51 52 56 57 59 63 67 69 72 74 77 79 83 88 90 92 94 96 98 115
1 9 12 13 16 18 22 27 29 33 36 38 39 44 47 48 51 52 56 57 59 63 67 69 72 74 77 82 83 88 90 92 94 96 99 114
3 9 12 13 16 18 22 27 29 33 36 38 39 44 47 48 51 52 56 57 59 63 67 69 72 74 77 82 83 88 90 92 94 96 99 114
1 9 12 13 16 19 25 27 29 33 36 38 41 43 46 48 51 52 56 57 59 63 67 69 72 74 77 82 83 88 90 92 94 96 99 114
3 9 12 13 16 19 25 27 29 33 36 38 41 43 46 48 51 52 56 57 59 63 67 69 72 74 77 82 83 88 90 92 94 96 99 114
