5 9 12 15 17 21 22 27 31 34 36 38 41 42 46 48 50 52 55 58 62 64 67 70 72 74 77 79 83 88 90 92 94 96 98 111
4 8 12 15 16 20 24 27 29 33 35 38 41 42 46 48 50 52 55 57 59 63 67 69 72 74 77 79 83 88 90 92 94 96 98 111
4 8 12 14 16 19 22 27 29 32 35 38 41 42 46 48 50 52 56 57 62 65 67 70 72 74 77 80 84 88 90 92 94 96 98 111
5 8 12 15 16 20 23 27 30 33 35 38 41 42 46 48 50 52 56 57 62 65 67 70 72 74 77 80 84 88 90 92 94 96 98 111
6 9 12 14 16 21 24 26 29 34 35 38 41 42 46 48 50 52 56 57 62 65 67 70 72 74 77 80 84 88 90 92 94 96 98 111
7 8 12 15 16 19 25 26 30 32 35 38 41 42 46 48 50 52 56 57 62 65 67 70 72 74 77 80 84 88 90 92 94 96 98 111
5 8 12 14 16 20 22 27 29 33 35 38 41 42 46 48 50 52 56 57 62 65 67 70 72 74 77 80 84 88 90 92 94 96 98 111
6 9 12 15 16 21 23 26 30 34 35 38 41 42 46 48 50 52 56 57 62 65 67 70 72 74 77 80 84 88 90 92 94 96 98 111
7 8 12 14 16 19 24 26 29 32 35 38 41 42 46 48 50 52 56 57 62 65 67 70 72 74 77 80 84 88 90 92 94 96 98 111
5 8 12 15 16 20 25 27 30 33 35 38 41 42 46 48 50 52 56 57 62 65 67 70 72 74 77 80 84 88 90 92 94 96 98 111
6 9 12 14 16 21 22 26 29 34 35 38 41 42 46 48 50 52 56 57 62 65 67 70 72 74 77 80 84 88 90 92 94 96 98 111
7 8 12 15 16 19 23 26 30 32 35 38 41 42 46 48 50 52 56 57 62 65 67 70 72 74 77 80 84 88 90 92 94 96 98 111
5 8 12 14 16 20 24 27 29 33 35 38 41 42 46 48 50 52 56 57 62 65 67 70 72 74 77 80 84 88 90 92 94 96 98 111
6 9 12 15 16 21 25 26 30 34 35 38 41 42 46 48 50 52 56 57 62 65 67 70 72 74 77 80 84 88 90 92 94 96 98 111
7 8 12 14 16 19 22 26 29 32 35 38 41 42 46 48 50 52 56 57 62 65 67 70 72 74 77 80 84 88 90 92 94 96 98 111
4 8 12 15 16 20 23 27 30 33 35 38 41 42 46 48 50 52 56 57 62 65 67 70 72 74 77 80 84 88 90 92 94 96 98 111
5 9 12 14 16 21 24 27 29 34 35 38 41 42 46 48 50 52 56 57 62 65 67 70 72 74 77 80 84 88 90 92 94 96 98 111
6 8 12 15 16 19 25 26 30 32 35 38 41 42 46 48 50 52 56 57 62 65 67 70 72 74 77 80 84 88 90 92 94 96 98 111
7 8 12 15 16 20 22 26 29 33 35 38 41 42 46 48 50 52 56 57 62 65 67 70 72 74 77 80 84 88 90 92 94 96 98 111
4 9 12 14 16 21 23 27 30 34 35 38 41 42 46 48 50 52 56 57 62 65 67 70 72 74 77 80 84 88 90 92 94 96 98 111
5 8 12 14 16 19 24 27 29 32 35 38 41 42 46 48 50 52 56 57 62 65 67 70 72 74 77 80 84 88 90 92 94 96 98 111
6 8 12 14 16 20 25 26 30 33 35 38 41 42 46 48 50 52 56 57 62 65 67 70 72 74 77 80 84 88 90 92 94 96 98 111
7 9 12 15 16 21 22 26 29 34 35 38 41 42 46 48 50 52 56 57 62 65 67 70 72 74 77 80 84 88 90 92 94 96 98 111
4 8 12 14 16 19 23 27 30 32 35 38 41 42 46 48 50 52 56 57 62 65 67 70 72 74 77 80 84 88 90 92 94 96 98 111
5 8 12 14 16 20 24 27 29 33 35 38 41 42 46 48 50 52 56 57 62 65 67 70 72 74 77 80 84 88 90 92 94 96 98 111
6 9 12 15 16 21 25 26 30 34 35 38 41 42 46 48 50 52 56 57 62 65 67 70 72 74 77 80 84 88 90 92 94 96 98 111
5 8 12 14 16 19 22 27 29 32 35 38 41 42 46 48 50 52 56 57 62 65 67 70 72 74 77 80 84 88 90 92 94 96 98 111
6 8 12 15 16 20 23 26 30 33 35 38 41 42 46 48 50 52 56 57 62 65 67 70 72 74 77 80 84 88 90 92 94 96 98 111
7 9 12 14 16 21 24 26 29 34 35 38 41 42 46 48 50 52 56 57 62 65 67 70 72 74 77 80 84 88 90 92 94 96 98 111
5 8 12 15 16 19 25 27 30 32 35 38 41 42 46 48 50 52 56 57 62 65 67 70 72 74 77 80 84 88 90 92 94 96 98 111
6 8 12 14 16 20 22 26 29 33 35 38 41 42 46 48 50 52 56 57 62 65 67 70 72 74 77 80 84 88 90 92 94 96 98 111
7 9 12 15 16 21 23 26 30 34 35 38 41 42 46 48 50 52 56 57 62 65 67 70 72 74 77 80 84 88 90 92 94 96 98 111
5 8 12 14 16 19 24 27 29 32 35 38 41 42 46 48 50 52 56 57 62 65 67 70 72 74 77 80 84 88 90 92 94 96 98 111
6 8 12 15 16 20 25 26 30 33 35 38 41 42 46 48 50 52 56 57 62 65 67 70 72 74 77 80 84 88 90 92 94 96 98 111
7 8 12 15 16 20 25 27 29 33 35 37 41 42 46 48 50 52 56 57 59 63 68 69 72 74 77 80 85 89 91 93 95 97 98 112
7 8 12 15 16 19 25 27 29 33 35 37 41 42 46 48 50 52 56 57 59 63 68 69 72 74 77 80 85 89 91 93 95 97 98 112
6 8 12 15 16 19 25 27 29 33 35 37 41 42 46 48 50 52 56 57 59 63 68 69 72 74 77 80 85 89 91 93 95 97 98 112
7 8 12 15 16 21 25 27 29 33 35 37 41 42 46 48 50 52 56 57 59 63 68 69 72 74 77 80 85 89 91 93 95 97 98 112
7 8 12 15 16 18 25 27 29 33 35 37 41 42 46 48 50 52 56 57 59 63 68 69 72 74 77 80 85 89 91 93 95 97 98 112
2 9 11 15 16 18 22 27 29 34 35 37 41 42 46 48 50 52 56 57 59 63 68 69 72 74 77 80 85 88 91 93 95 97 98 112
6 8 12 15 16 19 25 27 29 32 35 37 41 42 46 48 50 52 56 57 59 63 68 69 72 74 77 80 85 89 91 93 95 97 98 112
6 8 12 15 16 21 25 27 29 32 35 37 41 42 46 48 50 52 56 57 59 63 68 69 72 74 77 80 85 89 91 93 95 97 98 112
7 8 12 15 16 21 25 27 29 33 35 37 41 42 46 48 50 52 56 57 59 63 68 69 72 74 77 80 85 89 91 93 95 97 98 112
3 8 12 14 16 19 23 27 29 33 36 38 41 42 46 48 50 52 55 57 59 63 67 69 72 74 77 81 83 89 90 92 95 96 100 113
4 8 12 14 16 20 24 27 29 33 36 38 41 42 46 48 50 52 55 57 59 63 67 69 72 74 77 81 83 89 90 92 95 96 100 113
5 8 12 14 16 19 23 27 29 33 36 38 41 42 46 48 50 52 55 57 59 63 67 69 72 74 77 81 83 89 90 92 95 96 100 113
3 8 12 14 16 20 24 27 29 33 36 38 41 42 46 48 50 52 55 57 59 63 67 69 72 74 77 81 83 89 90 92 95 96 100 113
4 8 12 14 16 20 23 27 29 33 36 38 41 42 46 48 50 52 55 57 59 63 67 69 72 74 77 81 83 89 90 92 95 96 100 113
5 8 12 14 16 21 24 27 29 33 36 38 41 42 46 48 50 52 55 57 59 63 67 69 72 74 77 81 83 89 90 92 95 96 100 113
5 8 12 14 16 21 23 27 29 33 36 38 41 42 46 48 50 52 55 57 59 63 67 69 72 74 77 81 83 89 90 92 95 96 100 113
4 8 12 14 16 21 24 27 29 33 36 38 41 42 46 48 50 52 55 57 59 63 67 69 72 74 77 81 83 89 90 92 95 96 100 113
6 8 12 14 16 20 23 27 29 33 35 38 39 44 47 48 51 52 56 57 59 63 67 69 72 74 77 79 83 88 90 92 94 96 98 115
1 8 12 14 16 20 22 27 29 33 35 38 39 44 47 48 51 52 56 57 59 63 67 69 72 74 77 79 83 88 90 92 94 96 98 115
2 8 12 14 16 20 23 27 29 33 35 38 39 44 47 48 51 52 56 57 59 63 67 69 72 74 77 79 83 88 90 92 94 96 98 115
3 8 12 14 16 20 24 27 29 33 35 38 39 44 47 48 51 52 56 57 59 63 67 69 72 74 77 79 83 88 90 92 94 96 98 115
4 8 12 14 16 20 25 27 29 33 35 38 39 44 47 48 51 52 56 57 59 63 67 69 72 74 77 79 83 88 90 92 94 96 98 115
5 8 12 14 16 20 22 27 29 33 35 38 39 44 47 48 51 52 56 57 59 63 67 69 72 74 77 79 83 88 90 92 94 96 98 115
7 8 12 14 16 20 24 27 29 33 35 38 39 44 47 48 51 52 56 57 59 63 67 69 72 74 77 79 83 88 90 92 94 96 98 115
1 8 12 14 16 20 25 27 29 33 35 38 39 44 47 48 51 52 56 57 59 63 67 69 72 74 77 79 83 88 90 92 94 96 98 115
2 8 12 14 16 20 22 27 29 33 35 38 39 44 47 48 51 52 56 57 59 63 67 69 72 74 77 79 83 88 90 92 94 96 98 115
3 8 12 14 16 20 23 27 29 33 35 38 39 44 47 48 51 52 56 57 59 63 67 69 72 74 77 79 83 88 90 92 94 96 98 115
4 8 12 14 16 20 24 27 29 33 35 38 39 44 47 48 51 52 56 57 59 63 67 69 72 74 77 79 83 88 90 92 94 96 98 115
5 8 12 14 16 20 25 27 29 33 35 38 39 44 47 48 51 52 56 57 59 63 67 69 72 74 77 79 83 88 90 92 94 96 98 115
6 8 12 14 16 20 22 27 29 33 35 38 39 44 47 48 51 52 56 57 59 63 67 69 72 74 77 79 83 88 90 92 94 96 98 115
7 8 12 14 16 20 23 27 29 33 35 38 39 44 47 48 51 52 56 57 59 63 67 69 72 74 77 79 83 88 90 92 94 96 98 115
1 8 12 14 16 20 24 27 29 33 35 38 39 44 47 48 51 52 56 57 59 63 67 69 72 74 77 79 83 88 90 92 94 96 98 115
1 9 12 13 16 18 22 27 29 33 36 38 39 44 47 48 51 52 56 57 59 63 67 69 72 74 77 82 83 88 90 92 94 96 99 114
3 9 12 13 16 18 22 27 29 33 36 38 39 44 47 48 51 52 56 57 59 63 67 69 72 74 77 82 83 88 90 92 94 96 99 114
1 9 12 13 16 19 25 27 29 33 36 38 41 43 46 48 51 52 56 57 59 63 67 69 72 74 77 82 83 88 90 92 94 96 99 114
3 9 12 13 16 19 25 27 29 33 36 38 41 43 46 48 51 52 56 57 59 63 67 69 72 74 77 82 83 88 90 92 94 96 99 114