0.14 0.28 0.42000000000000004 0.56 0.7000000000000001 0.8400000000000001 0.9800000000000001 1.12 1.2600000000000002 20
0.07 0.21000000000000002 0.35000000000000003 0.49000000000000005 0.7000000000000001 0.8400000000000001 0.9800000000000001 1.12 1.2600000000000002 19
0.07 0.28 0.42000000000000004 0.56 0.7000000000000001 0.8400000000000001 0.9800000000000001 1.12 1.2600000000000002 20
0.07 0.21000000000000002 0.35000000000000003 0.49000000000000005 0.7000000000000001 0.8400000000000001 0.9100000000000001 1.12 1.2600000000000002 19
0.14 0.28 0.42000000000000004 0.49000000000000005 0.7000000000000001 0.8400000000000001 0.9800000000000001 1.12 1.2600000000000002 20
0.07 0.21000000000000002 0.35000000000000003 0.49000000000000005 0.7000000000000001 0.8400000000000001 0.9800000000000001 1.12 1.2600000000000002 19
0.07 0.21000000000000002 0.35000000000000003 0.56 0.7000000000000001 0.8400000000000001 0.9800000000000001 1.12 1.2600000000000002 19
0.07 0.21000000000000002 0.35000000000000003 0.49000000000000005 0.7000000000000001 0.8400000000000001 0.9800000000000001 1.12 1.2600000000000002 19
0.07 0.21000000000000002 0.35000000000000003 0.56 0.7000000000000001 0.8400000000000001 0.9100000000000001 1.12 1.2600000000000002 19
0.14 0.28 0.42000000000000004 0.56 0.7000000000000001 0.8400000000000001 0.9800000000000001 1.12 1.2600000000000002 20
0.14 0.21000000000000002 0.35000000000000003 0.49000000000000005 0.7000000000000001 0.8400000000000001 0.9800000000000001 1.12 1.2600000000000002 19
0.07 0.21000000000000002 0.35000000000000003 0.49000000000000005 0.7000000000000001 0.8400000000000001 0.9100000000000001 1.12 1.2600000000000002 19
0.14 0.21000000000000002 0.35000000000000003 0.49000000000000005 0.7000000000000001 0.8400000000000001 0.9800000000000001 1.12 1.2600000000000002 19
0.14 0.28 0.42000000000000004 0.56 0.7000000000000001 0.8400000000000001 0.9800000000000001 1.12 1.2600000000000002 20
0.14 0.28 0.42000000000000004 0.56 0.7000000000000001 0.8400000000000001 0.9800000000000001 1.12 1.2600000000000002 20
0.14 0.21000000000000002 0.35000000000000003 0.56 0.7000000000000001 0.8400000000000001 0.9800000000000001 1.12 1.2600000000000002 19
0.14 0.28 0.42000000000000004 0.49000000000000005 0.7000000000000001 0.8400000000000001 0.9800000000000001 1.12 1.2600000000000002 20
0.07 0.21000000000000002 0.35000000000000003 0.56 0.7000000000000001 0.8400000000000001 0.9100000000000001 1.12 1.2600000000000002 19
0.07 0.28 0.35000000000000003 0.56 0.7000000000000001 0.8400000000000001 0.9800000000000001 1.12 1.2600000000000002 19
0.14 0.21000000000000002 0.35000000000000003 0.49000000000000005 0.7000000000000001 0.8400000000000001 0.9800000000000001 1.12 1.2600000000000002 19
0.14 0.21000000000000002 0.35000000000000003 0.49000000000000005 0.7000000000000001 0.8400000000000001 0.9800000000000001 1.12 1.2600000000000002 19
0.07 0.21000000000000002 0.35000000000000003 0.56 0.7000000000000001 0.8400000000000001 0.9100000000000001 1.12 1.2600000000000002 19
0.14 0.28 0.42000000000000004 0.49000000000000005 0.7000000000000001 0.8400000000000001 0.9800000000000001 1.12 1.2600000000000002 20
0.14 0.21000000000000002 0.35000000000000003 0.49000000000000005 0.7000000000000001 0.8400000000000001 0.9800000000000001 1.12 1.2600000000000002 19
0.07 0.21000000000000002 0.35000000000000003 0.49000000000000005 0.7000000000000001 0.8400000000000001 0.9800000000000001 1.12 1.2600000000000002 19
0.07 0.28 0.42000000000000004 0.49000000000000005 0.7000000000000001 0.8400000000000001 0.9100000000000001 1.12 1.2600000000000002 19
0.14 0.21000000000000002 0.35000000000000003 0.49000000000000005 0.7000000000000001 0.8400000000000001 0.9800000000000001 1.12 1.2600000000000002 19
0.14 0.21000000000000002 0.35000000000000003 0.49000000000000005 0.7000000000000001 0.8400000000000001 0.9100000000000001 1.12 1.2600000000000002 19
0.14 0.21000000000000002 0.35000000000000003 0.49000000000000005 0.7000000000000001 0.8400000000000001 0.9800000000000001 1.12 1.2600000000000002 19
0.14 0.28 0.42000000000000004 0.49000000000000005 0.7000000000000001 0.8400000000000001 0.9800000000000001 1.12 1.2600000000000002 19
0.07 0.21000000000000002 0.35000000000000003 0.49000000000000005 0.7000000000000001 0.8400000000000001 0.9800000000000001 1.12 1.2600000000000002 19
0.14 0.28 0.42000000000000004 0.56 0.7000000000000001 0.8400000000000001 0.9800000000000001 1.12 1.2600000000000002 20
0.07 0.21000000000000002 0.35000000000000003 0.49000000000000005 0.7000000000000001 0.8400000000000001 0.9100000000000001 1.12 1.2600000000000002 19
0.14 0.28 0.42000000000000004 0.56 0.7000000000000001 0.8400000000000001 0.9800000000000001 1.12 1.2600000000000002 20
0.14 0.21000000000000002 0.35000000000000003 0.56 0.7000000000000001 0.8400000000000001 0.9800000000000001 1.12 1.2600000000000002 19
0.14 0.28 0.42000000000000004 0.49000000000000005 0.7000000000000001 0.8400000000000001 0.9800000000000001 1.12 1.2600000000000002 20
0.14 0.28 0.42000000000000004 0.56 0.7000000000000001 0.8400000000000001 0.9800000000000001 1.12 1.2600000000000002 20
0.07 0.21000000000000002 0.35000000000000003 0.49000000000000005 0.7000000000000001 0.8400000000000001 0.9800000000000001 1.12 1.2600000000000002 19
0.07 0.21000000000000002 0.35000000000000003 0.49000000000000005 0.7000000000000001 0.8400000000000001 0.9800000000000001 1.12 1.2600000000000002 19
0.14 0.28 0.42000000000000004 0.56 0.7000000000000001 0.8400000000000001 0.9800000000000001 1.12 1.2600000000000002 20
0.14 0.28 0.42000000000000004 0.56 0.7000000000000001 0.8400000000000001 0.9800000000000001 1.12 1.2600000000000002 20
0.14 0.28 0.42000000000000004 0.56 0.7000000000000001 0.8400000000000001 0.9800000000000001 1.12 1.2600000000000002 20
0.14 0.28 0.42000000000000004 0.49000000000000005 0.7000000000000001 0.8400000000000001 0.9800000000000001 1.12 1.2600000000000002 20
0.14 0.28 0.42000000000000004 0.56 0.7000000000000001 0.8400000000000001 0.9800000000000001 1.12 1.2600000000000002 20
0.07 0.21000000000000002 0.35000000000000003 0.49000000000000005 0.7000000000000001 0.8400000000000001 0.9100000000000001 1.12 1.2600000000000002 19
0.14 0.28 0.42000000000000004 0.56 0.7000000000000001 0.8400000000000001 0.9800000000000001 1.12 1.2600000000000002 20
0.14 0.21000000000000002 0.35000000000000003 0.49000000000000005 0.7000000000000001 0.8400000000000001 0.9800000000000001 1.12 1.2600000000000002 19
0.07 0.21000000000000002 0.35000000000000003 0.49000000000000005 0.7000000000000001 0.8400000000000001 0.9800000000000001 1.12 1.2600000000000002 19
0.07 0.21000000000000002 0.35000000000000003 0.56 0.7000000000000001 0.8400000000000001 0.9800000000000001 1.12 1.2600000000000002 19
0.14 0.28 0.42000000000000004 0.56 0.7000000000000001 0.8400000000000001 0.9800000000000001 1.12 1.2600000000000002 19
0.07 0.21000000000000002 0.35000000000000003 0.49000000000000005 0.7000000000000001 0.8400000000000001 0.9100000000000001 1.12 1.2600000000000002 19
0.07 0.28 0.42000000000000004 0.56 0.7000000000000001 0.8400000000000001 0.9800000000000001 1.12 1.2600000000000002 20
0.14 0.28 0.42000000000000004 0.56 0.7000000000000001 0.8400000000000001 0.9800000000000001 1.12 1.2600000000000002 20
0.14 0.28 0.42000000000000004 0.56 0.7000000000000001 0.8400000000000001 0.9800000000000001 1.12 1.2600000000000002 20
0.14 0.21000000000000002 0.35000000000000003 0.49000000000000005 0.7000000000000001 0.8400000000000001 0.9800000000000001 1.12 1.2600000000000002 19
0.14 0.28 0.42000000000000004 0.49000000000000005 0.7000000000000001 0.8400000000000001 0.9800000000000001 1.12 1.2600000000000002 20
0.14 0.21000000000000002 0.42000000000000004 0.56 0.7000000000000001 0.8400000000000001 0.9800000000000001 1.12 1.2600000000000002 19
0.07 0.21000000000000002 0.35000000000000003 0.49000000000000005 0.7000000000000001 0.8400000000000001 0.9800000000000001 1.12 1.2600000000000002 19
0.14 0.28 0.42000000000000004 0.56 0.7000000000000001 0.8400000000000001 0.9800000000000001 1.12 1.2600000000000002 20
0.07 0.21000000000000002 0.35000000000000003 0.56 0.7000000000000001 0.8400000000000001 0.9800000000000001 1.12 1.2600000000000002 19
0.14 0.21000000000000002 0.35000000000000003 0.49000000000000005 0.7000000000000001 0.8400000000000001 0.9800000000000001 1.12 1.2600000000000002 19
0.07 0.21000000000000002 0.35000000000000003 0.56 0.7000000000000001 0.8400000000000001 0.9100000000000001 1.12 1.2600000000000002 19
0.07 0.21000000000000002 0.35000000000000003 0.49000000000000005 0.7000000000000001 0.8400000000000001 0.9100000000000001 1.12 1.2600000000000002 19
0.14 0.28 0.42000000000000004 0.56 0.7000000000000001 0.8400000000000001 0.9800000000000001 1.12 1.2600000000000002 20
0.14 0.28 0.42000000000000004 0.56 0.7000000000000001 0.8400000000000001 0.9800000000000001 1.12 1.2600000000000002 19
0.14 0.28 0.35000000000000003 0.49000000000000005 0.7000000000000001 0.8400000000000001 0.9100000000000001 1.12 1.2600000000000002 19
0.14 0.21000000000000002 0.42000000000000004 0.56 0.7000000000000001 0.8400000000000001 0.9800000000000001 1.12 1.2600000000000002 19
0.14 0.28 0.42000000000000004 0.49000000000000005 0.7000000000000001 0.8400000000000001 0.9800000000000001 1.12 1.2600000000000002 19
0.14 0.21000000000000002 0.42000000000000004 0.56 0.7000000000000001 0.8400000000000001 0.9800000000000001 1.12 1.2600000000000002 19
0.07 0.21000000000000002 0.35000000000000003 0.49000000000000005 0.7000000000000001 0.8400000000000001 0.9800000000000001 1.12 1.2600000000000002 19
0.07 0.21000000000000002 0.35000000000000003 0.49000000000000005 0.7000000000000001 0.8400000000000001 0.9800000000000001 1.12 1.2600000000000002 19
0.07 0.21000000000000002 0.35000000000000003 0.49000000000000005 0.7000000000000001 0.8400000000000001 0.9100000000000001 1.12 1.2600000000000002 19
0.07 0.28 0.42000000000000004 0.56 0.7000000000000001 0.8400000000000001 0.9800000000000001 1.12 1.2600000000000002 20
0.14 0.28 0.42000000000000004 0.56 0.7000000000000001 0.8400000000000001 0.9800000000000001 1.12 1.2600000000000002 20
0.14 0.28 0.42000000000000004 0.56 0.7000000000000001 0.8400000000000001 0.9800000000000001 1.12 1.2600000000000002 20
0.14 0.21000000000000002 0.35000000000000003 0.56 0.7000000000000001 0.8400000000000001 0.9100000000000001 1.12 1.2600000000000002 19
0.07 0.21000000000000002 0.35000000000000003 0.49000000000000005 0.7000000000000001 0.8400000000000001 0.9800000000000001 1.12 1.2600000000000002 19
0.14 0.21000000000000002 0.42000000000000004 0.49000000000000005 0.7000000000000001 0.8400000000000001 0.9800000000000001 1.12 1.2600000000000002 19
0.07 0.21000000000000002 0.35000000000000003 0.49000000000000005 0.7000000000000001 0.8400000000000001 0.9800000000000001 1.12 1.2600000000000002 19
0.14 0.28 0.42000000000000004 0.56 0.7000000000000001 0.8400000000000001 0.9100000000000001 1.12 1.2600000000000002 19
0.14 0.28 0.42000000000000004 0.56 0.7000000000000001 0.8400000000000001 0.9800000000000001 1.12 1.2600000000000002 20
0.14 0.21000000000000002 0.35000000000000003 0.49000000000000005 0.7000000000000001 0.8400000000000001 0.9800000000000001 1.12 1.2600000000000002 19
0.14 0.28 0.42000000000000004 0.56 0.7000000000000001 0.8400000000000001 0.9800000000000001 1.12 1.2600000000000002 20
0.14 0.28 0.42000000000000004 0.56 0.7000000000000001 0.8400000000000001 0.9800000000000001 1.12 1.2600000000000002 20
0.14 0.28 0.42000000000000004 0.56 0.7000000000000001 0.8400000000000001 0.9800000000000001 1.12 1.2600000000000002 20
0.14 0.28 0.42000000000000004 0.56 0.7000000000000001 0.8400000000000001 0.9800000000000001 1.12 1.2600000000000002 20
0.14 0.28 0.42000000000000004 0.56 0.7000000000000001 0.8400000000000001 0.9800000000000001 1.12 1.2600000000000002 20
0.14 0.28 0.42000000000000004 0.49000000000000005 0.7000000000000001 0.8400000000000001 0.9800000000000001 1.12 1.2600000000000002 20
0.14 0.21000000000000002 0.42000000000000004 0.56 0.7000000000000001 0.8400000000000001 0.9800000000000001 1.12 1.2600000000000002 19
0.14 0.28 0.42000000000000004 0.56 0.7000000000000001 0.8400000000000001 0.9800000000000001 1.12 1.2600000000000002 20
0.07 0.28 0.35000000000000003 0.56 0.7000000000000001 0.8400000000000001 0.9800000000000001 1.12 1.2600000000000002 19
0.14 0.21000000000000002 0.35000000000000003 0.49000000000000005 0.7000000000000001 0.8400000000000001 0.9800000000000001 1.12 1.2600000000000002 19
0.14 0.28 0.42000000000000004 0.56 0.7000000000000001 0.8400000000000001 0.9800000000000001 1.12 1.2600000000000002 20
0.07 0.21000000000000002 0.35000000000000003 0.49000000000000005 0.7000000000000001 0.8400000000000001 0.9800000000000001 1.12 1.2600000000000002 19
0.07 0.21000000000000002 0.42000000000000004 0.49000000000000005 0.7000000000000001 0.8400000000000001 0.9100000000000001 1.12 1.2600000000000002 19
0.07 0.21000000000000002 0.35000000000000003 0.49000000000000005 0.7000000000000001 0.9800000000000001 1.12 1.2600000000000002 19
0.07 0.21000000000000002 0.35000000000000003 0.56 0.7000000000000001 0.8400000000000001 0.9800000000000001 1.12 1.2600000000000002 19
0.14 0.28 0.42000000000000004 0.56 0.7000000000000001 0.8400000000000001 0.9800000000000001 1.12 1.2600000000000002 20
0.14 0.28 0.42000000000000004 0.56 0.7000000000000001 0.8400000000000001 0.9800000000000001 1.12 1.2600000000000002 20
0.14 0.28 0.42000000000000004 0.56 0.7000000000000001 0.8400000000000001 0.9800000000000001 1.12 1.2600000000000002 20
0.14 0.28 0.42000000000000004 0.49000000000000005 0.7000000000000001 0.8400000000000001 0.9800000000000001 1.12 1.2600000000000002 19
0.14 0.28 0.42000000000000004 0.56 0.7000000000000001 0.8400000000000001 0.9800000000000001 1.12 1.2600000000000002 20
0.14 0.21000000000000002 0.35000000000000003 0.49000000000000005 0.7000000000000001 0.8400000000000001 0.9800000000000001 1.12 1.2600000000000002 19
0.07 0.21000000000000002 0.42000000000000004 0.49000000000000005 0.7000000000000001 0.8400000000000001 0.9800000000000001 1.12 1.2600000000000002 19
0.07 0.21000000000000002 0.35000000000000003 0.56 0.7000000000000001 0.8400000000000001 0.9100000000000001 1.12 1.2600000000000002 19
0.14 0.28 0.42000000000000004 0.49000000000000005 0.7000000000000001 0.8400000000000001 0.9800000000000001 1.12 1.2600000000000002 20
0.07 0.21000000000000002 0.42000000000000004 0.49000000000000005 0.7000000000000001 0.9800000000000001 1.12 1.2600000000000002 19
0.07 0.21000000000000002 0.35000000000000003 0.49000000000000005 0.7000000000000001 0.8400000000000001 0.9800000000000001 1.12 1.2600000000000002 19
0.14 0.28 0.42000000000000004 0.49000000000000005 0.7000000000000001 0.8400000000000001 0.9800000000000001 1.12 1.2600000000000002 20
0.14 0.28 0.42000000000000004 0.56 0.7000000000000001 0.8400000000000001 0.9800000000000001 1.12 1.2600000000000002 20
0.07 0.21000000000000002 0.42000000000000004 0.49000000000000005 0.7000000000000001 0.9800000000000001 1.12 1.2600000000000002 19
0.14 0.28 0.42000000000000004 0.56 0.7000000000000001 0.8400000000000001 0.9100000000000001 1.12 1.2600000000000002 19
0.07 0.21000000000000002 0.35000000000000003 0.49000000000000005 0.7000000000000001 0.8400000000000001 0.9800000000000001 1.12 1.2600000000000002 19
0.14 0.28 0.42000000000000004 0.56 0.7000000000000001 0.8400000000000001 0.9800000000000001 1.12 1.2600000000000002 20
0.07 0.21000000000000002 0.35000000000000003 0.49000000000000005 0.7000000000000001 0.8400000000000001 0.9800000000000001 1.12 1.2600000000000002 19
0.07 0.21000000000000002 0.35000000000000003 0.49000000000000005 0.7000000000000001 0.8400000000000001 0.9800000000000001 1.12 1.2600000000000002 19
0.14 0.21000000000000002 0.35000000000000003 0.56 0.7000000000000001 0.8400000000000001 0.9100000000000001 1.12 1.2600000000000002 19
0.14 0.28 0.42000000000000004 0.56 0.7000000000000001 0.8400000000000001 0.9800000000000001 1.12 1.2600000000000002 20
0.14 0.28 0.42000000000000004 0.56 0.7000000000000001 0.8400000000000001 0.9800000000000001 1.12 1.2600000000000002 20
0.14 0.21000000000000002 0.35000000000000003 0.49000000000000005 0.7000000000000001 0.8400000000000001 0.9800000000000001 1.12 1.2600000000000002 19
0.14 0.21000000000000002 0.35000000000000003 0.49000000000000005 0.7000000000000001 0.8400000000000001 0.9100000000000001 1.12 1.2600000000000002 19
0.07 0.21000000000000002 0.35000000000000003 0.49000000000000005 0.7000000000000001 0.8400000000000001 0.9800000000000001 1.12 1.2600000000000002 19
0.14 0.21000000000000002 0.35000000000000003 0.56 0.7000000000000001 0.8400000000000001 0.9800000000000001 1.12 1.2600000000000002 19
0.14 0.28 0.42000000000000004 0.56 0.7000000000000001 0.8400000000000001 0.9800000000000001 1.12 1.2600000000000002 20
0.07 0.28 0.35000000000000003 0.49000000000000005 0.7000000000000001 0.8400000000000001 0.9800000000000001 1.12 1.2600000000000002 19
0.07 0.28 0.35000000000000003 0.56 0.7000000000000001 0.8400000000000001 0.9800000000000001 1.12 1.2600000000000002 19
0.07 0.28 0.42000000000000004 0.56 0.7000000000000001 0.8400000000000001 0.9800000000000001 1.12 1.2600000000000002 20
0.14 0.28 0.42000000000000004 0.49000000000000005 0.7000000000000001 0.8400000000000001 0.9100000000000001 1.12 1.2600000000000002 20
0.14 0.21000000000000002 0.35000000000000003 0.49000000000000005 0.7000000000000001 0.8400000000000001 0.9800000000000001 1.12 1.2600000000000002 19
0.07 0.21000000000000002 0.35000000000000003 0.49000000000000005 0.7000000000000001 0.8400000000000001 0.9100000000000001 1.12 1.2600000000000002 19
0.14 0.28 0.42000000000000004 0.56 0.7000000000000001 0.8400000000000001 0.9800000000000001 1.12 1.2600000000000002 20
0.07 0.21000000000000002 0.35000000000000003 0.56 0.7000000000000001 0.8400000000000001 0.9800000000000001 1.12 1.2600000000000002 19
0.14 0.28 0.42000000000000004 0.56 0.7000000000000001 0.8400000000000001 0.9800000000000001 1.12 1.2600000000000002 20
0.07 0.21000000000000002 0.35000000000000003 0.49000000000000005 0.7000000000000001 0.8400000000000001 0.9100000000000001 1.12 1.2600000000000002 19
0.14 0.28 0.42000000000000004 0.56 0.7000000000000001 0.8400000000000001 0.9800000000000001 1.12 1.2600000000000002 20
0.14 0.28 0.42000000000000004 0.56 0.7000000000000001 0.8400000000000001 0.9800000000000001 1.12 1.2600000000000002 20
0.14 0.28 0.42000000000000004 0.56 0.7000000000000001 0.8400000000000001 0.9800000000000001 1.12 1.2600000000000002 20
0.14 0.28 0.42000000000000004 0.56 0.7000000000000001 0.8400000000000001 0.9800000000000001 1.12 1.2600000000000002 20
0.14 0.28 0.42000000000000004 0.56 0.7000000000000001 0.8400000000000001 0.9800000000000001 1.12 1.2600000000000002 20
0.14 0.28 0.42000000000000004 0.56 0.7000000000000001 0.8400000000000001 0.9800000000000001 1.12 1.2600000000000002 20
0.07 0.21000000000000002 0.35000000000000003 0.49000000000000005 0.7000000000000001 0.8400000000000001 0.9100000000000001 1.12 1.2600000000000002 19
0.14 0.21000000000000002 0.35000000000000003 0.49000000000000005 0.7000000000000001 0.8400000000000001 0.9100000000000001 1.12 1.2600000000000002 19
0.14 0.28 0.42000000000000004 0.49000000000000005 0.7000000000000001 0.8400000000000001 0.9800000000000001 1.12 1.2600000000000002 20
0.14 0.28 0.42000000000000004 0.49000000000000005 0.7000000000000001 0.8400000000000001 0.9100000000000001 1.12 1.2600000000000002 20
0.14 0.21000000000000002 0.42000000000000004 0.56 0.7000000000000001 0.8400000000000001 0.9100000000000001 1.12 1.2600000000000002 19
0.07 0.21000000000000002 0.42000000000000004 0.49000000000000005 0.7000000000000001 0.8400000000000001 0.9800000000000001 1.12 1.2600000000000002 19
0.07 0.21000000000000002 0.35000000000000003 0.49000000000000005 0.7000000000000001 0.8400000000000001 0.9800000000000001 1.12 1.2600000000000002 19
0.14 0.28 0.42000000000000004 0.56 0.7000000000000001 0.8400000000000001 0.9800000000000001 1.12 1.2600000000000002 19
0.14 0.28 0.42000000000000004 0.56 0.7000000000000001 0.8400000000000001 0.9800000000000001 1.12 1.2600000000000002 20
0.14 0.28 0.42000000000000004 0.56 0.7000000000000001 0.8400000000000001 0.9800000000000001 1.12 1.2600000000000002 20
0.14 0.28 0.42000000000000004 0.49000000000000005 0.7000000000000001 0.8400000000000001 0.9800000000000001 1.12 1.2600000000000002 20
0.07 0.21000000000000002 0.35000000000000003 0.49000000000000005 0.7000000000000001 0.8400000000000001 0.9100000000000001 1.12 1.2600000000000002 19
0.07 0.21000000000000002 0.35000000000000003 0.49000000000000005 0.7000000000000001 0.8400000000000001 0.9800000000000001 1.12 1.2600000000000002 19
0.14 0.28 0.42000000000000004 0.56 0.7000000000000001 0.8400000000000001 0.9100000000000001 1.12 1.2600000000000002 19
0.14 0.28 0.42000000000000004 0.56 0.7000000000000001 0.8400000000000001 0.9800000000000001 1.12 1.2600000000000002 20
0.14 0.28 0.42000000000000004 0.56 0.7000000000000001 0.8400000000000001 0.9800000000000001 1.12 1.2600000000000002 20
0.14 0.28 0.42000000000000004 0.49000000000000005 0.7000000000000001 0.9800000000000001 1.12 1.2600000000000002 20
0.07 0.21000000000000002 0.35000000000000003 0.49000000000000005 0.7000000000000001 0.8400000000000001 0.9100000000000001 1.12 1.2600000000000002 19
0.07 0.21000000000000002 0.35000000000000003 0.49000000000000005 0.7000000000000001 0.8400000000000001 0.9100000000000001 1.12 1.2600000000000002 19
0.07 0.21000000000000002 0.35000000000000003 0.49000000000000005 0.7000000000000001 0.8400000000000001 0.9100000000000001 1.12 1.2600000000000002 19
0.14 0.28 0.42000000000000004 0.56 0.7000000000000001 0.8400000000000001 0.9800000000000001 1.12 1.2600000000000002 20
0.07 0.21000000000000002 0.35000000000000003 0.49000000000000005 0.7000000000000001 0.8400000000000001 0.9800000000000001 1.12 1.2600000000000002 19
0.14 0.21000000000000002 0.35000000000000003 0.49000000000000005 0.7000000000000001 0.8400000000000001 0.9800000000000001 1.12 1.2600000000000002 19
0.14 0.21000000000000002 0.35000000000000003 0.49000000000000005 0.7000000000000001 0.8400000000000001 0.9800000000000001 1.12 1.2600000000000002 19
0.07 0.21000000000000002 0.35000000000000003 0.49000000000000005 0.7000000000000001 0.8400000000000001 0.9800000000000001 1.12 1.2600000000000002 19
0.07 0.21000000000000002 0.35000000000000003 0.49000000000000005 0.7000000000000001 0.8400000000000001 0.9800000000000001 1.12 1.2600000000000002 19
0.14 0.28 0.42000000000000004 0.49000000000000005 0.7000000000000001 0.8400000000000001 0.9800000000000001 1.12 1.2600000000000002 20
0.14 0.28 0.42000000000000004 0.56 0.7000000000000001 0.8400000000000001 0.9800000000000001 1.12 1.2600000000000002 20
0.14 0.28 0.42000000000000004 0.56 0.7000000000000001 0.8400000000000001 0.9800000000000001 1.12 1.2600000000000002 20
0.07 0.21000000000000002 0.35000000000000003 0.49000000000000005 0.7000000000000001 0.8400000000000001 0.9800000000000001 1.12 1.2600000000000002 19
0.07 0.21000000000000002 0.35000000000000003 0.49000000000000005 0.7000000000000001 0.8400000000000001 0.9800000000000001 1.12 1.2600000000000002 19
0.07 0.21000000000000002 0.35000000000000003 0.49000000000000005 0.7000000000000001 0.8400000000000001 0.9800000000000001 1.12 1.2600000000000002 19
0.14 0.28 0.42000000000000004 0.56 0.7000000000000001 0.8400000000000001 0.9800000000000001 1.12 1.2600000000000002 20
0.14 0.28 0.42000000000000004 0.56 0.7000000000000001 0.8400000000000001 0.9800000000000001 1.12 1.2600000000000002 20
0.07 0.21000000000000002 0.35000000000000003 0.49000000000000005 0.7000000000000001 0.8400000000000001 0.9100000000000001 1.12 1.2600000000000002 19
0.14 0.21000000000000002 0.35000000000000003 0.49000000000000005 0.7000000000000001 0.8400000000000001 0.9100000000000001 1.12 1.2600000000000002 19
0.07 0.21000000000000002 0.35000000000000003 0.49000000000000005 0.7000000000000001 0.8400000000000001 0.9800000000000001 1.12 1.2600000000000002 19
0.14 0.28 0.42000000000000004 0.49000000000000005 0.7000000000000001 0.8400000000000001 0.9100000000000001 1.12 1.2600000000000002 20
0.07 0.21000000000000002 0.35000000000000003 0.49000000000000005 0.7000000000000001 0.8400000000000001 0.9800000000000001 1.12 1.2600000000000002 19
0.14 0.21000000000000002 0.35000000000000003 0.49000000000000005 0.7000000000000001 0.8400000000000001 0.9100000000000001 1.12 1.2600000000000002 19
0.14 0.28 0.42000000000000004 0.56 0.7000000000000001 0.8400000000000001 0.9800000000000001 1.12 1.2600000000000002 20
0.14 0.28 0.42000000000000004 0.56 0.7000000000000001 0.8400000000000001 0.9800000000000001 1.12 1.2600000000000002 20
0.14 0.21000000000000002 0.35000000000000003 0.49000000000000005 0.7000000000000001 0.8400000000000001 0.9800000000000001 1.12 1.2600000000000002 19
0.14 0.21000000000000002 0.35000000000000003 0.49000000000000005 0.7000000000000001 0.8400000000000001 0.9800000000000001 1.12 1.2600000000000002 19
0.14 0.28 0.42000000000000004 0.56 0.7000000000000001 0.8400000000000001 0.9800000000000001 1.12 1.2600000000000002 20
0.07 0.21000000000000002 0.35000000000000003 0.49000000000000005 0.7000000000000001 0.8400000000000001 0.9800000000000001 1.12 1.2600000000000002 19
0.07 0.28 0.35000000000000003 0.56 0.7000000000000001 0.8400000000000001 0.9800000000000001 1.12 1.2600000000000002 19
0.07 0.21000000000000002 0.35000000000000003 0.49000000000000005 0.7000000000000001 0.8400000000000001 0.9100000000000001 1.12 1.2600000000000002 19
0.07 0.21000000000000002 0.35000000000000003 0.49000000000000005 0.7000000000000001 0.8400000000000001 0.9800000000000001 1.12 1.2600000000000002 19
0.14 0.28 0.42000000000000004 0.56 0.7000000000000001 0.8400000000000001 0.9800000000000001 1.12 1.2600000000000002 20
0.14 0.28 0.42000000000000004 0.49000000000000005 0.7000000000000001 0.8400000000000001 0.9800000000000001 1.12 1.2600000000000002 20
0.07 0.21000000000000002 0.35000000000000003 0.49000000000000005 0.7000000000000001 0.8400000000000001 0.9100000000000001 1.12 1.2600000000000002 19
0.14 0.28 0.42000000000000004 0.49000000000000005 0.7000000000000001 0.8400000000000001 0.9800000000000001 1.12 1.2600000000000002 19
0.14 0.21000000000000002 0.42000000000000004 0.49000000000000005 0.7000000000000001 0.8400000000000001 0.9800000000000001 1.12 1.2600000000000002 20
0.14 0.28 0.42000000000000004 0.49000000000000005 0.7000000000000001 0.8400000000000001 0.9800000000000001 1.12 1.2600000000000002 20
0.07 0.21000000000000002 0.35000000000000003 0.49000000000000005 0.7000000000000001 0.8400000000000001 0.9100000000000001 1.12 1.2600000000000002 19
0.14 0.28 0.42000000000000004 0.56 0.7000000000000001 0.8400000000000001 0.9800000000000001 1.12 1.2600000000000002 20
0.07 0.21000000000000002 0.35000000000000003 0.49000000000000005 0.7000000000000001 0.8400000000000001 0.9800000000000001 1.12 1.2600000000000002 19
0.14 0.21000000000000002 0.42000000000000004 0.49000000000000005 0.7000000000000001 0.8400000000000001 0.9800000000000001 1.12 1.2600000000000002 19
0.14 0.21000000000000002 0.42000000000000004 0.49000000000000005 0.7000000000000001 0.8400000000000001 0.9100000000000001 1.12 1.2600000000000002 19
0.14 0.21000000000000002 0.35000000000000003 0.49000000000000005 0.7000000000000001 0.8400000000000001 0.9800000000000001 1.12 1.2600000000000002 19
0.14 0.21000000000000002 0.35000000000000003 0.49000000000000005 0.7000000000000001 0.8400000000000001 0.9100000000000001 1.12 1.2600000000000002 19
0.14 0.28 0.42000000000000004 0.56 0.7000000000000001 0.8400000000000001 0.9800000000000001 1.12 1.2600000000000002 20
0.14 0.21000000000000002 0.35000000000000003 0.49000000000000005 0.7000000000000001 0.8400000000000001 0.9800000000000001 1.12 1.2600000000000002 19
0.14 0.28 0.42000000000000004 0.56 0.7000000000000001 0.8400000000000001 0.9800000000000001 1.12 1.2600000000000002 20
0.14 0.28 0.42000000000000004 0.56 0.7000000000000001 0.8400000000000001 0.9800000000000001 1.12 1.2600000000000002 20
0.14 0.28 0.42000000000000004 0.56 0.7000000000000001 0.8400000000000001 0.9800000000000001 1.12 1.2600000000000002 20
0.14 0.28 0.42000000000000004 0.56 0.7000000000000001 0.8400000000000001 0.9800000000000001 1.12 1.2600000000000002 20
0.07 0.21000000000000002 0.35000000000000003 0.49000000000000005 0.7000000000000001 0.8400000000000001 0.9100000000000001 1.12 1.2600000000000002 19
0.07 0.21000000000000002 0.35000000000000003 0.56 0.7000000000000001 0.8400000000000001 0.9100000000000001 1.12 1.2600000000000002 19
0.07 0.21000000000000002 0.35000000000000003 0.56 0.7000000000000001 0.8400000000000001 0.9100000000000001 1.12 1.2600000000000002 19
0.14 0.28 0.42000000000000004 0.56 0.7000000000000001 0.8400000000000001 0.9800000000000001 1.12 1.2600000000000002 20
0.07 0.21000000000000002 0.35000000000000003 0.49000000000000005 0.7000000000000001 0.8400000000000001 0.9800000000000001 1.12 1.2600000000000002 19
0.07 0.21000000000000002 0.35000000000000003 0.49000000000000005 0.7000000000000001 0.8400000000000001 0.9100000000000001 1.12 1.2600000000000002 19
0.07 0.21000000000000002 0.35000000000000003 0.49000000000000005 0.7000000000000001 0.8400000000000001 0.9100000000000001 1.12 1.2600000000000002 19
0.07 0.21000000000000002 0.35000000000000003 0.49000000000000005 0.7000000000000001 0.8400000000000001 0.9800000000000001 1.12 1.2600000000000002 19
0.14 0.21000000000000002 0.35000000000000003 0.49000000000000005 0.7000000000000001 0.8400000000000001 0.9800000000000001 1.12 1.2600000000000002 19
0.14 0.28 0.42000000000000004 0.56 0.7000000000000001 0.8400000000000001 0.9800000000000001 1.12 1.2600000000000002 20
0.07 0.28 0.35000000000000003 0.49000000000000005 0.7000000000000001 0.8400000000000001 0.9800000000000001 1.12 1.2600000000000002 19
0.07 0.21000000000000002 0.35000000000000003 0.49000000000000005 0.7000000000000001 0.8400000000000001 0.9800000000000001 1.12 1.2600000000000002 19
0.14 0.28 0.42000000000000004 0.56 0.7000000000000001 0.8400000000000001 0.9800000000000001 1.12 1.2600000000000002 19
0.14 0.21000000000000002 0.35000000000000003 0.49000000000000005 0.7000000000000001 0.8400000000000001 0.9100000000000001 1.12 1.2600000000000002 19
0.07 0.21000000000000002 0.35000000000000003 0.49000000000000005 0.7000000000000001 0.8400000000000001 0.9800000000000001 1.12 1.2600000000000002 19
0.07 0.21000000000000002 0.35000000000000003 0.49000000000000005 0.7000000000000001 0.8400000000000001 0.9800000000000001 1.12 1.2600000000000002 19
0.07 0.21000000000000002 0.35000000000000003 0.49000000000000005 0.7000000000000001 0.8400000000000001 0.9800000000000001 1.12 1.2600000000000002 19
0.14 0.28 0.42000000000000004 0.49000000000000005 0.7000000000000001 0.8400000000000001 0.9800000000000001 1.12 1.2600000000000002 20
0.14 0.21000000000000002 0.35000000000000003 0.49000000000000005 0.7000000000000001 0.8400000000000001 0.9800000000000001 1.12 1.2600000000000002 19
0.14 0.28 0.42000000000000004 0.56 0.7000000000000001 0.8400000000000001 0.9800000000000001 1.12 1.2600000000000002 20
0.07 0.21000000000000002 0.35000000000000003 0.49000000000000005 0.7000000000000001 0.8400000000000001 0.9800000000000001 1.12 1.2600000000000002 19
0.07 0.21000000000000002 0.42000000000000004 0.49000000000000005 0.7000000000000001 0.8400000000000001 0.9800000000000001 1.12 1.2600000000000002 19
0.14 0.28 0.42000000000000004 0.49000000000000005 0.7000000000000001 0.8400000000000001 0.9800000000000001 1.12 1.2600000000000002 20
0.07 0.28 0.42000000000000004 0.56 0.7000000000000001 0.8400000000000001 0.9800000000000001 1.12 1.2600000000000002 20
0.14 0.28 0.42000000000000004 0.49000000000000005 0.7000000000000001 0.8400000000000001 0.9800000000000001 1.12 1.2600000000000002 20
0.07 0.28 0.35000000000000003 0.49000000000000005 0.7000000000000001 0.8400000000000001 0.9100000000000001 1.12 1.2600000000000002 19
0.07 0.21000000000000002 0.35000000000000003 0.49000000000000005 0.7000000000000001 0.8400000000000001 0.9800000000000001 1.12 1.2600000000000002 19
0.14 0.28 0.42000000000000004 0.56 0.7000000000000001 0.8400000000000001 0.9800000000000001 1.12 1.2600000000000002 20
0.07 0.21000000000000002 0.35000000000000003 0.49000000000000005 0.7000000000000001 0.8400000000000001 0.9800000000000001 1.12 1.2600000000000002 19
0.14 0.21000000000000002 0.35000000000000003 0.49000000000000005 0.7000000000000001 0.8400000000000001 0.9800000000000001 1.12 1.2600000000000002 19
0.14 0.28 0.42000000000000004 0.56 0.7000000000000001 0.8400000000000001 0.9800000000000001 1.12 1.2600000000000002 20
0.07 0.21000000000000002 0.35000000000000003 0.49000000000000005 0.7000000000000001 0.8400000000000001 0.9100000000000001 1.12 1.2600000000000002 19
0.14 0.28 0.35000000000000003 0.49000000000000005 0.7000000000000001 0.8400000000000001 0.9100000000000001 1.12 1.2600000000000002 19
0.07 0.21000000000000002 0.35000000000000003 0.49000000000000005 0.7000000000000001 0.8400000000000001 0.9800000000000001 1.12 1.2600000000000002 19
0.14 0.21000000000000002 0.42000000000000004 0.56 0.7000000000000001 0.8400000000000001 0.9800000000000001 1.12 1.2600000000000002 19
0.07 0.21000000000000002 0.35000000000000003 0.49000000000000005 0.7000000000000001 0.8400000000000001 0.9100000000000001 1.12 1.2600000000000002 19
0.07 0.21000000000000002 0.35000000000000003 0.49000000000000005 0.7000000000000001 0.8400000000000001 0.9800000000000001 1.12 1.2600000000000002 19
0.14 0.28 0.42000000000000004 0.56 0.7000000000000001 0.8400000000000001 0.9800000000000001 1.12 1.2600000000000002 20
0.14 0.28 0.42000000000000004 0.56 0.7000000000000001 0.8400000000000001 0.9800000000000001 1.12 1.2600000000000002 19
0.14 0.28 0.42000000000000004 0.56 0.7000000000000001 0.8400000000000001 0.9800000000000001 1.12 1.2600000000000002 20
0.07 0.21000000000000002 0.35000000000000003 0.49000000000000005 0.7000000000000001 0.8400000000000001 0.9800000000000001 1.12 1.2600000000000002 19
0.14 0.28 0.42000000000000004 0.49000000000000005 0.7000000000000001 0.8400000000000001 0.9800000000000001 1.12 1.2600000000000002 19
0.14 0.28 0.42000000000000004 0.56 0.7000000000000001 0.8400000000000001 0.9800000000000001 1.12 1.2600000000000002 20
0.14 0.21000000000000002 0.35000000000000003 0.49000000000000005 0.7000000000000001 0.8400000000000001 0.9800000000000001 1.12 1.2600000000000002 19
0.14 0.21000000000000002 0.35000000000000003 0.49000000000000005 0.7000000000000001 0.8400000000000001 0.9800000000000001 1.12 1.2600000000000002 19
0.14 0.28 0.42000000000000004 0.49000000000000005 0.7000000000000001 0.8400000000000001 0.9800000000000001 1.12 1.2600000000000002 20
0.14 0.28 0.42000000000000004 0.56 0.7000000000000001 0.8400000000000001 0.9800000000000001 1.12 1.2600000000000002 19
0.07 0.21000000000000002 0.35000000000000003 0.49000000000000005 0.7000000000000001 0.8400000000000001 0.9800000000000001 1.12 1.2600000000000002 19
0.14 0.21000000000000002 0.35000000000000003 0.49000000000000005 0.7000000000000001 0.8400000000000001 0.9100000000000001 1.12 1.2600000000000002 19
0.07 0.21000000000000002 0.42000000000000004 0.49000000000000005 0.7000000000000001 0.8400000000000001 0.9100000000000001 1.12 1.2600000000000002 19
0.07 0.21000000000000002 0.35000000000000003 0.49000000000000005 0.7000000000000001 0.8400000000000001 0.9800000000000001 1.12 1.2600000000000002 19
0.14 0.21000000000000002 0.35000000000000003 0.49000000000000005 0.7000000000000001 0.8400000000000001 0.9100000000000001 1.12 1.2600000000000002 19
0.14 0.28 0.42000000000000004 0.56 0.7000000000000001 0.8400000000000001 0.9800000000000001 1.12 1.2600000000000002 20
0.14 0.21000000000000002 0.35000000000000003 0.56 0.7000000000000001 0.8400000000000001 0.9100000000000001 1.12 1.2600000000000002 19
0.14 0.28 0.42000000000000004 0.56 0.7000000000000001 0.8400000000000001 0.9800000000000001 1.12 1.2600000000000002 20
0.14 0.21000000000000002 0.35000000000000003 0.49000000000000005 0.7000000000000001 0.8400000000000001 0.9800000000000001 1.12 1.2600000000000002 19
0.14 0.28 0.42000000000000004 0.49000000000000005 0.7000000000000001 0.8400000000000001 0.9800000000000001 1.12 1.2600000000000002 20
0.14 0.21000000000000002 0.35000000000000003 0.49000000000000005 0.7000000000000001 0.8400000000000001 0.9100000000000001 1.12 1.2600000000000002 19
0.14 0.28 0.42000000000000004 0.56 0.7000000000000001 0.8400000000000001 0.9800000000000001 1.12 1.2600000000000002 20
0.07 0.21000000000000002 0.35000000000000003 0.49000000000000005 0.7000000000000001 0.9800000000000001 1.12 1.2600000000000002 19
0.14 0.28 0.42000000000000004 0.49000000000000005 0.7000000000000001 0.8400000000000001 0.9100000000000001 1.12 1.2600000000000002 20
0.14 0.28 0.42000000000000004 0.56 0.7000000000000001 0.8400000000000001 0.9800000000000001 1.12 1.2600000000000002 20
0.14 0.28 0.35000000000000003 0.49000000000000005 0.7000000000000001 0.8400000000000001 0.9800000000000001 1.12 1.2600000000000002 19
0.07 0.21000000000000002 0.35000000000000003 0.49000000000000005 0.7000000000000001 0.8400000000000001 0.9800000000000001 1.12 1.2600000000000002 19
0.14 0.28 0.42000000000000004 0.49000000000000005 0.7000000000000001 0.8400000000000001 0.9800000000000001 1.12 1.2600000000000002 20
0.14 0.21000000000000002 0.35000000000000003 0.49000000000000005 0.7000000000000001 0.8400000000000001 0.9800000000000001 1.12 1.2600000000000002 19
0.14 0.21000000000000002 0.35000000000000003 0.49000000000000005 0.7000000000000001 0.8400000000000001 0.9800000000000001 1.12 1.2600000000000002 20
0.14 0.21000000000000002 0.42000000000000004 0.49000000000000005 0.7000000000000001 0.8400000000000001 0.9800000000000001 1.12 1.2600000000000002 19
0.14 0.21000000000000002 0.42000000000000004 0.49000000000000005 0.7000000000000001 0.8400000000000001 0.9800000000000001 1.12 1.2600000000000002 19
0.14 0.28 0.42000000000000004 0.56 0.7000000000000001 0.8400000000000001 0.9800000000000001 1.12 1.2600000000000002 20
0.14 0.28 0.42000000000000004 0.56 0.7000000000000001 0.8400000000000001 0.9800000000000001 1.12 1.2600000000000002 20
0.14 0.28 0.42000000000000004 0.56 0.7000000000000001 0.8400000000000001 0.9800000000000001 1.12 1.2600000000000002 20
0.07 0.21000000000000002 0.35000000000000003 0.49000000000000005 0.7000000000000001 0.8400000000000001 0.9800000000000001 1.12 1.2600000000000002 19
0.07 0.21000000000000002 0.35000000000000003 0.49000000000000005 0.7000000000000001 0.8400000000000001 0.9800000000000001 1.12 1.2600000000000002 19
0.14 0.28 0.42000000000000004 0.56 0.7000000000000001 0.8400000000000001 0.9800000000000001 1.12 1.2600000000000002 20
0.07 0.28 0.35000000000000003 0.49000000000000005 0.7000000000000001 0.8400000000000001 0.9100000000000001 1.12 1.2600000000000002 19
0.07 0.21000000000000002 0.35000000000000003 0.49000000000000005 0.7000000000000001 0.8400000000000001 0.9800000000000001 1.12 1.2600000000000002 19
0.07 0.21000000000000002 0.35000000000000003 0.49000000000000005 0.7000000000000001 0.8400000000000001 0.9800000000000001 1.12 1.2600000000000002 19
0.14 0.28 0.42000000000000004 0.56 0.7000000000000001 0.8400000000000001 0.9800000000000001 1.12 1.2600000000000002 19
0.07 0.21000000000000002 0.35000000000000003 0.49000000000000005 0.7000000000000001 0.8400000000000001 0.9800000000000001 1.12 1.2600000000000002 19
0.14 0.21000000000000002 0.42000000000000004 0.49000000000000005 0.7000000000000001 0.8400000000000001 0.9800000000000001 1.12 1.2600000000000002 19
0.07 0.21000000000000002 0.35000000000000003 0.56 0.7000000000000001 0.8400000000000001 0.9800000000000001 1.12 1.2600000000000002 19
0.07 0.21000000000000002 0.35000000000000003 0.49000000000000005 0.7000000000000001 0.8400000000000001 0.9800000000000001 1.12 1.2600000000000002 19
0.14 0.28 0.42000000000000004 0.56 0.7000000000000001 0.8400000000000001 0.9800000000000001 1.12 1.2600000000000002 20
0.07 0.21000000000000002 0.42000000000000004 0.49000000000000005 0.7000000000000001 0.9800000000000001 1.12 1.2600000000000002 19
0.14 0.21000000000000002 0.35000000000000003 0.49000000000000005 0.7000000000000001 0.8400000000000001 0.9100000000000001 1.12 1.2600000000000002 19
0.14 0.28 0.42000000000000004 0.56 0.7000000000000001 0.8400000000000001 0.9800000000000001 1.12 1.2600000000000002 20
0.07 0.21000000000000002 0.35000000000000003 0.49000000000000005 0.7000000000000001 0.8400000000000001 0.9800000000000001 1.12 1.2600000000000002 19
0.14 0.21000000000000002 0.35000000000000003 0.49000000000000005 0.7000000000000001 0.8400000000000001 0.9800000000000001 1.12 1.2600000000000002 19
0.14 0.21000000000000002 0.35000000000000003 0.49000000000000005 0.7000000000000001 0.8400000000000001 0.9800000000000001 1.12 1.2600000000000002 19
0.07 0.21000000000000002 0.35000000000000003 0.49000000000000005 0.7000000000000001 0.8400000000000001 0.9100000000000001 1.12 1.2600000000000002 19
0.07 0.21000000000000002 0.35000000000000003 0.49000000000000005 0.7000000000000001 0.8400000000000001 0.9800000000000001 1.12 1.2600000000000002 19
0.14 0.28 0.42000000000000004 0.49000000000000005 0.7000000000000001 0.8400000000000001 0.9800000000000001 1.12 1.2600000000000002 19
0.14 0.21000000000000002 0.42000000000000004 0.56 0.7000000000000001 0.8400000000000001 0.9800000000000001 1.12 1.2600000000000002 19
0.07 0.21000000000000002 0.35000000000000003 0.49000000000000005 0.7000000000000001 0.8400000000000001 0.9800000000000001 1.12 1.2600000000000002 19
0.14 0.28 0.42000000000000004 0.49000000000000005 0.7000000000000001 0.8400000000000001 0.9800000000000001 1.12 1.2600000000000002 20
0.07 0.21000000000000002 0.35000000000000003 0.49000000000000005 0.7000000000000001 0.8400000000000001 0.9100000000000001 1.12 1.2600000000000002 19
0.14 0.28 0.42000000000000004 0.56 0.7000000000000001 0.8400000000000001 0.9100000000000001 1.12 1.2600000000000002 19
0.07 0.21000000000000002 0.35000000000000003 0.49000000000000005 0.7000000000000001 0.8400000000000001 0.9800000000000001 1.12 1.2600000000000002 19
0.07 0.28 0.35000000000000003 0.49000000000000005 0.7000000000000001 0.8400000000000001 0.9800000000000001 1.12 1.2600000000000002 19
0.14 0.21000000000000002 0.35000000000000003 0.56 0.7000000000000001 0.8400000000000001 0.9100000000000001 1.12 1.2600000000000002 19
0.07 0.21000000000000002 0.42000000000000004 0.56 0.7000000000000001 0.8400000000000001 0.9100000000000001 1.12 1.2600000000000002 19
0.07 0.21000000000000002 0.35000000000000003 0.49000000000000005 0.7000000000000001 0.8400000000000001 0.9800000000000001 1.12 1.2600000000000002 19
0.14 0.28 0.42000000000000004 0.56 0.7000000000000001 0.8400000000000001 0.9800000000000001 1.12 1.2600000000000002 19
0.14 0.28 0.42000000000000004 0.56 0.7000000000000001 0.8400000000000001 0.9800000000000001 1.12 1.2600000000000002 20
0.14 0.28 0.42000000000000004 0.56 0.7000000000000001 0.8400000000000001 0.9800000000000001 1.12 1.2600000000000002 20
0.14 0.28 0.42000000000000004 0.56 0.7000000000000001 0.8400000000000001 0.9800000000000001 1.12 1.2600000000000002 20
0.14 0.21000000000000002 0.35000000000000003 0.49000000000000005 0.7000000000000001 0.8400000000000001 0.9800000000000001 1.12 1.2600000000000002 19
0.14 0.28 0.42000000000000004 0.49000000000000005 0.7000000000000001 0.8400000000000001 0.9800000000000001 1.12 1.2600000000000002 20
0.14 0.21000000000000002 0.35000000000000003 0.56 0.7000000000000001 0.8400000000000001 0.9800000000000001 1.12 1.2600000000000002 19
0.07 0.21000000000000002 0.35000000000000003 0.49000000000000005 0.7000000000000001 0.8400000000000001 0.9800000000000001 1.12 1.2600000000000002 19
0.14 0.21000000000000002 0.35000000000000003 0.49000000000000005 0.7000000000000001 0.8400000000000001 0.9100000000000001 1.12 1.2600000000000002 19
0.14 0.28 0.42000000000000004 0.56 0.7000000000000001 0.8400000000000001 0.9800000000000001 1.12 1.2600000000000002 20
0.14 0.21000000000000002 0.35000000000000003 0.56 0.7000000000000001 0.8400000000000001 0.9100000000000001 1.12 1.2600000000000002 19
0.07 0.21000000000000002 0.35000000000000003 0.49000000000000005 0.7000000000000001 0.8400000000000001 0.9100000000000001 1.12 1.2600000000000002 19
0.14 0.28 0.42000000000000004 0.56 0.7000000000000001 0.8400000000000001 0.9800000000000001 1.12 1.2600000000000002 20
0.14 0.28 0.42000000000000004 0.56 0.7000000000000001 0.8400000000000001 0.9800000000000001 1.12 1.2600000000000002 20
0.14 0.28 0.42000000000000004 0.56 0.7000000000000001 0.8400000000000001 0.9800000000000001 1.12 1.2600000000000002 20
0.14 0.28 0.42000000000000004 0.56 0.7000000000000001 0.8400000000000001 0.9800000000000001 1.12 1.2600000000000002 20
0.14 0.21000000000000002 0.42000000000000004 0.49000000000000005 0.7000000000000001 0.8400000000000001 0.9800000000000001 1.12 1.2600000000000002 19
0.14 0.21000000000000002 0.42000000000000004 0.56 0.7000000000000001 0.8400000000000001 0.9800000000000001 1.12 1.2600000000000002 19
0.07 0.21000000000000002 0.35000000000000003 0.49000000000000005 0.7000000000000001 0.8400000000000001 0.9800000000000001 1.12 1.2600000000000002 19
0.14 0.28 0.42000000000000004 0.56 0.7000000000000001 0.8400000000000001 0.9800000000000001 1.12 1.2600000000000002 20
0.07 0.21000000000000002 0.35000000000000003 0.49000000000000005 0.7000000000000001 0.8400000000000001 0.9100000000000001 1.12 1.2600000000000002 19
0.14 0.21000000000000002 0.42000000000000004 0.49000000000000005 0.7000000000000001 0.8400000000000001 0.9800000000000001 1.12 1.2600000000000002 19
0.14 0.28 0.42000000000000004 0.56 0.7000000000000001 0.8400000000000001 0.9800000000000001 1.12 1.2600000000000002 20
0.14 0.21000000000000002 0.35000000000000003 0.49000000000000005 0.7000000000000001 0.8400000000000001 0.9100000000000001 1.12 1.2600000000000002 19
0.07 0.21000000000000002 0.35000000000000003 0.56 0.7000000000000001 0.8400000000000001 0.9800000000000001 1.12 1.2600000000000002 19
0.07 0.21000000000000002 0.35000000000000003 0.49000000000000005 0.7000000000000001 0.8400000000000001 0.9800000000000001 1.12 1.2600000000000002 19
0.07 0.21000000000000002 0.35000000000000003 0.49000000000000005 0.7000000000000001 0.8400000000000001 0.9800000000000001 1.12 1.2600000000000002 19
0.14 0.28 0.42000000000000004 0.56 0.7000000000000001 0.8400000000000001 0.9800000000000001 1.12 1.2600000000000002 20
0.14 0.28 0.42000000000000004 0.56 0.7000000000000001 0.8400000000000001 0.9800000000000001 1.12 1.2600000000000002 19
0.07 0.21000000000000002 0.35000000000000003 0.49000000000000005 0.7000000000000001 0.8400000000000001 0.9100000000000001 1.12 1.2600000000000002 19
0.14 0.21000000000000002 0.35000000000000003 0.56 0.7000000000000001 0.8400000000000001 0.9100000000000001 1.12 1.2600000000000002 19
0.14 0.21000000000000002 0.35000000000000003 0.49000000000000005 0.7000000000000001 0.8400000000000001 0.9800000000000001 1.12 1.2600000000000002 19
0.07 0.21000000000000002 0.35000000000000003 0.49000000000000005 0.7000000000000001 0.8400000000000001 0.9100000000000001 1.12 1.2600000000000002 19
0.07 0.28 0.42000000000000004 0.56 0.7000000000000001 0.8400000000000001 0.9800000000000001 1.12 1.2600000000000002 20
0.14 0.28 0.42000000000000004 0.56 0.7000000000000001 0.8400000000000001 0.9800000000000001 1.12 1.2600000000000002 20
0.14 0.28 0.42000000000000004 0.56 0.7000000000000001 0.8400000000000001 0.9800000000000001 1.12 1.2600000000000002 20
0.07 0.28 0.35000000000000003 0.56 0.7000000000000001 0.8400000000000001 0.9100000000000001 1.12 1.2600000000000002 19
0.07 0.21000000000000002 0.35000000000000003 0.49000000000000005 0.7000000000000001 0.8400000000000001 0.9800000000000001 1.12 1.2600000000000002 19
0.14 0.28 0.42000000000000004 0.49000000000000005 0.7000000000000001 0.8400000000000001 0.9100000000000001 1.12 1.2600000000000002 19
0.14 0.21000000000000002 0.35000000000000003 0.56 0.7000000000000001 0.8400000000000001 0.9100000000000001 1.12 1.2600000000000002 19
0.14 0.28 0.42000000000000004 0.56 0.7000000000000001 0.8400000000000001 0.9800000000000001 1.12 1.2600000000000002 20
0.07 0.21000000000000002 0.35000000000000003 0.49000000000000005 0.7000000000000001 0.8400000000000001 0.9800000000000001 1.12 1.2600000000000002 19
0.07 0.21000000000000002 0.35000000000000003 0.49000000000000005 0.7000000000000001 0.8400000000000001 0.9800000000000001 1.12 1.2600000000000002 19
0.14 0.21000000000000002 0.35000000000000003 0.56 0.7000000000000001 0.8400000000000001 0.9800000000000001 1.12 1.2600000000000002 19
0.14 0.21000000000000002 0.42000000000000004 0.49000000000000005 0.7000000000000001 0.8400000000000001 0.9800000000000001 1.12 1.2600000000000002 19
0.14 0.21000000000000002 0.35000000000000003 0.49000000000000005 0.7000000000000001 0.8400000000000001 0.9800000000000001 1.12 1.2600000000000002 19
0.07 0.21000000000000002 0.35000000000000003 0.49000000000000005 0.7000000000000001 0.8400000000000001 0.9100000000000001 1.12 1.2600000000000002 19
0.14 0.21000000000000002 0.35000000000000003 0.49000000000000005 0.7000000000000001 0.8400000000000001 0.9800000000000001 1.12 1.2600000000000002 19
0.14 0.28 0.42000000000000004 0.56 0.7000000000000001 0.8400000000000001 0.9800000000000001 1.12 1.2600000000000002 20
0.14 0.28 0.35000000000000003 0.49000000000000005 0.7000000000000001 0.8400000000000001 0.9100000000000001 1.12 1.2600000000000002 19
0.07 0.21000000000000002 0.35000000000000003 0.49000000000000005 0.7000000000000001 0.8400000000000001 0.9100000000000001 1.12 1.2600000000000002 19
0.07 0.21000000000000002 0.35000000000000003 0.49000000000000005 0.7000000000000001 0.8400000000000001 0.9800000000000001 1.12 1.2600000000000002 19
0.07 0.21000000000000002 0.42000000000000004 0.49000000000000005 0.7000000000000001 0.8400000000000001 0.9800000000000001 1.12 1.2600000000000002 19
0.07 0.21000000000000002 0.35000000000000003 0.56 0.7000000000000001 0.8400000000000001 0.9800000000000001 1.12 1.2600000000000002 19
0.14 0.28 0.42000000000000004 0.56 0.7000000000000001 0.8400000000000001 0.9800000000000001 1.12 1.2600000000000002 20
0.14 0.28 0.42000000000000004 0.49000000000000005 0.7000000000000001 0.8400000000000001 0.9800000000000001 1.12 1.2600000000000002 20
0.07 0.28 0.42000000000000004 0.56 0.7000000000000001 0.8400000000000001 0.9800000000000001 1.12 1.2600000000000002 20
0.07 0.21000000000000002 0.35000000000000003 0.49000000000000005 0.7000000000000001 0.8400000000000001 0.9800000000000001 1.12 1.2600000000000002 19
0.07 0.28 0.42000000000000004 0.56 0.7000000000000001 0.8400000000000001 0.9800000000000001 1.12 1.2600000000000002 20
0.14 0.28 0.42000000000000004 0.56 0.7000000000000001 0.8400000000000001 0.9800000000000001 1.12 1.2600000000000002 20
0.07 0.21000000000000002 0.35000000000000003 0.49000000000000005 0.7000000000000001 0.8400000000000001 0.9100000000000001 1.12 1.2600000000000002 19
0.07 0.21000000000000002 0.35000000000000003 0.49000000000000005 0.7000000000000001 0.8400000000000001 0.9100000000000001 1.12 1.2600000000000002 19
0.14 0.28 0.42000000000000004 0.56 0.7000000000000001 0.8400000000000001 0.9800000000000001 1.12 1.2600000000000002 20
0.14 0.28 0.42000000000000004 0.56 0.7000000000000001 0.8400000000000001 0.9800000000000001 1.12 1.2600000000000002 20
0.14 0.28 0.42000000000000004 0.56 0.7000000000000001 0.8400000000000001 0.9800000000000001 1.12 1.2600000000000002 20
0.14 0.28 0.42000000000000004 0.56 0.7000000000000001 0.8400000000000001 0.9800000000000001 1.12 1.2600000000000002 20
0.14 0.21000000000000002 0.35000000000000003 0.56 0.7000000000000001 0.8400000000000001 0.9800000000000001 1.12 1.2600000000000002 19
0.07 0.28 0.42000000000000004 0.56 0.7000000000000001 0.8400000000000001 0.9800000000000001 1.12 1.2600000000000002 19
0.14 0.21000000000000002 0.35000000000000003 0.49000000000000005 0.7000000000000001 0.8400000000000001 0.9800000000000001 1.12 1.2600000000000002 19
0.14 0.21000000000000002 0.35000000000000003 0.49000000000000005 0.7000000000000001 0.8400000000000001 0.9100000000000001 1.12 1.2600000000000002 19
0.14 0.21000000000000002 0.42000000000000004 0.49000000000000005 0.7000000000000001 0.8400000000000001 0.9800000000000001 1.12 1.2600000000000002 19
0.07 0.21000000000000002 0.35000000000000003 0.49000000000000005 0.7000000000000001 0.9800000000000001 1.12 1.2600000000000002 19
0.07 0.21000000000000002 0.35000000000000003 0.49000000000000005 0.7000000000000001 0.8400000000000001 0.9800000000000001 1.12 1.2600000000000002 19
0.14 0.28 0.42000000000000004 0.56 0.7000000000000001 0.8400000000000001 0.9800000000000001 1.12 1.2600000000000002 20
0.07 0.21000000000000002 0.35000000000000003 0.49000000000000005 0.7000000000000001 0.8400000000000001 0.9100000000000001 1.12 1.2600000000000002 19
0.07 0.21000000000000002 0.35000000000000003 0.49000000000000005 0.7000000000000001 0.8400000000000001 0.9100000000000001 1.12 1.2600000000000002 19
0.14 0.21000000000000002 0.35000000000000003 0.49000000000000005 0.7000000000000001 0.8400000000000001 0.9800000000000001 1.12 1.2600000000000002 19
0.14 0.28 0.42000000000000004 0.56 0.7000000000000001 0.8400000000000001 0.9800000000000001 1.12 1.2600000000000002 20
0.07 0.21000000000000002 0.42000000000000004 0.56 0.7000000000000001 0.8400000000000001 0.9100000000000001 1.12 1.2600000000000002 19
0.14 0.21000000000000002 0.35000000000000003 0.49000000000000005 0.7000000000000001 0.8400000000000001 0.9800000000000001 1.12 1.2600000000000002 19
0.07 0.21000000000000002 0.35000000000000003 0.49000000000000005 0.7000000000000001 0.8400000000000001 0.9800000000000001 1.12 1.2600000000000002 19
0.14 0.28 0.42000000000000004 0.56 0.7000000000000001 0.8400000000000001 0.9800000000000001 1.12 1.2600000000000002 20
0.07 0.21000000000000002 0.42000000000000004 0.49000000000000005 0.7000000000000001 0.8400000000000001 0.9800000000000001 1.12 1.2600000000000002 19
0.14 0.21000000000000002 0.35000000000000003 0.49000000000000005 0.7000000000000001 0.8400000000000001 0.9800000000000001 1.12 1.2600000000000002 19
0.07 0.21000000000000002 0.42000000000000004 0.49000000000000005 0.7000000000000001 0.8400000000000001 0.9800000000000001 1.12 1.2600000000000002 19
0.07 0.21000000000000002 0.35000000000000003 0.56 0.7000000000000001 0.8400000000000001 0.9100000000000001 1.12 1.2600000000000002 19
0.14 0.21000000000000002 0.42000000000000004 0.49000000000000005 0.7000000000000001 0.8400000000000001 0.9800000000000001 1.12 1.2600000000000002 19
0.07 0.21000000000000002 0.35000000000000003 0.49000000000000005 0.7000000000000001 0.8400000000000001 0.9800000000000001 1.12 1.2600000000000002 19
0.14 0.28 0.42000000000000004 0.56 0.7000000000000001 0.8400000000000001 0.9800000000000001 1.12 1.2600000000000002 20
0.14 0.21000000000000002 0.35000000000000003 0.49000000000000005 0.7000000000000001 0.8400000000000001 0.9800000000000001 1.12 1.2600000000000002 19
0.14 0.21000000000000002 0.35000000000000003 0.56 0.7000000000000001 0.8400000000000001 0.9100000000000001 1.12 1.2600000000000002 19
0.14 0.28 0.42000000000000004 0.56 0.7000000000000001 0.8400000000000001 0.9800000000000001 1.12 1.2600000000000002 20
0.14 0.21000000000000002 0.35000000000000003 0.49000000000000005 0.7000000000000001 0.8400000000000001 0.9800000000000001 1.12 1.2600000000000002 19
0.07 0.21000000000000002 0.35000000000000003 0.56 0.7000000000000001 0.8400000000000001 0.9800000000000001 1.12 1.2600000000000002 19
0.14 0.21000000000000002 0.35000000000000003 0.49000000000000005 0.7000000000000001 0.8400000000000001 0.9100000000000001 1.12 1.2600000000000002 19
0.14 0.21000000000000002 0.35000000000000003 0.49000000000000005 0.7000000000000001 0.8400000000000001 0.9800000000000001 1.12 1.2600000000000002 19
0.07 0.21000000000000002 0.42000000000000004 0.49000000000000005 0.7000000000000001 0.8400000000000001 0.9100000000000001 1.12 1.2600000000000002 19
0.14 0.21000000000000002 0.35000000000000003 0.49000000000000005 0.7000000000000001 0.8400000000000001 0.9800000000000001 1.12 1.2600000000000002 19
0.14 0.28 0.42000000000000004 0.56 0.7000000000000001 0.8400000000000001 0.9800000000000001 1.12 1.2600000000000002 20
0.14 0.28 0.42000000000000004 0.49000000000000005 0.7000000000000001 0.8400000000000001 0.9800000000000001 1.12 1.2600000000000002 20
0.14 0.28 0.42000000000000004 0.56 0.7000000000000001 0.8400000000000001 0.9800000000000001 1.12 1.2600000000000002 20
0.07 0.21000000000000002 0.35000000000000003 0.49000000000000005 0.7000000000000001 0.8400000000000001 0.9800000000000001 1.12 1.2600000000000002 19
0.14 0.21000000000000002 0.42000000000000004 0.56 0.7000000000000001 0.8400000000000001 0.9100000000000001 1.12 1.2600000000000002 19
0.07 0.21000000000000002 0.35000000000000003 0.49000000000000005 0.7000000000000001 0.8400000000000001 0.9800000000000001 1.12 1.2600000000000002 19
0.14 0.28 0.42000000000000004 0.56 0.7000000000000001 0.8400000000000001 0.9800000000000001 1.12 1.2600000000000002 20
0.07 0.21000000000000002 0.35000000000000003 0.49000000000000005 0.7000000000000001 0.8400000000000001 0.9800000000000001 1.12 1.2600000000000002 19
0.07 0.21000000000000002 0.35000000000000003 0.49000000000000005 0.7000000000000001 0.8400000000000001 0.9800000000000001 1.12 1.2600000000000002 19
0.07 0.28 0.35000000000000003 0.49000000000000005 0.7000000000000001 0.8400000000000001 0.9100000000000001 1.12 1.2600000000000002 19
0.14 0.21000000000000002 0.35000000000000003 0.56 0.7000000000000001 0.8400000000000001 0.9800000000000001 1.12 1.2600000000000002 19
0.14 0.21000000000000002 0.35000000000000003 0.49000000000000005 0.7000000000000001 0.8400000000000001 0.9800000000000001 1.12 1.2600000000000002 19
0.14 0.28 0.42000000000000004 0.56 0.7000000000000001 0.8400000000000001 0.9800000000000001 1.12 1.2600000000000002 20
0.07 0.21000000000000002 0.35000000000000003 0.49000000000000005 0.7000000000000001 0.8400000000000001 0.9800000000000001 1.12 1.2600000000000002 19
0.14 0.28 0.42000000000000004 0.56 0.7000000000000001 0.8400000000000001 0.9800000000000001 1.12 1.2600000000000002 20
0.14 0.28 0.42000000000000004 0.56 0.7000000000000001 0.8400000000000001 0.9800000000000001 1.12 1.2600000000000002 20
0.14 0.21000000000000002 0.35000000000000003 0.49000000000000005 0.7000000000000001 0.8400000000000001 0.9800000000000001 1.12 1.2600000000000002 19
0.07 0.21000000000000002 0.42000000000000004 0.49000000000000005 0.7000000000000001 0.8400000000000001 0.9800000000000001 1.12 1.2600000000000002 19
0.14 0.28 0.42000000000000004 0.56 0.7000000000000001 0.8400000000000001 0.9800000000000001 1.12 1.2600000000000002 20
0.14 0.28 0.42000000000000004 0.56 0.7000000000000001 0.8400000000000001 0.9800000000000001 1.12 1.2600000000000002 20
0.14 0.21000000000000002 0.35000000000000003 0.56 0.7000000000000001 0.8400000000000001 0.9800000000000001 1.12 1.2600000000000002 19
0.14 0.21000000000000002 0.35000000000000003 0.49000000000000005 0.7000000000000001 0.8400000000000001 0.9100000000000001 1.12 1.2600000000000002 19
0.07 0.21000000000000002 0.35000000000000003 0.56 0.7000000000000001 0.8400000000000001 0.9100000000000001 1.12 1.2600000000000002 19
0.07 0.21000000000000002 0.35000000000000003 0.49000000000000005 0.7000000000000001 0.8400000000000001 0.9800000000000001 1.12 1.2600000000000002 19
0.07 0.28 0.35000000000000003 0.49000000000000005 0.7000000000000001 0.8400000000000001 0.9800000000000001 1.12 1.2600000000000002 19
0.14 0.28 0.42000000000000004 0.56 0.7000000000000001 0.8400000000000001 0.9800000000000001 1.12 1.2600000000000002 20
0.07 0.21000000000000002 0.35000000000000003 0.49000000000000005 0.7000000000000001 0.8400000000000001 0.9800000000000001 1.12 1.2600000000000002 19
0.14 0.21000000000000002 0.35000000000000003 0.49000000000000005 0.7000000000000001 0.8400000000000001 0.9800000000000001 1.12 1.2600000000000002 19
0.14 0.28 0.35000000000000003 0.56 0.7000000000000001 0.8400000000000001 0.9800000000000001 1.12 1.2600000000000002 19
0.07 0.28 0.42000000000000004 0.56 0.7000000000000001 0.8400000000000001 0.9800000000000001 1.12 1.2600000000000002 20
0.14 0.21000000000000002 0.42000000000000004 0.49000000000000005 0.7000000000000001 0.8400000000000001 0.9800000000000001 1.12 1.2600000000000002 19
0.14 0.28 0.42000000000000004 0.56 0.7000000000000001 0.8400000000000001 0.9800000000000001 1.12 1.2600000000000002 20
0.14 0.28 0.42000000000000004 0.56 0.7000000000000001 0.8400000000000001 0.9800000000000001 1.12 1.2600000000000002 19
0.07 0.21000000000000002 0.35000000000000003 0.49000000000000005 0.7000000000000001 0.8400000000000001 0.9100000000000001 1.12 1.2600000000000002 19
0.07 0.21000000000000002 0.35000000000000003 0.49000000000000005 0.7000000000000001 0.8400000000000001 0.9800000000000001 1.12 1.2600000000000002 19
0.07 0.21000000000000002 0.35000000000000003 0.49000000000000005 0.7000000000000001 0.8400000000000001 0.9800000000000001 1.12 1.2600000000000002 19
0.07 0.21000000000000002 0.35000000000000003 0.49000000000000005 0.7000000000000001 0.8400000000000001 0.9100000000000001 1.12 1.2600000000000002 19
0.14 0.21000000000000002 0.35000000000000003 0.49000000000000005 0.7000000000000001 0.8400000000000001 0.9100000000000001 1.12 1.2600000000000002 19
