0.09 0.24 0.36 0.44999999999999996 0.54 0.6 0.69 0.78 0.8099999999999999 0.87 31
0.03 0.18 0.36 0.44999999999999996 0.57 0.6 0.69 0.78 0.8099999999999999 0.87 31
0.06 0.18 0.36 0.44999999999999996 0.54 0.6 0.69 0.78 0.8099999999999999 0.87 31
0.06 0.18 0.36 0.44999999999999996 0.54 0.6 0.72 0.78 0.8099999999999999 0.87 31
0.03 0.18 0.36 0.44999999999999996 0.57 0.6 0.69 0.78 0.8099999999999999 0.87 31
0.03 0.18 0.36 0.44999999999999996 0.57 0.6 0.69 0.78 0.8099999999999999 0.87 31
0.06 0.24 0.36 0.44999999999999996 0.57 0.6 0.72 0.78 0.8099999999999999 0.8999999999999999 31
0.09 0.21 0.36 0.44999999999999996 0.51 0.6 0.72 0.78 0.8099999999999999 0.87 31
0.06 0.21 0.36 0.44999999999999996 0.54 0.6 0.69 0.78 0.8099999999999999 0.87 32
0.06 0.24 0.36 0.44999999999999996 0.57 0.6 0.69 0.78 0.8099999999999999 0.8999999999999999 31
0.06 0.21 0.36 0.44999999999999996 0.54 0.6 0.69 0.78 0.8099999999999999 0.87 32
0.09 0.24 0.36 0.44999999999999996 0.51 0.6 0.72 0.78 0.8099999999999999 0.87 31
0.09 0.21 0.36 0.44999999999999996 0.57 0.6 0.69 0.78 0.8099999999999999 0.87 31
0.03 0.18 0.36 0.48 0.54 0.6 0.72 0.78 0.8099999999999999 0.87 33
0.09 0.24 0.36 0.44999999999999996 0.57 0.6 0.69 0.78 0.8099999999999999 0.87 31
0.06 0.21 0.36 0.44999999999999996 0.57 0.6 0.69 0.78 0.8099999999999999 0.8999999999999999 31
0.03 0.21 0.32999999999999996 0.44999999999999996 0.54 0.6 0.69 0.78 0.8099999999999999 0.87 31
0.03 0.18 0.36 0.48 0.57 0.6 0.69 0.78 0.8099999999999999 0.87 31
0.09 0.21 0.39 0.44999999999999996 0.54 0.6 0.72 0.78 0.8099999999999999 0.87 31
0.06 0.21 0.36 0.48 0.54 0.6 0.69 0.78 0.8099999999999999 0.87 31
0.15 0.21 0.36 0.44999999999999996 0.51 0.6 0.72 0.78 0.8099999999999999 0.87 31
0.03 0.21 0.32999999999999996 0.44999999999999996 0.54 0.6 0.69 0.75 0.8099999999999999 0.87 31
0.09 0.24 0.39 0.48 0.57 0.63 0.69 0.78 0.8099999999999999 0.87 31
0.03 0.18 0.36 0.48 0.57 0.6 0.69 0.78 0.8099999999999999 0.8999999999999999 31
0.03 0.18 0.36 0.44999999999999996 0.57 0.6 0.69 0.78 0.8099999999999999 0.87 31
0.03 0.18 0.39 0.44999999999999996 0.57 0.6 0.69 0.78 0.8099999999999999 0.87 31
0.06 0.21 0.36 0.44999999999999996 0.54 0.6 0.72 0.78 0.8099999999999999 0.87 31
0.03 0.18 0.36 0.44999999999999996 0.57 0.6 0.69 0.78 0.8099999999999999 0.87 31
0.12 0.24 0.39 0.48 0.54 0.6 0.72 0.78 0.8099999999999999 0.87 34
0.06 0.24 0.36 0.44999999999999996 0.54 0.6 0.72 0.78 0.8099999999999999 0.87 31
0.03 0.18 0.36 0.44999999999999996 0.51 0.6 0.69 0.78 0.8099999999999999 0.87 31
0.09 0.3 0.39 0.44999999999999996 0.57 0.6 0.72 0.78 0.8099999999999999 0.8999999999999999 31
0.03 0.21 0.32999999999999996 0.44999999999999996 0.54 0.6 0.69 0.75 0.8099999999999999 0.87 31
0.03 0.21 0.32999999999999996 0.44999999999999996 0.54 0.6 0.72 0.75 0.8099999999999999 0.87 31
0.09 0.21 0.36 0.44999999999999996 0.57 0.6 0.69 0.78 0.8099999999999999 0.87 31
0.03 0.27 0.32999999999999996 0.44999999999999996 0.54 0.6 0.72 0.78 0.8099999999999999 0.87 32
0.15 0.27 0.36 0.44999999999999996 0.54 0.6 0.69 0.78 0.8099999999999999 0.87 31
0.03 0.21 0.32999999999999996 0.44999999999999996 0.54 0.6 0.69 0.78 0.8099999999999999 0.8999999999999999 31
0.03 0.18 0.36 0.44999999999999996 0.54 0.6 0.69 0.78 0.8099999999999999 0.87 31
0.09 0.21 0.36 0.44999999999999996 0.54 0.6 0.72 0.78 0.8099999999999999 0.8999999999999999 31
0.06 0.18 0.36 0.44999999999999996 0.57 0.6 0.69 0.78 0.8099999999999999 0.87 31
0.09 0.24 0.36 0.44999999999999996 0.57 0.6 0.72 0.78 0.8099999999999999 0.8999999999999999 31
0.03 0.18 0.39 0.44999999999999996 0.57 0.6 0.69 0.78 0.8099999999999999 0.87 31
0.06 0.18 0.36 0.44999999999999996 0.57 0.6 0.69 0.78 0.8099999999999999 0.87 31
0.09 0.18 0.39 0.48 0.57 0.63 0.72 0.78 0.8099999999999999 0.87 31
0.12 0.24 0.36 0.44999999999999996 0.54 0.6 0.72 0.78 0.8099999999999999 0.87 35
0.09 0.3 0.39 0.48 0.54 0.6 0.72 0.78 0.8099999999999999 0.87 31
0.12 0.3 0.42 0.44999999999999996 0.57 0.6 0.72 0.78 0.8099999999999999 0.8999999999999999 31
0.03 0.18 0.36 0.48 0.54 0.6599999999999999 0.69 0.78 0.8099999999999999 0.87 31
0.06 0.27 0.39 0.44999999999999996 0.57 0.6 0.69 0.78 0.8099999999999999 0.8999999999999999 31
0.03 0.18 0.32999999999999996 0.44999999999999996 0.54 0.6 0.69 0.78 0.8099999999999999 0.87 31
0.09 0.18 0.36 0.44999999999999996 0.57 0.6 0.69 0.78 0.8099999999999999 0.87 31
0.06 0.21 0.36 0.44999999999999996 0.54 0.6 0.69 0.78 0.8099999999999999 0.87 31
0.03 0.3 0.32999999999999996 0.44999999999999996 0.57 0.6 0.69 0.75 0.8099999999999999 0.87 31
0.03 0.18 0.39 0.44999999999999996 0.51 0.6 0.72 0.78 0.8099999999999999 0.87 31
0.15 0.3 0.39 0.44999999999999996 0.57 0.6 0.72 0.78 0.8099999999999999 0.8999999999999999 31
0.12 0.24 0.36 0.48 0.57 0.6 0.72 0.78 0.8099999999999999 0.8999999999999999 31
0.03 0.21 0.32999999999999996 0.48 0.54 0.6599999999999999 0.69 0.78 0.8099999999999999 0.8999999999999999 31
0.03 0.21 0.32999999999999996 0.44999999999999996 0.54 0.6 0.72 0.78 0.8099999999999999 0.87 31
0.03 0.18 0.36 0.44999999999999996 0.51 0.6 0.69 0.78 0.8099999999999999 0.87 31
0.06 0.3 0.39 0.44999999999999996 0.57 0.6 0.72 0.78 0.8099999999999999 0.8999999999999999 33
0.03 0.21 0.32999999999999996 0.44999999999999996 0.51 0.6 0.72 0.78 0.8099999999999999 0.8999999999999999 31
0.03 0.21 0.32999999999999996 0.48 0.54 0.6 0.69 0.78 0.8099999999999999 0.8999999999999999 31
0.03 0.18 0.36 0.44999999999999996 0.54 0.6 0.69 0.78 0.8099999999999999 0.87 31
0.06 0.18 0.36 0.44999999999999996 0.57 0.6 0.69 0.78 0.8099999999999999 0.87 31
0.09 0.27 0.36 0.44999999999999996 0.54 0.6 0.72 0.78 0.8099999999999999 0.87 31
0.03 0.18 0.36 0.44999999999999996 0.54 0.6 0.69 0.78 0.8099999999999999 0.87 31
0.12 0.24 0.36 0.44999999999999996 0.51 0.6 0.72 0.78 0.8099999999999999 0.87 34
0.09 0.21 0.36 0.44999999999999996 0.57 0.6 0.69 0.78 0.8099999999999999 0.87 31
0.06 0.18 0.36 0.44999999999999996 0.57 0.6 0.69 0.78 0.8099999999999999 0.87 32
0.03 0.21 0.32999999999999996 0.44999999999999996 0.57 0.6 0.72 0.75 0.8099999999999999 0.87 31
0.12 0.3 0.42 0.44999999999999996 0.57 0.6 0.69 0.78 0.84 0.8999999999999999 31
0.03 0.21 0.32999999999999996 0.44999999999999996 0.57 0.6 0.72 0.75 0.8099999999999999 0.87 31
0.15 0.27 0.36 0.44999999999999996 0.57 0.6 0.72 0.78 0.8099999999999999 0.87 31
0.03 0.21 0.32999999999999996 0.44999999999999996 0.57 0.6 0.69 0.75 0.8099999999999999 0.87 31
0.09 0.3 0.42 0.44999999999999996 0.57 0.6 0.72 0.78 0.8099999999999999 0.8999999999999999 31
0.09 0.24 0.39 0.48 0.57 0.6 0.69 0.78 0.8099999999999999 0.87 33
0.03 0.18 0.36 0.44999999999999996 0.57 0.6 0.69 0.78 0.8099999999999999 0.8999999999999999 31
0.09 0.3 0.42 0.48 0.57 0.6599999999999999 0.72 0.78 0.8099999999999999 0.8999999999999999 32
0.06 0.21 0.36 0.44999999999999996 0.57 0.6 0.69 0.78 0.8099999999999999 0.87 31
0.09 0.24 0.39 0.44999999999999996 0.57 0.6 0.69 0.78 0.8099999999999999 0.87 31
0.03 0.18 0.32999999999999996 0.44999999999999996 0.54 0.6 0.69 0.78 0.8099999999999999 0.8999999999999999 31
0.06 0.18 0.36 0.44999999999999996 0.54 0.6 0.69 0.78 0.8099999999999999 0.87 31
0.03 0.21 0.32999999999999996 0.44999999999999996 0.57 0.6 0.69 0.78 0.8099999999999999 0.8999999999999999 31
0.09 0.3 0.36 0.44999999999999996 0.57 0.6 0.69 0.78 0.8099999999999999 0.8999999999999999 31
0.15 0.24 0.39 0.48 0.57 0.6 0.72 0.78 0.84 0.87 32
0.03 0.18 0.32999999999999996 0.44999999999999996 0.54 0.6 0.69 0.78 0.8099999999999999 0.87 31
0.15 0.24 0.39 0.48 0.54 0.6599999999999999 0.72 0.78 0.8099999999999999 0.87 31
0.03 0.21 0.32999999999999996 0.44999999999999996 0.57 0.6 0.69 0.78 0.8099999999999999 0.8999999999999999 31
0.09 0.21 0.39 0.48 0.57 0.6 0.69 0.78 0.8099999999999999 0.87 31
0.09 0.24 0.39 0.44999999999999996 0.54 0.6 0.72 0.78 0.8099999999999999 0.87 32
0.03 0.24 0.32999999999999996 0.44999999999999996 0.57 0.6 0.69 0.75 0.8099999999999999 0.8999999999999999 33
0.12 0.24 0.36 0.48 0.54 0.6 0.72 0.78 0.8099999999999999 0.87 31
0.03 0.18 0.39 0.44999999999999996 0.57 0.6 0.69 0.78 0.8099999999999999 0.87 31
0.03 0.18 0.36 0.44999999999999996 0.57 0.6 0.69 0.78 0.8099999999999999 0.87 31
0.03 0.18 0.36 0.44999999999999996 0.54 0.6 0.72 0.78 0.8099999999999999 0.87 31
0.06 0.24 0.36 0.48 0.54 0.6599999999999999 0.72 0.78 0.8099999999999999 0.87 31
0.09 0.21 0.36 0.44999999999999996 0.54 0.6 0.72 0.78 0.8099999999999999 0.87 32
0.06 0.24 0.36 0.44999999999999996 0.57 0.6 0.69 0.78 0.8099999999999999 0.8999999999999999 31
0.09 0.3 0.39 0.44999999999999996 0.57 0.6 0.72 0.78 0.8099999999999999 0.8999999999999999 31
0.03 0.18 0.36 0.44999999999999996 0.57 0.6 0.69 0.78 0.8099999999999999 0.87 31
0.06 0.18 0.36 0.44999999999999996 0.54 0.6 0.69 0.78 0.8099999999999999 0.87 31
0.03 0.21 0.32999999999999996 0.44999999999999996 0.51 0.6 0.69 0.78 0.8099999999999999 0.87 31
0.09 0.18 0.39 0.44999999999999996 0.57 0.6 0.69 0.78 0.8099999999999999 0.87 32
0.09 0.18 0.39 0.44999999999999996 0.57 0.6 0.72 0.78 0.8099999999999999 0.87 31
0.03 0.18 0.36 0.44999999999999996 0.57 0.6 0.69 0.78 0.8099999999999999 0.8999999999999999 31
0.03 0.21 0.32999999999999996 0.44999999999999996 0.54 0.6 0.69 0.78 0.8099999999999999 0.87 31
0.09 0.18 0.36 0.44999999999999996 0.54 0.6 0.69 0.78 0.8099999999999999 0.87 31
0.09 0.3 0.39 0.44999999999999996 0.57 0.6 0.72 0.78 0.8099999999999999 0.8999999999999999 31
0.09 0.21 0.36 0.44999999999999996 0.51 0.6 0.69 0.78 0.8099999999999999 0.87 31
0.06 0.18 0.36 0.44999999999999996 0.57 0.6 0.69 0.78 0.8099999999999999 0.87 31
0.06 0.18 0.36 0.44999999999999996 0.57 0.6 0.69 0.78 0.8099999999999999 0.87 31
0.09 0.24 0.39 0.48 0.57 0.6 0.69 0.78 0.8099999999999999 0.87 31
0.03 0.21 0.32999999999999996 0.44999999999999996 0.57 0.6 0.69 0.78 0.8099999999999999 0.87 31
0.03 0.21 0.32999999999999996 0.44999999999999996 0.57 0.6 0.69 0.75 0.8099999999999999 0.87 31
0.09 0.3 0.36 0.44999999999999996 0.57 0.6 0.69 0.78 0.8099999999999999 0.8999999999999999 31
0.03 0.21 0.32999999999999996 0.44999999999999996 0.57 0.6 0.69 0.78 0.8099999999999999 0.8999999999999999 31
0.09 0.3 0.42 0.44999999999999996 0.57 0.6 0.72 0.78 0.8099999999999999 0.8999999999999999 31
0.12 0.27 0.36 0.48 0.54 0.6 0.72 0.78 0.8099999999999999 0.87 32
0.06 0.18 0.36 0.44999999999999996 0.51 0.6 0.69 0.78 0.8099999999999999 0.87 31
0.03 0.21 0.32999999999999996 0.44999999999999996 0.57 0.6 0.69 0.75 0.8099999999999999 0.87 31
0.09 0.18 0.36 0.44999999999999996 0.57 0.6 0.69 0.78 0.8099999999999999 0.87 31
0.03 0.21 0.32999999999999996 0.44999999999999996 0.54 0.6 0.69 0.75 0.8099999999999999 0.87 31
0.09 0.18 0.36 0.44999999999999996 0.57 0.6 0.69 0.78 0.8099999999999999 0.87 31
0.03 0.18 0.32999999999999996 0.44999999999999996 0.54 0.6 0.69 0.78 0.8099999999999999 0.87 31
0.03 0.18 0.36 0.44999999999999996 0.57 0.6 0.69 0.78 0.8099999999999999 0.87 31
0.03 0.27 0.32999999999999996 0.44999999999999996 0.57 0.6 0.69 0.78 0.8099999999999999 0.8999999999999999 31
0.06 0.18 0.36 0.44999999999999996 0.54 0.6 0.69 0.78 0.8099999999999999 0.87 31
0.03 0.21 0.32999999999999996 0.44999999999999996 0.57 0.6 0.69 0.75 0.8099999999999999 0.8999999999999999 31
0.03 0.21 0.32999999999999996 0.44999999999999996 0.57 0.6 0.72 0.78 0.8099999999999999 0.8999999999999999 31
0.03 0.24 0.32999999999999996 0.44999999999999996 0.57 0.6 0.72 0.78 0.8099999999999999 0.8999999999999999 31
0.12 0.24 0.36 0.44999999999999996 0.57 0.6 0.69 0.78 0.8099999999999999 0.8999999999999999 31
0.09 0.21 0.39 0.44999999999999996 0.57 0.6 0.69 0.78 0.8099999999999999 0.87 31
0.06 0.21 0.36 0.44999999999999996 0.54 0.6 0.72 0.78 0.8099999999999999 0.87 31
0.03 0.18 0.36 0.44999999999999996 0.57 0.6 0.69 0.78 0.8099999999999999 0.87 31
0.03 0.18 0.39 0.44999999999999996 0.54 0.6 0.69 0.78 0.8099999999999999 0.87 31
0.06 0.21 0.36 0.44999999999999996 0.57 0.6 0.72 0.78 0.8099999999999999 0.87 32
0.12 0.27 0.42 0.48 0.57 0.6 0.72 0.78 0.8099999999999999 0.87 31
0.09 0.21 0.39 0.44999999999999996 0.57 0.6 0.69 0.78 0.8099999999999999 0.87 31
0.12 0.24 0.36 0.48 0.54 0.6 0.72 0.78 0.8099999999999999 0.87 31
0.03 0.21 0.32999999999999996 0.44999999999999996 0.57 0.6 0.69 0.75 0.8099999999999999 0.8999999999999999 31
0.03 0.21 0.32999999999999996 0.44999999999999996 0.54 0.6 0.69 0.75 0.8099999999999999 0.87 31
0.03 0.21 0.32999999999999996 0.44999999999999996 0.54 0.6 0.72 0.75 0.8099999999999999 0.87 31
0.09 0.21 0.36 0.44999999999999996 0.57 0.6 0.72 0.78 0.8099999999999999 0.87 31
0.03 0.18 0.36 0.44999999999999996 0.54 0.6 0.69 0.78 0.8099999999999999 0.87 31
0.09 0.24 0.36 0.44999999999999996 0.54 0.6 0.72 0.78 0.8099999999999999 0.8999999999999999 31
0.09 0.21 0.39 0.48 0.57 0.6 0.69 0.78 0.8099999999999999 0.87 31
0.09 0.24 0.36 0.44999999999999996 0.54 0.6 0.72 0.78 0.8099999999999999 0.87 31
0.12 0.3 0.42 0.48 0.57 0.6599999999999999 0.72 0.78 0.84 0.87 32
0.03 0.18 0.36 0.48 0.57 0.6 0.69 0.78 0.8099999999999999 0.8999999999999999 31
0.06 0.18 0.36 0.44999999999999996 0.57 0.6 0.69 0.78 0.8099999999999999 0.87 31
0.06 0.18 0.36 0.44999999999999996 0.54 0.6 0.69 0.78 0.8099999999999999 0.87 31
0.09 0.24 0.36 0.44999999999999996 0.57 0.6 0.69 0.78 0.8099999999999999 0.8999999999999999 31
0.03 0.18 0.39 0.44999999999999996 0.57 0.6 0.72 0.78 0.8099999999999999 0.87 31
0.09 0.3 0.42 0.48 0.57 0.6 0.72 0.78 0.84 0.8999999999999999 33
0.09 0.3 0.39 0.48 0.54 0.6 0.72 0.78 0.8099999999999999 0.87 32
0.03 0.18 0.36 0.44999999999999996 0.54 0.6 0.69 0.78 0.8099999999999999 0.87 31
0.09 0.3 0.42 0.48 0.57 0.6599999999999999 0.72 0.78 0.84 0.8999999999999999 31
0.06 0.18 0.36 0.44999999999999996 0.57 0.6 0.69 0.78 0.8099999999999999 0.87 31
0.09 0.18 0.36 0.44999999999999996 0.57 0.6 0.72 0.78 0.8099999999999999 0.87 31
0.12 0.24 0.39 0.44999999999999996 0.57 0.6 0.72 0.78 0.8099999999999999 0.8999999999999999 31
0.09 0.3 0.39 0.44999999999999996 0.57 0.6 0.72 0.78 0.8099999999999999 0.8999999999999999 31
0.15 0.21 0.36 0.44999999999999996 0.51 0.6 0.72 0.78 0.8099999999999999 0.87 31
0.03 0.21 0.32999999999999996 0.44999999999999996 0.54 0.6 0.69 0.78 0.8099999999999999 0.87 31
0.03 0.18 0.32999999999999996 0.44999999999999996 0.54 0.6 0.69 0.75 0.8099999999999999 0.87 31
0.03 0.18 0.32999999999999996 0.44999999999999996 0.54 0.6 0.69 0.78 0.8099999999999999 0.87 31
0.06 0.18 0.36 0.44999999999999996 0.57 0.6 0.69 0.78 0.8099999999999999 0.87 31
0.03 0.24 0.32999999999999996 0.44999999999999996 0.57 0.6 0.69 0.75 0.8099999999999999 0.87 31
0.06 0.21 0.36 0.44999999999999996 0.54 0.6 0.69 0.78 0.8099999999999999 0.87 31
0.03 0.24 0.32999999999999996 0.44999999999999996 0.57 0.6 0.69 0.75 0.8099999999999999 0.87 31
0.09 0.24 0.39 0.44999999999999996 0.57 0.6 0.72 0.78 0.8099999999999999 0.87 34
0.03 0.18 0.36 0.44999999999999996 0.57 0.6 0.69 0.78 0.8099999999999999 0.87 31
0.03 0.21 0.32999999999999996 0.44999999999999996 0.54 0.6 0.69 0.75 0.8099999999999999 0.87 31
0.12 0.3 0.39 0.44999999999999996 0.57 0.6 0.69 0.78 0.8099999999999999 0.8999999999999999 31
0.03 0.21 0.32999999999999996 0.44999999999999996 0.54 0.6 0.69 0.78 0.8099999999999999 0.87 31
0.09 0.18 0.36 0.44999999999999996 0.57 0.6 0.69 0.78 0.8099999999999999 0.87 31
0.15 0.3 0.39 0.48 0.54 0.6599999999999999 0.72 0.78 0.8099999999999999 0.87 31
0.03 0.24 0.32999999999999996 0.44999999999999996 0.54 0.6 0.69 0.75 0.8099999999999999 0.87 31
0.03 0.18 0.32999999999999996 0.44999999999999996 0.54 0.6 0.69 0.78 0.8099999999999999 0.8999999999999999 31
0.03 0.21 0.32999999999999996 0.44999999999999996 0.54 0.6 0.69 0.78 0.8099999999999999 0.87 31
0.03 0.24 0.32999999999999996 0.44999999999999996 0.51 0.6 0.72 0.78 0.8099999999999999 0.87 31
0.06 0.18 0.36 0.44999999999999996 0.57 0.6 0.69 0.78 0.8099999999999999 0.87 31
0.09 0.27 0.36 0.44999999999999996 0.57 0.6 0.72 0.78 0.8099999999999999 0.87 31
0.03 0.18 0.36 0.48 0.54 0.6599999999999999 0.69 0.78 0.8099999999999999 0.87 31
0.03 0.18 0.36 0.44999999999999996 0.54 0.6 0.69 0.78 0.8099999999999999 0.87 31
0.06 0.18 0.36 0.44999999999999996 0.57 0.6 0.69 0.78 0.8099999999999999 0.87 31
0.09 0.21 0.36 0.44999999999999996 0.54 0.6 0.69 0.78 0.8099999999999999 0.87 32
0.03 0.21 0.32999999999999996 0.44999999999999996 0.54 0.6 0.69 0.78 0.8099999999999999 0.8999999999999999 31
0.09 0.24 0.39 0.44999999999999996 0.57 0.6 0.69 0.78 0.8099999999999999 0.8999999999999999 31
0.03 0.18 0.36 0.44999999999999996 0.57 0.6 0.69 0.78 0.8099999999999999 0.87 31
0.03 0.27 0.32999999999999996 0.44999999999999996 0.54 0.6 0.69 0.75 0.8099999999999999 0.87 31
0.09 0.21 0.36 0.44999999999999996 0.57 0.6 0.69 0.78 0.8099999999999999 0.87 31
0.12 0.24 0.42 0.44999999999999996 0.57 0.6 0.72 0.78 0.8099999999999999 0.87 31
0.09 0.21 0.39 0.44999999999999996 0.57 0.6 0.72 0.78 0.8099999999999999 0.87 32
0.03 0.21 0.32999999999999996 0.44999999999999996 0.57 0.6 0.69 0.78 0.8099999999999999 0.87 31
0.03 0.21 0.32999999999999996 0.48 0.54 0.6 0.72 0.78 0.8099999999999999 0.87 31
0.03 0.18 0.32999999999999996 0.44999999999999996 0.57 0.6 0.69 0.78 0.8099999999999999 0.87 31
0.03 0.21 0.32999999999999996 0.44999999999999996 0.54 0.6 0.69 0.78 0.8099999999999999 0.87 31
0.09 0.24 0.36 0.44999999999999996 0.57 0.6 0.69 0.78 0.8099999999999999 0.87 31
0.03 0.18 0.36 0.44999999999999996 0.57 0.6 0.69 0.78 0.8099999999999999 0.8999999999999999 31
0.03 0.24 0.32999999999999996 0.44999999999999996 0.57 0.6 0.69 0.75 0.8099999999999999 0.87 31
0.09 0.24 0.39 0.44999999999999996 0.57 0.6 0.72 0.78 0.8099999999999999 0.87 31
0.03 0.18 0.36 0.44999999999999996 0.57 0.6 0.69 0.78 0.8099999999999999 0.87 31
0.06 0.21 0.36 0.44999999999999996 0.54 0.6 0.69 0.78 0.8099999999999999 0.87 31
0.15 0.27 0.36 0.44999999999999996 0.54 0.6 0.72 0.78 0.8099999999999999 0.87 32
0.06 0.18 0.36 0.44999999999999996 0.54 0.6 0.72 0.78 0.8099999999999999 0.87 31
0.03 0.21 0.32999999999999996 0.48 0.54 0.6 0.69 0.78 0.8099999999999999 0.87 31
0.06 0.18 0.36 0.44999999999999996 0.57 0.6 0.69 0.78 0.8099999999999999 0.87 31
0.12 0.3 0.36 0.44999999999999996 0.57 0.6 0.69 0.78 0.8099999999999999 0.8999999999999999 32
0.03 0.21 0.32999999999999996 0.44999999999999996 0.54 0.6 0.69 0.75 0.8099999999999999 0.87 31
0.09 0.18 0.39 0.48 0.54 0.6 0.69 0.78 0.8099999999999999 0.87 31
0.03 0.21 0.32999999999999996 0.48 0.54 0.6 0.69 0.78 0.8099999999999999 0.87 31
0.09 0.24 0.39 0.44999999999999996 0.57 0.6 0.72 0.78 0.8099999999999999 0.87 31
0.03 0.21 0.32999999999999996 0.44999999999999996 0.54 0.6 0.72 0.75 0.8099999999999999 0.87 31
0.09 0.21 0.39 0.44999999999999996 0.54 0.6 0.72 0.78 0.8099999999999999 0.87 31
0.09 0.21 0.36 0.44999999999999996 0.54 0.6 0.72 0.78 0.8099999999999999 0.8999999999999999 33
0.03 0.18 0.36 0.44999999999999996 0.57 0.6 0.69 0.78 0.8099999999999999 0.87 31
0.15 0.24 0.39 0.48 0.54 0.6599999999999999 0.72 0.78 0.8099999999999999 0.87 31
0.09 0.18 0.39 0.48 0.57 0.63 0.72 0.78 0.8099999999999999 0.87 31
0.03 0.21 0.32999999999999996 0.44999999999999996 0.54 0.6 0.72 0.75 0.8099999999999999 0.87 31
0.03 0.21 0.32999999999999996 0.44999999999999996 0.57 0.6 0.72 0.75 0.8099999999999999 0.87 31
0.06 0.18 0.36 0.44999999999999996 0.54 0.6 0.69 0.78 0.8099999999999999 0.87 31
0.03 0.18 0.36 0.44999999999999996 0.54 0.6 0.69 0.78 0.8099999999999999 0.87 31
0.03 0.21 0.32999999999999996 0.44999999999999996 0.57 0.6 0.69 0.75 0.8099999999999999 0.87 31
0.09 0.21 0.39 0.48 0.57 0.6 0.69 0.78 0.8099999999999999 0.87 31
0.06 0.21 0.36 0.44999999999999996 0.57 0.6 0.69 0.78 0.8099999999999999 0.87 31
0.03 0.21 0.32999999999999996 0.44999999999999996 0.57 0.6 0.72 0.75 0.8099999999999999 0.87 31
0.12 0.24 0.39 0.44999999999999996 0.54 0.6 0.72 0.78 0.8099999999999999 0.87 31
0.06 0.21 0.36 0.44999999999999996 0.57 0.6 0.69 0.78 0.8099999999999999 0.87 31
0.09 0.3 0.36 0.44999999999999996 0.57 0.6 0.69 0.78 0.8099999999999999 0.8999999999999999 31
0.03 0.18 0.39 0.44999999999999996 0.54 0.6 0.69 0.78 0.8099999999999999 0.87 31
0.12 0.24 0.36 0.44999999999999996 0.54 0.6 0.72 0.78 0.8099999999999999 0.87 35
0.03 0.18 0.36 0.44999999999999996 0.54 0.6 0.69 0.78 0.8099999999999999 0.87 31
0.09 0.24 0.39 0.44999999999999996 0.57 0.6 0.69 0.78 0.8099999999999999 0.87 31
0.09 0.21 0.39 0.44999999999999996 0.57 0.6 0.69 0.78 0.8099999999999999 0.87 31
0.03 0.21 0.32999999999999996 0.44999999999999996 0.54 0.6 0.69 0.78 0.8099999999999999 0.87 31
0.12 0.3 0.42 0.48 0.57 0.6599999999999999 0.72 0.78 0.84 0.87 32
0.03 0.24 0.32999999999999996 0.44999999999999996 0.57 0.6 0.69 0.78 0.8099999999999999 0.8999999999999999 31
0.09 0.21 0.36 0.44999999999999996 0.57 0.6 0.69 0.78 0.8099999999999999 0.87 31
0.03 0.18 0.32999999999999996 0.44999999999999996 0.57 0.6 0.72 0.78 0.8099999999999999 0.87 31
0.03 0.18 0.36 0.44999999999999996 0.57 0.6 0.69 0.78 0.8099999999999999 0.87 31
0.03 0.18 0.39 0.44999999999999996 0.57 0.6 0.69 0.78 0.8099999999999999 0.87 31
0.09 0.24 0.36 0.44999999999999996 0.57 0.6 0.72 0.78 0.8099999999999999 0.87 31
0.15 0.27 0.36 0.44999999999999996 0.54 0.6 0.69 0.78 0.8099999999999999 0.87 31
0.12 0.24 0.39 0.44999999999999996 0.57 0.6 0.72 0.78 0.8099999999999999 0.8999999999999999 31
0.03 0.18 0.32999999999999996 0.44999999999999996 0.54 0.6 0.69 0.75 0.8099999999999999 0.87 31
0.03 0.18 0.36 0.44999999999999996 0.57 0.6 0.69 0.78 0.8099999999999999 0.87 31
0.06 0.18 0.36 0.44999999999999996 0.54 0.6 0.69 0.78 0.8099999999999999 0.87 31
0.06 0.21 0.36 0.44999999999999996 0.51 0.6 0.69 0.78 0.8099999999999999 0.87 31
0.03 0.21 0.32999999999999996 0.44999999999999996 0.54 0.6 0.72 0.75 0.8099999999999999 0.87 31
0.06 0.21 0.36 0.48 0.57 0.6 0.69 0.78 0.8099999999999999 0.87 31
0.09 0.18 0.39 0.48 0.54 0.6 0.69 0.78 0.8099999999999999 0.87 31
0.12 0.24 0.39 0.44999999999999996 0.57 0.6 0.72 0.78 0.8099999999999999 0.87 32
0.03 0.18 0.36 0.44999999999999996 0.51 0.6 0.72 0.78 0.8099999999999999 0.87 31
0.06 0.27 0.39 0.44999999999999996 0.57 0.6 0.69 0.78 0.8099999999999999 0.8999999999999999 31
0.03 0.18 0.36 0.44999999999999996 0.57 0.6 0.69 0.78 0.8099999999999999 0.87 31
0.12 0.24 0.36 0.44999999999999996 0.57 0.6 0.72 0.78 0.8099999999999999 0.87 31
0.09 0.18 0.36 0.44999999999999996 0.54 0.6 0.69 0.78 0.8099999999999999 0.87 32
0.06 0.18 0.36 0.44999999999999996 0.51 0.6 0.72 0.78 0.8099999999999999 0.87 31
0.03 0.21 0.32999999999999996 0.44999999999999996 0.57 0.6 0.69 0.78 0.8099999999999999 0.8999999999999999 31
0.12 0.24 0.39 0.44999999999999996 0.57 0.6 0.72 0.78 0.8099999999999999 0.87 31
0.06 0.24 0.36 0.44999999999999996 0.57 0.6 0.69 0.78 0.8099999999999999 0.8999999999999999 31
0.03 0.21 0.32999999999999996 0.44999999999999996 0.57 0.6 0.72 0.78 0.8099999999999999 0.87 32
0.09 0.24 0.39 0.44999999999999996 0.54 0.6 0.72 0.78 0.8099999999999999 0.8999999999999999 31
0.03 0.18 0.36 0.44999999999999996 0.57 0.6 0.69 0.78 0.8099999999999999 0.87 31
0.03 0.24 0.32999999999999996 0.44999999999999996 0.54 0.6 0.72 0.78 0.8099999999999999 0.87 31
0.09 0.3 0.42 0.48 0.54 0.6599999999999999 0.72 0.78 0.8099999999999999 0.8999999999999999 31
0.09 0.18 0.39 0.48 0.57 0.6 0.72 0.78 0.8099999999999999 0.87 32
0.03 0.18 0.36 0.44999999999999996 0.51 0.6 0.69 0.78 0.8099999999999999 0.87 31
0.06 0.27 0.39 0.48 0.54 0.6599999999999999 0.69 0.78 0.8099999999999999 0.8999999999999999 32
0.06 0.24 0.36 0.44999999999999996 0.57 0.6 0.72 0.78 0.8099999999999999 0.87 31
0.06 0.21 0.36 0.48 0.54 0.6 0.69 0.78 0.8099999999999999 0.87 32
0.09 0.18 0.39 0.48 0.54 0.6 0.72 0.78 0.8099999999999999 0.87 31
0.06 0.18 0.36 0.44999999999999996 0.54 0.6 0.69 0.78 0.8099999999999999 0.87 31
0.06 0.21 0.36 0.44999999999999996 0.54 0.6 0.69 0.78 0.8099999999999999 0.87 31
0.09 0.24 0.42 0.48 0.54 0.6599999999999999 0.72 0.78 0.8099999999999999 0.87 31
0.03 0.21 0.32999999999999996 0.44999999999999996 0.54 0.6 0.69 0.75 0.8099999999999999 0.87 31
0.03 0.21 0.32999999999999996 0.44999999999999996 0.57 0.6 0.69 0.78 0.8099999999999999 0.8999999999999999 31
0.12 0.24 0.42 0.44999999999999996 0.57 0.6 0.72 0.78 0.8099999999999999 0.8999999999999999 31
0.03 0.21 0.32999999999999996 0.44999999999999996 0.54 0.6 0.69 0.78 0.8099999999999999 0.87 31
0.03 0.18 0.36 0.44999999999999996 0.57 0.6 0.69 0.78 0.8099999999999999 0.87 31
0.09 0.18 0.36 0.44999999999999996 0.54 0.6 0.69 0.78 0.8099999999999999 0.87 31
0.15 0.3 0.39 0.48 0.57 0.6 0.72 0.78 0.84 0.87 34
0.12 0.21 0.36 0.44999999999999996 0.57 0.6 0.69 0.78 0.8099999999999999 0.87 37
0.03 0.21 0.32999999999999996 0.44999999999999996 0.54 0.6 0.69 0.78 0.8099999999999999 0.87 31
0.03 0.21 0.32999999999999996 0.44999999999999996 0.54 0.6 0.69 0.75 0.8099999999999999 0.87 31
0.06 0.21 0.36 0.44999999999999996 0.57 0.6 0.69 0.78 0.8099999999999999 0.87 31
0.09 0.18 0.39 0.48 0.54 0.6 0.72 0.78 0.8099999999999999 0.87 31
0.06 0.21 0.36 0.44999999999999996 0.57 0.6 0.69 0.78 0.8099999999999999 0.87 32
0.09 0.24 0.39 0.44999999999999996 0.57 0.6 0.72 0.78 0.8099999999999999 0.87 32
0.06 0.18 0.36 0.44999999999999996 0.57 0.6 0.69 0.78 0.8099999999999999 0.87 31
0.15 0.24 0.39 0.48 0.54 0.6 0.72 0.78 0.8099999999999999 0.87 31
0.09 0.24 0.39 0.44999999999999996 0.54 0.6 0.72 0.78 0.8099999999999999 0.87 31
0.09 0.18 0.36 0.44999999999999996 0.54 0.6 0.69 0.78 0.8099999999999999 0.87 31
0.03 0.21 0.32999999999999996 0.44999999999999996 0.54 0.6 0.69 0.78 0.8099999999999999 0.87 31
0.03 0.18 0.36 0.44999999999999996 0.57 0.6 0.69 0.78 0.8099999999999999 0.87 32
0.15 0.24 0.39 0.48 0.57 0.6 0.72 0.78 0.8099999999999999 0.8999999999999999 31
0.03 0.21 0.32999999999999996 0.44999999999999996 0.57 0.6 0.69 0.75 0.8099999999999999 0.87 31
0.03 0.18 0.36 0.44999999999999996 0.57 0.6 0.69 0.78 0.8099999999999999 0.87 31
0.03 0.21 0.32999999999999996 0.44999999999999996 0.57 0.6 0.69 0.78 0.8099999999999999 0.87 31
0.09 0.24 0.39 0.44999999999999996 0.54 0.6 0.72 0.78 0.8099999999999999 0.8999999999999999 31
0.06 0.18 0.39 0.44999999999999996 0.57 0.6 0.72 0.78 0.8099999999999999 0.87 31
0.12 0.3 0.42 0.48 0.54 0.63 0.72 0.78 0.84 0.87 31
0.03 0.18 0.39 0.44999999999999996 0.57 0.6 0.69 0.78 0.8099999999999999 0.87 31
0.06 0.21 0.36 0.44999999999999996 0.54 0.6 0.69 0.78 0.8099999999999999 0.87 31
0.03 0.18 0.36 0.44999999999999996 0.57 0.6 0.69 0.78 0.8099999999999999 0.87 31
0.03 0.21 0.32999999999999996 0.44999999999999996 0.57 0.6 0.72 0.75 0.8099999999999999 0.87 31
0.03 0.18 0.32999999999999996 0.44999999999999996 0.54 0.6 0.69 0.78 0.8099999999999999 0.87 31
0.09 0.21 0.36 0.44999999999999996 0.57 0.6 0.69 0.78 0.8099999999999999 0.87 33
0.03 0.21 0.32999999999999996 0.44999999999999996 0.54 0.6 0.69 0.78 0.8099999999999999 0.87 31
0.03 0.24 0.32999999999999996 0.48 0.57 0.63 0.72 0.78 0.8099999999999999 0.87 31
0.03 0.21 0.32999999999999996 0.44999999999999996 0.54 0.6 0.69 0.75 0.8099999999999999 0.87 31
0.03 0.18 0.36 0.44999999999999996 0.54 0.6 0.69 0.78 0.8099999999999999 0.87 31
0.09 0.24 0.39 0.48 0.57 0.6 0.69 0.78 0.8099999999999999 0.87 33
0.03 0.21 0.32999999999999996 0.44999999999999996 0.54 0.6 0.69 0.75 0.8099999999999999 0.87 31
0.03 0.18 0.32999999999999996 0.44999999999999996 0.54 0.6 0.69 0.78 0.8099999999999999 0.87 31
0.03 0.18 0.36 0.44999999999999996 0.57 0.6 0.69 0.78 0.8099999999999999 0.87 31
0.03 0.18 0.39 0.44999999999999996 0.54 0.6 0.72 0.78 0.8099999999999999 0.8999999999999999 31
0.12 0.24 0.36 0.48 0.54 0.6 0.72 0.78 0.8099999999999999 0.87 35
0.03 0.21 0.32999999999999996 0.44999999999999996 0.54 0.6 0.69 0.78 0.8099999999999999 0.87 31
0.09 0.3 0.42 0.48 0.57 0.6 0.72 0.78 0.84 0.8999999999999999 33
0.06 0.24 0.36 0.44999999999999996 0.57 0.6 0.72 0.78 0.8099999999999999 0.8999999999999999 31
0.03 0.18 0.39 0.44999999999999996 0.54 0.6 0.69 0.78 0.8099999999999999 0.87 31
0.09 0.18 0.36 0.44999999999999996 0.57 0.6 0.72 0.78 0.8099999999999999 0.87 31
0.09 0.24 0.36 0.44999999999999996 0.54 0.6 0.72 0.78 0.8099999999999999 0.87 31
0.09 0.18 0.39 0.44999999999999996 0.57 0.6 0.69 0.78 0.8099999999999999 0.87 32
0.09 0.27 0.36 0.44999999999999996 0.57 0.6 0.72 0.78 0.8099999999999999 0.87 31
0.06 0.18 0.36 0.44999999999999996 0.57 0.6 0.69 0.78 0.8099999999999999 0.87 31
0.12 0.24 0.39 0.44999999999999996 0.57 0.6 0.72 0.78 0.8099999999999999 0.87 31
0.12 0.3 0.39 0.48 0.54 0.6599999999999999 0.72 0.78 0.8099999999999999 0.8999999999999999 31
0.09 0.18 0.36 0.44999999999999996 0.51 0.6 0.69 0.78 0.8099999999999999 0.87 31
0.06 0.18 0.39 0.44999999999999996 0.54 0.6 0.69 0.78 0.8099999999999999 0.87 31
0.03 0.21 0.32999999999999996 0.44999999999999996 0.57 0.6 0.69 0.78 0.8099999999999999 0.87 31
0.03 0.18 0.39 0.44999999999999996 0.54 0.6 0.69 0.78 0.8099999999999999 0.87 31
0.06 0.24 0.36 0.48 0.54 0.6599999999999999 0.72 0.78 0.8099999999999999 0.87 31
0.06 0.24 0.36 0.44999999999999996 0.54 0.6 0.72 0.78 0.8099999999999999 0.8999999999999999 31
0.03 0.21 0.32999999999999996 0.44999999999999996 0.57 0.6 0.69 0.75 0.8099999999999999 0.87 31
0.03 0.18 0.36 0.44999999999999996 0.54 0.6 0.69 0.78 0.8099999999999999 0.87 31
0.03 0.21 0.32999999999999996 0.44999999999999996 0.54 0.6 0.72 0.75 0.8099999999999999 0.87 31
0.03 0.21 0.32999999999999996 0.44999999999999996 0.54 0.6 0.69 0.75 0.8099999999999999 0.87 31
0.09 0.18 0.36 0.44999999999999996 0.57 0.6 0.69 0.78 0.8099999999999999 0.87 32
0.03 0.18 0.36 0.44999999999999996 0.57 0.6 0.69 0.78 0.8099999999999999 0.87 31
0.03 0.24 0.32999999999999996 0.44999999999999996 0.51 0.6 0.72 0.78 0.8099999999999999 0.87 31
0.06 0.21 0.36 0.44999999999999996 0.57 0.6 0.69 0.78 0.8099999999999999 0.87 31
0.03 0.18 0.36 0.44999999999999996 0.57 0.6 0.69 0.78 0.8099999999999999 0.87 31
0.12 0.3 0.39 0.48 0.54 0.6599999999999999 0.72 0.78 0.8099999999999999 0.8999999999999999 31
0.09 0.24 0.39 0.44999999999999996 0.57 0.6 0.69 0.78 0.8099999999999999 0.87 31
0.09 0.18 0.36 0.44999999999999996 0.57 0.6 0.69 0.78 0.8099999999999999 0.87 31
0.09 0.24 0.36 0.44999999999999996 0.57 0.6 0.72 0.78 0.8099999999999999 0.87 31
0.03 0.24 0.32999999999999996 0.44999999999999996 0.57 0.6 0.69 0.78 0.8099999999999999 0.87 31
0.03 0.21 0.32999999999999996 0.44999999999999996 0.57 0.6 0.69 0.78 0.8099999999999999 0.8999999999999999 31
0.06 0.18 0.36 0.44999999999999996 0.57 0.6 0.69 0.78 0.8099999999999999 0.87 31
0.09 0.21 0.39 0.44999999999999996 0.57 0.6 0.69 0.78 0.8099999999999999 0.87 31
0.09 0.24 0.36 0.44999999999999996 0.57 0.6 0.69 0.78 0.8099999999999999 0.8999999999999999 32
0.03 0.18 0.36 0.44999999999999996 0.54 0.6 0.69 0.78 0.8099999999999999 0.87 31
0.03 0.24 0.32999999999999996 0.44999999999999996 0.54 0.6 0.69 0.78 0.8099999999999999 0.87 31
0.03 0.18 0.36 0.44999999999999996 0.57 0.6 0.69 0.78 0.8099999999999999 0.87 31
0.06 0.18 0.36 0.44999999999999996 0.54 0.6 0.72 0.78 0.8099999999999999 0.87 31
0.03 0.21 0.32999999999999996 0.44999999999999996 0.57 0.6 0.69 0.78 0.8099999999999999 0.8999999999999999 31
0.03 0.24 0.32999999999999996 0.44999999999999996 0.51 0.6 0.72 0.78 0.8099999999999999 0.87 31
0.03 0.24 0.32999999999999996 0.44999999999999996 0.54 0.6 0.69 0.75 0.8099999999999999 0.87 31
0.06 0.18 0.36 0.44999999999999996 0.51 0.6 0.69 0.78 0.8099999999999999 0.87 31
0.03 0.21 0.32999999999999996 0.44999999999999996 0.57 0.6 0.69 0.75 0.8099999999999999 0.8999999999999999 31
0.12 0.21 0.36 0.44999999999999996 0.57 0.6 0.69 0.78 0.8099999999999999 0.87 31
0.09 0.24 0.39 0.44999999999999996 0.54 0.6 0.69 0.78 0.8099999999999999 0.87 31
0.03 0.18 0.36 0.44999999999999996 0.57 0.6 0.69 0.78 0.8099999999999999 0.87 31
0.09 0.24 0.39 0.44999999999999996 0.57 0.6 0.69 0.78 0.8099999999999999 0.87 31
0.12 0.24 0.39 0.44999999999999996 0.57 0.6 0.69 0.78 0.8099999999999999 0.8999999999999999 31
0.12 0.24 0.39 0.48 0.54 0.6 0.69 0.78 0.8099999999999999 0.87 39
0.06 0.18 0.36 0.44999999999999996 0.51 0.6 0.69 0.78 0.8099999999999999 0.87 31
0.12 0.18 0.36 0.48 0.54 0.6 0.72 0.78 0.8099999999999999 0.87 31
0.03 0.21 0.32999999999999996 0.44999999999999996 0.51 0.6 0.69 0.78 0.8099999999999999 0.87 31
0.06 0.27 0.36 0.44999999999999996 0.57 0.6 0.69 0.78 0.8099999999999999 0.87 32
0.09 0.24 0.39 0.48 0.54 0.6 0.72 0.78 0.8099999999999999 0.87 31
0.03 0.21 0.32999999999999996 0.44999999999999996 0.57 0.6 0.69 0.75 0.8099999999999999 0.87 31
0.03 0.24 0.32999999999999996 0.44999999999999996 0.51 0.6 0.72 0.78 0.8099999999999999 0.87 31
0.09 0.21 0.36 0.44999999999999996 0.54 0.6 0.72 0.78 0.8099999999999999 0.87 31
0.09 0.18 0.36 0.44999999999999996 0.57 0.6 0.69 0.78 0.8099999999999999 0.8999999999999999 31
0.06 0.21 0.36 0.44999999999999996 0.57 0.6 0.69 0.78 0.8099999999999999 0.87 31
0.09 0.18 0.36 0.44999999999999996 0.57 0.6 0.69 0.78 0.8099999999999999 0.87 31
0.03 0.18 0.36 0.44999999999999996 0.57 0.6 0.69 0.78 0.8099999999999999 0.87 31
0.09 0.18 0.36 0.44999999999999996 0.57 0.6 0.69 0.78 0.8099999999999999 0.87 31
0.12 0.21 0.36 0.44999999999999996 0.51 0.6 0.72 0.78 0.8099999999999999 0.87 31
0.03 0.21 0.32999999999999996 0.44999999999999996 0.54 0.6 0.69 0.75 0.8099999999999999 0.87 31
0.09 0.18 0.36 0.44999999999999996 0.57 0.6 0.69 0.78 0.8099999999999999 0.87 31
0.03 0.18 0.39 0.44999999999999996 0.57 0.6 0.69 0.78 0.8099999999999999 0.87 31
0.03 0.18 0.32999999999999996 0.44999999999999996 0.54 0.6 0.69 0.75 0.8099999999999999 0.87 31
0.12 0.3 0.39 0.48 0.57 0.6 0.72 0.78 0.8099999999999999 0.8999999999999999 31
0.06 0.21 0.36 0.44999999999999996 0.54 0.6 0.72 0.78 0.8099999999999999 0.8999999999999999 31
0.03 0.18 0.32999999999999996 0.44999999999999996 0.57 0.6 0.72 0.75 0.8099999999999999 0.87 31
0.09 0.18 0.36 0.44999999999999996 0.54 0.6 0.69 0.78 0.8099999999999999 0.87 32
0.09 0.18 0.39 0.48 0.54 0.6 0.69 0.78 0.8099999999999999 0.87 31
0.03 0.18 0.36 0.48 0.54 0.6 0.69 0.78 0.8099999999999999 0.87 31
0.09 0.21 0.36 0.44999999999999996 0.54 0.6 0.72 0.78 0.8099999999999999 0.87 31
0.03 0.18 0.36 0.44999999999999996 0.57 0.6 0.69 0.78 0.8099999999999999 0.87 31
0.06 0.18 0.36 0.44999999999999996 0.57 0.6 0.69 0.78 0.8099999999999999 0.87 31
0.06 0.18 0.36 0.44999999999999996 0.54 0.6 0.72 0.78 0.8099999999999999 0.87 31
0.09 0.21 0.36 0.48 0.57 0.6 0.72 0.78 0.8099999999999999 0.87 32
0.12 0.24 0.39 0.44999999999999996 0.57 0.6 0.72 0.78 0.8099999999999999 0.87 31
0.06 0.21 0.36 0.44999999999999996 0.57 0.6 0.69 0.78 0.8099999999999999 0.8999999999999999 32
0.06 0.21 0.36 0.44999999999999996 0.57 0.6 0.69 0.78 0.8099999999999999 0.87 32
0.03 0.21 0.32999999999999996 0.44999999999999996 0.54 0.6 0.69 0.75 0.8099999999999999 0.87 31
0.06 0.24 0.36 0.44999999999999996 0.54 0.6 0.72 0.78 0.8099999999999999 0.87 31
0.09 0.3 0.42 0.48 0.57 0.6 0.72 0.78 0.8099999999999999 0.8999999999999999 32
0.09 0.24 0.42 0.48 0.54 0.6599999999999999 0.72 0.78 0.8099999999999999 0.87 31
0.09 0.24 0.39 0.44999999999999996 0.54 0.6 0.72 0.78 0.8099999999999999 0.8999999999999999 31
0.09 0.21 0.36 0.44999999999999996 0.54 0.6 0.72 0.78 0.8099999999999999 0.8999999999999999 33
0.03 0.18 0.32999999999999996 0.44999999999999996 0.54 0.6 0.69 0.78 0.8099999999999999 0.8999999999999999 31
0.03 0.18 0.32999999999999996 0.44999999999999996 0.54 0.6 0.69 0.78 0.8099999999999999 0.87 31
0.12 0.21 0.36 0.44999999999999996 0.57 0.6 0.69 0.78 0.8099999999999999 0.87 31
0.06 0.21 0.36 0.44999999999999996 0.57 0.6 0.69 0.78 0.8099999999999999 0.87 31
0.09 0.21 0.39 0.44999999999999996 0.57 0.6 0.72 0.78 0.8099999999999999 0.8999999999999999 31
0.09 0.21 0.36 0.44999999999999996 0.57 0.6 0.69 0.78 0.8099999999999999 0.8999999999999999 32
0.09 0.3 0.42 0.48 0.57 0.6599999999999999 0.72 0.78 0.84 0.8999999999999999 31
0.03 0.18 0.36 0.44999999999999996 0.57 0.6 0.69 0.78 0.8099999999999999 0.87 31
0.15 0.3 0.42 0.48 0.54 0.6 0.72 0.78 0.8099999999999999 0.87 35
0.06 0.21 0.36 0.44999999999999996 0.54 0.6 0.69 0.78 0.8099999999999999 0.87 31
0.03 0.18 0.36 0.44999999999999996 0.51 0.6 0.69 0.78 0.8099999999999999 0.87 31
0.09 0.21 0.36 0.44999999999999996 0.51 0.6 0.72 0.78 0.8099999999999999 0.87 31
0.09 0.3 0.42 0.48 0.54 0.6 0.72 0.78 0.84 0.8999999999999999 32
0.12 0.24 0.39 0.44999999999999996 0.54 0.6 0.72 0.78 0.8099999999999999 0.87 31
0.03 0.18 0.32999999999999996 0.44999999999999996 0.54 0.6 0.69 0.75 0.8099999999999999 0.87 31
0.03 0.18 0.32999999999999996 0.44999999999999996 0.54 0.6 0.69 0.78 0.8099999999999999 0.8999999999999999 31
0.09 0.21 0.36 0.44999999999999996 0.54 0.6 0.69 0.78 0.8099999999999999 0.87 31
0.03 0.18 0.36 0.44999999999999996 0.54 0.6 0.69 0.78 0.8099999999999999 0.87 31
0.03 0.18 0.36 0.44999999999999996 0.54 0.6 0.69 0.78 0.8099999999999999 0.87 31
0.09 0.24 0.39 0.48 0.57 0.6 0.69 0.78 0.8099999999999999 0.87 31
0.03 0.18 0.36 0.44999999999999996 0.51 0.6 0.69 0.78 0.8099999999999999 0.87 31
0.03 0.21 0.32999999999999996 0.44999999999999996 0.54 0.6 0.69 0.78 0.8099999999999999 0.87 32
0.03 0.18 0.32999999999999996 0.44999999999999996 0.54 0.6 0.69 0.75 0.8099999999999999 0.87 31
0.06 0.18 0.36 0.44999999999999996 0.54 0.6 0.69 0.78 0.8099999999999999 0.87 31
0.03 0.21 0.32999999999999996 0.44999999999999996 0.57 0.6 0.69 0.75 0.8099999999999999 0.87 31
0.03 0.21 0.32999999999999996 0.44999999999999996 0.57 0.6 0.72 0.78 0.8099999999999999 0.87 32
0.03 0.18 0.36 0.44999999999999996 0.57 0.6 0.69 0.78 0.8099999999999999 0.87 31
0.09 0.18 0.36 0.44999999999999996 0.57 0.6 0.69 0.78 0.8099999999999999 0.87 31
0.06 0.21 0.36 0.48 0.54 0.6599999999999999 0.72 0.78 0.8099999999999999 0.87 32
0.03 0.21 0.32999999999999996 0.44999999999999996 0.57 0.6 0.69 0.75 0.8099999999999999 0.8999999999999999 31
0.06 0.18 0.36 0.44999999999999996 0.54 0.6 0.69 0.78 0.8099999999999999 0.87 31
0.09 0.24 0.39 0.44999999999999996 0.57 0.6 0.72 0.78 0.8099999999999999 0.87 31
0.03 0.21 0.32999999999999996 0.44999999999999996 0.57 0.6 0.72 0.78 0.8099999999999999 0.87 31
0.15 0.3 0.39 0.44999999999999996 0.54 0.6 0.72 0.78 0.8099999999999999 0.8999999999999999 32
0.03 0.24 0.32999999999999996 0.44999999999999996 0.51 0.6 0.72 0.78 0.8099999999999999 0.87 31
0.09 0.18 0.36 0.44999999999999996 0.57 0.6 0.69 0.78 0.8099999999999999 0.87 31
0.03 0.18 0.32999999999999996 0.44999999999999996 0.57 0.6 0.69 0.78 0.8099999999999999 0.87 31
0.06 0.21 0.36 0.44999999999999996 0.54 0.6 0.69 0.78 0.8099999999999999 0.8999999999999999 31
0.03 0.18 0.36 0.44999999999999996 0.57 0.6 0.69 0.78 0.8099999999999999 0.87 31
0.06 0.18 0.36 0.44999999999999996 0.54 0.6 0.72 0.78 0.8099999999999999 0.87 31
0.06 0.18 0.39 0.44999999999999996 0.57 0.6 0.69 0.78 0.8099999999999999 0.8999999999999999 31
0.09 0.24 0.42 0.48 0.57 0.6 0.69 0.78 0.8099999999999999 0.87 33
0.06 0.21 0.36 0.48 0.57 0.6 0.69 0.78 0.8099999999999999 0.87 31
0.03 0.21 0.32999999999999996 0.44999999999999996 0.54 0.6 0.69 0.75 0.8099999999999999 0.87 31
0.03 0.21 0.32999999999999996 0.44999999999999996 0.57 0.6 0.69 0.75 0.8099999999999999 0.8999999999999999 31
0.09 0.18 0.39 0.44999999999999996 0.57 0.6 0.69 0.78 0.8099999999999999 0.87 31
0.06 0.21 0.36 0.44999999999999996 0.54 0.6 0.69 0.78 0.8099999999999999 0.87 34
0.09 0.3 0.39 0.44999999999999996 0.54 0.6 0.72 0.78 0.8099999999999999 0.8999999999999999 31
0.12 0.21 0.39 0.44999999999999996 0.54 0.6 0.72 0.78 0.8099999999999999 0.87 31
0.03 0.18 0.36 0.44999999999999996 0.54 0.6 0.69 0.78 0.8099999999999999 0.87 31
0.03 0.18 0.36 0.44999999999999996 0.57 0.6 0.69 0.78 0.8099999999999999 0.87 31
0.09 0.21 0.36 0.44999999999999996 0.54 0.6 0.69 0.78 0.8099999999999999 0.8999999999999999 32
0.06 0.21 0.36 0.44999999999999996 0.54 0.6 0.69 0.78 0.8099999999999999 0.8999999999999999 32
0.15 0.24 0.39 0.48 0.57 0.6 0.72 0.78 0.84 0.87 32
0.09 0.18 0.36 0.44999999999999996 0.57 0.6 0.69 0.78 0.8099999999999999 0.87 31
0.03 0.18 0.39 0.44999999999999996 0.57 0.6 0.69 0.78 0.8099999999999999 0.87 31
0.03 0.21 0.32999999999999996 0.44999999999999996 0.57 0.6 0.69 0.78 0.8099999999999999 0.87 31
0.06 0.24 0.36 0.44999999999999996 0.57 0.6 0.69 0.78 0.8099999999999999 0.87 31
0.06 0.18 0.36 0.44999999999999996 0.57 0.6 0.69 0.78 0.8099999999999999 0.87 31
0.03 0.18 0.32999999999999996 0.44999999999999996 0.57 0.6 0.69 0.78 0.8099999999999999 0.87 31
0.09 0.27 0.39 0.48 0.57 0.6599999999999999 0.72 0.78 0.8099999999999999 0.8999999999999999 31
0.09 0.21 0.36 0.44999999999999996 0.57 0.6 0.69 0.78 0.8099999999999999 0.87 31
0.09 0.3 0.39 0.44999999999999996 0.57 0.6 0.72 0.78 0.8099999999999999 0.8999999999999999 31
0.12 0.3 0.39 0.44999999999999996 0.54 0.6 0.72 0.78 0.8099999999999999 0.8999999999999999 32
0.09 0.24 0.39 0.44999999999999996 0.57 0.6 0.72 0.78 0.8099999999999999 0.87 31
0.09 0.21 0.36 0.44999999999999996 0.57 0.6 0.69 0.78 0.8099999999999999 0.87 31
0.03 0.18 0.36 0.44999999999999996 0.54 0.6 0.72 0.78 0.8099999999999999 0.87 31
0.03 0.18 0.36 0.44999999999999996 0.57 0.6 0.69 0.78 0.8099999999999999 0.87 32
0.09 0.21 0.36 0.44999999999999996 0.57 0.6 0.72 0.78 0.8099999999999999 0.87 31
0.03 0.18 0.39 0.44999999999999996 0.54 0.6 0.69 0.78 0.8099999999999999 0.87 31
0.09 0.24 0.39 0.44999999999999996 0.54 0.6 0.72 0.78 0.8099999999999999 0.8999999999999999 31
0.06 0.24 0.36 0.44999999999999996 0.54 0.6 0.69 0.78 0.8099999999999999 0.87 31
0.06 0.21 0.36 0.44999999999999996 0.54 0.6 0.72 0.78 0.8099999999999999 0.8999999999999999 31
0.12 0.24 0.39 0.48 0.57 0.6 0.69 0.78 0.8099999999999999 0.87 33
0.06 0.18 0.36 0.44999999999999996 0.57 0.6 0.69 0.78 0.8099999999999999 0.87 31
0.09 0.3 0.42 0.44999999999999996 0.54 0.6 0.69 0.78 0.8099999999999999 0.8999999999999999 31
0.03 0.27 0.32999999999999996 0.44999999999999996 0.54 0.6 0.69 0.75 0.8099999999999999 0.87 31
0.09 0.18 0.36 0.44999999999999996 0.57 0.6 0.69 0.78 0.8099999999999999 0.87 31
0.12 0.24 0.39 0.48 0.54 0.6 0.72 0.78 0.8099999999999999 0.87 31
0.03 0.21 0.32999999999999996 0.44999999999999996 0.57 0.6 0.72 0.75 0.8099999999999999 0.87 31
0.03 0.21 0.32999999999999996 0.44999999999999996 0.57 0.6 0.69 0.75 0.8099999999999999 0.87 31
0.09 0.21 0.39 0.48 0.54 0.6 0.72 0.78 0.8099999999999999 0.87 31
0.03 0.18 0.39 0.48 0.57 0.6 0.69 0.78 0.8099999999999999 0.8999999999999999 32
0.03 0.18 0.36 0.44999999999999996 0.54 0.6 0.69 0.78 0.8099999999999999 0.87 31
0.03 0.21 0.32999999999999996 0.44999999999999996 0.54 0.6 0.72 0.75 0.8099999999999999 0.87 31
0.09 0.18 0.39 0.44999999999999996 0.57 0.6 0.69 0.78 0.8099999999999999 0.87 32
0.09 0.3 0.39 0.48 0.57 0.6 0.72 0.78 0.8099999999999999 0.87 31
0.09 0.24 0.39 0.48 0.54 0.6 0.72 0.78 0.8099999999999999 0.87 32
0.03 0.18 0.32999999999999996 0.44999999999999996 0.57 0.6 0.69 0.78 0.8099999999999999 0.8999999999999999 31
0.03 0.18 0.32999999999999996 0.44999999999999996 0.57 0.6 0.69 0.78 0.8099999999999999 0.8999999999999999 31
0.03 0.21 0.32999999999999996 0.44999999999999996 0.57 0.6 0.69 0.75 0.8099999999999999 0.8999999999999999 31
0.09 0.21 0.39 0.44999999999999996 0.57 0.6 0.69 0.78 0.8099999999999999 0.87 32
0.06 0.18 0.39 0.44999999999999996 0.54 0.6 0.72 0.78 0.8099999999999999 0.87 32
0.06 0.18 0.36 0.44999999999999996 0.57 0.6 0.69 0.78 0.8099999999999999 0.87 31
0.03 0.21 0.32999999999999996 0.48 0.54 0.6 0.69 0.75 0.8099999999999999 0.87 31
0.09 0.3 0.42 0.44999999999999996 0.57 0.6 0.72 0.78 0.8099999999999999 0.8999999999999999 31
0.09 0.18 0.36 0.44999999999999996 0.57 0.6 0.69 0.78 0.8099999999999999 0.87 31
0.09 0.18 0.36 0.44999999999999996 0.57 0.6 0.69 0.78 0.8099999999999999 0.87 31
0.12 0.24 0.36 0.44999999999999996 0.57 0.6 0.69 0.78 0.8099999999999999 0.87 31
0.09 0.24 0.39 0.44999999999999996 0.57 0.6 0.72 0.78 0.8099999999999999 0.87 31
0.03 0.18 0.36 0.44999999999999996 0.57 0.6 0.69 0.78 0.8099999999999999 0.87 31
0.06 0.21 0.36 0.44999999999999996 0.54 0.6 0.69 0.78 0.8099999999999999 0.87 31
0.09 0.21 0.36 0.44999999999999996 0.57 0.6 0.69 0.78 0.8099999999999999 0.87 31
0.09 0.24 0.39 0.44999999999999996 0.57 0.6 0.72 0.78 0.8099999999999999 0.87 31
0.09 0.18 0.39 0.44999999999999996 0.57 0.6 0.69 0.78 0.8099999999999999 0.87 31
0.06 0.18 0.39 0.44999999999999996 0.57 0.6 0.72 0.78 0.8099999999999999 0.87 31
0.03 0.24 0.32999999999999996 0.44999999999999996 0.54 0.6 0.72 0.78 0.8099999999999999 0.87 31
0.03 0.18 0.36 0.44999999999999996 0.57 0.6 0.69 0.78 0.8099999999999999 0.8999999999999999 32
0.03 0.18 0.36 0.44999999999999996 0.57 0.6 0.69 0.78 0.8099999999999999 0.87 31
0.06 0.24 0.39 0.44999999999999996 0.54 0.6 0.72 0.78 0.8099999999999999 0.87 31
0.12 0.21 0.36 0.44999999999999996 0.51 0.6 0.72 0.78 0.8099999999999999 0.87 31
0.15 0.24 0.39 0.48 0.57 0.6 0.72 0.78 0.84 0.87 32
0.12 0.3 0.42 0.48 0.54 0.63 0.72 0.78 0.84 0.87 35
0.06 0.18 0.36 0.44999999999999996 0.57 0.6 0.69 0.78 0.8099999999999999 0.87 31
0.03 0.18 0.36 0.44999999999999996 0.54 0.6 0.69 0.78 0.8099999999999999 0.87 31
0.03 0.21 0.32999999999999996 0.44999999999999996 0.54 0.6 0.69 0.78 0.8099999999999999 0.87 32
0.15 0.3 0.39 0.48 0.57 0.6 0.72 0.78 0.84 0.87 34
0.06 0.18 0.36 0.44999999999999996 0.54 0.6 0.72 0.78 0.8099999999999999 0.87 31
0.06 0.18 0.36 0.44999999999999996 0.54 0.6 0.69 0.78 0.8099999999999999 0.87 31
0.06 0.21 0.36 0.48 0.54 0.6 0.69 0.78 0.8099999999999999 0.87 31
0.03 0.21 0.32999999999999996 0.44999999999999996 0.57 0.6 0.69 0.75 0.8099999999999999 0.8999999999999999 31
0.12 0.3 0.42 0.48 0.57 0.6599999999999999 0.72 0.78 0.84 0.87 31
0.15 0.3 0.42 0.44999999999999996 0.54 0.6 0.72 0.78 0.84 0.87 31
0.09 0.24 0.36 0.44999999999999996 0.54 0.6 0.72 0.78 0.8099999999999999 0.87 31
0.12 0.24 0.39 0.44999999999999996 0.57 0.6 0.72 0.78 0.8099999999999999 0.87 31
0.03 0.18 0.36 0.44999999999999996 0.57 0.6 0.69 0.78 0.8099999999999999 0.87 31
0.06 0.21 0.36 0.44999999999999996 0.57 0.6 0.69 0.78 0.8099999999999999 0.87 31
0.12 0.24 0.36 0.44999999999999996 0.54 0.6 0.72 0.78 0.8099999999999999 0.87 31
0.03 0.21 0.32999999999999996 0.44999999999999996 0.54 0.6 0.69 0.75 0.8099999999999999 0.87 31
0.06 0.21 0.36 0.44999999999999996 0.54 0.6 0.72 0.78 0.8099999999999999 0.87 31
0.09 0.18 0.36 0.44999999999999996 0.54 0.6 0.69 0.78 0.8099999999999999 0.87 31
0.03 0.24 0.32999999999999996 0.44999999999999996 0.54 0.6 0.69 0.78 0.8099999999999999 0.8999999999999999 31
0.03 0.18 0.39 0.44999999999999996 0.57 0.6 0.69 0.78 0.8099999999999999 0.87 31
0.12 0.24 0.36 0.48 0.54 0.6 0.72 0.78 0.8099999999999999 0.87 31
0.12 0.24 0.39 0.48 0.54 0.6 0.72 0.78 0.8099999999999999 0.87 34
0.09 0.18 0.39 0.44999999999999996 0.57 0.6 0.69 0.78 0.8099999999999999 0.87 32
0.12 0.18 0.42 0.48 0.57 0.6 0.69 0.78 0.8099999999999999 0.87 31
0.15 0.3 0.39 0.44999999999999996 0.57 0.6 0.72 0.78 0.8099999999999999 0.8999999999999999 31
0.12 0.24 0.36 0.44999999999999996 0.57 0.6 0.69 0.78 0.8099999999999999 0.8999999999999999 31
0.03 0.24 0.32999999999999996 0.44999999999999996 0.57 0.6 0.69 0.75 0.8099999999999999 0.8999999999999999 33
0.03 0.18 0.32999999999999996 0.44999999999999996 0.54 0.6 0.69 0.78 0.8099999999999999 0.87 31
0.03 0.21 0.32999999999999996 0.48 0.54 0.6 0.69 0.78 0.8099999999999999 0.87 31
0.12 0.21 0.39 0.44999999999999996 0.57 0.6 0.69 0.78 0.8099999999999999 0.87 31
0.06 0.18 0.36 0.44999999999999996 0.51 0.6 0.72 0.78 0.8099999999999999 0.87 31
0.09 0.18 0.42 0.48 0.57 0.6 0.69 0.78 0.8099999999999999 0.87 32
0.03 0.21 0.32999999999999996 0.44999999999999996 0.54 0.6 0.69 0.78 0.8099999999999999 0.87 31
0.03 0.18 0.36 0.44999999999999996 0.57 0.6 0.69 0.78 0.8099999999999999 0.87 31
0.06 0.21 0.39 0.48 0.54 0.6 0.69 0.78 0.8099999999999999 0.8999999999999999 31
0.06 0.18 0.36 0.44999999999999996 0.54 0.6 0.69 0.78 0.8099999999999999 0.87 31
0.09 0.24 0.39 0.48 0.57 0.6 0.72 0.78 0.8099999999999999 0.87 31
0.06 0.21 0.36 0.44999999999999996 0.54 0.6 0.69 0.78 0.8099999999999999 0.87 31
0.06 0.21 0.36 0.44999999999999996 0.54 0.6 0.69 0.78 0.8099999999999999 0.87 31
0.03 0.21 0.32999999999999996 0.44999999999999996 0.51 0.6 0.69 0.78 0.8099999999999999 0.87 31
0.12 0.24 0.36 0.44999999999999996 0.54 0.6 0.72 0.78 0.8099999999999999 0.87 32
0.03 0.21 0.32999999999999996 0.44999999999999996 0.54 0.6 0.72 0.75 0.8099999999999999 0.87 31
0.03 0.18 0.36 0.44999999999999996 0.57 0.6 0.69 0.78 0.8099999999999999 0.87 31
0.09 0.24 0.39 0.48 0.54 0.6 0.72 0.78 0.8099999999999999 0.87 32
0.06 0.18 0.36 0.44999999999999996 0.54 0.6 0.69 0.78 0.8099999999999999 0.87 31
0.06 0.24 0.36 0.44999999999999996 0.54 0.6 0.69 0.78 0.8099999999999999 0.87 31
0.03 0.18 0.32999999999999996 0.44999999999999996 0.54 0.6 0.69 0.75 0.8099999999999999 0.8999999999999999 31
0.03 0.21 0.32999999999999996 0.44999999999999996 0.54 0.6 0.72 0.75 0.8099999999999999 0.87 31
0.06 0.18 0.36 0.44999999999999996 0.57 0.6 0.69 0.78 0.8099999999999999 0.87 31
0.15 0.3 0.42 0.44999999999999996 0.54 0.6 0.72 0.78 0.84 0.87 31
0.03 0.21 0.32999999999999996 0.44999999999999996 0.57 0.6 0.69 0.75 0.8099999999999999 0.87 31
0.06 0.21 0.36 0.44999999999999996 0.54 0.6 0.69 0.78 0.8099999999999999 0.87 31
0.09 0.3 0.42 0.48 0.57 0.6599999999999999 0.72 0.78 0.84 0.8999999999999999 31
0.09 0.18 0.36 0.44999999999999996 0.57 0.6 0.69 0.78 0.8099999999999999 0.87 31
0.03 0.24 0.32999999999999996 0.44999999999999996 0.54 0.6 0.72 0.78 0.8099999999999999 0.87 31
0.06 0.18 0.39 0.44999999999999996 0.57 0.6 0.69 0.78 0.8099999999999999 0.87 33
0.09 0.21 0.36 0.44999999999999996 0.57 0.6 0.69 0.78 0.8099999999999999 0.8999999999999999 31
0.03 0.18 0.36 0.44999999999999996 0.57 0.6 0.69 0.78 0.8099999999999999 0.8999999999999999 31
0.03 0.18 0.32999999999999996 0.48 0.51 0.6 0.72 0.78 0.8099999999999999 0.87 31
0.12 0.3 0.39 0.44999999999999996 0.54 0.6 0.72 0.78 0.8099999999999999 0.8999999999999999 32
0.06 0.18 0.36 0.44999999999999996 0.57 0.6 0.69 0.78 0.8099999999999999 0.87 31
0.12 0.24 0.36 0.44999999999999996 0.54 0.6 0.72 0.78 0.8099999999999999 0.87 31
0.03 0.18 0.36 0.44999999999999996 0.57 0.6 0.69 0.78 0.8099999999999999 0.87 31
0.03 0.3 0.32999999999999996 0.44999999999999996 0.57 0.6 0.72 0.78 0.8099999999999999 0.8999999999999999 31
0.03 0.24 0.32999999999999996 0.44999999999999996 0.57 0.6 0.72 0.75 0.8099999999999999 0.87 31
0.03 0.21 0.32999999999999996 0.44999999999999996 0.54 0.6 0.72 0.75 0.8099999999999999 0.87 31
0.03 0.18 0.36 0.44999999999999996 0.54 0.6 0.69 0.78 0.8099999999999999 0.87 31
0.12 0.3 0.42 0.48 0.57 0.6599999999999999 0.72 0.78 0.84 0.87 37
0.09 0.18 0.36 0.44999999999999996 0.54 0.6 0.69 0.78 0.8099999999999999 0.87 31
0.09 0.24 0.39 0.44999999999999996 0.57 0.6 0.69 0.78 0.8099999999999999 0.8999999999999999 31
0.09 0.24 0.39 0.44999999999999996 0.54 0.6 0.72 0.78 0.8099999999999999 0.87 31
0.09 0.24 0.36 0.44999999999999996 0.57 0.6 0.72 0.78 0.8099999999999999 0.87 31
0.03 0.21 0.32999999999999996 0.44999999999999996 0.54 0.6 0.69 0.78 0.8099999999999999 0.87 31
0.06 0.18 0.36 0.44999999999999996 0.57 0.6 0.69 0.78 0.8099999999999999 0.87 31
0.03 0.18 0.36 0.44999999999999996 0.54 0.6 0.69 0.78 0.8099999999999999 0.87 31
0.03 0.21 0.32999999999999996 0.44999999999999996 0.51 0.6 0.69 0.78 0.8099999999999999 0.87 31
0.03 0.27 0.32999999999999996 0.44999999999999996 0.57 0.6 0.69 0.78 0.8099999999999999 0.8999999999999999 31
0.06 0.27 0.39 0.44999999999999996 0.57 0.6 0.69 0.78 0.8099999999999999 0.8999999999999999 31
0.03 0.21 0.32999999999999996 0.44999999999999996 0.51 0.6 0.69 0.78 0.8099999999999999 0.87 31
0.06 0.24 0.36 0.44999999999999996 0.54 0.6 0.72 0.78 0.8099999999999999 0.8999999999999999 31
0.03 0.21 0.32999999999999996 0.44999999999999996 0.51 0.6 0.69 0.78 0.8099999999999999 0.87 31
0.03 0.21 0.32999999999999996 0.44999999999999996 0.54 0.6 0.72 0.75 0.8099999999999999 0.87 31
0.03 0.21 0.32999999999999996 0.44999999999999996 0.57 0.6 0.69 0.78 0.8099999999999999 0.87 31
0.09 0.21 0.36 0.44999999999999996 0.54 0.6 0.69 0.78 0.8099999999999999 0.87 34
0.06 0.21 0.36 0.44999999999999996 0.57 0.6 0.69 0.78 0.8099999999999999 0.87 31
0.03 0.21 0.32999999999999996 0.44999999999999996 0.54 0.6 0.69 0.78 0.8099999999999999 0.87 31
0.03 0.18 0.32999999999999996 0.44999999999999996 0.51 0.6 0.69 0.78 0.8099999999999999 0.87 32
0.06 0.24 0.36 0.48 0.54 0.6599999999999999 0.72 0.78 0.8099999999999999 0.87 31
0.03 0.18 0.39 0.44999999999999996 0.57 0.6 0.69 0.78 0.8099999999999999 0.87 31
0.06 0.21 0.36 0.48 0.54 0.6 0.69 0.78 0.8099999999999999 0.87 31
0.03 0.21 0.32999999999999996 0.44999999999999996 0.57 0.6 0.69 0.78 0.8099999999999999 0.8999999999999999 31
0.03 0.21 0.32999999999999996 0.44999999999999996 0.54 0.6 0.72 0.75 0.8099999999999999 0.87 31
0.12 0.24 0.36 0.44999999999999996 0.54 0.6 0.72 0.78 0.8099999999999999 0.87 32
0.03 0.21 0.32999999999999996 0.44999999999999996 0.57 0.6 0.69 0.78 0.8099999999999999 0.87 31
0.09 0.21 0.39 0.44999999999999996 0.57 0.6 0.72 0.78 0.8099999999999999 0.8999999999999999 31
0.03 0.18 0.36 0.44999999999999996 0.57 0.6 0.69 0.78 0.8099999999999999 0.87 32
0.15 0.3 0.42 0.44999999999999996 0.54 0.6 0.72 0.78 0.84 0.87 31
0.09 0.21 0.36 0.44999999999999996 0.54 0.6 0.69 0.78 0.8099999999999999 0.87 31
0.03 0.18 0.36 0.44999999999999996 0.54 0.6 0.69 0.78 0.8099999999999999 0.87 31
0.06 0.27 0.36 0.44999999999999996 0.54 0.6 0.72 0.78 0.8099999999999999 0.8999999999999999 31
0.03 0.18 0.36 0.44999999999999996 0.57 0.6 0.69 0.78 0.8099999999999999 0.87 31
0.03 0.21 0.32999999999999996 0.44999999999999996 0.54 0.6 0.69 0.78 0.8099999999999999 0.8999999999999999 31
0.06 0.21 0.36 0.44999999999999996 0.54 0.6 0.72 0.78 0.8099999999999999 0.87 31
0.12 0.3 0.42 0.44999999999999996 0.57 0.6 0.69 0.78 0.84 0.8999999999999999 31
0.06 0.24 0.36 0.44999999999999996 0.57 0.6 0.69 0.78 0.8099999999999999 0.8999999999999999 31
0.03 0.18 0.36 0.44999999999999996 0.57 0.6 0.69 0.78 0.8099999999999999 0.87 31
0.09 0.18 0.36 0.44999999999999996 0.57 0.6 0.69 0.78 0.8099999999999999 0.87 31
0.09 0.24 0.39 0.48 0.57 0.6 0.69 0.78 0.8099999999999999 0.87 34
0.06 0.18 0.39 0.44999999999999996 0.57 0.6 0.69 0.78 0.8099999999999999 0.8999999999999999 31
0.09 0.3 0.42 0.44999999999999996 0.57 0.6 0.72 0.78 0.8099999999999999 0.8999999999999999 31
0.06 0.21 0.36 0.44999999999999996 0.57 0.6 0.72 0.78 0.8099999999999999 0.87 31
0.09 0.21 0.36 0.44999999999999996 0.54 0.6 0.69 0.78 0.8099999999999999 0.8999999999999999 32
0.09 0.18 0.36 0.44999999999999996 0.54 0.6 0.69 0.78 0.8099999999999999 0.87 32
0.12 0.21 0.36 0.44999999999999996 0.57 0.6 0.69 0.78 0.8099999999999999 0.87 31
0.09 0.24 0.36 0.44999999999999996 0.54 0.6 0.69 0.78 0.8099999999999999 0.87 31
0.03 0.21 0.32999999999999996 0.44999999999999996 0.51 0.6 0.69 0.78 0.8099999999999999 0.87 31
0.09 0.18 0.42 0.48 0.57 0.6 0.69 0.78 0.8099999999999999 0.87 32
0.03 0.24 0.32999999999999996 0.44999999999999996 0.54 0.6 0.72 0.78 0.8099999999999999 0.87 31
0.09 0.18 0.42 0.48 0.57 0.6 0.69 0.78 0.8099999999999999 0.87 32
0.03 0.18 0.36 0.44999999999999996 0.57 0.6 0.69 0.78 0.8099999999999999 0.87 31
0.06 0.3 0.39 0.44999999999999996 0.54 0.6 0.72 0.78 0.8099999999999999 0.8999999999999999 31
0.09 0.18 0.39 0.44999999999999996 0.54 0.6 0.72 0.78 0.8099999999999999 0.87 31
0.03 0.18 0.36 0.44999999999999996 0.57 0.6 0.69 0.78 0.8099999999999999 0.87 31
0.12 0.24 0.39 0.44999999999999996 0.57 0.6 0.72 0.78 0.8099999999999999 0.87 31
0.09 0.24 0.39 0.48 0.57 0.6 0.69 0.78 0.8099999999999999 0.87 31
0.03 0.18 0.32999999999999996 0.44999999999999996 0.51 0.6 0.72 0.78 0.8099999999999999 0.87 31
0.03 0.21 0.32999999999999996 0.44999999999999996 0.57 0.6 0.69 0.75 0.8099999999999999 0.87 31
0.06 0.21 0.36 0.44999999999999996 0.54 0.6 0.69 0.78 0.8099999999999999 0.87 31
0.06 0.27 0.39 0.44999999999999996 0.57 0.6 0.69 0.78 0.8099999999999999 0.8999999999999999 31
0.12 0.24 0.36 0.44999999999999996 0.51 0.6 0.72 0.78 0.8099999999999999 0.87 34
0.12 0.18 0.36 0.44999999999999996 0.57 0.6 0.72 0.78 0.84 0.87 31
0.03 0.21 0.32999999999999996 0.44999999999999996 0.57 0.6 0.69 0.75 0.8099999999999999 0.87 31
0.12 0.21 0.36 0.44999999999999996 0.57 0.6 0.69 0.78 0.8099999999999999 0.87 31
0.03 0.21 0.32999999999999996 0.44999999999999996 0.54 0.6 0.69 0.75 0.8099999999999999 0.87 31
0.09 0.24 0.36 0.44999999999999996 0.54 0.6 0.69 0.78 0.8099999999999999 0.87 31
0.15 0.3 0.39 0.44999999999999996 0.57 0.6599999999999999 0.72 0.78 0.84 0.8999999999999999 31
0.09 0.21 0.39 0.48 0.57 0.6 0.69 0.78 0.8099999999999999 0.87 31
0.06 0.21 0.36 0.44999999999999996 0.54 0.6 0.69 0.78 0.8099999999999999 0.87 31
0.06 0.27 0.36 0.44999999999999996 0.57 0.6 0.72 0.78 0.8099999999999999 0.87 31
0.12 0.21 0.36 0.44999999999999996 0.54 0.6 0.69 0.78 0.8099999999999999 0.87 31
0.06 0.18 0.36 0.44999999999999996 0.54 0.6599999999999999 0.69 0.78 0.8099999999999999 0.8999999999999999 31
0.09 0.3 0.39 0.44999999999999996 0.57 0.6 0.72 0.78 0.8099999999999999 0.8999999999999999 31
0.06 0.18 0.36 0.44999999999999996 0.51 0.6 0.69 0.78 0.8099999999999999 0.8999999999999999 31
0.09 0.21 0.36 0.44999999999999996 0.54 0.6 0.72 0.78 0.8099999999999999 0.87 32
0.06 0.3 0.39 0.44999999999999996 0.57 0.6 0.72 0.78 0.8099999999999999 0.8999999999999999 33
0.06 0.18 0.36 0.44999999999999996 0.54 0.6 0.69 0.78 0.8099999999999999 0.87 31
0.03 0.21 0.32999999999999996 0.44999999999999996 0.54 0.6 0.69 0.75 0.8099999999999999 0.87 31
0.09 0.3 0.36 0.44999999999999996 0.57 0.6 0.72 0.78 0.8099999999999999 0.8999999999999999 33
0.09 0.18 0.36 0.44999999999999996 0.51 0.6 0.72 0.78 0.8099999999999999 0.87 31
0.03 0.24 0.32999999999999996 0.44999999999999996 0.57 0.6 0.69 0.75 0.8099999999999999 0.8999999999999999 31
0.09 0.21 0.39 0.48 0.57 0.6 0.69 0.78 0.8099999999999999 0.87 31
0.03 0.21 0.32999999999999996 0.44999999999999996 0.54 0.6 0.69 0.75 0.8099999999999999 0.87 31
0.12 0.3 0.39 0.44999999999999996 0.57 0.6 0.69 0.78 0.8099999999999999 0.8999999999999999 31
0.03 0.18 0.36 0.44999999999999996 0.57 0.6 0.69 0.78 0.8099999999999999 0.87 31
0.03 0.21 0.32999999999999996 0.44999999999999996 0.54 0.6 0.69 0.78 0.8099999999999999 0.87 31
0.12 0.24 0.36 0.44999999999999996 0.57 0.6 0.72 0.78 0.8099999999999999 0.87 31
0.03 0.21 0.32999999999999996 0.44999999999999996 0.54 0.6 0.69 0.75 0.8099999999999999 0.87 31
0.06 0.18 0.36 0.44999999999999996 0.57 0.6 0.69 0.78 0.8099999999999999 0.87 31
0.09 0.18 0.36 0.44999999999999996 0.57 0.6 0.69 0.78 0.8099999999999999 0.87 31
0.15 0.21 0.39 0.44999999999999996 0.57 0.6 0.72 0.78 0.8099999999999999 0.87 32
0.03 0.18 0.36 0.44999999999999996 0.54 0.6 0.69 0.78 0.8099999999999999 0.87 31
0.06 0.18 0.39 0.48 0.57 0.6599999999999999 0.69 0.78 0.8099999999999999 0.8999999999999999 31
0.03 0.18 0.32999999999999996 0.48 0.51 0.6 0.72 0.78 0.8099999999999999 0.87 31
0.09 0.18 0.36 0.44999999999999996 0.54 0.6 0.69 0.78 0.8099999999999999 0.87 32
0.15 0.24 0.39 0.44999999999999996 0.57 0.6 0.72 0.78 0.8099999999999999 0.8999999999999999 31
0.09 0.24 0.39 0.44999999999999996 0.54 0.6 0.72 0.78 0.8099999999999999 0.87 32
0.03 0.18 0.32999999999999996 0.44999999999999996 0.54 0.6 0.69 0.78 0.8099999999999999 0.87 31
0.03 0.18 0.32999999999999996 0.44999999999999996 0.54 0.6 0.69 0.78 0.8099999999999999 0.87 31
0.06 0.21 0.36 0.44999999999999996 0.57 0.6 0.72 0.78 0.8099999999999999 0.87 31
0.03 0.21 0.32999999999999996 0.44999999999999996 0.51 0.6 0.69 0.75 0.8099999999999999 0.87 31
0.09 0.21 0.39 0.44999999999999996 0.57 0.6 0.72 0.78 0.8099999999999999 0.8999999999999999 31
0.03 0.18 0.36 0.44999999999999996 0.57 0.6 0.69 0.78 0.8099999999999999 0.87 31
0.06 0.24 0.36 0.44999999999999996 0.54 0.6 0.72 0.78 0.8099999999999999 0.8999999999999999 31
0.12 0.3 0.39 0.44999999999999996 0.54 0.6 0.72 0.78 0.8099999999999999 0.8999999999999999 32
0.09 0.21 0.39 0.44999999999999996 0.57 0.6 0.69 0.78 0.8099999999999999 0.87 31
0.03 0.27 0.32999999999999996 0.44999999999999996 0.57 0.6 0.69 0.78 0.8099999999999999 0.8999999999999999 31
0.06 0.18 0.36 0.44999999999999996 0.54 0.6 0.69 0.78 0.8099999999999999 0.87 31
0.03 0.18 0.32999999999999996 0.44999999999999996 0.54 0.6 0.69 0.78 0.8099999999999999 0.8999999999999999 31
0.09 0.24 0.39 0.44999999999999996 0.57 0.6 0.72 0.78 0.8099999999999999 0.87 31
0.03 0.18 0.36 0.44999999999999996 0.57 0.6 0.69 0.78 0.8099999999999999 0.87 31
0.03 0.21 0.32999999999999996 0.48 0.57 0.6 0.69 0.78 0.8099999999999999 0.87 31
0.12 0.24 0.39 0.48 0.57 0.6599999999999999 0.72 0.78 0.8099999999999999 0.87 32
0.15 0.24 0.39 0.44999999999999996 0.54 0.6 0.72 0.78 0.8099999999999999 0.87 33
0.09 0.24 0.42 0.48 0.57 0.6 0.72 0.78 0.8099999999999999 0.87 31
0.12 0.24 0.42 0.48 0.54 0.6 0.72 0.78 0.8099999999999999 0.87 31
0.09 0.18 0.36 0.44999999999999996 0.51 0.6 0.69 0.78 0.8099999999999999 0.87 31
0.12 0.24 0.39 0.48 0.57 0.6 0.72 0.78 0.8099999999999999 0.87 31
0.03 0.21 0.36 0.44999999999999996 0.54 0.6 0.69 0.78 0.8099999999999999 0.87 31
0.06 0.18 0.36 0.44999999999999996 0.57 0.6 0.69 0.78 0.8099999999999999 0.87 31
0.03 0.18 0.36 0.44999999999999996 0.57 0.6 0.69 0.78 0.8099999999999999 0.8999999999999999 32
0.09 0.24 0.39 0.48 0.57 0.63 0.69 0.78 0.8099999999999999 0.87 31
0.03 0.21 0.32999999999999996 0.44999999999999996 0.51 0.6 0.69 0.78 0.8099999999999999 0.87 31
0.03 0.18 0.36 0.44999999999999996 0.57 0.6 0.69 0.78 0.8099999999999999 0.87 31
0.03 0.18 0.39 0.44999999999999996 0.57 0.6 0.69 0.78 0.8099999999999999 0.87 31
0.03 0.18 0.36 0.48 0.51 0.6 0.72 0.78 0.8099999999999999 0.87 31
0.09 0.3 0.42 0.48 0.54 0.6599999999999999 0.72 0.78 0.8099999999999999 0.8999999999999999 31
0.12 0.24 0.42 0.48 0.54 0.6 0.72 0.78 0.8099999999999999 0.87 31
0.06 0.21 0.36 0.44999999999999996 0.57 0.6 0.69 0.78 0.8099999999999999 0.87 31
0.09 0.24 0.36 0.44999999999999996 0.57 0.6 0.72 0.78 0.8099999999999999 0.8999999999999999 31
0.09 0.24 0.39 0.48 0.54 0.6 0.72 0.78 0.8099999999999999 0.87 32
0.06 0.21 0.36 0.44999999999999996 0.51 0.6 0.72 0.78 0.8099999999999999 0.8999999999999999 31
0.09 0.18 0.36 0.44999999999999996 0.51 0.6 0.72 0.78 0.8099999999999999 0.87 31
0.09 0.24 0.39 0.44999999999999996 0.57 0.6 0.69 0.78 0.8099999999999999 0.8999999999999999 31
0.03 0.24 0.32999999999999996 0.44999999999999996 0.57 0.6 0.72 0.75 0.8099999999999999 0.87 31
0.09 0.24 0.36 0.44999999999999996 0.54 0.6 0.69 0.78 0.8099999999999999 0.8999999999999999 31
0.03 0.21 0.32999999999999996 0.44999999999999996 0.54 0.6 0.69 0.78 0.8099999999999999 0.87 31
0.06 0.18 0.36 0.44999999999999996 0.54 0.6 0.69 0.78 0.8099999999999999 0.87 31
0.03 0.18 0.36 0.44999999999999996 0.57 0.6 0.69 0.78 0.8099999999999999 0.87 31
0.03 0.18 0.32999999999999996 0.44999999999999996 0.57 0.6 0.69 0.78 0.8099999999999999 0.87 31
0.06 0.18 0.36 0.44999999999999996 0.57 0.6 0.69 0.78 0.8099999999999999 0.87 31
0.06 0.18 0.36 0.44999999999999996 0.57 0.6 0.69 0.78 0.8099999999999999 0.87 36
0.06 0.18 0.36 0.44999999999999996 0.57 0.6 0.69 0.78 0.8099999999999999 0.87 31
0.06 0.18 0.36 0.44999999999999996 0.54 0.6 0.69 0.78 0.8099999999999999 0.87 31
0.09 0.24 0.36 0.44999999999999996 0.57 0.6 0.72 0.78 0.8099999999999999 0.87 31
0.06 0.27 0.36 0.44999999999999996 0.57 0.6 0.69 0.78 0.8099999999999999 0.87 31
0.06 0.18 0.36 0.44999999999999996 0.51 0.6 0.69 0.78 0.8099999999999999 0.87 31
0.03 0.24 0.32999999999999996 0.44999999999999996 0.57 0.6 0.69 0.78 0.8099999999999999 0.87 31
0.06 0.18 0.36 0.44999999999999996 0.57 0.6 0.69 0.78 0.8099999999999999 0.87 31
0.12 0.24 0.42 0.44999999999999996 0.57 0.6 0.72 0.78 0.8099999999999999 0.8999999999999999 31
0.09 0.21 0.36 0.44999999999999996 0.57 0.6 0.72 0.78 0.8099999999999999 0.87 31
0.09 0.24 0.39 0.44999999999999996 0.54 0.6 0.72 0.78 0.8099999999999999 0.87 31
0.12 0.24 0.36 0.44999999999999996 0.51 0.6 0.72 0.78 0.8099999999999999 0.87 34
0.03 0.27 0.32999999999999996 0.44999999999999996 0.54 0.6 0.69 0.78 0.8099999999999999 0.87 31
0.06 0.18 0.36 0.44999999999999996 0.57 0.6 0.69 0.78 0.8099999999999999 0.87 31
0.03 0.18 0.32999999999999996 0.44999999999999996 0.57 0.6 0.69 0.78 0.8099999999999999 0.87 31
0.03 0.18 0.36 0.44999999999999996 0.54 0.6 0.69 0.78 0.8099999999999999 0.87 31
0.03 0.21 0.32999999999999996 0.48 0.54 0.6 0.72 0.78 0.8099999999999999 0.87 31
0.12 0.21 0.39 0.44999999999999996 0.57 0.6 0.69 0.78 0.8099999999999999 0.87 31
0.06 0.21 0.36 0.48 0.57 0.6 0.69 0.78 0.8099999999999999 0.87 32
0.03 0.18 0.36 0.44999999999999996 0.54 0.6 0.69 0.78 0.8099999999999999 0.87 31
0.03 0.18 0.36 0.44999999999999996 0.51 0.6 0.69 0.78 0.8099999999999999 0.87 31
0.03 0.18 0.36 0.44999999999999996 0.57 0.6 0.69 0.78 0.8099999999999999 0.87 31
0.03 0.21 0.32999999999999996 0.44999999999999996 0.57 0.6 0.69 0.78 0.8099999999999999 0.87 31
0.03 0.21 0.32999999999999996 0.44999999999999996 0.57 0.6 0.69 0.78 0.8099999999999999 0.87 31
0.06 0.18 0.36 0.44999999999999996 0.54 0.6 0.69 0.78 0.8099999999999999 0.87 31
0.03 0.18 0.32999999999999996 0.44999999999999996 0.54 0.6 0.69 0.78 0.8099999999999999 0.87 31
0.03 0.18 0.36 0.44999999999999996 0.57 0.6 0.69 0.78 0.8099999999999999 0.87 31
0.06 0.21 0.39 0.44999999999999996 0.54 0.6 0.69 0.78 0.8099999999999999 0.87 31
0.03 0.18 0.32999999999999996 0.44999999999999996 0.57 0.6 0.69 0.78 0.8099999999999999 0.87 31
0.06 0.21 0.36 0.44999999999999996 0.54 0.6 0.69 0.78 0.8099999999999999 0.87 31
0.15 0.24 0.39 0.44999999999999996 0.54 0.6 0.72 0.78 0.8099999999999999 0.87 35
0.03 0.21 0.32999999999999996 0.44999999999999996 0.54 0.6 0.69 0.78 0.8099999999999999 0.87 31
0.03 0.18 0.36 0.44999999999999996 0.57 0.6 0.69 0.78 0.8099999999999999 0.87 31
0.03 0.21 0.32999999999999996 0.44999999999999996 0.57 0.6 0.69 0.75 0.8099999999999999 0.87 31
0.03 0.18 0.36 0.44999999999999996 0.54 0.6 0.69 0.78 0.8099999999999999 0.87 31
0.03 0.27 0.32999999999999996 0.44999999999999996 0.54 0.6 0.69 0.78 0.8099999999999999 0.87 31
0.03 0.21 0.32999999999999996 0.44999999999999996 0.57 0.6 0.69 0.78 0.8099999999999999 0.87 31
0.06 0.18 0.36 0.44999999999999996 0.57 0.6 0.69 0.78 0.8099999999999999 0.87 31
0.03 0.18 0.36 0.44999999999999996 0.54 0.6 0.69 0.78 0.8099999999999999 0.87 31
0.03 0.21 0.32999999999999996 0.44999999999999996 0.54 0.6 0.69 0.78 0.8099999999999999 0.87 31
0.06 0.18 0.39 0.48 0.57 0.6599999999999999 0.69 0.78 0.8099999999999999 0.8999999999999999 31
0.06 0.18 0.36 0.44999999999999996 0.54 0.6 0.72 0.78 0.8099999999999999 0.87 31
0.03 0.18 0.36 0.44999999999999996 0.54 0.6 0.69 0.78 0.8099999999999999 0.87 31
0.09 0.24 0.39 0.48 0.57 0.6599999999999999 0.69 0.78 0.8099999999999999 0.87 32
0.06 0.18 0.36 0.44999999999999996 0.51 0.6 0.69 0.78 0.8099999999999999 0.8999999999999999 31
0.06 0.21 0.36 0.44999999999999996 0.54 0.6 0.69 0.78 0.8099999999999999 0.87 31
0.09 0.24 0.39 0.44999999999999996 0.54 0.6 0.69 0.78 0.8099999999999999 0.87 31
0.03 0.21 0.32999999999999996 0.44999999999999996 0.54 0.6 0.69 0.75 0.8099999999999999 0.8999999999999999 31
0.15 0.24 0.39 0.48 0.57 0.6 0.72 0.78 0.8099999999999999 0.8999999999999999 31
0.09 0.24 0.39 0.44999999999999996 0.57 0.6 0.72 0.78 0.8099999999999999 0.87 31
0.12 0.24 0.42 0.48 0.54 0.6 0.72 0.78 0.8099999999999999 0.87 31
0.03 0.21 0.32999999999999996 0.44999999999999996 0.57 0.6 0.69 0.75 0.8099999999999999 0.8999999999999999 31
0.12 0.21 0.39 0.48 0.54 0.6 0.72 0.78 0.8099999999999999 0.87 31
0.06 0.21 0.36 0.44999999999999996 0.57 0.6 0.69 0.78 0.8099999999999999 0.87 31
0.03 0.21 0.32999999999999996 0.44999999999999996 0.54 0.6 0.69 0.78 0.8099999999999999 0.87 31
0.12 0.3 0.42 0.48 0.54 0.63 0.72 0.78 0.84 0.87 31
0.03 0.18 0.36 0.44999999999999996 0.51 0.6 0.72 0.78 0.8099999999999999 0.87 31
0.03 0.21 0.32999999999999996 0.44999999999999996 0.57 0.6 0.69 0.75 0.8099999999999999 0.87 31
0.03 0.18 0.39 0.48 0.57 0.6 0.69 0.78 0.8099999999999999 0.8999999999999999 32
0.06 0.21 0.36 0.44999999999999996 0.57 0.6 0.69 0.78 0.8099999999999999 0.87 31
0.09 0.21 0.36 0.44999999999999996 0.57 0.6 0.69 0.78 0.8099999999999999 0.87 31
0.09 0.3 0.39 0.48 0.54 0.6 0.72 0.78 0.8099999999999999 0.87 34
0.06 0.24 0.36 0.48 0.54 0.6599999999999999 0.72 0.78 0.8099999999999999 0.87 31
0.03 0.18 0.32999999999999996 0.44999999999999996 0.54 0.6 0.69 0.78 0.8099999999999999 0.87 31
0.03 0.18 0.32999999999999996 0.44999999999999996 0.54 0.6 0.69 0.78 0.8099999999999999 0.87 31
0.09 0.18 0.36 0.44999999999999996 0.57 0.6 0.69 0.78 0.8099999999999999 0.87 31
0.06 0.24 0.36 0.44999999999999996 0.57 0.6 0.72 0.78 0.8099999999999999 0.8999999999999999 31
0.03 0.27 0.32999999999999996 0.44999999999999996 0.57 0.6 0.69 0.75 0.8099999999999999 0.87 31
0.03 0.18 0.36 0.44999999999999996 0.57 0.6 0.69 0.78 0.8099999999999999 0.87 31
0.06 0.21 0.36 0.44999999999999996 0.54 0.6 0.72 0.78 0.8099999999999999 0.87 31
0.06 0.18 0.36 0.44999999999999996 0.54 0.6 0.69 0.78 0.8099999999999999 0.87 31
0.09 0.3 0.39 0.44999999999999996 0.54 0.6 0.72 0.78 0.8099999999999999 0.8999999999999999 31
0.03 0.18 0.36 0.44999999999999996 0.57 0.6 0.69 0.78 0.8099999999999999 0.87 31
0.09 0.24 0.39 0.44999999999999996 0.57 0.6 0.72 0.78 0.8099999999999999 0.87 31
0.03 0.21 0.32999999999999996 0.44999999999999996 0.54 0.6 0.69 0.78 0.8099999999999999 0.87 31
0.03 0.18 0.36 0.44999999999999996 0.54 0.6 0.69 0.78 0.8099999999999999 0.87 31
0.09 0.21 0.36 0.44999999999999996 0.54 0.6 0.72 0.78 0.8099999999999999 0.87 31
0.03 0.18 0.32999999999999996 0.44999999999999996 0.54 0.6 0.69 0.75 0.8099999999999999 0.8999999999999999 31
0.09 0.21 0.36 0.48 0.54 0.63 0.72 0.78 0.8099999999999999 0.87 32
0.03 0.27 0.32999999999999996 0.44999999999999996 0.54 0.6 0.69 0.78 0.8099999999999999 0.87 31
0.03 0.18 0.36 0.44999999999999996 0.57 0.6 0.69 0.78 0.8099999999999999 0.87 31
0.03 0.24 0.32999999999999996 0.44999999999999996 0.51 0.6 0.72 0.78 0.8099999999999999 0.87 31
0.09 0.3 0.39 0.44999999999999996 0.57 0.6 0.69 0.78 0.8099999999999999 0.8999999999999999 31
0.03 0.18 0.36 0.44999999999999996 0.51 0.6 0.69 0.78 0.8099999999999999 0.87 31
0.03 0.24 0.32999999999999996 0.44999999999999996 0.57 0.6 0.69 0.75 0.8099999999999999 0.87 31
0.03 0.18 0.36 0.44999999999999996 0.57 0.6 0.69 0.78 0.8099999999999999 0.87 31
0.03 0.21 0.32999999999999996 0.44999999999999996 0.54 0.6 0.72 0.78 0.8099999999999999 0.8999999999999999 31
0.15 0.3 0.42 0.44999999999999996 0.54 0.6 0.72 0.78 0.84 0.87 31
0.03 0.21 0.32999999999999996 0.44999999999999996 0.54 0.6 0.69 0.75 0.8099999999999999 0.87 31
0.03 0.24 0.32999999999999996 0.44999999999999996 0.54 0.6 0.69 0.78 0.8099999999999999 0.87 31
0.03 0.21 0.32999999999999996 0.44999999999999996 0.54 0.6 0.69 0.75 0.8099999999999999 0.87 31
0.03 0.18 0.39 0.44999999999999996 0.57 0.6 0.69 0.78 0.8099999999999999 0.87 31
0.15 0.24 0.39 0.44999999999999996 0.54 0.6 0.72 0.78 0.8099999999999999 0.87 33
0.06 0.21 0.36 0.48 0.57 0.6 0.69 0.78 0.8099999999999999 0.87 31
0.06 0.21 0.36 0.44999999999999996 0.54 0.6 0.69 0.78 0.8099999999999999 0.87 31
0.03 0.18 0.36 0.44999999999999996 0.57 0.6 0.69 0.78 0.8099999999999999 0.87 31
0.06 0.18 0.39 0.44999999999999996 0.57 0.6 0.72 0.78 0.8099999999999999 0.87 31
0.06 0.18 0.36 0.44999999999999996 0.51 0.6 0.69 0.78 0.8099999999999999 0.87 31
0.03 0.18 0.32999999999999996 0.44999999999999996 0.54 0.6 0.69 0.78 0.8099999999999999 0.87 31
0.03 0.21 0.32999999999999996 0.44999999999999996 0.54 0.6 0.69 0.78 0.8099999999999999 0.87 31
0.06 0.18 0.36 0.44999999999999996 0.51 0.6 0.69 0.78 0.8099999999999999 0.87 31
0.12 0.21 0.39 0.48 0.54 0.6 0.72 0.78 0.8099999999999999 0.87 31
0.03 0.21 0.32999999999999996 0.44999999999999996 0.57 0.6 0.72 0.78 0.8099999999999999 0.87 31
0.09 0.3 0.39 0.48 0.57 0.6 0.72 0.78 0.8099999999999999 0.87 33
0.09 0.24 0.36 0.44999999999999996 0.51 0.6 0.72 0.78 0.8099999999999999 0.87 31
0.06 0.24 0.36 0.44999999999999996 0.57 0.6 0.72 0.78 0.8099999999999999 0.8999999999999999 31
0.12 0.21 0.39 0.44999999999999996 0.57 0.6 0.69 0.78 0.8099999999999999 0.87 31
0.03 0.21 0.32999999999999996 0.44999999999999996 0.54 0.6 0.69 0.75 0.8099999999999999 0.87 31
0.03 0.18 0.36 0.44999999999999996 0.57 0.6 0.69 0.78 0.8099999999999999 0.87 31
0.06 0.21 0.36 0.44999999999999996 0.51 0.6 0.69 0.78 0.8099999999999999 0.87 31
0.03 0.18 0.32999999999999996 0.44999999999999996 0.54 0.6 0.69 0.78 0.8099999999999999 0.87 31
0.06 0.21 0.36 0.44999999999999996 0.54 0.6 0.69 0.78 0.8099999999999999 0.87 31
0.12 0.3 0.39 0.44999999999999996 0.57 0.6 0.69 0.78 0.8099999999999999 0.8999999999999999 31
0.03 0.21 0.32999999999999996 0.44999999999999996 0.57 0.6 0.69 0.78 0.8099999999999999 0.87 32
0.09 0.18 0.36 0.44999999999999996 0.57 0.6 0.69 0.78 0.8099999999999999 0.87 31
0.09 0.24 0.39 0.44999999999999996 0.57 0.6 0.72 0.78 0.8099999999999999 0.87 32
0.06 0.18 0.36 0.44999999999999996 0.54 0.6 0.69 0.78 0.8099999999999999 0.87 31
0.06 0.18 0.39 0.44999999999999996 0.57 0.6 0.69 0.78 0.8099999999999999 0.87 31
0.09 0.24 0.39 0.44999999999999996 0.57 0.6 0.72 0.78 0.8099999999999999 0.87 32
0.09 0.18 0.39 0.44999999999999996 0.54 0.6 0.72 0.78 0.8099999999999999 0.87 31
0.03 0.18 0.36 0.44999999999999996 0.57 0.6 0.69 0.78 0.8099999999999999 0.87 32
0.03 0.18 0.36 0.44999999999999996 0.57 0.6 0.69 0.78 0.8099999999999999 0.87 31
0.03 0.21 0.32999999999999996 0.44999999999999996 0.54 0.6 0.69 0.78 0.8099999999999999 0.87 31
0.12 0.27 0.36 0.48 0.54 0.6 0.72 0.78 0.8099999999999999 0.87 32
0.03 0.18 0.39 0.44999999999999996 0.57 0.6 0.69 0.78 0.8099999999999999 0.87 31
0.03 0.21 0.32999999999999996 0.44999999999999996 0.54 0.6 0.69 0.78 0.8099999999999999 0.8999999999999999 31
0.06 0.21 0.36 0.48 0.54 0.6 0.69 0.78 0.8099999999999999 0.87 31
0.09 0.18 0.36 0.44999999999999996 0.51 0.6 0.72 0.78 0.8099999999999999 0.87 31
0.12 0.21 0.39 0.48 0.54 0.6 0.72 0.78 0.8099999999999999 0.87 31
0.09 0.24 0.36 0.44999999999999996 0.51 0.6 0.72 0.78 0.8099999999999999 0.87 31
0.03 0.24 0.32999999999999996 0.44999999999999996 0.57 0.6 0.72 0.75 0.8099999999999999 0.87 31
0.03 0.24 0.32999999999999996 0.44999999999999996 0.57 0.6 0.69 0.78 0.8099999999999999 0.87 31
0.09 0.3 0.39 0.48 0.54 0.6 0.72 0.78 0.8099999999999999 0.87 31
0.03 0.18 0.36 0.44999999999999996 0.54 0.6 0.69 0.78 0.8099999999999999 0.87 31
0.09 0.24 0.39 0.48 0.54 0.6599999999999999 0.69 0.78 0.8099999999999999 0.8999999999999999 31
0.12 0.3 0.42 0.48 0.54 0.63 0.72 0.78 0.84 0.87 35
0.06 0.24 0.36 0.44999999999999996 0.57 0.6 0.72 0.78 0.8099999999999999 0.87 31
0.03 0.21 0.32999999999999996 0.48 0.57 0.6 0.72 0.78 0.8099999999999999 0.87 31
0.12 0.24 0.36 0.44999999999999996 0.51 0.6 0.72 0.78 0.8099999999999999 0.87 34
0.06 0.21 0.36 0.44999999999999996 0.54 0.6 0.69 0.78 0.8099999999999999 0.87 31
0.12 0.21 0.39 0.44999999999999996 0.54 0.6 0.72 0.78 0.8099999999999999 0.87 31
0.03 0.18 0.36 0.44999999999999996 0.57 0.6 0.69 0.78 0.8099999999999999 0.87 31
0.09 0.24 0.39 0.44999999999999996 0.57 0.6 0.72 0.78 0.8099999999999999 0.87 31
0.03 0.18 0.36 0.44999999999999996 0.54 0.6 0.69 0.78 0.8099999999999999 0.87 31
0.06 0.18 0.39 0.44999999999999996 0.57 0.6 0.69 0.78 0.8099999999999999 0.8999999999999999 31
0.09 0.21 0.36 0.44999999999999996 0.57 0.6 0.69 0.78 0.8099999999999999 0.87 31
0.09 0.21 0.36 0.44999999999999996 0.54 0.6 0.69 0.78 0.8099999999999999 0.87 31
0.03 0.24 0.32999999999999996 0.44999999999999996 0.54 0.6 0.72 0.78 0.8099999999999999 0.87 31
0.06 0.24 0.36 0.48 0.54 0.6599999999999999 0.72 0.78 0.8099999999999999 0.87 31
0.09 0.27 0.36 0.44999999999999996 0.57 0.6 0.72 0.78 0.8099999999999999 0.87 31
0.09 0.18 0.36 0.44999999999999996 0.57 0.6 0.69 0.78 0.8099999999999999 0.87 31
0.03 0.18 0.36 0.44999999999999996 0.57 0.6 0.69 0.78 0.8099999999999999 0.87 31
0.15 0.3 0.42 0.44999999999999996 0.54 0.6 0.72 0.78 0.84 0.87 31
0.06 0.24 0.36 0.44999999999999996 0.54 0.6 0.72 0.78 0.8099999999999999 0.8999999999999999 31
0.09 0.24 0.36 0.44999999999999996 0.57 0.6 0.69 0.78 0.8099999999999999 0.87 31
0.03 0.18 0.36 0.44999999999999996 0.57 0.6 0.69 0.78 0.8099999999999999 0.87 31
0.03 0.21 0.32999999999999996 0.44999999999999996 0.54 0.6 0.69 0.75 0.8099999999999999 0.87 31
0.06 0.27 0.36 0.44999999999999996 0.57 0.6 0.72 0.78 0.8099999999999999 0.87 31
0.09 0.21 0.36 0.44999999999999996 0.54 0.6 0.69 0.78 0.8099999999999999 0.87 31
0.09 0.21 0.36 0.44999999999999996 0.54 0.6 0.72 0.78 0.8099999999999999 0.87 31
0.06 0.18 0.36 0.44999999999999996 0.57 0.6 0.69 0.78 0.8099999999999999 0.87 31
0.09 0.3 0.36 0.44999999999999996 0.57 0.6 0.69 0.78 0.8099999999999999 0.8999999999999999 31
0.09 0.24 0.39 0.44999999999999996 0.57 0.6 0.72 0.78 0.8099999999999999 0.87 32
0.06 0.24 0.36 0.44999999999999996 0.57 0.6 0.72 0.78 0.8099999999999999 0.8999999999999999 31
0.09 0.21 0.36 0.44999999999999996 0.54 0.6 0.69 0.78 0.8099999999999999 0.8999999999999999 31
0.03 0.24 0.32999999999999996 0.44999999999999996 0.54 0.6 0.72 0.78 0.8099999999999999 0.87 31
0.09 0.24 0.39 0.44999999999999996 0.54 0.6 0.69 0.78 0.8099999999999999 0.87 31
0.03 0.18 0.36 0.44999999999999996 0.57 0.6 0.69 0.78 0.8099999999999999 0.87 31
0.12 0.3 0.42 0.48 0.54 0.63 0.72 0.78 0.84 0.87 31
0.03 0.21 0.32999999999999996 0.44999999999999996 0.57 0.6 0.69 0.75 0.8099999999999999 0.8999999999999999 31
0.09 0.18 0.36 0.44999999999999996 0.54 0.6 0.69 0.78 0.8099999999999999 0.87 31
0.03 0.18 0.36 0.44999999999999996 0.57 0.6 0.69 0.78 0.8099999999999999 0.87 31
0.06 0.18 0.36 0.44999999999999996 0.57 0.6 0.69 0.78 0.8099999999999999 0.87 31
0.03 0.27 0.32999999999999996 0.44999999999999996 0.54 0.6 0.69 0.75 0.8099999999999999 0.87 31
0.06 0.18 0.36 0.44999999999999996 0.54 0.6 0.69 0.78 0.8099999999999999 0.87 31
0.12 0.21 0.36 0.44999999999999996 0.57 0.6 0.69 0.78 0.8099999999999999 0.87 31
0.06 0.18 0.36 0.44999999999999996 0.54 0.6 0.72 0.78 0.8099999999999999 0.87 31
0.06 0.21 0.36 0.44999999999999996 0.54 0.6 0.69 0.78 0.8099999999999999 0.87 31
0.03 0.21 0.32999999999999996 0.44999999999999996 0.51 0.6 0.69 0.78 0.8099999999999999 0.87 31
0.03 0.24 0.32999999999999996 0.44999999999999996 0.54 0.6 0.69 0.75 0.8099999999999999 0.87 31
0.12 0.24 0.39 0.44999999999999996 0.54 0.6 0.72 0.78 0.8099999999999999 0.87 32
0.03 0.21 0.32999999999999996 0.44999999999999996 0.51 0.6 0.72 0.78 0.8099999999999999 0.87 31
0.12 0.24 0.42 0.44999999999999996 0.57 0.6 0.72 0.78 0.8099999999999999 0.87 31
0.09 0.24 0.39 0.44999999999999996 0.57 0.6 0.69 0.78 0.8099999999999999 0.87 31
0.03 0.24 0.32999999999999996 0.44999999999999996 0.54 0.6 0.72 0.78 0.8099999999999999 0.87 31
0.03 0.21 0.32999999999999996 0.44999999999999996 0.54 0.6 0.69 0.75 0.8099999999999999 0.87 31
0.09 0.24 0.39 0.44999999999999996 0.57 0.6 0.72 0.78 0.8099999999999999 0.87 34
0.03 0.18 0.36 0.48 0.54 0.6 0.72 0.78 0.8099999999999999 0.87 33
0.03 0.18 0.36 0.44999999999999996 0.54 0.6 0.69 0.78 0.8099999999999999 0.87 31
0.03 0.18 0.32999999999999996 0.44999999999999996 0.54 0.6 0.69 0.78 0.8099999999999999 0.87 31
0.06 0.18 0.39 0.44999999999999996 0.54 0.6 0.69 0.78 0.8099999999999999 0.87 31
0.03 0.18 0.36 0.44999999999999996 0.57 0.6 0.69 0.78 0.8099999999999999 0.87 31
0.12 0.27 0.42 0.48 0.57 0.6 0.72 0.78 0.8099999999999999 0.87 31
0.09 0.21 0.36 0.44999999999999996 0.57 0.6 0.69 0.78 0.8099999999999999 0.87 31
0.06 0.18 0.36 0.44999999999999996 0.57 0.6 0.69 0.78 0.8099999999999999 0.87 31
0.12 0.18 0.36 0.44999999999999996 0.57 0.6 0.72 0.78 0.84 0.87 31
0.09 0.24 0.36 0.48 0.57 0.6 0.69 0.78 0.8099999999999999 0.87 31
0.03 0.18 0.39 0.44999999999999996 0.57 0.6 0.69 0.78 0.8099999999999999 0.87 31
0.03 0.21 0.32999999999999996 0.44999999999999996 0.51 0.6 0.69 0.78 0.8099999999999999 0.8999999999999999 31
0.06 0.18 0.36 0.44999999999999996 0.57 0.6 0.69 0.78 0.8099999999999999 0.87 31
0.03 0.21 0.32999999999999996 0.44999999999999996 0.54 0.6 0.72 0.78 0.8099999999999999 0.87 31
0.03 0.24 0.32999999999999996 0.44999999999999996 0.54 0.6 0.72 0.78 0.8099999999999999 0.87 31
0.03 0.24 0.32999999999999996 0.44999999999999996 0.54 0.6 0.72 0.78 0.8099999999999999 0.87 31
0.03 0.18 0.36 0.44999999999999996 0.57 0.6 0.69 0.78 0.8099999999999999 0.87 31
0.06 0.18 0.36 0.44999999999999996 0.54 0.6599999999999999 0.69 0.78 0.8099999999999999 0.8999999999999999 31
0.09 0.3 0.42 0.48 0.57 0.6 0.72 0.78 0.8099999999999999 0.8999999999999999 32
0.03 0.18 0.36 0.44999999999999996 0.57 0.6 0.69 0.78 0.8099999999999999 0.87 31
0.09 0.21 0.36 0.44999999999999996 0.57 0.6 0.69 0.78 0.8099999999999999 0.87 32
0.03 0.21 0.32999999999999996 0.44999999999999996 0.51 0.6 0.69 0.78 0.8099999999999999 0.87 31
0.03 0.18 0.36 0.44999999999999996 0.57 0.6 0.69 0.78 0.8099999999999999 0.87 31
0.09 0.3 0.36 0.44999999999999996 0.57 0.6 0.72 0.78 0.8099999999999999 0.8999999999999999 33
0.09 0.21 0.36 0.48 0.57 0.6 0.72 0.78 0.8099999999999999 0.87 32
0.09 0.18 0.39 0.44999999999999996 0.57 0.6 0.72 0.78 0.8099999999999999 0.87 31
0.06 0.18 0.36 0.44999999999999996 0.54 0.6 0.69 0.78 0.8099999999999999 0.87 31
0.15 0.21 0.39 0.48 0.54 0.6 0.72 0.78 0.8099999999999999 0.87 33
0.09 0.24 0.39 0.48 0.57 0.6 0.69 0.78 0.8099999999999999 0.87 34
0.03 0.18 0.36 0.44999999999999996 0.57 0.6 0.69 0.78 0.8099999999999999 0.87 31
0.03 0.21 0.32999999999999996 0.44999999999999996 0.57 0.6 0.69 0.78 0.8099999999999999 0.87 31
0.09 0.24 0.36 0.44999999999999996 0.54 0.6 0.69 0.78 0.8099999999999999 0.87 31
0.03 0.18 0.36 0.44999999999999996 0.57 0.6 0.69 0.78 0.8099999999999999 0.87 31
0.03 0.21 0.32999999999999996 0.44999999999999996 0.51 0.6 0.69 0.78 0.8099999999999999 0.87 31
0.09 0.21 0.39 0.44999999999999996 0.54 0.6 0.72 0.78 0.8099999999999999 0.87 31
0.03 0.21 0.32999999999999996 0.44999999999999996 0.54 0.6 0.69 0.78 0.8099999999999999 0.87 31
0.15 0.24 0.39 0.48 0.54 0.6599999999999999 0.72 0.78 0.8099999999999999 0.87 31
0.03 0.21 0.32999999999999996 0.44999999999999996 0.57 0.6 0.72 0.75 0.8099999999999999 0.87 31
0.03 0.18 0.36 0.44999999999999996 0.54 0.6 0.69 0.78 0.8099999999999999 0.87 31
0.03 0.18 0.36 0.44999999999999996 0.51 0.6 0.69 0.78 0.8099999999999999 0.87 31
0.03 0.21 0.32999999999999996 0.44999999999999996 0.51 0.6 0.72 0.78 0.8099999999999999 0.87 31
0.03 0.24 0.32999999999999996 0.44999999999999996 0.54 0.6 0.72 0.78 0.8099999999999999 0.87 31
0.09 0.21 0.36 0.44999999999999996 0.54 0.6 0.69 0.78 0.8099999999999999 0.87 32
0.03 0.18 0.32999999999999996 0.44999999999999996 0.57 0.6 0.72 0.78 0.8099999999999999 0.87 31
0.09 0.21 0.36 0.44999999999999996 0.57 0.6 0.69 0.78 0.8099999999999999 0.87 31
0.03 0.21 0.32999999999999996 0.44999999999999996 0.54 0.6 0.69 0.78 0.8099999999999999 0.87 31
0.09 0.3 0.39 0.44999999999999996 0.57 0.6 0.72 0.78 0.8099999999999999 0.8999999999999999 31
0.09 0.24 0.39 0.48 0.54 0.6 0.72 0.78 0.8099999999999999 0.87 32
0.09 0.24 0.36 0.44999999999999996 0.54 0.6 0.69 0.78 0.8099999999999999 0.8999999999999999 31
0.06 0.18 0.36 0.44999999999999996 0.54 0.6 0.69 0.78 0.8099999999999999 0.87 31
0.03 0.24 0.32999999999999996 0.44999999999999996 0.57 0.6 0.72 0.75 0.8099999999999999 0.87 31
0.03 0.24 0.32999999999999996 0.44999999999999996 0.54 0.6 0.69 0.78 0.8099999999999999 0.87 31
0.12 0.18 0.36 0.44999999999999996 0.57 0.6 0.72 0.78 0.84 0.87 31
0.06 0.24 0.36 0.44999999999999996 0.54 0.6 0.72 0.78 0.8099999999999999 0.87 31
0.09 0.24 0.39 0.48 0.57 0.6 0.72 0.78 0.8099999999999999 0.87 31
0.06 0.21 0.36 0.48 0.54 0.6 0.69 0.78 0.8099999999999999 0.87 31
0.06 0.21 0.36 0.44999999999999996 0.54 0.6 0.69 0.78 0.8099999999999999 0.8999999999999999 31
0.03 0.18 0.36 0.44999999999999996 0.57 0.6 0.69 0.78 0.8099999999999999 0.87 31
0.06 0.18 0.36 0.44999999999999996 0.54 0.6 0.69 0.78 0.8099999999999999 0.87 31
0.06 0.18 0.36 0.44999999999999996 0.57 0.6 0.69 0.78 0.8099999999999999 0.87 31
0.12 0.27 0.36 0.48 0.54 0.6 0.72 0.78 0.8099999999999999 0.87 32
0.03 0.18 0.32999999999999996 0.44999999999999996 0.54 0.6 0.69 0.75 0.8099999999999999 0.8999999999999999 31
0.06 0.24 0.36 0.44999999999999996 0.57 0.6 0.72 0.78 0.8099999999999999 0.87 31
0.06 0.21 0.36 0.44999999999999996 0.54 0.6 0.69 0.78 0.8099999999999999 0.87 31
0.06 0.21 0.36 0.48 0.54 0.63 0.69 0.78 0.8099999999999999 0.87 31
0.09 0.3 0.42 0.48 0.57 0.6 0.72 0.78 0.8099999999999999 0.8999999999999999 32
0.09 0.18 0.36 0.44999999999999996 0.54 0.6 0.69 0.78 0.8099999999999999 0.8999999999999999 31
0.06 0.18 0.36 0.44999999999999996 0.51 0.6 0.69 0.78 0.8099999999999999 0.87 31
0.06 0.21 0.36 0.44999999999999996 0.54 0.6 0.72 0.78 0.8099999999999999 0.87 31
0.09 0.24 0.39 0.44999999999999996 0.57 0.6 0.72 0.78 0.8099999999999999 0.87 34
0.12 0.24 0.39 0.48 0.57 0.6 0.69 0.78 0.8099999999999999 0.87 33
0.15 0.3 0.39 0.48 0.57 0.6 0.72 0.78 0.84 0.87 34
0.09 0.21 0.36 0.44999999999999996 0.54 0.6 0.69 0.78 0.8099999999999999 0.87 34
0.12 0.3 0.39 0.44999999999999996 0.57 0.6 0.69 0.78 0.8099999999999999 0.8999999999999999 31
0.03 0.18 0.36 0.44999999999999996 0.57 0.6 0.69 0.78 0.8099999999999999 0.87 31
0.03 0.21 0.32999999999999996 0.44999999999999996 0.54 0.6 0.72 0.78 0.8099999999999999 0.87 31
0.06 0.18 0.36 0.44999999999999996 0.54 0.6 0.69 0.78 0.8099999999999999 0.87 31
0.15 0.24 0.39 0.44999999999999996 0.54 0.6 0.72 0.78 0.8099999999999999 0.87 31
0.06 0.18 0.36 0.44999999999999996 0.54 0.6 0.72 0.78 0.8099999999999999 0.87 31
0.03 0.18 0.36 0.44999999999999996 0.57 0.6 0.69 0.78 0.8099999999999999 0.87 31
0.03 0.18 0.32999999999999996 0.44999999999999996 0.54 0.6 0.69 0.78 0.8099999999999999 0.87 31
0.12 0.24 0.39 0.44999999999999996 0.54 0.6 0.72 0.78 0.8099999999999999 0.87 31
0.06 0.21 0.36 0.44999999999999996 0.57 0.6 0.69 0.78 0.8099999999999999 0.87 31
