1.9251120412352983e-05 0.00039183739416813067 7.870781759884581e-05 7.287760888782009e-05 0.008520860884928566 0.0033738788835304236 0.2539662764677393 9.52813495003414e-06 0.00886724578363767 42
0.0004325485748115937 0.0017301942992463746 0.011791199595621719 0.0339586548353906 0.01910611045586851 0.3472222222222213 0.0019102221703393458 0.12380855977802249 0.0001337667436946742 48
1.9251120412352983e-05 0.011319551611796869 7.870781759884581e-05 7.287760888782009e-05 0.009866259972022551 0.001112513392005633 0.0019102221703393458 9.52813495003414e-06 0.0001337667436946742 42
0.0004325485748115937 0.00039183739416813067 7.870781759884581e-05 0.0339586548353906 0.022536622055164473 0.001112513392005633 0.006271954334768108 9.52813495003414e-06 0.0001337667436946742 43
0.0004325485748115937 0.0017301942992463746 0.011791199595621719 0.0339586548353906 0.009866259972022551 0.3472222222222213 0.0019102221703393458 0.12380855977802249 0.4571392976419313 48
0.0004325485748115937 0.00039183739416813067 7.870781759884581e-05 7.287760888782009e-05 0.022536622055164473 0.18838011188271497 0.0019102221703393458 9.52813495003414e-06 0.0001337667436946742 42
1.9251120412352983e-05 0.00039183739416813067 0.011791199595621719 0.0339586548353906 0.01910611045586851 0.18838011188271497 0.20688657407407288 9.52813495003414e-06 0.0001337667436946742 46
0.0004325485748115937 0.011319551611796869 7.870781759884581e-05 0.017212931046805293 0.01910611045586851 0.001112513392005633 0.006271954334768108 9.52813495003414e-06 0.00886724578363767 42
1.9251120412352983e-05 0.00039183739416813067 0.13990530053811784 7.287760888782009e-05 0.022536622055164473 0.18838011188271497 0.35428295567249674 9.52813495003414e-06 0.0001337667436946742 42
0.0004325485748115937 0.00039183739416813067 7.870781759884581e-05 0.017212931046805293 0.022536622055164473 0.18838011188271497 0.006271954334768108 9.52813495003414e-06 0.0001337667436946742 43
1.9251120412352983e-05 0.00039183739416813067 0.0565977580589845 0.017212931046805293 0.022536622055164473 0.18838011188271497 0.0019102221703393458 9.52813495003414e-06 0.00886724578363767 43
1.9251120412352983e-05 0.00039183739416813067 0.0565977580589845 7.287760888782009e-05 0.022536622055164473 0.001112513392005633 0.0019102221703393458 9.52813495003414e-06 0.0001337667436946742 43
0.0004325485748115937 0.0017301942992463746 0.16457014715109547 0.0339586548353906 0.01910611045586851 0.3472222222222213 0.0019102221703393458 0.12380855977802249 0.0001337667436946742 48
0.0004325485748115937 0.00039183739416813067 7.870781759884581e-05 0.017212931046805293 0.009866259972022551 0.0033738788835304236 0.0019102221703393458 9.52813495003414e-06 0.00886724578363767 43
1.9251120412352983e-05 0.011319551611796869 7.870781759884581e-05 7.287760888782009e-05 0.01910611045586851 0.001112513392005633 0.0019102221703393458 9.52813495003414e-06 0.0001337667436946742 42
0.0004325485748115937 0.0017301942992463746 0.011791199595621719 0.0339586548353906 0.009866259972022551 0.0033738788835304236 0.35428295567249674 0.12380855977802249 0.00886724578363767 48
0.019809369564483627 0.00039183739416813067 0.011791199595621719 0.017212931046805293 0.022536622055164473 0.37615740740740644 0.20688657407407288 9.52813495003414e-06 0.0001337667436946742 46
0.0004325485748115937 0.0017301942992463746 0.011791199595621719 0.0339586548353906 0.009866259972022551 0.0033738788835304236 0.2539662764677393 0.12380855977802249 0.0001337667436946742 48
1.9251120412352983e-05 0.00039183739416813067 7.870781759884581e-05 7.287760888782009e-05 0.009866259972022551 0.18838011188271497 0.0019102221703393458 9.52813495003414e-06 0.00886724578363767 42
1.9251120412352983e-05 0.011319551611796869 7.870781759884581e-05 7.287760888782009e-05 0.01910611045586851 0.001112513392005633 0.0019102221703393458 9.52813495003414e-06 0.0001337667436946742 42
1.9251120412352983e-05 0.011319551611796869 7.870781759884581e-05 7.287760888782009e-05 0.01910611045586851 0.001112513392005633 0.0019102221703393458 9.52813495003414e-06 0.0001337667436946742 42
1.9251120412352983e-05 0.00039183739416813067 7.870781759884581e-05 0.017212931046805293 0.022536622055164473 0.18838011188271497 0.0019102221703393458 9.52813495003414e-06 0.00886724578363767 42
0.0004325485748115937 0.00039183739416813067 7.870781759884581e-05 0.017212931046805293 0.009866259972022551 0.0033738788835304236 0.0019102221703393458 9.52813495003414e-06 0.00886724578363767 43
1.9251120412352983e-05 0.0017301942992463746 7.870781759884581e-05 0.0339586548353906 0.008520860884928566 0.001112513392005633 0.006271954334768108 0.12380855977802249 0.0001337667436946742 48
1.9251120412352983e-05 0.0017301942992463746 0.0565977580589845 7.287760888782009e-05 0.008520860884928566 0.3472222222222213 0.2539662764677393 9.52813495003414e-06 0.0001337667436946742 42
1.9251120412352983e-05 0.0017301942992463746 0.0565977580589845 7.287760888782009e-05 0.008520860884928566 0.0033738788835304236 0.2539662764677393 9.52813495003414e-06 0.0001337667436946742 42
1.9251120412352983e-05 0.00039183739416813067 7.870781759884581e-05 7.287760888782009e-05 0.022536622055164473 0.001112513392005633 0.0019102221703393458 9.52813495003414e-06 0.0001337667436946742 42
0.0004325485748115937 0.0017301942992463746 0.13990530053811784 0.0339586548353906 0.022536622055164473 0.001112513392005633 0.006271954334768108 9.52813495003414e-06 0.0001337667436946742 43
1.9251120412352983e-05 0.0017301942992463746 0.011791199595621719 0.017212931046805293 0.008520860884928566 0.37615740740740644 0.20688657407407288 9.52813495003414e-06 0.00886724578363767 43
1.9251120412352983e-05 0.00039183739416813067 7.870781759884581e-05 7.287760888782009e-05 0.008520860884928566 0.0033738788835304236 0.0019102221703393458 0.12380855977802249 0.0001337667436946742 42
1.9251120412352983e-05 0.0017301942992463746 0.0565977580589845 7.287760888782009e-05 0.008520860884928566 0.3472222222222213 0.2539662764677393 9.52813495003414e-06 0.0001337667436946742 42
1.9251120412352983e-05 0.00039183739416813067 0.0565977580589845 7.287760888782009e-05 0.008520860884928566 0.37615740740740644 0.2539662764677393 9.52813495003414e-06 0.00886724578363767 42
1.9251120412352983e-05 0.00039183739416813067 7.870781759884581e-05 7.287760888782009e-05 0.01910611045586851 0.001112513392005633 0.006271954334768108 9.52813495003414e-06 0.0001337667436946742 42
0.0004325485748115937 0.0017301942992463746 0.011791199595621719 0.0339586548353906 0.01910611045586851 0.3472222222222213 0.0019102221703393458 0.12380855977802249 0.0001337667436946742 48
0.0004325485748115937 0.00039183739416813067 7.870781759884581e-05 0.0339586548353906 0.022536622055164473 0.001112513392005633 0.006271954334768108 9.52813495003414e-06 0.0001337667436946742 43
1.9251120412352983e-05 0.00039183739416813067 7.870781759884581e-05 7.287760888782009e-05 0.01910611045586851 0.18838011188271497 0.006271954334768108 9.52813495003414e-06 0.0001337667436946742 42
0.0004325485748115937 0.00039183739416813067 7.870781759884581e-05 0.017212931046805293 0.009866259972022551 0.0033738788835304236 0.0019102221703393458 9.52813495003414e-06 0.00886724578363767 43
0.0004325485748115937 0.00039183739416813067 7.870781759884581e-05 0.017212931046805293 0.009866259972022551 0.001112513392005633 0.006271954334768108 9.52813495003414e-06 0.00886724578363767 42
1.9251120412352983e-05 0.00039183739416813067 0.0565977580589845 7.287760888782009e-05 0.022536622055164473 0.18838011188271497 0.0019102221703393458 9.52813495003414e-06 0.00886724578363767 43
1.9251120412352983e-05 0.00039183739416813067 7.870781759884581e-05 0.017212931046805293 0.022536622055164473 0.001112513392005633 0.006271954334768108 9.52813495003414e-06 0.0001337667436946742 43
1.9251120412352983e-05 0.00039183739416813067 7.870781759884581e-05 7.287760888782009e-05 0.01910611045586851 0.18838011188271497 0.006271954334768108 9.52813495003414e-06 0.0001337667436946742 42
1.9251120412352983e-05 0.00039183739416813067 0.011791199595621719 7.287760888782009e-05 0.022536622055164473 0.37615740740740644 0.20688657407407288 9.52813495003414e-06 0.0001337667436946742 43
0.0004325485748115937 0.0017301942992463746 0.011791199595621719 0.0339586548353906 0.009866259972022551 0.3472222222222213 0.0019102221703393458 0.12380855977802249 0.0001337667436946742 48
1.9251120412352983e-05 0.011319551611796869 7.870781759884581e-05 7.287760888782009e-05 0.01910611045586851 0.001112513392005633 0.0019102221703393458 9.52813495003414e-06 0.0001337667436946742 42
0.0004325485748115937 0.0017301942992463746 0.011791199595621719 0.0339586548353906 0.009866259972022551 0.3472222222222213 0.0019102221703393458 0.12380855977802249 0.00886724578363767 48
1.9251120412352983e-05 0.0017301942992463746 0.011791199595621719 0.0339586548353906 0.009866259972022551 0.3472222222222213 0.0019102221703393458 0.12380855977802249 0.0001337667436946742 48
0.0004325485748115937 0.00039183739416813067 0.011791199595621719 0.0339586548353906 0.009866259972022551 0.001112513392005633 0.2539662764677393 9.52813495003414e-06 0.0001337667436946742 46
0.019809369564483627 0.05714241220524141 0.011791199595621719 7.287760888782009e-05 0.009866259972022551 0.3472222222222213 0.20688657407407288 9.52813495003414e-06 0.0001337667436946742 43
0.0004325485748115937 0.00039183739416813067 7.870781759884581e-05 0.017212931046805293 0.009866259972022551 0.001112513392005633 0.006271954334768108 9.52813495003414e-06 0.00886724578363767 42
0.0004325485748115937 0.0017301942992463746 0.011791199595621719 0.0339586548353906 0.022536622055164473 0.0033738788835304236 0.35428295567249674 0.12380855977802249 0.0001337667436946742 48
1.9251120412352983e-05 0.0017301942992463746 0.011791199595621719 0.0339586548353906 0.009866259972022551 0.3472222222222213 0.0019102221703393458 0.12380855977802249 0.0001337667436946742 48
1.9251120412352983e-05 0.00039183739416813067 0.13990530053811784 0.017212931046805293 0.022536622055164473 0.18838011188271497 0.2539662764677393 0.12380855977802249 0.00886724578363767 43
1.9251120412352983e-05 0.011319551611796869 7.870781759884581e-05 7.287760888782009e-05 0.009866259972022551 0.001112513392005633 0.0019102221703393458 9.52813495003414e-06 0.0001337667436946742 42
1.9251120412352983e-05 0.05714241220524141 7.870781759884581e-05 7.287760888782009e-05 0.009866259972022551 0.001112513392005633 0.0019102221703393458 9.52813495003414e-06 0.00886724578363767 43
0.019809369564483627 0.05714241220524141 0.011791199595621719 7.287760888782009e-05 0.009866259972022551 0.3472222222222213 0.20688657407407288 9.52813495003414e-06 0.0001337667436946742 43
1.9251120412352983e-05 0.0017301942992463746 0.011791199595621719 0.0339586548353906 0.022536622055164473 0.3472222222222213 0.2539662764677393 9.52813495003414e-06 0.0001337667436946742 47
0.019809369564483627 0.00039183739416813067 0.011791199595621719 0.017212931046805293 0.022536622055164473 0.37615740740740644 0.20688657407407288 9.52813495003414e-06 0.0001337667436946742 46
0.019809369564483627 0.0017301942992463746 7.870781759884581e-05 7.287760888782009e-05 0.008520860884928566 0.0033738788835304236 0.2539662764677393 9.52813495003414e-06 0.00886724578363767 42
1.9251120412352983e-05 0.00039183739416813067 7.870781759884581e-05 7.287760888782009e-05 0.022536622055164473 0.001112513392005633 0.006271954334768108 9.52813495003414e-06 0.0001337667436946742 42
0.0004325485748115937 0.0017301942992463746 0.011791199595621719 0.0339586548353906 0.022536622055164473 0.3472222222222213 0.2539662764677393 0.12380855977802249 0.0001337667436946742 48
1.9251120412352983e-05 0.011319551611796869 0.16457014715109547 0.0339586548353906 0.022536622055164473 0.001112513392005633 0.2539662764677393 9.52813495003414e-06 0.0001337667436946742 46
1.9251120412352983e-05 0.0017301942992463746 0.011791199595621719 0.0339586548353906 0.022536622055164473 0.3472222222222213 0.20688657407407288 9.52813495003414e-06 0.0001337667436946742 47
1.9251120412352983e-05 0.0017301942992463746 0.011791199595621719 0.0339586548353906 0.009866259972022551 0.3472222222222213 0.0019102221703393458 0.12380855977802249 0.0001337667436946742 48
1.9251120412352983e-05 0.00039183739416813067 7.870781759884581e-05 7.287760888782009e-05 0.022536622055164473 0.001112513392005633 0.0019102221703393458 9.52813495003414e-06 0.00886724578363767 42
0.0004325485748115937 0.00039183739416813067 7.870781759884581e-05 0.017212931046805293 0.022536622055164473 0.18838011188271497 0.006271954334768108 9.52813495003414e-06 0.0001337667436946742 43
0.0004325485748115937 0.00039183739416813067 7.870781759884581e-05 0.0339586548353906 0.022536622055164473 0.001112513392005633 0.006271954334768108 9.52813495003414e-06 0.0001337667436946742 43
0.019809369564483627 0.05714241220524141 0.011791199595621719 0.0339586548353906 0.022536622055164473 0.001112513392005633 0.20688657407407288 9.52813495003414e-06 0.00886724578363767 43
1.9251120412352983e-05 0.00039183739416813067 7.870781759884581e-05 7.287760888782009e-05 0.022536622055164473 0.37615740740740644 0.2539662764677393 9.52813495003414e-06 0.00886724578363767 42
1.9251120412352983e-05 0.00039183739416813067 7.870781759884581e-05 7.287760888782009e-05 0.022536622055164473 0.001112513392005633 0.35428295567249674 9.52813495003414e-06 0.00886724578363767 43
1.9251120412352983e-05 0.00039183739416813067 7.870781759884581e-05 7.287760888782009e-05 0.022536622055164473 0.0033738788835304236 0.0019102221703393458 9.52813495003414e-06 0.0001337667436946742 42
0.019809369564483627 0.0017301942992463746 7.870781759884581e-05 7.287760888782009e-05 0.008520860884928566 0.0033738788835304236 0.2539662764677393 9.52813495003414e-06 0.00886724578363767 42
0.0004325485748115937 0.00039183739416813067 0.011791199595621719 0.0339586548353906 0.009866259972022551 0.001112513392005633 0.2539662764677393 9.52813495003414e-06 0.0001337667436946742 46
1.9251120412352983e-05 0.00039183739416813067 7.870781759884581e-05 0.0339586548353906 0.022536622055164473 0.001112513392005633 0.006271954334768108 9.52813495003414e-06 0.0001337667436946742 43
1.9251120412352983e-05 0.00039183739416813067 0.011791199595621719 0.017212931046805293 0.009866259972022551 0.0033738788835304236 0.20688657407407288 9.52813495003414e-06 0.00886724578363767 46
0.0004325485748115937 0.0017301942992463746 0.16457014715109547 0.017212931046805293 0.8734877041096631 0.3472222222222213 0.006271954334768108 9.52813495003414e-06 0.0001337667436946742 47
0.0004325485748115937 0.0017301942992463746 0.011791199595621719 0.0339586548353906 0.009866259972022551 0.0033738788835304236 0.2539662764677393 0.12380855977802249 0.0001337667436946742 48
1.9251120412352983e-05 0.011319551611796869 0.011791199595621719 0.017212931046805293 0.009866259972022551 0.37615740740740644 0.20688657407407288 9.52813495003414e-06 0.0001337667436946742 46
0.03797772626563753 0.0017301942992463746 0.011791199595621719 0.44999999999999996 0.8734877041096631 0.3472222222222213 0.006271954334768108 9.52813495003414e-06 0.0001337667436946742 47
0.0004325485748115937 0.0017301942992463746 0.011791199595621719 0.0339586548353906 0.009866259972022551 0.3472222222222213 0.0019102221703393458 0.12380855977802249 0.0001337667436946742 48
0.0004325485748115937 0.00039183739416813067 0.011791199595621719 0.0339586548353906 0.008520860884928566 0.001112513392005633 0.006271954334768108 9.52813495003414e-06 0.0001337667436946742 46
1.9251120412352983e-05 0.0017301942992463746 0.011791199595621719 0.0339586548353906 0.022536622055164473 0.3472222222222213 0.2539662764677393 9.52813495003414e-06 0.0001337667436946742 47
1.9251120412352983e-05 0.011319551611796869 7.870781759884581e-05 7.287760888782009e-05 0.01910611045586851 0.001112513392005633 0.0019102221703393458 9.52813495003414e-06 0.0001337667436946742 42
0.0004325485748115937 0.00039183739416813067 7.870781759884581e-05 0.017212931046805293 0.009866259972022551 0.37615740740740644 0.006271954334768108 9.52813495003414e-06 0.0001337667436946742 43
1.9251120412352983e-05 0.00039183739416813067 7.870781759884581e-05 0.017212931046805293 0.022536622055164473 0.001112513392005633 0.0019102221703393458 9.52813495003414e-06 0.00886724578363767 43
0.019809369564483627 0.0017301942992463746 7.870781759884581e-05 7.287760888782009e-05 0.008520860884928566 0.0033738788835304236 0.2539662764677393 9.52813495003414e-06 0.00886724578363767 42
1.9251120412352983e-05 0.00039183739416813067 0.0565977580589845 7.287760888782009e-05 0.008520860884928566 0.0033738788835304236 0.2539662764677393 9.52813495003414e-06 0.0001337667436946742 42
0.0004325485748115937 0.00039183739416813067 7.870781759884581e-05 0.017212931046805293 0.01910611045586851 0.001112513392005633 0.006271954334768108 9.52813495003414e-06 0.0001337667436946742 43
0.0004325485748115937 0.00039183739416813067 7.870781759884581e-05 0.0339586548353906 0.022536622055164473 0.001112513392005633 0.006271954334768108 9.52813495003414e-06 0.0001337667436946742 43
1.9251120412352983e-05 0.0017301942992463746 0.011791199595621719 0.0339586548353906 0.01910611045586851 0.3472222222222213 0.0019102221703393458 0.12380855977802249 0.0001337667436946742 48
0.0004325485748115937 0.00039183739416813067 0.011791199595621719 0.0339586548353906 0.008520860884928566 0.001112513392005633 0.006271954334768108 9.52813495003414e-06 0.0001337667436946742 46
0.019809369564483627 0.05714241220524141 0.011791199595621719 7.287760888782009e-05 0.01910611045586851 0.3472222222222213 0.20688657407407288 9.52813495003414e-06 0.0001337667436946742 43
1.9251120412352983e-05 0.0017301942992463746 0.011791199595621719 0.017212931046805293 0.008520860884928566 0.37615740740740644 0.20688657407407288 9.52813495003414e-06 0.00886724578363767 43
1.9251120412352983e-05 0.00039183739416813067 7.870781759884581e-05 7.287760888782009e-05 0.008520860884928566 0.0033738788835304236 0.0019102221703393458 0.12380855977802249 0.0001337667436946742 42
1.9251120412352983e-05 0.00039183739416813067 7.870781759884581e-05 7.287760888782009e-05 0.022536622055164473 0.0033738788835304236 0.0019102221703393458 9.52813495003414e-06 0.0001337667436946742 44
1.9251120412352983e-05 0.0017301942992463746 0.0565977580589845 7.287760888782009e-05 0.008520860884928566 0.3472222222222213 0.2539662764677393 9.52813495003414e-06 0.0001337667436946742 44
1.9251120412352983e-05 0.00039183739416813067 7.870781759884581e-05 7.287760888782009e-05 0.022536622055164473 0.001112513392005633 0.0019102221703393458 9.52813495003414e-06 0.00886724578363767 43
1.9251120412352983e-05 0.00039183739416813067 7.870781759884581e-05 7.287760888782009e-05 0.022536622055164473 0.0033738788835304236 0.0019102221703393458 9.52813495003414e-06 0.0001337667436946742 42
1.9251120412352983e-05 0.00039183739416813067 0.13990530053811784 0.017212931046805293 0.022536622055164473 0.18838011188271497 0.2539662764677393 0.12380855977802249 0.00886724578363767 43
1.9251120412352983e-05 0.00039183739416813067 0.13990530053811784 7.287760888782009e-05 0.022536622055164473 0.3472222222222213 0.2539662764677393 9.52813495003414e-06 0.0001337667436946742 47
0.0004325485748115937 0.00039183739416813067 0.011791199595621719 0.0339586548353906 0.008520860884928566 0.001112513392005633 0.006271954334768108 9.52813495003414e-06 0.0001337667436946742 46
0.0004325485748115937 0.05714241220524141 7.870781759884581e-05 7.287760888782009e-05 0.01910611045586851 0.001112513392005633 0.0019102221703393458 9.52813495003414e-06 0.0001337667436946742 44
1.9251120412352983e-05 0.00039183739416813067 7.870781759884581e-05 0.017212931046805293 0.022536622055164473 0.001112513392005633 0.0019102221703393458 9.52813495003414e-06 0.0001337667436946742 42
0.0004325485748115937 0.0017301942992463746 0.13990530053811784 0.0339586548353906 0.022536622055164473 0.001112513392005633 0.006271954334768108 9.52813495003414e-06 0.0001337667436946742 43
0.0004325485748115937 0.0017301942992463746 0.13990530053811784 0.0339586548353906 0.008520860884928566 0.001112513392005633 0.006271954334768108 0.12380855977802249 0.0001337667436946742 46
0.0004325485748115937 0.00039183739416813067 0.011791199595621719 0.0339586548353906 0.009866259972022551 0.001112513392005633 0.2539662764677393 9.52813495003414e-06 0.0001337667436946742 46
1.9251120412352983e-05 0.0017301942992463746 0.011791199595621719 0.0339586548353906 0.009866259972022551 0.3472222222222213 0.0019102221703393458 0.12380855977802249 0.0001337667436946742 48
0.0004325485748115937 0.00039183739416813067 7.870781759884581e-05 0.017212931046805293 0.01910611045586851 0.001112513392005633 0.006271954334768108 9.52813495003414e-06 0.00886724578363767 43
0.0004325485748115937 0.00039183739416813067 7.870781759884581e-05 0.017212931046805293 0.022536622055164473 0.001112513392005633 0.006271954334768108 9.52813495003414e-06 0.0001337667436946742 43
0.0004325485748115937 0.0017301942992463746 0.011791199595621719 0.0339586548353906 0.022536622055164473 0.0033738788835304236 0.35428295567249674 0.12380855977802249 0.0001337667436946742 48
1.9251120412352983e-05 0.00039183739416813067 7.870781759884581e-05 7.287760888782009e-05 0.01910611045586851 0.18838011188271497 0.0019102221703393458 9.52813495003414e-06 0.0001337667436946742 42
1.9251120412352983e-05 0.00039183739416813067 7.870781759884581e-05 7.287760888782009e-05 0.008520860884928566 0.18838011188271497 0.0019102221703393458 9.52813495003414e-06 0.0001337667436946742 42
0.0004325485748115937 0.00039183739416813067 7.870781759884581e-05 0.017212931046805293 0.022536622055164473 0.001112513392005633 0.006271954334768108 9.52813495003414e-06 0.00886724578363767 43
0.0004325485748115937 0.00039183739416813067 7.870781759884581e-05 0.017212931046805293 0.022536622055164473 0.001112513392005633 0.006271954334768108 9.52813495003414e-06 0.00886724578363767 43
0.0004325485748115937 0.00039183739416813067 7.870781759884581e-05 0.0339586548353906 0.022536622055164473 0.001112513392005633 0.006271954334768108 9.52813495003414e-06 0.0001337667436946742 43
1.9251120412352983e-05 0.00039183739416813067 7.870781759884581e-05 7.287760888782009e-05 0.022536622055164473 0.37615740740740644 0.2539662764677393 9.52813495003414e-06 0.00886724578363767 42
1.9251120412352983e-05 0.011319551611796869 7.870781759884581e-05 7.287760888782009e-05 0.009866259972022551 0.001112513392005633 0.0019102221703393458 9.52813495003414e-06 0.0001337667436946742 42
1.9251120412352983e-05 0.00039183739416813067 0.0565977580589845 7.287760888782009e-05 0.008520860884928566 0.37615740740740644 0.2539662764677393 9.52813495003414e-06 0.00886724578363767 42
1.9251120412352983e-05 0.00039183739416813067 7.870781759884581e-05 7.287760888782009e-05 0.022536622055164473 0.001112513392005633 0.35428295567249674 9.52813495003414e-06 0.00886724578363767 42
1.9251120412352983e-05 0.00039183739416813067 0.16457014715109547 0.0339586548353906 0.022536622055164473 0.001112513392005633 0.2539662764677393 0.12380855977802249 0.00886724578363767 46
0.0004325485748115937 0.011319551611796869 7.870781759884581e-05 0.017212931046805293 0.009866259972022551 0.001112513392005633 0.006271954334768108 9.52813495003414e-06 0.0001337667436946742 43
1.9251120412352983e-05 0.00039183739416813067 7.870781759884581e-05 7.287760888782009e-05 0.022536622055164473 0.001112513392005633 0.0019102221703393458 9.52813495003414e-06 0.00886724578363767 43
1.9251120412352983e-05 0.00039183739416813067 0.13990530053811784 7.287760888782009e-05 0.022536622055164473 0.3472222222222213 0.2539662764677393 9.52813495003414e-06 0.0001337667436946742 47
1.9251120412352983e-05 0.0017301942992463746 7.870781759884581e-05 7.287760888782009e-05 0.008520860884928566 0.0033738788835304236 0.2539662764677393 9.52813495003414e-06 0.0001337667436946742 44
0.0004325485748115937 0.00039183739416813067 7.870781759884581e-05 0.0339586548353906 0.022536622055164473 0.001112513392005633 0.006271954334768108 9.52813495003414e-06 0.0001337667436946742 43
1.9251120412352983e-05 0.00039183739416813067 7.870781759884581e-05 7.287760888782009e-05 0.022536622055164473 0.37615740740740644 0.2539662764677393 9.52813495003414e-06 0.00886724578363767 42
0.0004325485748115937 0.0017301942992463746 0.011791199595621719 0.0339586548353906 0.009866259972022551 0.3472222222222213 0.0019102221703393458 0.12380855977802249 0.00886724578363767 48
1.9251120412352983e-05 0.00039183739416813067 7.870781759884581e-05 7.287760888782009e-05 0.022536622055164473 0.0033738788835304236 0.2539662764677393 9.52813495003414e-06 0.0001337667436946742 42
0.0004325485748115937 0.00039183739416813067 7.870781759884581e-05 0.017212931046805293 0.01910611045586851 0.001112513392005633 0.006271954334768108 9.52813495003414e-06 0.0001337667436946742 43
1.9251120412352983e-05 0.00039183739416813067 7.870781759884581e-05 7.287760888782009e-05 0.022536622055164473 0.18838011188271497 0.0019102221703393458 9.52813495003414e-06 0.0001337667436946742 43
0.0004325485748115937 0.00039183739416813067 7.870781759884581e-05 0.017212931046805293 0.01910611045586851 0.001112513392005633 0.006271954334768108 9.52813495003414e-06 0.0001337667436946742 43
1.9251120412352983e-05 0.00039183739416813067 7.870781759884581e-05 0.017212931046805293 0.008520860884928566 0.001112513392005633 0.0019102221703393458 9.52813495003414e-06 0.00886724578363767 44
0.0004325485748115937 0.0017301942992463746 0.13990530053811784 0.0339586548353906 0.022536622055164473 0.001112513392005633 0.006271954334768108 9.52813495003414e-06 0.0001337667436946742 43
1.9251120412352983e-05 0.00039183739416813067 0.13990530053811784 7.287760888782009e-05 0.022536622055164473 0.18838011188271497 0.35428295567249674 9.52813495003414e-06 0.0001337667436946742 42
0.0004325485748115937 0.00039183739416813067 7.870781759884581e-05 0.017212931046805293 0.022536622055164473 0.001112513392005633 0.006271954334768108 9.52813495003414e-06 0.0001337667436946742 43
1.9251120412352983e-05 0.0017301942992463746 0.0565977580589845 7.287760888782009e-05 0.008520860884928566 0.3472222222222213 0.2539662764677393 9.52813495003414e-06 0.0001337667436946742 42
0.0004325485748115937 0.0017301942992463746 0.011791199595621719 0.0339586548353906 0.01910611045586851 0.0033738788835304236 0.35428295567249674 0.12380855977802249 0.0001337667436946742 48
0.0004325485748115937 0.00039183739416813067 7.870781759884581e-05 0.017212931046805293 0.01910611045586851 0.001112513392005633 0.006271954334768108 9.52813495003414e-06 0.00886724578363767 43
