3e-10 7.000000000000001e-10 1.2e-09 1.6e-09 2.1e-09 2.8000000000000003e-09 3e-09 3.4000000000000003e-09 4.1e-09 42
2e-10 7.000000000000001e-10 1.2e-09 1.7000000000000001e-09 2.1e-09 2.8000000000000003e-09 2.9e-09 3.4000000000000003e-09 3.8e-09 43
3e-10 8.497835885344379e-187 3.0942293689826748e-105 1.1171545226817409e-186 2e-09 2.8000000000000003e-09 1.0069316050724659e-156 3.4000000000000003e-09 3.8e-09 46
3e-10 7.000000000000001e-10 1.2e-09 1.6e-09 2e-09 2.6e-09 1.0069316050724659e-156 3.4000000000000003e-09 4.1e-09 42
3e-10 8e-10 8.431884138600881e-216 1.1171545226817409e-186 2.0389828920517172e-215 2.8000000000000003e-09 1.0069316050724659e-156 3.4000000000000003e-09 3.8e-09 48
3e-10 7.000000000000001e-10 1.2e-09 1.6e-09 2e-09 2.5e-09 1.0069316050724659e-156 3.4000000000000003e-09 5.36405725697e-312 42
2e-10 8e-10 9e-10 1.1171545226817409e-186 3.770354695468333e-216 2.4e-09 3e-09 8.091414682214478e-157 4.1e-09 48
3e-10 7.000000000000001e-10 8.431884138600881e-216 1.7000000000000001e-09 2e-09 2.7e-09 1.0069316050724659e-156 8.091414682214478e-157 4.1e-09 43
9.74661406389e-312 7.000000000000001e-10 8.431884138600881e-216 1.6e-09 2.0389828920517172e-215 2.5e-09 3.3e-09 3.4000000000000003e-09 3.8e-09 43
3e-10 7.000000000000001e-10 9e-10 1.1171545226817409e-186 2.1e-09 2.7e-09 3.3e-09 3.4000000000000003e-09 3.8e-09 46
2e-10 7.000000000000001e-10 1.2e-09 1.7000000000000001e-09 2.1e-09 2.8000000000000003e-09 2.9e-09 3.4000000000000003e-09 4.1e-09 43
9.74661406389e-312 7.000000000000001e-10 9e-10 1.7000000000000001e-09 2e-09 2.6e-09 3.3e-09 3.4000000000000003e-09 3.8e-09 46
3e-10 7.000000000000001e-10 1.2e-09 1.1171545226817409e-186 2e-09 2.8000000000000003e-09 2.9e-09 3.4000000000000003e-09 3.8e-09 43
3e-10 7.000000000000001e-10 1.2e-09 1.6e-09 2e-09 2.8000000000000003e-09 3e-09 3.4000000000000003e-09 4.1e-09 43
3e-10 8.497835885344379e-187 3.0942293689826748e-105 1.1171545226817409e-186 2e-09 2.8000000000000003e-09 1.0069316050724659e-156 3.4000000000000003e-09 3.8e-09 46
9.74661406389e-312 7.000000000000001e-10 9e-10 1.6e-09 2.0389828920517172e-215 2.6e-09 3.3e-09 3.4000000000000003e-09 4.1e-09 43
9.74661406389e-312 2.527703880241836e-309 9e-10 1.6e-09 3.770354695468333e-216 2.4e-09 3.3e-09 3.4000000000000003e-09 3.8e-09 43
3e-10 8e-10 9e-10 1.1171545226817409e-186 3.770354695468333e-216 2.4e-09 3e-09 8.091414682214478e-157 3.8e-09 48
3e-10 7.000000000000001e-10 8.431884138600881e-216 1.6e-09 2.1e-09 2.7e-09 5.41360374716e-312 3.4000000000000003e-09 4.1e-09 42
2e-10 8e-10 9e-10 1.1171545226817409e-186 2.1e-09 2.4e-09 3e-09 8.091414682214478e-157 3.8e-09 48
3e-10 7.000000000000001e-10 1.2e-09 1.6e-09 2.0389828920517172e-215 2.7e-09 3e-09 3.4000000000000003e-09 3.8e-09 42
2e-10 8.497835885344379e-187 1.2e-09 1.7000000000000001e-09 3.770354695468333e-216 2.8000000000000003e-09 2.9e-09 3.4000000000000003e-09 3.8e-09 43
3e-10 7.000000000000001e-10 1.2e-09 1.7000000000000001e-09 2.1e-09 2.8000000000000003e-09 2.9e-09 3.4000000000000003e-09 3.8e-09 43
2e-10 8e-10 9e-10 1.1171545226817409e-186 3.770354695468333e-216 2.4e-09 3e-09 8.091414682214478e-157 3.8e-09 48
3e-10 8e-10 8.431884138600881e-216 1.7000000000000001e-09 2e-09 2.4e-09 1.0069316050724659e-156 3.4000000000000003e-09 3.8e-09 47
2e-10 7.000000000000001e-10 1.2e-09 1.6e-09 2e-09 2.8000000000000003e-09 2.9e-09 3.4000000000000003e-09 3.8e-09 43
2e-10 7.000000000000001e-10 1.2e-09 1.7000000000000001e-09 2.1e-09 2.8000000000000003e-09 2.9e-09 3.4000000000000003e-09 4.1e-09 43
3e-10 7.000000000000001e-10 1.2e-09 1.6e-09 2e-09 2.8000000000000003e-09 3e-09 3.4000000000000003e-09 4.1e-09 43
3e-10 7.000000000000001e-10 1.2e-09 1.1171545226817409e-186 2e-09 2.8000000000000003e-09 2.9e-09 3.4000000000000003e-09 3.8e-09 43
9.74661406389e-312 8e-10 1.2e-09 1.6e-09 2.0389828920517172e-215 2.5e-09 1.0069316050724659e-156 3.4000000000000003e-09 4.1e-09 42
3e-10 8.497835885344379e-187 1.2e-09 1.6e-09 2.1e-09 2.8000000000000003e-09 3e-09 3.4000000000000003e-09 3.8e-09 42
3e-10 8.497835885344379e-187 1.2e-09 1.6e-09 3.770354695468333e-216 2.8000000000000003e-09 3e-09 3.4000000000000003e-09 3.8e-09 42
3e-10 7.000000000000001e-10 1.2e-09 1.6e-09 2.0389828920517172e-215 2.5e-09 3e-09 8.091414682214478e-157 3.8e-09 42
3e-10 7.000000000000001e-10 1.2e-09 1.6e-09 2e-09 2.8000000000000003e-09 3e-09 3.4000000000000003e-09 3.8e-09 42
2e-10 8e-10 9e-10 1.1171545226817409e-186 3.770354695468333e-216 2.4e-09 3e-09 8.091414682214478e-157 4.1e-09 48
2e-10 8e-10 9e-10 1.1171545226817409e-186 2e-09 2.4e-09 1.0069316050724659e-156 8.091414682214478e-157 3.8e-09 48
2e-10 8e-10 1.2e-09 1.6e-09 2.1e-09 2.6e-09 2.9e-09 3.4000000000000003e-09 4.1e-09 43
9.74661406389e-312 8e-10 8.431884138600881e-216 1.6e-09 2.0389828920517172e-215 2.5e-09 3.3e-09 3.4000000000000003e-09 3.8e-09 43
3e-10 7.000000000000001e-10 9e-10 1.6e-09 2e-09 2.6e-09 3.3e-09 3.4000000000000003e-09 3.8e-09 43
3e-10 7.000000000000001e-10 1.1529245708806996e-185 1.6e-09 2e-09 2.8000000000000003e-09 2.9e-09 3.4000000000000003e-09 4.1e-09 43
3e-10 2.527703880241836e-309 3.0942293689826748e-105 1.7000000000000001e-09 2e-09 2.7e-09 3.3e-09 3.4000000000000003e-09 3.8e-09 46
2e-10 7.000000000000001e-10 1.2e-09 1.6e-09 2e-09 2.7e-09 3e-09 3.4000000000000003e-09 3.8e-09 44
2e-10 8.497835885344379e-187 1.2e-09 1.7000000000000001e-09 3.770354695468333e-216 2.8000000000000003e-09 2.9e-09 3.4000000000000003e-09 3.8e-09 43
3e-10 7.000000000000001e-10 1.1529245708806996e-185 1.6e-09 2.0389828920517172e-215 2.6e-09 1.0069316050724659e-156 3.4000000000000003e-09 4.1e-09 42
2e-10 7.000000000000001e-10 1.2e-09 1.7000000000000001e-09 2e-09 2.8000000000000003e-09 2.9e-09 3.4000000000000003e-09 4.1e-09 43
3e-10 7.000000000000001e-10 1.1529245708806996e-185 1.6e-09 2e-09 2.7e-09 3e-09 3.4000000000000003e-09 4.1e-09 43
2e-10 7.000000000000001e-10 1.2e-09 1.7000000000000001e-09 2.1e-09 2.8000000000000003e-09 2.9e-09 3.4000000000000003e-09 3.8e-09 43
2e-10 7.000000000000001e-10 9e-10 1.1171545226817409e-186 2.0389828920517172e-215 2.8000000000000003e-09 2.9e-09 3.4000000000000003e-09 3.8e-09 46
3e-10 2.527703880241836e-309 3.0942293689826748e-105 1.7000000000000001e-09 2e-09 2.7e-09 3.3e-09 3.4000000000000003e-09 3.8e-09 46
3e-10 7.000000000000001e-10 1.2e-09 1.6e-09 2.1e-09 2.5e-09 3e-09 3.4000000000000003e-09 3.8e-09 44
2e-10 8e-10 1.2e-09 1.6e-09 2.1e-09 2.6e-09 2.9e-09 3.4000000000000003e-09 4.1e-09 43
3e-10 7.000000000000001e-10 3.0942293689826748e-105 1.1171545226817409e-186 2e-09 2.8000000000000003e-09 1.0069316050724659e-156 8.091414682214478e-157 4.1e-09 46
3e-10 8.497835885344379e-187 8.431884138600881e-216 1.6e-09 3.770354695468333e-216 2.7e-09 5.41360374716e-312 3.4000000000000003e-09 4.1e-09 42
2e-10 8.497835885344379e-187 1.2e-09 1.7000000000000001e-09 3.770354695468333e-216 2.8000000000000003e-09 2.9e-09 3.4000000000000003e-09 3.8e-09 43
2e-10 8e-10 8.431884138600881e-216 1.1171545226817409e-186 2e-09 2.8000000000000003e-09 2.9e-09 3.4000000000000003e-09 3.8e-09 43
3e-10 7.000000000000001e-10 1.1529245708806996e-185 1.6e-09 2.0389828920517172e-215 2.6e-09 1.0069316050724659e-156 3.4000000000000003e-09 4.1e-09 42
2e-10 8e-10 9e-10 1.1171545226817409e-186 2.1e-09 2.5e-09 3e-09 8.091414682214478e-157 3.8e-09 48
3e-10 8e-10 9e-10 1.1171545226817409e-186 2e-09 2.8000000000000003e-09 2.9e-09 8.091414682214478e-157 3.8e-09 48
3e-10 7.000000000000001e-10 1.2e-09 1.6e-09 2e-09 2.8000000000000003e-09 3e-09 3.4000000000000003e-09 4.1e-09 43
3e-10 7.000000000000001e-10 1.2e-09 1.7000000000000001e-09 2e-09 2.8000000000000003e-09 3e-09 3.4000000000000003e-09 3.8e-09 42
2e-10 8e-10 9e-10 1.1171545226817409e-186 3.770354695468333e-216 2.4e-09 3e-09 8.091414682214478e-157 3.8e-09 48
3e-10 7.000000000000001e-10 8.431884138600881e-216 1.6e-09 2e-09 2.4e-09 1.0069316050724659e-156 3.4000000000000003e-09 3.8e-09 47
2e-10 7.000000000000001e-10 1.2e-09 1.7000000000000001e-09 2.1e-09 2.8000000000000003e-09 2.9e-09 3.4000000000000003e-09 4.1e-09 43
3e-10 8e-10 9e-10 1.1171545226817409e-186 3.770354695468333e-216 2.4e-09 3e-09 8.091414682214478e-157 3.8e-09 48
3e-10 7.000000000000001e-10 1.1529245708806996e-185 1.7000000000000001e-09 2e-09 2.7e-09 3e-09 3.4000000000000003e-09 4.1e-09 43
2e-10 7.000000000000001e-10 1.2e-09 1.7000000000000001e-09 2e-09 2.7e-09 2.9e-09 3.4000000000000003e-09 3.8e-09 43
3e-10 7.000000000000001e-10 1.1529245708806996e-185 1.7000000000000001e-09 2e-09 2.7e-09 3e-09 3.4000000000000003e-09 4.1e-09 43
2e-10 7.000000000000001e-10 8.431884138600881e-216 1.6e-09 2.1e-09 2.8000000000000003e-09 3e-09 3.4000000000000003e-09 4.1e-09 43
2e-10 7.000000000000001e-10 1.2e-09 1.1171545226817409e-186 2e-09 2.8000000000000003e-09 2.9e-09 3.4000000000000003e-09 3.8e-09 43
3e-10 7.000000000000001e-10 1.2e-09 1.6e-09 2e-09 2.8000000000000003e-09 3e-09 3.4000000000000003e-09 3.8e-09 42
3e-10 7.000000000000001e-10 1.1529245708806996e-185 1.6e-09 2.0389828920517172e-215 2.6e-09 1.0069316050724659e-156 3.4000000000000003e-09 4.1e-09 42
3e-10 7.000000000000001e-10 8.431884138600881e-216 1.6e-09 2e-09 2.7e-09 5.41360374716e-312 3.4000000000000003e-09 3.8e-09 42
2e-10 7.000000000000001e-10 1.2e-09 1.6e-09 2e-09 2.7e-09 3e-09 3.4000000000000003e-09 3.8e-09 44
2e-10 8e-10 9e-10 1.1171545226817409e-186 3.770354695468333e-216 2.5e-09 1.0069316050724659e-156 8.091414682214478e-157 3.8e-09 48
3e-10 7.000000000000001e-10 1.2e-09 1.6e-09 2e-09 2.5e-09 1.0069316050724659e-156 3.4000000000000003e-09 3.8e-09 42
3e-10 7.000000000000001e-10 1.1529245708806996e-185 1.6e-09 2e-09 2.7e-09 3e-09 3.4000000000000003e-09 4.1e-09 43
3e-10 7.000000000000001e-10 1.2e-09 1.6e-09 2e-09 2.5e-09 1.0069316050724659e-156 3.4000000000000003e-09 5.36405725697e-312 42
3e-10 7.000000000000001e-10 8.431884138600881e-216 1.7000000000000001e-09 2.1e-09 2.8000000000000003e-09 3e-09 7.73557342111486e-105 3.8e-09 43
3e-10 7.000000000000001e-10 1.2e-09 1.6e-09 2e-09 2.8000000000000003e-09 3e-09 3.4000000000000003e-09 3.8e-09 42
2e-10 7.000000000000001e-10 1.2e-09 1.7000000000000001e-09 2.1e-09 2.8000000000000003e-09 2.9e-09 3.4000000000000003e-09 4.1e-09 43
3e-10 8e-10 1.2e-09 1.6e-09 2.0389828920517172e-215 2.5e-09 1.0069316050724659e-156 3.4000000000000003e-09 3.8e-09 44
3e-10 7.000000000000001e-10 1.1529245708806996e-185 1.6e-09 2e-09 2.7e-09 3e-09 3.4000000000000003e-09 4.1e-09 43
3e-10 7.000000000000001e-10 8.431884138600881e-216 1.7000000000000001e-09 2.1e-09 2.8000000000000003e-09 3e-09 7.73557342111486e-105 3.8e-09 43
3e-10 7.000000000000001e-10 1.2e-09 1.6e-09 2e-09 2.7e-09 3e-09 3.4000000000000003e-09 3.8e-09 42
2e-10 8e-10 9e-10 1.1171545226817409e-186 2.1e-09 2.4e-09 3e-09 8.091414682214478e-157 3.8e-09 48
3e-10 7.000000000000001e-10 1.2e-09 1.6e-09 2e-09 2.8000000000000003e-09 3e-09 3.4000000000000003e-09 4.1e-09 42
3e-10 8e-10 1.1529245708806996e-185 1.6e-09 2.0389828920517172e-215 2.4e-09 1.0069316050724659e-156 3.4000000000000003e-09 3.8e-09 44
3e-10 8e-10 1.2e-09 1.1171545226817409e-186 2.0389828920517172e-215 2.8000000000000003e-09 2.9e-09 8.091414682214478e-157 3.8e-09 48
3e-10 7.000000000000001e-10 1.2e-09 1.7000000000000001e-09 2.0389828920517172e-215 2.8000000000000003e-09 3e-09 3.4000000000000003e-09 4.1e-09 44
3e-10 2.527703880241836e-309 3.0942293689826748e-105 1.7000000000000001e-09 2e-09 2.7e-09 3.3e-09 3.4000000000000003e-09 3.8e-09 46
2e-10 7.000000000000001e-10 1.2e-09 1.7000000000000001e-09 2e-09 2.8000000000000003e-09 2.9e-09 3.4000000000000003e-09 3.8e-09 43
3e-10 8e-10 9e-10 1.1171545226817409e-186 3.770354695468333e-216 2.4e-09 3e-09 8.091414682214478e-157 3.8e-09 48
3e-10 8e-10 1.1529245708806996e-185 1.6e-09 2.0389828920517172e-215 2.5e-09 1.0069316050724659e-156 3.4000000000000003e-09 3.8e-09 42
2e-10 7.000000000000001e-10 1.2e-09 1.7000000000000001e-09 2.1e-09 2.8000000000000003e-09 2.9e-09 3.4000000000000003e-09 4.1e-09 43
2e-10 7.000000000000001e-10 1.2e-09 1.6e-09 2e-09 2.7e-09 3e-09 3.4000000000000003e-09 3.8e-09 44
3e-10 7.000000000000001e-10 8.431884138600881e-216 1.6e-09 2e-09 2.7e-09 5.41360374716e-312 3.4000000000000003e-09 3.8e-09 42
2e-10 7.000000000000001e-10 1.2e-09 1.7000000000000001e-09 3.770354695468333e-216 2.8000000000000003e-09 2.9e-09 3.4000000000000003e-09 4.1e-09 42
3e-10 7.000000000000001e-10 1.2e-09 1.6e-09 2e-09 2.7e-09 3e-09 3.4000000000000003e-09 3.8e-09 43
3e-10 7.000000000000001e-10 1.2e-09 1.6e-09 3.770354695468333e-216 2.7e-09 3e-09 3.4000000000000003e-09 3.8e-09 42
3e-10 7.000000000000001e-10 1.2e-09 1.7000000000000001e-09 2e-09 2.7e-09 3e-09 3.4000000000000003e-09 3.8e-09 43
9.74661406389e-312 7.000000000000001e-10 8.431884138600881e-216 1.6e-09 2.0389828920517172e-215 2.5e-09 3.3e-09 3.4000000000000003e-09 3.8e-09 43
2e-10 8e-10 8.431884138600881e-216 1.1171545226817409e-186 2.0389828920517172e-215 2.8000000000000003e-09 2.9e-09 8.091414682214478e-157 3.8e-09 46
2e-10 7.000000000000001e-10 1.2e-09 1.6e-09 2e-09 2.7e-09 3e-09 3.4000000000000003e-09 3.8e-09 43
2e-10 8e-10 9e-10 1.1171545226817409e-186 2.1e-09 2.4e-09 3e-09 8.091414682214478e-157 3.8e-09 48
2e-10 7.000000000000001e-10 8.431884138600881e-216 1.6e-09 2.1e-09 2.8000000000000003e-09 3e-09 3.4000000000000003e-09 4.1e-09 43
2e-10 8.497835885344379e-187 1.2e-09 1.7000000000000001e-09 2.1e-09 2.8000000000000003e-09 2.9e-09 3.4000000000000003e-09 4.1e-09 42
2e-10 7.000000000000001e-10 1.2e-09 1.7000000000000001e-09 2e-09 2.7e-09 2.9e-09 3.4000000000000003e-09 3.8e-09 43
3e-10 7.000000000000001e-10 1.2e-09 1.6e-09 2e-09 2.8000000000000003e-09 5.41360374716e-312 3.4000000000000003e-09 4.1e-09 42
9.74661406389e-312 8e-10 8.431884138600881e-216 1.6e-09 2.0389828920517172e-215 2.5e-09 3.3e-09 3.4000000000000003e-09 3.8e-09 43
2e-10 7.000000000000001e-10 1.2e-09 1.7000000000000001e-09 2.1e-09 2.8000000000000003e-09 2.9e-09 3.4000000000000003e-09 4.1e-09 43
3e-10 7.000000000000001e-10 1.2e-09 1.6e-09 3.770354695468333e-216 2.7e-09 3e-09 3.4000000000000003e-09 3.8e-09 42
2e-10 8e-10 9e-10 1.1171545226817409e-186 2.1e-09 2.5e-09 3e-09 8.091414682214478e-157 3.8e-09 48
3e-10 8.497835885344379e-187 1.2e-09 1.6e-09 2.1e-09 2.8000000000000003e-09 3e-09 3.4000000000000003e-09 3.8e-09 42
3e-10 7.000000000000001e-10 1.2e-09 1.6e-09 2.1e-09 2.5e-09 3e-09 3.4000000000000003e-09 3.8e-09 44
2e-10 8.497835885344379e-187 1.2e-09 1.1171545226817409e-186 3.770354695468333e-216 2.8000000000000003e-09 2.9e-09 3.4000000000000003e-09 4.1e-09 43
3e-10 8e-10 9e-10 1.1171545226817409e-186 3.770354695468333e-216 2.4e-09 3e-09 8.091414682214478e-157 3.8e-09 48
3e-10 7.000000000000001e-10 1.2e-09 1.6e-09 2.1e-09 2.7e-09 3e-09 3.4000000000000003e-09 3.8e-09 42
3e-10 8e-10 1.2e-09 1.1171545226817409e-186 2.0389828920517172e-215 2.8000000000000003e-09 2.9e-09 8.091414682214478e-157 3.8e-09 48
2e-10 8e-10 9e-10 1.1171545226817409e-186 3.770354695468333e-216 2.4e-09 3e-09 8.091414682214478e-157 4.1e-09 48
2e-10 7.000000000000001e-10 1.2e-09 1.7000000000000001e-09 3.770354695468333e-216 2.5e-09 3e-09 3.4000000000000003e-09 4.1e-09 43
2e-10 8.497835885344379e-187 1.2e-09 1.7000000000000001e-09 3.770354695468333e-216 2.8000000000000003e-09 2.9e-09 3.4000000000000003e-09 3.8e-09 43
2e-10 7.000000000000001e-10 9e-10 1.1171545226817409e-186 3.770354695468333e-216 2.8000000000000003e-09 1.0069316050724659e-156 3.4000000000000003e-09 3.8e-09 46
3e-10 7.000000000000001e-10 1.1529245708806996e-185 1.6e-09 2e-09 2.7e-09 3e-09 3.4000000000000003e-09 4.1e-09 43
9.74661406389e-312 7.000000000000001e-10 8.431884138600881e-216 1.6e-09 2.0389828920517172e-215 2.5e-09 3.3e-09 3.4000000000000003e-09 3.8e-09 43
9.966532781461742e-106 7.000000000000001e-10 1.2e-09 1.6e-09 2.1e-09 2.8000000000000003e-09 3e-09 3.4000000000000003e-09 4.1e-09 42
2e-10 7.000000000000001e-10 1.2e-09 1.7000000000000001e-09 2e-09 2.8000000000000003e-09 2.9e-09 3.4000000000000003e-09 4.1e-09 43
2e-10 7.000000000000001e-10 1.2e-09 1.6e-09 2e-09 2.8000000000000003e-09 2.9e-09 3.4000000000000003e-09 3.8e-09 43
3e-10 7.000000000000001e-10 9e-10 1.6e-09 2e-09 2.6e-09 3.3e-09 3.4000000000000003e-09 3.8e-09 43
3e-10 8e-10 1.2e-09 1.6e-09 2.0389828920517172e-215 2.7e-09 3e-09 7.73557342111486e-105 3.8e-09 42
3e-10 7.000000000000001e-10 1.2e-09 1.6e-09 2e-09 2.6e-09 1.0069316050724659e-156 3.4000000000000003e-09 4.1e-09 42
3e-10 7.000000000000001e-10 1.2e-09 1.6e-09 2.0389828920517172e-215 2.5e-09 3e-09 8.091414682214478e-157 3.8e-09 42
2e-10 8e-10 9e-10 1.1171545226817409e-186 2.1e-09 2.5e-09 5.41360374716e-312 8.091414682214478e-157 3.8e-09 48
2e-10 8e-10 9e-10 1.1171545226817409e-186 3.770354695468333e-216 2.4e-09 3e-09 8.091414682214478e-157 5.36405725697e-312 48
2e-10 7.000000000000001e-10 1.2e-09 1.6e-09 2e-09 2.7e-09 3e-09 3.4000000000000003e-09 3.8e-09 42
2e-10 7.000000000000001e-10 1.2e-09 1.7000000000000001e-09 2.1e-09 2.8000000000000003e-09 2.9e-09 3.4000000000000003e-09 4.1e-09 43
2e-10 7.000000000000001e-10 9e-10 1.1171545226817409e-186 2.0389828920517172e-215 2.8000000000000003e-09 2.9e-09 3.4000000000000003e-09 3.8e-09 46
2e-10 7.000000000000001e-10 1.2e-09 1.1171545226817409e-186 2e-09 2.8000000000000003e-09 3e-09 3.4000000000000003e-09 4.1e-09 44
