0.09 0.21 0.27 0.54 0.63 0.8099999999999999 0.99 1.02 1.14 46
0.09 0.15 0.36 0.48 0.6599999999999999 0.84 0.8999999999999999 1.02 1.23 43
0.09 0.21 0.36 0.48 0.6 0.84 0.87 1.02 1.14 42
0.09 0.24 0.27 0.54 0.6599999999999999 0.72 0.8999999999999999 1.08 1.14 48
0.06 0.18 0.36 0.51 0.6599999999999999 0.84 0.87 1.02 1.14 43
0.09 0.21 0.36 0.48 0.6 0.78 0.96 1.02 1.23 42
0.09 0.21 0.36 0.48 0.6 0.84 0.8999999999999999 1.02 1.14 44
0.12 0.21 0.27 0.51 0.6 0.78 0.99 1.02 1.14 46
0.06 0.21 0.36 0.51 0.63 0.84 0.87 1.02 1.23 43
0.09 0.21 0.32999999999999996 0.48 0.6 0.72 0.96 1.02 1.14 47
0.09 0.18 0.32999999999999996 0.48 0.6599999999999999 0.8099999999999999 0.9299999999999999 1.02 1.23 42
0.06 0.21 0.36 0.51 0.63 0.84 0.87 1.02 1.14 43
0.09 0.21 0.36 0.48 0.6 0.84 0.9299999999999999 1.02 1.23 43
0.09 0.21 0.36 0.48 0.63 0.8099999999999999 0.87 1.02 1.14 42
0.09 0.21 0.39 0.48 0.6 0.84 0.87 1.02 1.23 43
0.09 0.21 0.36 0.48 0.6 0.8099999999999999 0.8999999999999999 1.02 1.14 43
0.09 0.21 0.36 0.48 0.6 0.8099999999999999 0.8999999999999999 1.02 1.14 43
0.09 0.24 0.36 0.48 0.57 0.8099999999999999 0.8999999999999999 1.05 1.14 42
0.09 0.24 0.36 0.48 0.57 0.8099999999999999 0.8999999999999999 1.05 1.14 42
0.06 0.21 0.36 0.51 0.63 0.78 0.87 1.02 1.14 43
0.09 0.21 0.39 0.48 0.6 0.8099999999999999 0.87 1.02 1.14 43
0.06 0.18 0.36 0.51 0.63 0.84 0.87 1.02 1.23 42
0.09 0.24 0.36 0.48 0.57 0.8099999999999999 0.8999999999999999 1.05 1.14 42
0.06 0.24 0.36 0.48 0.63 0.78 0.87 1.02 1.23 43
0.06 0.21 0.36 0.48 0.6 0.8099999999999999 0.8999999999999999 1.02 1.23 44
0.09 0.21 0.32999999999999996 0.48 0.63 0.8099999999999999 0.9299999999999999 1.02 1.23 42
0.09 0.21 0.36 0.48 0.6 0.84 0.8999999999999999 1.02 1.14 42
0.12 0.18 0.27 0.48 0.6 0.75 0.99 1.02 1.14 43
0.09 0.18 0.32999999999999996 0.48 0.6599999999999999 0.8099999999999999 0.9299999999999999 1.02 1.23 42
0.06 0.21 0.36 0.51 0.63 0.78 0.87 1.02 1.14 43
0.06 0.18 0.36 0.51 0.63 0.84 0.87 1.02 1.23 42
0.06 0.24 0.27 0.54 0.63 0.75 0.9299999999999999 1.08 1.14 48
0.09 0.18 0.36 0.48 0.63 0.84 0.8999999999999999 1.02 1.14 42
0.09 0.21 0.36 0.48 0.6 0.84 0.8999999999999999 1.02 1.14 42
0.09 0.21 0.39 0.51 0.57 0.8099999999999999 0.87 1.02 1.23 43
0.06 0.21 0.36 0.51 0.6 0.84 0.87 1.02 1.14 43
0.06 0.21 0.36 0.51 0.6 0.84 0.87 1.02 1.14 43
0.09 0.21 0.36 0.48 0.6 0.78 0.96 1.02 1.23 42
0.06 0.24 0.27 0.54 0.63 0.75 0.8999999999999999 1.08 1.14 48
0.09 0.18 0.36 0.48 0.63 0.84 0.8999999999999999 1.02 1.14 42
0.06 0.21 0.36 0.51 0.6 0.84 0.87 1.02 1.14 43
0.06 0.21 0.36 0.54 0.6 0.84 0.8999999999999999 1.02 1.23 44
0.09 0.21 0.36 0.48 0.6 0.84 0.8999999999999999 1.02 1.23 42
0.09 0.21 0.36 0.51 0.57 0.84 0.8999999999999999 1.02 1.23 44
0.09 0.18 0.36 0.48 0.63 0.84 0.8999999999999999 1.02 1.14 42
0.09 0.21 0.36 0.48 0.6 0.84 0.8999999999999999 1.02 1.23 43
0.09 0.21 0.36 0.51 0.63 0.84 0.87 1.02 1.14 43
0.06 0.24 0.3 0.51 0.69 0.72 0.87 1.02 1.14 47
0.09 0.15 0.3 0.51 0.6 0.8099999999999999 0.99 1.02 1.14 46
0.09 0.21 0.39 0.51 0.57 0.8099999999999999 0.87 1.02 1.23 43
0.09 0.15 0.3 0.51 0.6599999999999999 0.84 0.99 1.02 1.14 46
0.06 0.24 0.27 0.54 0.6 0.72 0.96 1.08 1.14 48
0.06 0.21 0.36 0.48 0.6 0.84 0.8999999999999999 1.02 1.14 44
0.06 0.21 0.27 0.54 0.6599999999999999 0.84 0.96 1.02 1.14 46
0.09 0.21 0.36 0.48 0.63 0.84 0.8999999999999999 1.02 1.14 42
0.06 0.21 0.36 0.51 0.6599999999999999 0.78 0.87 1.02 1.14 43
0.06 0.21 0.36 0.51 0.6 0.84 0.87 1.02 1.23 43
0.09 0.21 0.39 0.51 0.6 0.8099999999999999 0.8999999999999999 1.02 1.23 43
0.09 0.21 0.36 0.48 0.6599999999999999 0.84 0.87 1.02 1.14 42
0.12 0.24 0.32999999999999996 0.48 0.57 0.75 0.99 1.02 1.14 43
0.09 0.21 0.36 0.48 0.6 0.84 0.8999999999999999 1.02 1.23 43
0.06 0.21 0.36 0.48 0.6 0.8099999999999999 0.8999999999999999 1.02 1.14 42
0.09 0.21 0.32999999999999996 0.48 0.6 0.8099999999999999 0.9299999999999999 1.02 1.14 42
0.09 0.21 0.36 0.48 0.6 0.84 0.8999999999999999 1.02 1.14 42
0.06 0.24 0.36 0.48 0.63 0.78 0.87 1.02 1.23 43
0.09 0.21 0.32999999999999996 0.51 0.6 0.8099999999999999 0.96 1.08 1.23 43
0.09 0.21 0.36 0.48 0.6 0.75 0.8999999999999999 1.05 1.23 44
0.09 0.21 0.36 0.48 0.6 0.75 0.96 1.02 1.14 42
0.09 0.21 0.36 0.48 0.6 0.75 0.96 1.02 1.14 42
0.09 0.21 0.36 0.48 0.6 0.8099999999999999 0.8999999999999999 1.02 1.14 43
0.09 0.21 0.36 0.51 0.6 0.8099999999999999 0.8999999999999999 1.02 1.23 42
0.09 0.21 0.3 0.54 0.6 0.84 0.96 1.08 1.23 46
0.09 0.18 0.36 0.48 0.6599999999999999 0.84 0.8999999999999999 1.02 1.2 42
0.09 0.24 0.27 0.54 0.6 0.84 0.87 1.08 1.14 48
0.03 0.21 0.36 0.48 0.63 0.84 0.8999999999999999 1.02 1.23 42
0.12 0.15 0.27 0.54 0.6 0.84 0.99 1.02 1.23 43
0.06 0.21 0.36 0.54 0.6 0.84 0.8999999999999999 1.02 1.23 44
0.06 0.21 0.36 0.51 0.63 0.84 0.87 1.02 1.23 43
0.06 0.24 0.27 0.54 0.6599999999999999 0.72 0.8999999999999999 1.08 1.14 48
0.09 0.15 0.36 0.48 0.6599999999999999 0.84 0.8999999999999999 1.02 1.23 43
0.09 0.24 0.39 0.48 0.57 0.72 0.96 1.02 1.14 42
0.06 0.21 0.36 0.51 0.63 0.84 0.87 1.02 1.14 43
0.09 0.21 0.32999999999999996 0.51 0.63 0.84 0.8999999999999999 1.05 1.14 43
0.09 0.18 0.32999999999999996 0.48 0.6599999999999999 0.8099999999999999 0.9299999999999999 1.02 1.23 42
0.12 0.15 0.27 0.48 0.63 0.72 0.99 1.02 1.14 43
0.12 0.18 0.27 0.48 0.6 0.75 0.99 1.02 1.14 43
0.06 0.21 0.36 0.51 0.63 0.84 0.87 1.02 1.14 43
0.06 0.21 0.36 0.51 0.6 0.84 0.87 1.02 1.14 43
0.09 0.18 0.36 0.48 0.6599999999999999 0.84 0.8999999999999999 1.02 1.2 42
0.09 0.21 0.39 0.48 0.6 0.84 0.8999999999999999 1.02 1.14 43
0.06 0.21 0.36 0.48 0.6 0.8099999999999999 0.8999999999999999 1.02 1.14 42
0.09 0.21 0.32999999999999996 0.51 0.6 0.8099999999999999 0.96 1.02 1.23 43
0.09 0.21 0.36 0.48 0.63 0.84 0.87 1.02 1.14 42
0.09 0.21 0.36 0.48 0.57 0.75 0.8999999999999999 1.08 1.14 42
0.06 0.21 0.36 0.51 0.6599999999999999 0.75 0.8999999999999999 1.02 1.23 43
0.09 0.21 0.36 0.48 0.6 0.8099999999999999 0.8999999999999999 1.02 1.14 42
0.09 0.18 0.32999999999999996 0.48 0.6599999999999999 0.8099999999999999 0.9299999999999999 1.02 1.23 42
0.06 0.21 0.36 0.48 0.6 0.8099999999999999 0.8999999999999999 1.02 1.14 42
0.09 0.21 0.36 0.51 0.6 0.8099999999999999 0.8999999999999999 1.02 1.14 44
0.09 0.15 0.36 0.48 0.6599999999999999 0.84 0.8999999999999999 1.02 1.23 43
0.06 0.21 0.36 0.48 0.6 0.8099999999999999 0.8999999999999999 1.02 1.14 44
0.06 0.21 0.36 0.51 0.63 0.84 0.87 1.02 1.23 43
0.09 0.18 0.36 0.48 0.6 0.84 0.8999999999999999 1.02 1.14 42
0.09 0.21 0.36 0.48 0.6 0.84 0.8999999999999999 1.02 1.14 42
0.03 0.21 0.36 0.48 0.63 0.84 0.8999999999999999 1.02 1.23 42
0.06 0.24 0.27 0.54 0.6599999999999999 0.72 0.8999999999999999 1.08 1.14 48
0.06 0.21 0.36 0.48 0.6 0.8099999999999999 0.8999999999999999 1.02 1.14 44
0.09 0.21 0.32999999999999996 0.51 0.63 0.84 0.8999999999999999 1.05 1.14 43
0.09 0.21 0.36 0.48 0.6 0.84 0.8999999999999999 1.02 1.23 43
0.06 0.24 0.27 0.54 0.6599999999999999 0.75 0.96 1.08 1.14 48
0.09 0.21 0.36 0.48 0.6 0.75 0.8999999999999999 1.02 1.14 42
0.09 0.21 0.36 0.48 0.6 0.84 0.8999999999999999 1.02 1.23 43
0.09 0.24 0.32999999999999996 0.51 0.6 0.72 0.96 1.02 1.14 47
0.06 0.21 0.36 0.48 0.63 0.8099999999999999 0.8999999999999999 1.02 1.14 44
0.09 0.21 0.32999999999999996 0.48 0.6 0.8099999999999999 0.9299999999999999 1.02 1.14 42
0.09 0.18 0.32999999999999996 0.48 0.6599999999999999 0.8099999999999999 0.9299999999999999 1.02 1.23 42
0.09 0.21 0.39 0.48 0.57 0.75 0.8999999999999999 1.02 1.14 42
0.09 0.24 0.27 0.51 0.57 0.78 0.99 1.02 1.23 43
0.12 0.15 0.27 0.48 0.57 0.75 0.99 1.02 1.23 43
0.09 0.21 0.36 0.48 0.63 0.84 0.87 1.02 1.14 42
0.09 0.21 0.36 0.48 0.6 0.75 0.96 1.02 1.14 42
0.12 0.18 0.27 0.48 0.6 0.75 0.99 1.02 1.14 43
0.09 0.18 0.36 0.51 0.63 0.84 0.8999999999999999 1.02 1.14 42
0.06 0.24 0.27 0.54 0.6599999999999999 0.75 0.96 1.08 1.14 48
0.09 0.24 0.27 0.54 0.6 0.72 0.99 1.02 1.14 47
0.06 0.21 0.36 0.51 0.6599999999999999 0.75 0.8999999999999999 1.02 1.23 43
0.09 0.21 0.39 0.48 0.6 0.8099999999999999 0.8999999999999999 1.02 1.23 43
0.09 0.21 0.36 0.48 0.63 0.84 0.87 1.02 1.14 42
0.09 0.21 0.36 0.48 0.6 0.84 0.8999999999999999 1.02 1.23 43
0.09 0.24 0.39 0.48 0.57 0.75 0.96 1.02 1.14 42
0.09 0.21 0.36 0.48 0.6 0.84 0.9299999999999999 1.02 1.23 43
0.06 0.24 0.27 0.54 0.63 0.75 0.9299999999999999 1.08 1.14 48
0.09 0.21 0.3 0.54 0.6 0.84 0.96 1.08 1.23 46
0.09 0.21 0.36 0.48 0.6 0.78 0.96 1.02 1.23 42
0.12 0.15 0.27 0.48 0.6599999999999999 0.72 0.99 1.02 1.14 43
0.09 0.21 0.36 0.48 0.63 0.84 0.87 1.02 1.14 42
0.09 0.21 0.36 0.48 0.6 0.75 0.8999999999999999 1.05 1.23 44
0.09 0.21 0.36 0.48 0.6 0.8099999999999999 0.8999999999999999 1.02 1.14 42
0.09 0.21 0.36 0.48 0.6 0.84 0.8999999999999999 1.02 1.23 43
0.09 0.21 0.39 0.51 0.6 0.8099999999999999 0.8999999999999999 1.02 1.23 43
0.09 0.21 0.3 0.54 0.6 0.84 0.96 1.08 1.23 46
0.12 0.15 0.27 0.48 0.57 0.75 0.99 1.02 1.23 43
0.09 0.24 0.36 0.48 0.57 0.8099999999999999 0.8999999999999999 1.05 1.14 42
0.06 0.21 0.36 0.48 0.6 0.8099999999999999 0.8999999999999999 1.02 1.23 44
0.09 0.21 0.3 0.54 0.6 0.84 0.96 1.08 1.23 46
0.09 0.21 0.32999999999999996 0.48 0.6 0.8099999999999999 0.9299999999999999 1.02 1.14 42
0.06 0.21 0.36 0.54 0.6 0.84 0.8999999999999999 1.02 1.23 44
0.09 0.21 0.36 0.48 0.6 0.75 0.8999999999999999 1.02 1.14 42
0.09 0.21 0.36 0.48 0.6 0.84 0.87 1.02 1.14 42
0.09 0.21 0.36 0.54 0.6 0.84 0.87 1.02 1.14 43
0.06 0.15 0.36 0.48 0.63 0.84 0.8999999999999999 1.02 1.14 44
0.09 0.21 0.36 0.51 0.6 0.8099999999999999 0.8999999999999999 1.02 1.2 42
0.09 0.21 0.32999999999999996 0.48 0.63 0.8099999999999999 0.9299999999999999 1.02 1.23 42
0.09 0.24 0.27 0.54 0.6599999999999999 0.72 0.8999999999999999 1.08 1.14 48
