2e-10 7.000000000000001e-10 9.855653308946526e-260 1.8e-09 1.9e-09 2.8000000000000003e-09 2.9e-09 3.4000000000000003e-09 3.8e-09 46
2e-10 7.000000000000001e-10 1.2e-09 1.6e-09 2e-09 2.8000000000000003e-09 3e-09 3.4000000000000003e-09 3.8e-09 44
5.280425587735569e-224 8e-10 1.2e-09 1.6e-09 1.9e-09 1.9056247617573086e-291 3.2e-09 3.4000000000000003e-09 4.1e-09 42
3e-10 7.000000000000001e-10 1.2e-09 1.6e-09 2.08e-322 2.8000000000000003e-09 3e-09 3.4000000000000003e-09 3.8e-09 42
2e-10 7.000000000000001e-10 9.855653308946526e-260 1.8e-09 1.9e-09 2.8000000000000003e-09 2.9e-09 3.4000000000000003e-09 3.8e-09 46
2e-10 7.000000000000001e-10 1.2e-09 1.7000000000000001e-09 2.2000000000000003e-09 8.09331452155874e-296 2.9e-09 3.4000000000000003e-09 3.8e-09 43
3e-10 7.000000000000001e-10 1.2e-09 1.6e-09 2.08e-322 3.5453082542422144e-259 2.9e-09 3.4000000000000003e-09 3.8e-09 42
2e-10 7.000000000000001e-10 9.855653308946526e-260 1.8e-09 1.9e-09 2.8000000000000003e-09 2.9e-09 3.4000000000000003e-09 3.8e-09 46
3e-10 7.000000000000001e-10 1.2e-09 1.7000000000000001e-09 2.08e-322 2.8000000000000003e-09 2.9e-09 3.4000000000000003e-09 3.8e-09 43
3.6093193932163586e-76 8e-10 9.855653308946526e-260 0.44999999999999996 1.1955054221397616e-73 1.538531077365626e-295 2.9e-09 3.4000000000000003e-09 3.8e-09 47
3e-10 7.000000000000001e-10 9.855653308946526e-260 1.6e-09 2e-09 8.09331452155874e-296 6.563399756965404e-295 3.4000000000000003e-09 3.8e-09 43
2e-10 6e-10 1.2e-09 1.7000000000000001e-09 2.08e-322 2.8000000000000003e-09 2.9e-09 3.4000000000000003e-09 4.1e-09 42
3e-10 7.000000000000001e-10 1.3e-09 1.6e-09 1.9e-09 8.09331452155874e-296 3.2e-09 3.4000000000000003e-09 4.1e-09 42
2e-10 8e-10 9.855653308946526e-260 1.8e-09 2.2000000000000003e-09 1.538531077365626e-295 3e-09 3.6e-09 1.8197386345066575e-223 48
3e-10 4.286442185072223e-222 8.003974266016072e-76 1.7000000000000001e-09 2e-09 3.5453082542422144e-259 6.563399756965404e-295 3.4000000000000003e-09 3.8e-09 46
3e-10 7.000000000000001e-10 1.2e-09 1.7000000000000001e-09 2e-09 2.8000000000000003e-09 3e-09 3.4000000000000003e-09 3.8e-09 44
3e-10 6e-10 1.2e-09 1.6e-09 2.08e-322 2.8000000000000003e-09 3e-09 3.4000000000000003e-09 3.8e-09 42
3e-10 4.286442185072223e-222 8.003974266016072e-76 1.7000000000000001e-09 2e-09 3.5453082542422144e-259 6.563399756965404e-295 3.4000000000000003e-09 3.8e-09 46
2e-10 7.000000000000001e-10 1.2e-09 1.6e-09 2e-09 3.5453082542422144e-259 3e-09 3.4000000000000003e-09 3.8e-09 43
3e-10 7.000000000000001e-10 1.2e-09 1.7000000000000001e-09 2e-09 2.8000000000000003e-09 3e-09 3.4000000000000003e-09 3.8e-09 42
3e-10 7.000000000000001e-10 1.1000000000000001e-09 1.6e-09 2e-09 1.538531077365626e-295 3.2e-09 3.4000000000000003e-09 3.8e-09 47
2e-10 7.000000000000001e-10 1.2e-09 1.7000000000000001e-09 2e-09 3.5453082542422144e-259 2.9e-09 3.4000000000000003e-09 3.8e-09 43
5.280425587735569e-224 8e-10 1.1000000000000001e-09 1.6e-09 1.9e-09 1.9056247617573086e-291 6.563399756965404e-295 3.4000000000000003e-09 3.8e-09 43
3e-10 7.000000000000001e-10 1.2e-09 1.6e-09 2e-09 2.8000000000000003e-09 8.047958505847702e-224 3.4000000000000003e-09 4.1e-09 42
3e-10 6e-10 1.2e-09 1.6e-09 2e-09 2.8000000000000003e-09 3e-09 3.4000000000000003e-09 3.8e-09 42
2e-10 7.000000000000001e-10 1.2e-09 1.7000000000000001e-09 2.2000000000000003e-09 1.9056247617573086e-291 3e-09 3.4000000000000003e-09 4.1e-09 43
3e-10 7.000000000000001e-10 1.2e-09 1.6e-09 2e-09 2.8000000000000003e-09 8.047958505847702e-224 3.4000000000000003e-09 4.1e-09 42
2e-10 8e-10 9.855653308946526e-260 1.8e-09 2.2000000000000003e-09 1.9056247617573086e-291 3.2e-09 3.6e-09 3.8e-09 48
3e-10 7.000000000000001e-10 1.2e-09 1.7000000000000001e-09 2e-09 2.8000000000000003e-09 3e-09 3.4000000000000003e-09 3.8e-09 42
5.280425587735569e-224 4.286442185072223e-222 9.855653308946526e-260 1.8e-09 2e-09 2.8000000000000003e-09 6.563399756965404e-295 3.4000000000000003e-09 4.1e-09 43
3e-10 7.000000000000001e-10 1.3e-09 1.6e-09 2e-09 2.8000000000000003e-09 3e-09 3.4000000000000003e-09 3.8e-09 43
3e-10 8e-10 9.855653308946526e-260 1.8e-09 2.08e-322 1.538531077365626e-295 3e-09 3.6e-09 4.1e-09 48
2e-10 7.000000000000001e-10 1.2e-09 1.7000000000000001e-09 2.2000000000000003e-09 2.8000000000000003e-09 2.9e-09 3.4000000000000003e-09 4.1e-09 42
3e-10 8e-10 1.3e-09 1.6e-09 1.9e-09 1.538531077365626e-295 3.2e-09 3.4000000000000003e-09 3.8e-09 44
3e-10 7.000000000000001e-10 9.855653308946526e-260 1.7000000000000001e-09 2.2000000000000003e-09 1.9056247617573086e-291 6.563399756965404e-295 3.4000000000000003e-09 4.1e-09 46
3.6093193932163586e-76 7.000000000000001e-10 1.2e-09 1.6e-09 2.08e-322 2.8000000000000003e-09 3e-09 3.4000000000000003e-09 4.1e-09 42
3e-10 7.000000000000001e-10 1.3e-09 1.6e-09 2e-09 3.5453082542422144e-259 2.9e-09 3.4000000000000003e-09 3.8e-09 43
3e-10 7.000000000000001e-10 1.2e-09 1.6e-09 2e-09 2.8000000000000003e-09 3e-09 3.4000000000000003e-09 3.8e-09 42
3e-10 4.286442185072223e-222 8.003974266016072e-76 1.7000000000000001e-09 2e-09 3.5453082542422144e-259 6.563399756965404e-295 3.4000000000000003e-09 3.8e-09 46
3e-10 8e-10 9.855653308946526e-260 1.6e-09 2.2000000000000003e-09 1.538531077365626e-295 6.563399756965404e-295 3.4000000000000003e-09 3.8e-09 47
3e-10 6e-10 1.2e-09 1.6e-09 2.08e-322 2.8000000000000003e-09 3e-09 3.4000000000000003e-09 3.8e-09 42
3e-10 8e-10 1.2e-09 1.6e-09 2e-09 3.5453082542422144e-259 3e-09 3.4000000000000003e-09 3.8e-09 42
2e-10 7.000000000000001e-10 1.2e-09 1.7000000000000001e-09 2.2000000000000003e-09 1.9056247617573086e-291 3e-09 3.4000000000000003e-09 4.1e-09 43
2e-10 7.000000000000001e-10 1.2e-09 1.7000000000000001e-09 2.2000000000000003e-09 8.09331452155874e-296 2.9e-09 3.4000000000000003e-09 3.8e-09 43
3e-10 7.000000000000001e-10 1.3e-09 1.6e-09 2e-09 2.8000000000000003e-09 2.9e-09 3.4000000000000003e-09 4.1e-09 43
2e-10 7.000000000000001e-10 1.2e-09 1.7000000000000001e-09 2e-09 2.8000000000000003e-09 2.9e-09 3.4000000000000003e-09 4.1e-09 43
3e-10 7.000000000000001e-10 1.2e-09 1.7000000000000001e-09 2e-09 2.8000000000000003e-09 2.9e-09 3.4000000000000003e-09 3.8e-09 43
3e-10 7.000000000000001e-10 1.2e-09 1.6e-09 2e-09 2.8000000000000003e-09 3e-09 3.4000000000000003e-09 3.8e-09 42
2e-10 7.000000000000001e-10 1.2e-09 1.7000000000000001e-09 2.08e-322 2.8000000000000003e-09 2.9e-09 3.4000000000000003e-09 4.1e-09 43
3e-10 7.000000000000001e-10 1.2e-09 1.6e-09 1.9e-09 1.9056247617573086e-291 3e-09 3.6e-09 3.8e-09 42
3e-10 7.000000000000001e-10 1.1000000000000001e-09 1.6e-09 2e-09 3.5453082542422144e-259 8.047958505847702e-224 3.4000000000000003e-09 3.8e-09 42
3e-10 7.000000000000001e-10 1.2e-09 1.6e-09 2.08e-322 1.9056247617573086e-291 3e-09 3.4000000000000003e-09 3.8e-09 44
3e-10 7.000000000000001e-10 1.2e-09 1.6e-09 2e-09 8.09331452155874e-296 3.2e-09 3.4000000000000003e-09 4.1e-09 42
3e-10 7.000000000000001e-10 1.2e-09 1.7000000000000001e-09 2.08e-322 2.8000000000000003e-09 2.9e-09 3.4000000000000003e-09 3.8e-09 43
2e-10 8e-10 9.855653308946526e-260 1.8e-09 2e-09 1.538531077365626e-295 3.2e-09 3.6e-09 3.8e-09 48
3e-10 7.000000000000001e-10 1.2e-09 1.6e-09 2e-09 2.8000000000000003e-09 3e-09 3.4000000000000003e-09 4.1e-09 43
3e-10 6e-10 1.2e-09 1.6e-09 2.08e-322 2.8000000000000003e-09 3e-09 3.4000000000000003e-09 3.8e-09 42
3e-10 7.000000000000001e-10 1.3e-09 1.6e-09 2e-09 2.8000000000000003e-09 3e-09 3.4000000000000003e-09 3.8e-09 43
3e-10 7.000000000000001e-10 1.2e-09 1.7000000000000001e-09 2e-09 3.5453082542422144e-259 3e-09 3.4000000000000003e-09 4.1e-09 42
3e-10 7.000000000000001e-10 1.1000000000000001e-09 1.6e-09 2e-09 3.5453082542422144e-259 8.047958505847702e-224 3.4000000000000003e-09 3.8e-09 42
3e-10 7.000000000000001e-10 1.2e-09 1.6e-09 2e-09 2.8000000000000003e-09 3e-09 3.4000000000000003e-09 3.8e-09 42
2e-10 7.000000000000001e-10 1.2e-09 1.7000000000000001e-09 2e-09 3.5453082542422144e-259 2.9e-09 3.4000000000000003e-09 3.8e-09 43
2e-10 8e-10 9.855653308946526e-260 1.8e-09 2.08e-322 1.538531077365626e-295 3e-09 3.6e-09 3.8e-09 48
2e-10 7.000000000000001e-10 1.2e-09 1.7000000000000001e-09 2e-09 2.8000000000000003e-09 2.9e-09 3.4000000000000003e-09 3.8e-09 43
3e-10 6e-10 1.2e-09 1.6e-09 2.08e-322 2.8000000000000003e-09 3e-09 3.4000000000000003e-09 3.8e-09 42
3e-10 6e-10 1.2e-09 1.6e-09 2.2000000000000003e-09 2.8000000000000003e-09 3e-09 3.4000000000000003e-09 3.8e-09 42
3e-10 6e-10 8.003974266016072e-76 1.8e-09 2e-09 2.8000000000000003e-09 3.2e-09 3.4000000000000003e-09 3.8e-09 46
2e-10 7.000000000000001e-10 1.2e-09 1.7000000000000001e-09 2e-09 2.8000000000000003e-09 2.9e-09 3.4000000000000003e-09 3.8e-09 43
5.280425587735569e-224 4.286442185072223e-222 9.855653308946526e-260 1.6e-09 2.08e-322 1.538531077365626e-295 6.563399756965404e-295 3.4000000000000003e-09 3.8e-09 43
2e-10 8e-10 9.855653308946526e-260 1.8e-09 2.2000000000000003e-09 1.538531077365626e-295 3e-09 3.6e-09 3.8e-09 48
3e-10 7.000000000000001e-10 8.003974266016072e-76 1.8e-09 2e-09 2.8000000000000003e-09 3.2e-09 3.6e-09 4.1e-09 46
3e-10 8e-10 1.2e-09 0.42 2e-09 1.9056247617573086e-291 3e-09 3.4000000000000003e-09 3.8e-09 42
3e-10 7.000000000000001e-10 1.2e-09 1.8e-09 2e-09 2.8000000000000003e-09 2.9e-09 3.4000000000000003e-09 3.8e-09 43
2e-10 8e-10 8.003974266016072e-76 1.7000000000000001e-09 1.1955054221397616e-73 1.538531077365626e-295 2.9e-09 3.4000000000000003e-09 3.8e-09 47
3.6093193932163586e-76 7.000000000000001e-10 1.2e-09 1.6e-09 2.08e-322 2.8000000000000003e-09 3e-09 3.4000000000000003e-09 4.1e-09 42
3e-10 7.000000000000001e-10 1.2e-09 1.6e-09 2e-09 2.8000000000000003e-09 3e-09 3.4000000000000003e-09 4.1e-09 42
3e-10 8e-10 9.855653308946526e-260 1.8e-09 2.08e-322 1.538531077365626e-295 3e-09 3.6e-09 4.1e-09 48
5.280425587735569e-224 4.286442185072223e-222 9.855653308946526e-260 1.6e-09 2.08e-322 1.538531077365626e-295 6.563399756965404e-295 3.4000000000000003e-09 3.8e-09 43
3e-10 7.000000000000001e-10 1.2e-09 1.6e-09 2.08e-322 3.5453082542422144e-259 2.9e-09 3.4000000000000003e-09 3.8e-09 42
3e-10 8e-10 1.2e-09 0.42 2e-09 1.9056247617573086e-291 3e-09 3.4000000000000003e-09 3.8e-09 42
2e-10 7.000000000000001e-10 1.2e-09 1.7000000000000001e-09 2.08e-322 2.8000000000000003e-09 2.9e-09 3.4000000000000003e-09 3.8e-09 43
2e-10 4.286442185072223e-222 1.2e-09 1.6e-09 2.08e-322 2.8000000000000003e-09 3e-09 3.4000000000000003e-09 3.8e-09 44
3e-10 7.000000000000001e-10 9.855653308946526e-260 1.6e-09 1.1955054221397616e-73 1.538531077365626e-295 6.563399756965404e-295 3.4000000000000003e-09 3.8e-09 43
3e-10 7.000000000000001e-10 1.3e-09 1.6e-09 2e-09 3.5453082542422144e-259 3e-09 3.4000000000000003e-09 4.1e-09 43
3e-10 7.000000000000001e-10 1.2e-09 1.6e-09 2e-09 1.9056247617573086e-291 3.2e-09 3.4000000000000003e-09 3.8e-09 42
3e-10 8e-10 9.855653308946526e-260 1.8e-09 2.08e-322 1.538531077365626e-295 3e-09 3.6e-09 3.8e-09 48
3e-10 7.000000000000001e-10 9.855653308946526e-260 1.6e-09 2e-09 8.09331452155874e-296 6.563399756965404e-295 3.4000000000000003e-09 3.8e-09 43
3e-10 7.000000000000001e-10 1.2e-09 1.6e-09 1.9e-09 1.9056247617573086e-291 3e-09 3.6e-09 3.8e-09 42
3e-10 7.000000000000001e-10 1.2e-09 1.6e-09 2.2000000000000003e-09 3.5453082542422144e-259 3e-09 3.4000000000000003e-09 4.1e-09 42
3e-10 7.000000000000001e-10 8.003974266016072e-76 1.8e-09 2e-09 2.8000000000000003e-09 3.2e-09 3.6e-09 4.1e-09 46
3e-10 7.000000000000001e-10 1.2e-09 1.8e-09 2e-09 2.8000000000000003e-09 2.9e-09 3.4000000000000003e-09 3.8e-09 43
2e-10 8e-10 9.855653308946526e-260 1.8e-09 2.2000000000000003e-09 1.9056247617573086e-291 3.2e-09 3.6e-09 3.8e-09 48
3e-10 7.000000000000001e-10 9.855653308946526e-260 1.8e-09 2.08e-322 3.5453082542422144e-259 6.563399756965404e-295 3.4000000000000003e-09 3.8e-09 46
3e-10 7.000000000000001e-10 1.2e-09 1.7000000000000001e-09 2e-09 3.5453082542422144e-259 3e-09 3.4000000000000003e-09 3.8e-09 43
2e-10 6e-10 1.2e-09 1.7000000000000001e-09 2.2000000000000003e-09 2.8000000000000003e-09 2.9e-09 3.4000000000000003e-09 3.8e-09 43
3e-10 8e-10 1.1000000000000001e-09 1.7000000000000001e-09 2e-09 1.538531077365626e-295 3.2e-09 3.4000000000000003e-09 3.8e-09 47
2e-10 7.000000000000001e-10 1.2e-09 1.6e-09 2e-09 3.5453082542422144e-259 3e-09 3.4000000000000003e-09 3.8e-09 44
3e-10 6e-10 1.2e-09 1.6e-09 2.08e-322 2.8000000000000003e-09 3e-09 3.4000000000000003e-09 3.8e-09 42
3e-10 8e-10 1.2e-09 1.8e-09 1.9e-09 2.8000000000000003e-09 2.9e-09 3.6e-09 3.8e-09 48
3e-10 7.000000000000001e-10 1.2e-09 1.7000000000000001e-09 2.08e-322 2.8000000000000003e-09 2.9e-09 3.4000000000000003e-09 3.8e-09 43
5.280425587735569e-224 4.286442185072223e-222 9.855653308946526e-260 1.8e-09 2e-09 2.8000000000000003e-09 6.563399756965404e-295 3.4000000000000003e-09 4.1e-09 43
3e-10 7.000000000000001e-10 1.1000000000000001e-09 1.6e-09 2e-09 3.5453082542422144e-259 8.047958505847702e-224 3.4000000000000003e-09 3.8e-09 42
3e-10 7.000000000000001e-10 1.3e-09 1.6e-09 2e-09 3.5453082542422144e-259 2.9e-09 3.4000000000000003e-09 3.8e-09 43
3e-10 8e-10 9.855653308946526e-260 1.6e-09 2.2000000000000003e-09 1.538531077365626e-295 6.563399756965404e-295 3.4000000000000003e-09 3.8e-09 47
2e-10 8e-10 9.855653308946526e-260 1.8e-09 2.2000000000000003e-09 1.538531077365626e-295 3e-09 3.6e-09 1.8197386345066575e-223 48
3e-10 6e-10 1.1000000000000001e-09 1.6e-09 2.2000000000000003e-09 3.5453082542422144e-259 8.047958505847702e-224 3.4000000000000003e-09 4.1e-09 42
3e-10 8e-10 9.855653308946526e-260 1.8e-09 2e-09 1.538531077365626e-295 6.563399756965404e-295 3.4000000000000003e-09 3.8e-09 47
2e-10 7.000000000000001e-10 1.2e-09 1.7000000000000001e-09 2e-09 2.8000000000000003e-09 2.9e-09 3.4000000000000003e-09 3.8e-09 43
2e-10 6e-10 1.2e-09 1.8e-09 2.2000000000000003e-09 2.8000000000000003e-09 2.9e-09 3.4000000000000003e-09 4.1e-09 43
3e-10 7.000000000000001e-10 1.2e-09 1.7000000000000001e-09 2e-09 2.8000000000000003e-09 3e-09 3.4000000000000003e-09 3.8e-09 42
3e-10 7.000000000000001e-10 9.855653308946526e-260 1.6e-09 1.1955054221397616e-73 1.538531077365626e-295 6.563399756965404e-295 3.4000000000000003e-09 3.8e-09 43
3e-10 7.000000000000001e-10 1.2e-09 1.7000000000000001e-09 2e-09 3.5453082542422144e-259 3e-09 3.4000000000000003e-09 3.8e-09 44
2e-10 7.000000000000001e-10 1.2e-09 1.7000000000000001e-09 2.2000000000000003e-09 2.8000000000000003e-09 2.9e-09 3.4000000000000003e-09 4.1e-09 42
3e-10 6e-10 8.003974266016072e-76 1.8e-09 2e-09 2.8000000000000003e-09 3.2e-09 3.4000000000000003e-09 3.8e-09 46
3e-10 7.000000000000001e-10 1.1000000000000001e-09 1.7000000000000001e-09 2e-09 3.5453082542422144e-259 3.2e-09 3.6e-09 4.1e-09 43
3e-10 7.000000000000001e-10 1.2e-09 1.6e-09 2e-09 2.8000000000000003e-09 8.047958505847702e-224 3.4000000000000003e-09 4.1e-09 43
3e-10 7.000000000000001e-10 1.2e-09 1.6e-09 2.08e-322 3.5453082542422144e-259 3e-09 3.4000000000000003e-09 3.8e-09 42
2e-10 8e-10 9.855653308946526e-260 1.8e-09 2.2000000000000003e-09 1.9056247617573086e-291 3.2e-09 3.6e-09 3.8e-09 48
2e-10 7.000000000000001e-10 1.2e-09 1.7000000000000001e-09 2e-09 3.5453082542422144e-259 2.9e-09 3.4000000000000003e-09 3.8e-09 43
3e-10 7.000000000000001e-10 1.2e-09 1.6e-09 2e-09 1.9056247617573086e-291 3e-09 3.4000000000000003e-09 3.8e-09 44
3e-10 7.000000000000001e-10 1.2e-09 1.7000000000000001e-09 1.9e-09 2.8000000000000003e-09 3e-09 3.4000000000000003e-09 4.1e-09 44
2e-10 7.000000000000001e-10 1.2e-09 1.8e-09 2e-09 2.8000000000000003e-09 3e-09 3.4000000000000003e-09 4.1e-09 44
3e-10 7.000000000000001e-10 1.2e-09 1.6e-09 2e-09 1.9056247617573086e-291 3.2e-09 3.4000000000000003e-09 3.8e-09 42
3e-10 7.000000000000001e-10 1.2e-09 1.6e-09 2e-09 3.5453082542422144e-259 3e-09 3.4000000000000003e-09 3.8e-09 42
3e-10 8e-10 1.2e-09 1.8e-09 1.9e-09 2.8000000000000003e-09 2.9e-09 3.6e-09 3.8e-09 48
5.280425587735569e-224 4.286442185072223e-222 9.855653308946526e-260 1.8e-09 2e-09 2.8000000000000003e-09 6.563399756965404e-295 3.4000000000000003e-09 4.1e-09 43
2e-10 7.000000000000001e-10 9.855653308946526e-260 1.8e-09 1.9e-09 2.8000000000000003e-09 2.9e-09 3.4000000000000003e-09 3.8e-09 46
3e-10 7.000000000000001e-10 1.2e-09 1.7000000000000001e-09 2e-09 3.5453082542422144e-259 3e-09 3.4000000000000003e-09 3.8e-09 44
2e-10 7.000000000000001e-10 1.2e-09 1.6e-09 2e-09 3.5453082542422144e-259 3e-09 3.4000000000000003e-09 3.8e-09 43
3e-10 7.000000000000001e-10 1.2e-09 1.6e-09 1.9e-09 1.9056247617573086e-291 3.2e-09 3.4000000000000003e-09 4.1e-09 42
2e-10 7.000000000000001e-10 1.2e-09 1.6e-09 2e-09 3.5453082542422144e-259 3e-09 3.4000000000000003e-09 3.8e-09 44
2e-10 7.000000000000001e-10 1.2e-09 1.6e-09 2e-09 3.5453082542422144e-259 3e-09 3.4000000000000003e-09 3.8e-09 42
3e-10 8e-10 9.855653308946526e-260 1.8e-09 2.2000000000000003e-09 1.538531077365626e-295 3e-09 3.6e-09 3.8e-09 48
3e-10 7.000000000000001e-10 1.2e-09 1.6e-09 2.08e-322 2.8000000000000003e-09 3e-09 3.4000000000000003e-09 3.8e-09 42
3e-10 7.000000000000001e-10 1.2e-09 1.6e-09 2e-09 2.8000000000000003e-09 3e-09 3.4000000000000003e-09 3.8e-09 48
2e-10 7.000000000000001e-10 1.2e-09 1.7000000000000001e-09 2.08e-322 2.8000000000000003e-09 2.9e-09 3.4000000000000003e-09 3.8e-09 43
3e-10 6e-10 1.2e-09 1.7000000000000001e-09 2.08e-322 2.8000000000000003e-09 3e-09 3.4000000000000003e-09 3.8e-09 42
