4.870972e-317 2.9078075626676792e-126 3.2484829606684565e-91 1.2411985956807646e-69 7.413384891273587e-202 1.6258494951094408e-45 2.7084066968051408e-45 3.4000000000000003e-09 3.8e-09 47
4.870972e-317 4.137328652269215e-70 1.4338323980225495e-239 7.101147495356236e-261 3.269910826580285e-114 5.9837443337285295e-205 3.1065309555650974e-226 3.4000000000000003e-09 4.16647014475553e-125 42
3.2671861045496727e-127 3.0385287662832165e-260 1.4338323980225495e-239 7.101147495356236e-261 7.413384891273587e-202 5.9837443337285295e-205 3.1065309555650974e-226 3.4000000000000003e-09 3.8e-09 44
3.2671861045496727e-127 3.0385287662832165e-260 1.4338323980225495e-239 2.44256502251903e-158 3.269910826580285e-114 5.9837443337285295e-205 2.6753895363638607e-126 3.4000000000000003e-09 3.8e-09 43
3.2671861045496727e-127 3.0385287662832165e-260 1.4338323980225495e-239 2.44256502251903e-158 3.269910826580285e-114 5.9837443337285295e-205 2.6753895363638607e-126 3.4000000000000003e-09 3.8e-09 43
4.870972e-317 3.0385287662832165e-260 1.4338323980225495e-239 1.2411985956807646e-69 7.413384891273587e-202 5.9837443337285295e-205 2.6753895363638607e-126 3.4000000000000003e-09 3.8e-09 43
3.2671861045496727e-127 3.0385287662832165e-260 1.4338323980225495e-239 7.101147495356236e-261 7.413384891273587e-202 5.9837443337285295e-205 2.6753895363638607e-126 3.4000000000000003e-09 3.8e-09 43
9.445747295377295e-36 6.062559795110346e-35 3.2484829606684565e-91 7.101147495356236e-261 1.5915442373890583e-81 1.6258494951094408e-45 2.7084066968051408e-45 3.4000000000000003e-09 3.8e-09 43
4.870972e-317 3.0385287662832165e-260 1.4338323980225495e-239 7.101147495356236e-261 7.413384891273587e-202 5.9837443337285295e-205 3.1065309555650974e-226 3.4000000000000003e-09 3.8e-09 42
3.2671861045496727e-127 3.0385287662832165e-260 1.4338323980225495e-239 1.2411985956807646e-69 7.413384891273587e-202 5.9837443337285295e-205 3.1065309555650974e-226 3.4000000000000003e-09 4.16647014475553e-125 44
4.870972e-317 2.9078075626676792e-126 3.2484829606684565e-91 1.2411985956807646e-69 3.269910826580285e-114 1.6258494951094408e-45 3.1065309555650974e-226 6.49399895292289e-58 4.16647014475553e-125 48
3.2671861045496727e-127 3.0385287662832165e-260 1.4338323980225495e-239 2.44256502251903e-158 3.269910826580285e-114 5.9837443337285295e-205 2.6753895363638607e-126 3.4000000000000003e-09 4.16647014475553e-125 43
3.2671861045496727e-127 6.062559795110346e-35 1.4338323980225495e-239 7.101147495356236e-261 3.269910826580285e-114 5.9837443337285295e-205 3.1065309555650974e-226 3.4000000000000003e-09 3.8e-09 44
4.870972e-317 2.9078075626676792e-126 1.4338323980225495e-239 7.101147495356236e-261 3.8428937522012517e-81 8.28636117781037e-104 6.594793304791e-57 3.4000000000000003e-09 3.8e-09 44
9.445747295377295e-36 6.062559795110346e-35 3.2484829606684565e-91 1.2411985956807646e-69 7.413384891273587e-202 5.9837443337285295e-205 2.7084066968051408e-45 3.4000000000000003e-09 4.16647014475553e-125 43
4.870972e-317 3.0385287662832165e-260 1.4338323980225495e-239 7.101147495356236e-261 7.413384891273587e-202 5.9837443337285295e-205 3.1065309555650974e-226 3.4000000000000003e-09 4.16647014475553e-125 42
3.2671861045496727e-127 3.0385287662832165e-260 1.4338323980225495e-239 2.44256502251903e-158 7.413384891273587e-202 5.9837443337285295e-205 2.6753895363638607e-126 3.4000000000000003e-09 3.8e-09 43
4.870972e-317 3.0385287662832165e-260 1.4039151745501793e-79 2.44256502251903e-158 7.413384891273587e-202 3.2870307076256576e-90 6.594793304791e-57 6.49399895292289e-58 4.16647014475553e-125 43
4.870972e-317 3.0385287662832165e-260 3.2484829606684565e-91 2.44256502251903e-158 1.5915442373890583e-81 8.28636117781037e-104 2.7084066968051408e-45 3.4000000000000003e-09 4.16647014475553e-125 46
4.870972e-317 4.137328652269215e-70 1.4338323980225495e-239 7.101147495356236e-261 3.269910826580285e-114 5.9837443337285295e-205 3.1065309555650974e-226 3.4000000000000003e-09 3.8e-09 42
3.2671861045496727e-127 3.0385287662832165e-260 1.4338323980225495e-239 2.44256502251903e-158 3.269910826580285e-114 5.9837443337285295e-205 2.6753895363638607e-126 3.4000000000000003e-09 3.8e-09 43
3.2671861045496727e-127 2.9078075626676792e-126 3.2484829606684565e-91 1.2411985956807646e-69 7.413384891273587e-202 1.6258494951094408e-45 6.594793304791e-57 6.49399895292289e-58 3.8e-09 48
3.2671861045496727e-127 3.0385287662832165e-260 3.2484829606684565e-91 1.2411985956807646e-69 3.8428937522012517e-81 5.9837443337285295e-205 2.6753895363638607e-126 3.4000000000000003e-09 3.8e-09 46
3.2671861045496727e-127 2.9078075626676792e-126 1.4039151745501793e-79 1.2411985956807646e-69 3.8428937522012517e-81 5.9837443337285295e-205 2.6753895363638607e-126 6.49399895292289e-58 3.8e-09 46
3.2671861045496727e-127 3.0385287662832165e-260 1.4338323980225495e-239 2.44256502251903e-158 7.413384891273587e-202 5.9837443337285295e-205 2.6753895363638607e-126 3.4000000000000003e-09 3.8e-09 43
4.870972e-317 3.0385287662832165e-260 1.4338323980225495e-239 2.44256502251903e-158 7.413384891273587e-202 5.9837443337285295e-205 3.1065309555650974e-226 3.4000000000000003e-09 3.8e-09 42
4.870972e-317 3.0385287662832165e-260 1.4338323980225495e-239 7.101147495356236e-261 3.269910826580285e-114 5.9837443337285295e-205 3.1065309555650974e-226 3.4000000000000003e-09 3.8e-09 42
4.870972e-317 3.0385287662832165e-260 1.4039151745501793e-79 7.101147495356236e-261 3.269910826580285e-114 3.2870307076256576e-90 7.592488284428849e-35 3.4000000000000003e-09 4.16647014475553e-125 42
3.2671861045496727e-127 2.9078075626676792e-126 3.2484829606684565e-91 1.2411985956807646e-69 7.413384891273587e-202 1.6258494951094408e-45 6.594793304791e-57 6.49399895292289e-58 3.8e-09 48
3.2671861045496727e-127 2.9078075626676792e-126 3.2484829606684565e-91 1.2411985956807646e-69 7.413384891273587e-202 8.28636117781037e-104 7.592488284428849e-35 6.49399895292289e-58 3.8e-09 48
4.870972e-317 2.9078075626676792e-126 3.2484829606684565e-91 1.2411985956807646e-69 7.413384891273587e-202 1.6258494951094408e-45 2.7084066968051408e-45 3.4000000000000003e-09 3.8e-09 47
3.2671861045496727e-127 3.0385287662832165e-260 1.4338323980225495e-239 7.101147495356236e-261 7.413384891273587e-202 3.2870307076256576e-90 3.1065309555650974e-226 3.4000000000000003e-09 3.8e-09 43
4.870972e-317 3.0385287662832165e-260 1.4338323980225495e-239 7.101147495356236e-261 7.413384891273587e-202 8.28636117781037e-104 3.1065309555650974e-226 3.194268438219324e-12 4.16647014475553e-125 44
4.870972e-317 3.0385287662832165e-260 1.4338323980225495e-239 7.101147495356236e-261 3.8428937522012517e-81 8.28636117781037e-104 3.1065309555650974e-226 6.49399895292289e-58 3.8e-09 42
4.870972e-317 2.9078075626676792e-126 3.2484829606684565e-91 1.2411985956807646e-69 1.5915442373890583e-81 1.6258494951094408e-45 3.1065309555650974e-226 6.49399895292289e-58 3.8e-09 48
4.870972e-317 3.0385287662832165e-260 1.4338323980225495e-239 7.101147495356236e-261 3.269910826580285e-114 3.2870307076256576e-90 2.6753895363638607e-126 3.4000000000000003e-09 3.8e-09 42
4.870972e-317 2.9078075626676792e-126 1.4039151745501793e-79 2.44256502251903e-158 7.413384891273587e-202 1.6258494951094408e-45 6.594793304791e-57 3.4000000000000003e-09 3.8e-09 47
4.870972e-317 6.062559795110346e-35 9.126481252055211e-13 2.44256502251903e-158 1.5915442373890583e-81 5.9837443337285295e-205 2.7084066968051408e-45 3.4000000000000003e-09 3.8e-09 46
4.870972e-317 4.137328652269215e-70 1.4338323980225495e-239 7.101147495356236e-261 7.413384891273587e-202 5.9837443337285295e-205 3.1065309555650974e-226 3.4000000000000003e-09 3.8e-09 42
4.870972e-317 3.0385287662832165e-260 1.4338323980225495e-239 7.101147495356236e-261 3.269910826580285e-114 5.9837443337285295e-205 3.1065309555650974e-226 3.4000000000000003e-09 3.8e-09 42
4.870972e-317 3.0385287662832165e-260 1.4338323980225495e-239 7.101147495356236e-261 3.269910826580285e-114 3.2870307076256576e-90 3.1065309555650974e-226 3.4000000000000003e-09 3.8e-09 42
3.2671861045496727e-127 3.0385287662832165e-260 1.4338323980225495e-239 7.101147495356236e-261 7.413384891273587e-202 5.9837443337285295e-205 3.1065309555650974e-226 3.4000000000000003e-09 3.8e-09 44
3.2671861045496727e-127 2.9078075626676792e-126 9.126481252055211e-13 2.44256502251903e-158 1.0778067558442323e-11 1.6258494951094408e-45 2.6753895363638607e-126 3.4000000000000003e-09 3.8e-09 47
3.2671861045496727e-127 3.0385287662832165e-260 1.4338323980225495e-239 7.101147495356236e-261 7.413384891273587e-202 3.2870307076256576e-90 3.1065309555650974e-226 3.4000000000000003e-09 3.8e-09 43
4.870972e-317 2.9078075626676792e-126 1.0241265361360555e-68 7.101147495356236e-261 3.8428937522012517e-81 8.28636117781037e-104 6.594793304791e-57 3.4000000000000003e-09 3.8e-09 42
4.870972e-317 4.137328652269215e-70 9.126481252055211e-13 1.2411985956807646e-69 7.413384891273587e-202 5.9837443337285295e-205 6.594793304791e-57 3.4000000000000003e-09 3.8e-09 46
3.2671861045496727e-127 4.137328652269215e-70 1.4338323980225495e-239 2.44256502251903e-158 3.269910826580285e-114 5.9837443337285295e-205 2.6753895363638607e-126 3.4000000000000003e-09 4.16647014475553e-125 42
4.870972e-317 3.0385287662832165e-260 1.4338323980225495e-239 1.2411985956807646e-69 7.413384891273587e-202 5.9837443337285295e-205 2.6753895363638607e-126 3.4000000000000003e-09 3.8e-09 43
4.870972e-317 2.9078075626676792e-126 1.0241265361360555e-68 7.101147495356236e-261 3.8428937522012517e-81 1.6258494951094408e-45 6.594793304791e-57 3.4000000000000003e-09 3.8e-09 42
4.870972e-317 3.0385287662832165e-260 1.4338323980225495e-239 2.44256502251903e-158 7.413384891273587e-202 5.9837443337285295e-205 3.1065309555650974e-226 3.4000000000000003e-09 3.8e-09 42
3.2671861045496727e-127 3.0385287662832165e-260 1.4338323980225495e-239 2.44256502251903e-158 7.413384891273587e-202 5.9837443337285295e-205 2.6753895363638607e-126 3.4000000000000003e-09 4.16647014475553e-125 43
3.2671861045496727e-127 3.0385287662832165e-260 1.4338323980225495e-239 2.44256502251903e-158 7.413384891273587e-202 5.9837443337285295e-205 2.6753895363638607e-126 3.4000000000000003e-09 4.16647014475553e-125 43
3.2671861045496727e-127 6.062559795110346e-35 1.4338323980225495e-239 7.101147495356236e-261 3.269910826580285e-114 5.9837443337285295e-205 3.1065309555650974e-226 3.4000000000000003e-09 3.8e-09 44
3.2671861045496727e-127 3.0385287662832165e-260 1.4338323980225495e-239 7.101147495356236e-261 7.413384891273587e-202 3.2870307076256576e-90 3.1065309555650974e-226 3.4000000000000003e-09 3.8e-09 44
4.870972e-317 3.0385287662832165e-260 1.0241265361360555e-68 2.44256502251903e-158 7.413384891273587e-202 3.2870307076256576e-90 3.1065309555650974e-226 3.4000000000000003e-09 4.16647014475553e-125 43
3.2671861045496727e-127 4.137328652269215e-70 1.4338323980225495e-239 1.2411985956807646e-69 1.5915442373890583e-81 5.9837443337285295e-205 2.6753895363638607e-126 3.4000000000000003e-09 4.16647014475553e-125 43
3.2671861045496727e-127 3.0385287662832165e-260 1.4338323980225495e-239 2.44256502251903e-158 3.269910826580285e-114 5.9837443337285295e-205 2.6753895363638607e-126 3.4000000000000003e-09 4.16647014475553e-125 43
4.870972e-317 3.0385287662832165e-260 1.4338323980225495e-239 7.101147495356236e-261 7.413384891273587e-202 8.28636117781037e-104 6.594793304791e-57 3.4000000000000003e-09 3.8e-09 42
4.870972e-317 2.9078075626676792e-126 1.4338323980225495e-239 7.101147495356236e-261 3.8428937522012517e-81 3.2870307076256576e-90 3.1065309555650974e-226 3.194268438219324e-12 3.8e-09 42
3.2671861045496727e-127 2.9078075626676792e-126 3.2484829606684565e-91 1.2411985956807646e-69 1.5915442373890583e-81 1.6258494951094408e-45 3.1065309555650974e-226 6.49399895292289e-58 3.8e-09 48
4.870972e-317 3.0385287662832165e-260 1.4338323980225495e-239 7.101147495356236e-261 3.269910826580285e-114 3.2870307076256576e-90 2.6753895363638607e-126 3.4000000000000003e-09 3.8e-09 42
4.870972e-317 3.0385287662832165e-260 1.4039151745501793e-79 2.44256502251903e-158 3.269910826580285e-114 5.9837443337285295e-205 3.1065309555650974e-226 3.194268438219324e-12 3.8e-09 43
3.2671861045496727e-127 3.0385287662832165e-260 1.4338323980225495e-239 2.44256502251903e-158 7.413384891273587e-202 5.9837443337285295e-205 2.6753895363638607e-126 3.4000000000000003e-09 3.8e-09 43
4.870972e-317 2.9078075626676792e-126 3.2484829606684565e-91 1.2411985956807646e-69 3.269910826580285e-114 1.6258494951094408e-45 3.1065309555650974e-226 6.49399895292289e-58 4.16647014475553e-125 48
3.2671861045496727e-127 3.0385287662832165e-260 1.4338323980225495e-239 2.44256502251903e-158 3.269910826580285e-114 5.9837443337285295e-205 2.6753895363638607e-126 3.4000000000000003e-09 4.16647014475553e-125 43
4.870972e-317 3.0385287662832165e-260 3.2484829606684565e-91 7.101147495356236e-261 1.0778067558442323e-11 1.6258494951094408e-45 2.7084066968051408e-45 3.4000000000000003e-09 3.8e-09 43
3.2671861045496727e-127 3.0385287662832165e-260 1.4338323980225495e-239 2.44256502251903e-158 3.269910826580285e-114 5.9837443337285295e-205 2.6753895363638607e-126 3.4000000000000003e-09 4.16647014475553e-125 43
2.1061110581665937e-13 3.0385287662832165e-260 1.4338323980225495e-239 7.101147495356236e-261 3.269910826580285e-114 5.9837443337285295e-205 3.1065309555650974e-226 3.4000000000000003e-09 4.16647014475553e-125 42
3.2671861045496727e-127 3.0385287662832165e-260 1.4338323980225495e-239 2.44256502251903e-158 3.269910826580285e-114 5.9837443337285295e-205 2.6753895363638607e-126 3.4000000000000003e-09 3.8e-09 43
4.870972e-317 3.0385287662832165e-260 1.4338323980225495e-239 7.101147495356236e-261 7.413384891273587e-202 8.28636117781037e-104 3.1065309555650974e-226 3.194268438219324e-12 4.16647014475553e-125 44
3.2671861045496727e-127 4.137328652269215e-70 1.4338323980225495e-239 2.44256502251903e-158 1.5915442373890583e-81 5.9837443337285295e-205 2.6753895363638607e-126 3.4000000000000003e-09 3.8e-09 43
4.870972e-317 2.9078075626676792e-126 3.2484829606684565e-91 1.2411985956807646e-69 3.269910826580285e-114 1.6258494951094408e-45 3.1065309555650974e-226 6.49399895292289e-58 3.8e-09 48
4.870972e-317 3.0385287662832165e-260 1.4338323980225495e-239 7.101147495356236e-261 7.413384891273587e-202 8.28636117781037e-104 3.1065309555650974e-226 3.4000000000000003e-09 3.8e-09 44
3.2671861045496727e-127 3.0385287662832165e-260 1.4338323980225495e-239 2.44256502251903e-158 1.5915442373890583e-81 1.7613369530352275e-45 2.6753895363638607e-126 3.4000000000000003e-09 3.8e-09 43
4.870972e-317 3.0385287662832165e-260 1.4338323980225495e-239 7.101147495356236e-261 7.413384891273587e-202 5.9837443337285295e-205 7.592488284428849e-35 3.4000000000000003e-09 4.16647014475553e-125 43
4.870972e-317 4.137328652269215e-70 1.4338323980225495e-239 7.101147495356236e-261 3.269910826580285e-114 5.9837443337285295e-205 3.1065309555650974e-226 3.4000000000000003e-09 3.8e-09 42
4.870972e-317 3.0385287662832165e-260 1.4338323980225495e-239 7.101147495356236e-261 3.8428937522012517e-81 3.2870307076256576e-90 3.1065309555650974e-226 3.4000000000000003e-09 3.8e-09 42
3.2671861045496727e-127 4.137328652269215e-70 1.4338323980225495e-239 2.44256502251903e-158 1.5915442373890583e-81 5.9837443337285295e-205 2.6753895363638607e-126 3.4000000000000003e-09 3.8e-09 43
4.870972e-317 3.0385287662832165e-260 1.4338323980225495e-239 7.101147495356236e-261 7.413384891273587e-202 1.7613369530352275e-45 6.594793304791e-57 3.4000000000000003e-09 4.16647014475553e-125 42
4.870972e-317 3.0385287662832165e-260 1.4338323980225495e-239 7.101147495356236e-261 7.413384891273587e-202 8.28636117781037e-104 3.1065309555650974e-226 3.4000000000000003e-09 3.8e-09 42
3.2671861045496727e-127 3.0385287662832165e-260 1.4338323980225495e-239 2.44256502251903e-158 3.269910826580285e-114 5.9837443337285295e-205 2.6753895363638607e-126 3.4000000000000003e-09 4.16647014475553e-125 43
4.870972e-317 3.0385287662832165e-260 1.4338323980225495e-239 2.44256502251903e-158 7.413384891273587e-202 5.9837443337285295e-205 3.1065309555650974e-226 3.4000000000000003e-09 3.8e-09 44
4.870972e-317 2.9078075626676792e-126 1.4039151745501793e-79 1.2411985956807646e-69 3.8428937522012517e-81 5.9837443337285295e-205 6.594793304791e-57 3.4000000000000003e-09 3.8e-09 48
4.870972e-317 3.0385287662832165e-260 1.4338323980225495e-239 2.44256502251903e-158 7.413384891273587e-202 3.2870307076256576e-90 3.1065309555650974e-226 3.4000000000000003e-09 3.8e-09 43
4.870972e-317 3.0385287662832165e-260 1.4338323980225495e-239 2.44256502251903e-158 7.413384891273587e-202 5.9837443337285295e-205 3.1065309555650974e-226 3.4000000000000003e-09 4.16647014475553e-125 43
4.870972e-317 4.137328652269215e-70 3.2484829606684565e-91 2.44256502251903e-158 1.5915442373890583e-81 1.7613369530352275e-45 2.7084066968051408e-45 3.4000000000000003e-09 3.8e-09 46
3.2671861045496727e-127 3.0385287662832165e-260 1.4338323980225495e-239 7.101147495356236e-261 7.413384891273587e-202 5.9837443337285295e-205 3.1065309555650974e-226 3.4000000000000003e-09 3.8e-09 44
4.870972e-317 3.0385287662832165e-260 1.4338323980225495e-239 7.101147495356236e-261 7.413384891273587e-202 5.9837443337285295e-205 2.6753895363638607e-126 3.4000000000000003e-09 3.8e-09 42
4.870972e-317 3.0385287662832165e-260 1.4338323980225495e-239 7.101147495356236e-261 7.413384891273587e-202 5.9837443337285295e-205 3.1065309555650974e-226 3.4000000000000003e-09 4.16647014475553e-125 43
4.870972e-317 3.0385287662832165e-260 1.4338323980225495e-239 7.101147495356236e-261 3.8428937522012517e-81 8.28636117781037e-104 6.594793304791e-57 3.4000000000000003e-09 4.16647014475553e-125 42
4.870972e-317 3.0385287662832165e-260 1.0241265361360555e-68 7.101147495356236e-261 3.8428937522012517e-81 8.28636117781037e-104 6.594793304791e-57 3.4000000000000003e-09 3.8e-09 42
3.2671861045496727e-127 2.9078075626676792e-126 3.2484829606684565e-91 1.2411985956807646e-69 1.5915442373890583e-81 1.6258494951094408e-45 3.1065309555650974e-226 6.49399895292289e-58 4.16647014475553e-125 48
4.870972e-317 4.137328652269215e-70 1.4338323980225495e-239 7.101147495356236e-261 3.269910826580285e-114 5.9837443337285295e-205 3.1065309555650974e-226 3.4000000000000003e-09 3.8e-09 42
4.870972e-317 3.0385287662832165e-260 1.0241265361360555e-68 2.44256502251903e-158 7.413384891273587e-202 3.2870307076256576e-90 3.1065309555650974e-226 3.4000000000000003e-09 4.16647014475553e-125 43
4.870972e-317 3.0385287662832165e-260 1.4338323980225495e-239 2.44256502251903e-158 3.269910826580285e-114 5.9837443337285295e-205 2.6753895363638607e-126 3.4000000000000003e-09 3.8e-09 43
3.2671861045496727e-127 3.0385287662832165e-260 1.4338323980225495e-239 2.44256502251903e-158 3.269910826580285e-114 5.9837443337285295e-205 2.6753895363638607e-126 3.4000000000000003e-09 3.8e-09 43
4.870972e-317 2.9078075626676792e-126 1.4338323980225495e-239 7.101147495356236e-261 3.8428937522012517e-81 1.7613369530352275e-45 7.592488284428849e-35 3.4000000000000003e-09 4.16647014475553e-125 44
4.870972e-317 2.9078075626676792e-126 1.0241265361360555e-68 7.101147495356236e-261 3.8428937522012517e-81 1.6258494951094408e-45 6.594793304791e-57 3.4000000000000003e-09 3.8e-09 42
4.870972e-317 3.0385287662832165e-260 1.4039151745501793e-79 7.101147495356236e-261 7.413384891273587e-202 3.2870307076256576e-90 7.592488284428849e-35 3.4000000000000003e-09 3.8e-09 42
3.2671861045496727e-127 3.0385287662832165e-260 1.4338323980225495e-239 1.2411985956807646e-69 7.413384891273587e-202 5.9837443337285295e-205 2.6753895363638607e-126 3.4000000000000003e-09 3.8e-09 43
3.2671861045496727e-127 4.137328652269215e-70 1.4338323980225495e-239 2.44256502251903e-158 1.5915442373890583e-81 5.9837443337285295e-205 2.6753895363638607e-126 3.4000000000000003e-09 3.8e-09 43
4.870972e-317 3.0385287662832165e-260 1.4039151745501793e-79 7.101147495356236e-261 7.413384891273587e-202 3.2870307076256576e-90 7.592488284428849e-35 3.4000000000000003e-09 3.8e-09 42
4.870972e-317 2.9078075626676792e-126 3.2484829606684565e-91 1.2411985956807646e-69 1.5915442373890583e-81 1.6258494951094408e-45 3.1065309555650974e-226 6.49399895292289e-58 3.8e-09 48
4.870972e-317 3.0385287662832165e-260 1.4338323980225495e-239 7.101147495356236e-261 7.413384891273587e-202 3.2870307076256576e-90 3.1065309555650974e-226 3.4000000000000003e-09 3.8e-09 42
3.2671861045496727e-127 2.9078075626676792e-126 3.2484829606684565e-91 1.2411985956807646e-69 3.269910826580285e-114 8.28636117781037e-104 7.592488284428849e-35 6.49399895292289e-58 3.8e-09 48
4.870972e-317 4.137328652269215e-70 1.4338323980225495e-239 7.101147495356236e-261 3.269910826580285e-114 5.9837443337285295e-205 3.1065309555650974e-226 3.4000000000000003e-09 4.16647014475553e-125 42
4.870972e-317 3.0385287662832165e-260 1.4338323980225495e-239 7.101147495356236e-261 3.8428937522012517e-81 3.2870307076256576e-90 3.1065309555650974e-226 3.4000000000000003e-09 3.8e-09 42
4.870972e-317 3.0385287662832165e-260 1.4338323980225495e-239 7.101147495356236e-261 7.413384891273587e-202 3.2870307076256576e-90 3.1065309555650974e-226 3.4000000000000003e-09 3.8e-09 42
4.870972e-317 6.062559795110346e-35 9.126481252055211e-13 2.44256502251903e-158 7.413384891273587e-202 3.2870307076256576e-90 2.7084066968051408e-45 3.4000000000000003e-09 3.8e-09 46
3.2671861045496727e-127 4.137328652269215e-70 1.4338323980225495e-239 1.2411985956807646e-69 1.5915442373890583e-81 5.9837443337285295e-205 2.6753895363638607e-126 3.4000000000000003e-09 4.16647014475553e-125 43
3.2671861045496727e-127 3.0385287662832165e-260 1.4338323980225495e-239 2.44256502251903e-158 7.413384891273587e-202 3.2870307076256576e-90 2.6753895363638607e-126 3.4000000000000003e-09 3.8e-09 43
4.870972e-317 3.0385287662832165e-260 1.4338323980225495e-239 2.44256502251903e-158 7.413384891273587e-202 5.9837443337285295e-205 2.6753895363638607e-126 3.4000000000000003e-09 3.8e-09 43
3.2671861045496727e-127 2.9078075626676792e-126 3.2484829606684565e-91 1.2411985956807646e-69 1.5915442373890583e-81 1.6258494951094408e-45 3.1065309555650974e-226 6.49399895292289e-58 3.8e-09 48
3.2671861045496727e-127 4.137328652269215e-70 1.4338323980225495e-239 2.44256502251903e-158 1.5915442373890583e-81 5.9837443337285295e-205 2.6753895363638607e-126 3.4000000000000003e-09 3.8e-09 43
4.870972e-317 3.0385287662832165e-260 1.4338323980225495e-239 2.44256502251903e-158 7.413384891273587e-202 5.9837443337285295e-205 2.6753895363638607e-126 3.4000000000000003e-09 3.8e-09 43
4.870972e-317 4.137328652269215e-70 1.4039151745501793e-79 7.101147495356236e-261 1.5915442373890583e-81 1.7613369530352275e-45 6.594793304791e-57 3.4000000000000003e-09 4.16647014475553e-125 43
4.870972e-317 3.0385287662832165e-260 1.4338323980225495e-239 1.2411985956807646e-69 7.413384891273587e-202 5.9837443337285295e-205 2.6753895363638607e-126 3.4000000000000003e-09 3.8e-09 43
3.2671861045496727e-127 2.9078075626676792e-126 9.126481252055211e-13 1.2411985956807646e-69 3.269910826580285e-114 1.6258494951094408e-45 3.1065309555650974e-226 6.49399895292289e-58 3.8e-09 48
4.870972e-317 3.0385287662832165e-260 1.4338323980225495e-239 7.101147495356236e-261 7.413384891273587e-202 5.9837443337285295e-205 3.1065309555650974e-226 3.4000000000000003e-09 3.8e-09 42
4.870972e-317 4.137328652269215e-70 1.4338323980225495e-239 7.101147495356236e-261 7.413384891273587e-202 5.9837443337285295e-205 3.1065309555650974e-226 3.4000000000000003e-09 3.8e-09 42
4.870972e-317 3.0385287662832165e-260 3.2484829606684565e-91 7.101147495356236e-261 7.413384891273587e-202 1.7613369530352275e-45 2.7084066968051408e-45 3.4000000000000003e-09 3.8e-09 43
3.2671861045496727e-127 2.9078075626676792e-126 3.2484829606684565e-91 1.2411985956807646e-69 1.5915442373890583e-81 1.6258494951094408e-45 3.1065309555650974e-226 6.49399895292289e-58 4.16647014475553e-125 48
3.2671861045496727e-127 3.0385287662832165e-260 1.4338323980225495e-239 7.101147495356236e-261 3.269910826580285e-114 3.2870307076256576e-90 3.1065309555650974e-226 3.4000000000000003e-09 3.8e-09 44
9.445747295377295e-36 6.062559795110346e-35 3.2484829606684565e-91 1.2411985956807646e-69 7.413384891273587e-202 5.9837443337285295e-205 2.7084066968051408e-45 3.4000000000000003e-09 4.16647014475553e-125 43
4.870972e-317 3.0385287662832165e-260 1.0241265361360555e-68 7.101147495356236e-261 7.413384891273587e-202 3.2870307076256576e-90 2.6753895363638607e-126 3.4000000000000003e-09 3.8e-09 43
3.2671861045496727e-127 3.0385287662832165e-260 1.4338323980225495e-239 1.2411985956807646e-69 7.413384891273587e-202 5.9837443337285295e-205 3.1065309555650974e-226 3.4000000000000003e-09 4.16647014475553e-125 44
4.870972e-317 3.0385287662832165e-260 1.4338323980225495e-239 7.101147495356236e-261 3.269910826580285e-114 5.9837443337285295e-205 3.1065309555650974e-226 3.4000000000000003e-09 4.16647014475553e-125 42
3.2671861045496727e-127 2.9078075626676792e-126 3.2484829606684565e-91 1.2411985956807646e-69 1.5915442373890583e-81 1.6258494951094408e-45 3.1065309555650974e-226 6.49399895292289e-58 4.16647014475553e-125 48
3.2671861045496727e-127 3.0385287662832165e-260 1.4338323980225495e-239 2.44256502251903e-158 1.5915442373890583e-81 5.9837443337285295e-205 2.6753895363638607e-126 3.4000000000000003e-09 4.16647014475553e-125 42
4.870972e-317 3.0385287662832165e-260 1.4338323980225495e-239 7.101147495356236e-261 3.8428937522012517e-81 3.2870307076256576e-90 3.1065309555650974e-226 3.4000000000000003e-09 3.8e-09 42
3.2671861045496727e-127 2.9078075626676792e-126 9.126481252055211e-13 1.2411985956807646e-69 3.269910826580285e-114 1.6258494951094408e-45 3.1065309555650974e-226 6.49399895292289e-58 3.8e-09 48
3.2671861045496727e-127 3.0385287662832165e-260 1.4338323980225495e-239 2.44256502251903e-158 3.269910826580285e-114 5.9837443337285295e-205 2.6753895363638607e-126 3.4000000000000003e-09 4.16647014475553e-125 43
3.2671861045496727e-127 6.062559795110346e-35 1.4338323980225495e-239 7.101147495356236e-261 3.269910826580285e-114 5.9837443337285295e-205 3.1065309555650974e-226 3.4000000000000003e-09 3.8e-09 44
4.870972e-317 3.0385287662832165e-260 1.0241265361360555e-68 7.101147495356236e-261 7.413384891273587e-202 3.2870307076256576e-90 3.1065309555650974e-226 3.4000000000000003e-09 4.16647014475553e-125 43
4.870972e-317 2.9078075626676792e-126 1.4039151745501793e-79 1.2411985956807646e-69 3.8428937522012517e-81 5.9837443337285295e-205 6.594793304791e-57 3.4000000000000003e-09 3.8e-09 48
3.2671861045496727e-127 2.9078075626676792e-126 1.4039151745501793e-79 1.2411985956807646e-69 3.8428937522012517e-81 5.9837443337285295e-205 2.6753895363638607e-126 6.49399895292289e-58 3.8e-09 46
4.870972e-317 3.0385287662832165e-260 1.4338323980225495e-239 2.44256502251903e-158 3.8428937522012517e-81 5.9837443337285295e-205 3.1065309555650974e-226 3.4000000000000003e-09 4.16647014475553e-125 44
