1847552843608.3867 11619189640.360012 291.10145179024926 0.28 0.4430697103469716 1537164700530443.5 69693097.49423194 4.5628559811910483e+17 1819491144377262.8 2.4133936885819014e+17 702695772515.7316 452.6972058609627 1551.1587146139905 49
1.7756955825959722 11619189640.360012 291.10145179024926 7.698863671163043e+16 237521148183.94757 42.07125938778912 69693097.49423194 4.5628559811910483e+17 1819491144377262.8 2.4133936885819014e+17 702695772515.7316 463337421830073.25 199433615707039.75 48
1.7756955825959722 11619189640.360012 1.1731613249171389 7.698863671163043e+16 237521148183.94757 42.07125938778912 69693097.49423194 4.5628559811910483e+17 1819491144377262.8 2.4133936885819014e+17 36812.50656770817 452.6972058609627 199433615707039.75 48
1.7756955825959722 11619189640.360012 448534.4373374251 7.698863671163043e+16 237521148183.94757 1537164700530443.5 69693097.49423194 4.5628559811910483e+17 1819491144377262.8 2.4133936885819014e+17 702695772515.7316 2.2441516296687523 0.8804557595779465 49
1.7756955825959722 11619189640.360012 448534.4373374251 7.698863671163043e+16 237521148183.94757 1537164700530443.5 1154893713.9030762 0.52 1819491144377262.8 2.4133936885819014e+17 36812.50656770817 463337421830073.25 199433615707039.75 50
1847552843608.3867 11619189640.360012 448534.4373374251 7.698863671163043e+16 237521148183.94757 42.07125938778912 69693097.49423194 4.5628559811910483e+17 76.31776894820342 2.4133936885819014e+17 702695772515.7316 2.2441516296687523 1551.1587146139905 51
1.7756955825959722 11619189640.360012 1842283.9401781221 7.698863671163043e+16 237521148183.94757 42.07125938778912 1154893713.9030762 4.5628559811910483e+17 76.31776894820342 2.4133936885819014e+17 36812.50656770817 463337421830073.25 199433615707039.75 48
1847552843608.3867 361417.64737911907 1842283.9401781221 7.698863671163043e+16 237521148183.94757 1537164700530443.5 1154893713.9030762 4.5628559811910483e+17 1819491144377262.8 2.4133936885819014e+17 36812.50656770817 463337421830073.25 199433615707039.75 48
1847552843608.3867 361417.64737911907 1842283.9401781221 7.698863671163043e+16 237521148183.94757 1537164700530443.5 1154893713.9030762 4.5628559811910483e+17 1819491144377262.8 2.4133936885819014e+17 36812.50656770817 452.6972058609627 199433615707039.75 48
1847552843608.3867 361417.64737911907 448534.4373374251 7.698863671163043e+16 237521148183.94757 1537164700530443.5 1154893713.9030762 4.5628559811910483e+17 1819491144377262.8 2.4133936885819014e+17 36812.50656770817 463337421830073.25 199433615707039.75 48
1847552843608.3867 361417.64737911907 448534.4373374251 7.698863671163043e+16 237521148183.94757 1537164700530443.5 69693097.49423194 4.5628559811910483e+17 76.31776894820342 2.4133936885819014e+17 36812.50656770817 463337421830073.25 199433615707039.75 48
1847552843608.3867 11619189640.360012 448534.4373374251 7.698863671163043e+16 0.4430697103469716 1537164700530443.5 1154893713.9030762 0.56 76.31776894820342 2.4133936885819014e+17 36812.50656770817 2.2441516296687523 1551.1587146139905 51
1847552843608.3867 11619189640.360012 1842283.9401781221 7.698863671163043e+16 931.9242457726648 1537164700530443.5 1154893713.9030762 4.5628559811910483e+17 1819491144377262.8 2.4133936885819014e+17 702695772515.7316 452.6972058609627 199433615707039.75 48
1847552843608.3867 361417.64737911907 448534.4373374251 7.698863671163043e+16 237521148183.94757 1537164700530443.5 69693097.49423194 4.5628559811910483e+17 76.31776894820342 2.4133936885819014e+17 36812.50656770817 463337421830073.25 199433615707039.75 48
1847552843608.3867 11619189640.360012 448534.4373374251 7.698863671163043e+16 237521148183.94757 1537164700530443.5 69693097.49423194 4.5628559811910483e+17 76.31776894820342 2.4133936885819014e+17 36812.50656770817 463337421830073.25 1551.1587146139905 51
1.7756955825959722 361417.64737911907 1.1731613249171389 7.698863671163043e+16 237521148183.94757 1537164700530443.5 1154893713.9030762 4.5628559811910483e+17 1819491144377262.8 2.4133936885819014e+17 6.415631338120433 463337421830073.25 199433615707039.75 48
1847552843608.3867 361417.64737911907 1842283.9401781221 7.698863671163043e+16 237521148183.94757 1537164700530443.5 69693097.49423194 4.5628559811910483e+17 76.31776894820342 2.4133936885819014e+17 6.415631338120433 463337421830073.25 199433615707039.75 48
1847552843608.3867 11619189640.360012 1.1731613249171389 7.698863671163043e+16 237521148183.94757 1537164700530443.5 69693097.49423194 4.5628559811910483e+17 76.31776894820342 2.4133936885819014e+17 702695772515.7316 452.6972058609627 199433615707039.75 48
1847552843608.3867 11619189640.360012 291.10145179024926 7.698863671163043e+16 237521148183.94757 42.07125938778912 1154893713.9030762 4.5628559811910483e+17 1819491144377262.8 2.4133936885819014e+17 702695772515.7316 463337421830073.25 199433615707039.75 48
1847552843608.3867 361417.64737911907 291.10145179024926 7.698863671163043e+16 237521148183.94757 1537164700530443.5 1154893713.9030762 4.5628559811910483e+17 1819491144377262.8 2.4133936885819014e+17 702695772515.7316 463337421830073.25 199433615707039.75 48
1.7756955825959722 11619189640.360012 448534.4373374251 7.698863671163043e+16 237521148183.94757 1537164700530443.5 1154893713.9030762 4.5628559811910483e+17 76.31776894820342 2.4133936885819014e+17 36812.50656770817 452.6972058609627 1551.1587146139905 48
1847552843608.3867 361417.64737911907 1842283.9401781221 7.698863671163043e+16 237521148183.94757 1537164700530443.5 1154893713.9030762 4.5628559811910483e+17 1819491144377262.8 2.4133936885819014e+17 702695772515.7316 452.6972058609627 199433615707039.75 48
1847552843608.3867 11619189640.360012 291.10145179024926 7.698863671163043e+16 237521148183.94757 1537164700530443.5 1154893713.9030762 4.5628559811910483e+17 1819491144377262.8 2.4133936885819014e+17 6.415631338120433 463337421830073.25 199433615707039.75 48
1847552843608.3867 11619189640.360012 291.10145179024926 7.698863671163043e+16 237521148183.94757 42.07125938778912 1154893713.9030762 4.5628559811910483e+17 1819491144377262.8 2.4133936885819014e+17 702695772515.7316 463337421830073.25 199433615707039.75 48
1847552843608.3867 11619189640.360012 448534.4373374251 7.698863671163043e+16 237521148183.94757 42.07125938778912 69693097.49423194 4.5628559811910483e+17 76.31776894820342 2.4133936885819014e+17 36812.50656770817 1551.1587146139905 49
1.7756955825959722 11619189640.360012 448534.4373374251 7.698863671163043e+16 18.892323985950775 42.07125938778912 69693097.49423194 4.5628559811910483e+17 76.31776894820342 2.4133936885819014e+17 702695772515.7316 0.3875438249215082 1551.1587146139905 51
1847552843608.3867 11619189640.360012 448534.4373374251 7.698863671163043e+16 931.9242457726648 1537164700530443.5 1154893713.9030762 4.5628559811910483e+17 76.31776894820342 0.6890523335827408 36812.50656770817 0.3875438249215082 1551.1587146139905 51
1.7756955825959722 11619189640.360012 291.10145179024926 7.698863671163043e+16 0.4430697103469716 1537164700530443.5 69693097.49423194 0.5550699353860967 1819491144377262.8 2.4133936885819014e+17 36812.50656770817 452.6972058609627 1551.1587146139905 51
1.7756955825959722 361417.64737911907 1842283.9401781221 7.698863671163043e+16 237521148183.94757 1537164700530443.5 0.48 4.5628559811910483e+17 1819491144377262.8 2.4133936885819014e+17 36812.50656770817 463337421830073.25 199433615707039.75 48
1847552843608.3867 11619189640.360012 1842283.9401781221 7.698863671163043e+16 237521148183.94757 1537164700530443.5 1154893713.9030762 4.5628559811910483e+17 1819491144377262.8 2.4133936885819014e+17 702695772515.7316 463337421830073.25 199433615707039.75 48
1847552843608.3867 11619189640.360012 448534.4373374251 7.698863671163043e+16 237521148183.94757 1537164700530443.5 1154893713.9030762 4.5628559811910483e+17 76.31776894820342 2.4133936885819014e+17 702695772515.7316 452.6972058609627 1551.1587146139905 49
1847552843608.3867 361417.64737911907 1842283.9401781221 7.698863671163043e+16 237521148183.94757 1537164700530443.5 1154893713.9030762 4.5628559811910483e+17 1819491144377262.8 2.4133936885819014e+17 36812.50656770817 463337421830073.25 199433615707039.75 48
5.350077723153922 361417.64737911907 448534.4373374251 0.28 237521148183.94757 1537164700530443.5 1154893713.9030762 4.5628559811910483e+17 76.31776894820342 2.4133936885819014e+17 36812.50656770817 463337421830073.25 199433615707039.75 49
5.350077723153922 11619189640.360012 448534.4373374251 7.698863671163043e+16 0.4430697103469716 1537164700530443.5 69693097.49423194 4.5628559811910483e+17 76.31776894820342 2.4133936885819014e+17 36812.50656770817 2.2441516296687523 1551.1587146139905 50
1847552843608.3867 11619189640.360012 448534.4373374251 7.698863671163043e+16 237521148183.94757 42.07125938778912 69693097.49423194 4.5628559811910483e+17 76.31776894820342 2.4133936885819014e+17 702695772515.7316 2.2441516296687523 1551.1587146139905 51
1847552843608.3867 361417.64737911907 291.10145179024926 7.698863671163043e+16 237521148183.94757 1537164700530443.5 1154893713.9030762 4.5628559811910483e+17 1819491144377262.8 2.4133936885819014e+17 702695772515.7316 452.6972058609627 199433615707039.75 48
1847552843608.3867 361417.64737911907 448534.4373374251 7.698863671163043e+16 237521148183.94757 1537164700530443.5 1154893713.9030762 4.5628559811910483e+17 1819491144377262.8 2.4133936885819014e+17 702695772515.7316 463337421830073.25 199433615707039.75 48
1847552843608.3867 11619189640.360012 448534.4373374251 7.698863671163043e+16 237521148183.94757 1537164700530443.5 1154893713.9030762 4.5628559811910483e+17 1819491144377262.8 2.4133936885819014e+17 36812.50656770817 463337421830073.25 1551.1587146139905 51
1847552843608.3867 11619189640.360012 1.1731613249171389 7.698863671163043e+16 237521148183.94757 1537164700530443.5 69693097.49423194 4.5628559811910483e+17 1819491144377262.8 2.4133936885819014e+17 702695772515.7316 463337421830073.25 199433615707039.75 48
1.7756955825959722 361417.64737911907 448534.4373374251 7.698863671163043e+16 18.892323985950775 1537164700530443.5 69693097.49423194 4.5628559811910483e+17 1819491144377262.8 0.6890523335827408 36812.50656770817 0.3875438249215082 1551.1587146139905 52
1847552843608.3867 11619189640.360012 291.10145179024926 7.698863671163043e+16 237521148183.94757 1537164700530443.5 1154893713.9030762 4.5628559811910483e+17 1819491144377262.8 2.4133936885819014e+17 702695772515.7316 463337421830073.25 1551.1587146139905 48
1847552843608.3867 361417.64737911907 448534.4373374251 7.698863671163043e+16 237521148183.94757 1537164700530443.5 1154893713.9030762 4.5628559811910483e+17 1819491144377262.8 2.4133936885819014e+17 702695772515.7316 463337421830073.25 199433615707039.75 48
1847552843608.3867 11619189640.360012 1.1731613249171389 7.698863671163043e+16 237521148183.94757 1537164700530443.5 69693097.49423194 4.5628559811910483e+17 1819491144377262.8 2.4133936885819014e+17 36812.50656770817 463337421830073.25 0.8804557595779465 48
5.350077723153922 11619189640.360012 448534.4373374251 7.698863671163043e+16 237521148183.94757 1537164700530443.5 1154893713.9030762 4.5628559811910483e+17 76.31776894820342 2.4133936885819014e+17 702695772515.7316 452.6972058609627 1551.1587146139905 50
5.350077723153922 11619189640.360012 1.1731613249171389 0.26 0.4430697103469716 1537164700530443.5 69693097.49423194 4.5628559811910483e+17 1819491144377262.8 2.4133936885819014e+17 36812.50656770817 463337421830073.25 1551.1587146139905 49
1847552843608.3867 11619189640.360012 448534.4373374251 7.698863671163043e+16 237521148183.94757 1537164700530443.5 69693097.49423194 4.5628559811910483e+17 76.31776894820342 2.4133936885819014e+17 36812.50656770817 452.6972058609627 0.8804557595779465 49
1.7756955825959722 361417.64737911907 448534.4373374251 7.698863671163043e+16 237521148183.94757 1537164700530443.5 69693097.49423194 4.5628559811910483e+17 1819491144377262.8 0.74 6.415631338120433 0.3875438249215082 1551.1587146139905 51
1.7756955825959722 11619189640.360012 448534.4373374251 7.698863671163043e+16 237521148183.94757 1537164700530443.5 1154893713.9030762 4.5628559811910483e+17 1819491144377262.8 2.4133936885819014e+17 702695772515.7316 463337421830073.25 1551.1587146139905 48
1847552843608.3867 11619189640.360012 448534.4373374251 7.698863671163043e+16 237521148183.94757 1537164700530443.5 1154893713.9030762 4.5628559811910483e+17 76.31776894820342 2.4133936885819014e+17 6.415631338120433 463337421830073.25 0.8804557595779465 50
1847552843608.3867 11619189640.360012 448534.4373374251 7.698863671163043e+16 237521148183.94757 42.07125938778912 69693097.49423194 4.5628559811910483e+17 76.31776894820342 2.4133936885819014e+17 36812.50656770817 1551.1587146139905 49
1847552843608.3867 11619189640.360012 1842283.9401781221 7.698863671163043e+16 237521148183.94757 42.07125938778912 1154893713.9030762 4.5628559811910483e+17 1819491144377262.8 2.4133936885819014e+17 6.415631338120433 463337421830073.25 1551.1587146139905 48
1.7756955825959722 11619189640.360012 1.1731613249171389 0.26 237521148183.94757 1537164700530443.5 69693097.49423194 4.5628559811910483e+17 1819491144377262.8 2.4133936885819014e+17 36812.50656770817 463337421830073.25 1551.1587146139905 48
1847552843608.3867 11619189640.360012 1842283.9401781221 7.698863671163043e+16 237521148183.94757 42.07125938778912 69693097.49423194 4.5628559811910483e+17 1819491144377262.8 2.4133936885819014e+17 702695772515.7316 0.3875438249215082 199433615707039.75 48
1847552843608.3867 11619189640.360012 448534.4373374251 7.698863671163043e+16 237521148183.94757 42.07125938778912 69693097.49423194 4.5628559811910483e+17 76.31776894820342 2.4133936885819014e+17 6.415631338120433 463337421830073.25 1551.1587146139905 49
1847552843608.3867 11619189640.360012 1842283.9401781221 7.698863671163043e+16 237521148183.94757 1537164700530443.5 1154893713.9030762 4.5628559811910483e+17 76.31776894820342 2.4133936885819014e+17 702695772515.7316 452.6972058609627 1551.1587146139905 48
1.7756955825959722 361417.64737911907 448534.4373374251 7.698863671163043e+16 931.9242457726648 42.07125938778912 1154893713.9030762 4.5628559811910483e+17 1819491144377262.8 2.4133936885819014e+17 36812.50656770817 0.3875438249215082 199433615707039.75 50
1.7756955825959722 11619189640.360012 448534.4373374251 7.698863671163043e+16 237521148183.94757 1537164700530443.5 1154893713.9030762 4.5628559811910483e+17 1819491144377262.8 2.4133936885819014e+17 702695772515.7316 452.6972058609627 1551.1587146139905 50
1847552843608.3867 361417.64737911907 1842283.9401781221 7.698863671163043e+16 237521148183.94757 1537164700530443.5 1154893713.9030762 4.5628559811910483e+17 1819491144377262.8 2.4133936885819014e+17 702695772515.7316 463337421830073.25 199433615707039.75 48
1.7756955825959722 361417.64737911907 448534.4373374251 7.698863671163043e+16 237521148183.94757 1537164700530443.5 1154893713.9030762 4.5628559811910483e+17 76.31776894820342 2.4133936885819014e+17 36812.50656770817 463337421830073.25 199433615707039.75 49
1847552843608.3867 361417.64737911907 291.10145179024926 7.698863671163043e+16 237521148183.94757 1537164700530443.5 1154893713.9030762 4.5628559811910483e+17 1819491144377262.8 2.4133936885819014e+17 702695772515.7316 463337421830073.25 199433615707039.75 48
1847552843608.3867 361417.64737911907 1842283.9401781221 7.698863671163043e+16 237521148183.94757 1537164700530443.5 69693097.49423194 4.5628559811910483e+17 1819491144377262.8 2.4133936885819014e+17 702695772515.7316 463337421830073.25 199433615707039.75 48
1.7756955825959722 361417.64737911907 448534.4373374251 7.698863671163043e+16 237521148183.94757 1537164700530443.5 1154893713.9030762 4.5628559811910483e+17 76.31776894820342 2.4133936885819014e+17 36812.50656770817 463337421830073.25 199433615707039.75 49
1.7756955825959722 361417.64737911907 448534.4373374251 0.28 237521148183.94757 42.07125938778912 1154893713.9030762 4.5628559811910483e+17 76.31776894820342 2.4133936885819014e+17 36812.50656770817 2.2441516296687523 1551.1587146139905 51
1847552843608.3867 11619189640.360012 448534.4373374251 7.698863671163043e+16 237521148183.94757 1537164700530443.5 69693097.49423194 4.5628559811910483e+17 76.31776894820342 2.4133936885819014e+17 702695772515.7316 463337421830073.25 1551.1587146139905 51
1847552843608.3867 11619189640.360012 291.10145179024926 7.698863671163043e+16 931.9242457726648 1537164700530443.5 1154893713.9030762 4.5628559811910483e+17 1819491144377262.8 2.4133936885819014e+17 702695772515.7316 463337421830073.25 1551.1587146139905 48
1847552843608.3867 361417.64737911907 448534.4373374251 0.3 0.4430697103469716 42.07125938778912 69693097.49423194 4.5628559811910483e+17 76.31776894820342 0.6890523335827408 6.415631338120433 2.2441516296687523 1551.1587146139905 51
1847552843608.3867 11619189640.360012 448534.4373374251 7.698863671163043e+16 237521148183.94757 1537164700530443.5 69693097.49423194 4.5628559811910483e+17 1819491144377262.8 2.4133936885819014e+17 702695772515.7316 463337421830073.25 199433615707039.75 48
1847552843608.3867 361417.64737911907 1842283.9401781221 7.698863671163043e+16 237521148183.94757 1537164700530443.5 1154893713.9030762 4.5628559811910483e+17 1819491144377262.8 2.4133936885819014e+17 702695772515.7316 463337421830073.25 199433615707039.75 48
1847552843608.3867 11619189640.360012 448534.4373374251 7.698863671163043e+16 0.4430697103469716 1537164700530443.5 1154893713.9030762 0.56 76.31776894820342 2.4133936885819014e+17 36812.50656770817 2.2441516296687523 1551.1587146139905 51
1847552843608.3867 11619189640.360012 1842283.9401781221 7.698863671163043e+16 237521148183.94757 42.07125938778912 1154893713.9030762 4.5628559811910483e+17 1819491144377262.8 2.4133936885819014e+17 6.415631338120433 463337421830073.25 1551.1587146139905 48
1847552843608.3867 361417.64737911907 448534.4373374251 7.698863671163043e+16 237521148183.94757 1537164700530443.5 1154893713.9030762 4.5628559811910483e+17 76.31776894820342 2.4133936885819014e+17 36812.50656770817 463337421830073.25 1551.1587146139905 49
1847552843608.3867 11619189640.360012 291.10145179024926 7.698863671163043e+16 237521148183.94757 1537164700530443.5 69693097.49423194 4.5628559811910483e+17 1819491144377262.8 2.4133936885819014e+17 702695772515.7316 463337421830073.25 199433615707039.75 48
1847552843608.3867 361417.64737911907 448534.4373374251 7.698863671163043e+16 237521148183.94757 1537164700530443.5 1154893713.9030762 4.5628559811910483e+17 1819491144377262.8 2.4133936885819014e+17 702695772515.7316 463337421830073.25 199433615707039.75 48
5.350077723153922 11619189640.360012 448534.4373374251 7.698863671163043e+16 0.4430697103469716 1537164700530443.5 69693097.49423194 4.5628559811910483e+17 76.31776894820342 2.4133936885819014e+17 36812.50656770817 2.2441516296687523 1551.1587146139905 50
1847552843608.3867 11619189640.360012 291.10145179024926 7.698863671163043e+16 931.9242457726648 1537164700530443.5 1154893713.9030762 4.5628559811910483e+17 1819491144377262.8 2.4133936885819014e+17 702695772515.7316 463337421830073.25 1551.1587146139905 48
1847552843608.3867 11619189640.360012 448534.4373374251 7.698863671163043e+16 0.4430697103469716 1537164700530443.5 1154893713.9030762 0.56 76.31776894820342 2.4133936885819014e+17 36812.50656770817 2.2441516296687523 1551.1587146139905 51
1.7756955825959722 361417.64737911907 1842283.9401781221 7.698863671163043e+16 237521148183.94757 1537164700530443.5 1154893713.9030762 0.5550699353860967 1819491144377262.8 2.4133936885819014e+17 36812.50656770817 452.6972058609627 1551.1587146139905 50
1.7756955825959722 361417.64737911907 448534.4373374251 7.698863671163043e+16 237521148183.94757 1537164700530443.5 1154893713.9030762 4.5628559811910483e+17 76.31776894820342 2.4133936885819014e+17 36812.50656770817 463337421830073.25 199433615707039.75 49
1.7756955825959722 361417.64737911907 448534.4373374251 7.698863671163043e+16 931.9242457726648 1537164700530443.5 69693097.49423194 4.5628559811910483e+17 76.31776894820342 2.4133936885819014e+17 36812.50656770817 463337421830073.25 1551.1587146139905 49
1847552843608.3867 11619189640.360012 291.10145179024926 7.698863671163043e+16 237521148183.94757 42.07125938778912 1154893713.9030762 4.5628559811910483e+17 1819491144377262.8 2.4133936885819014e+17 702695772515.7316 463337421830073.25 1551.1587146139905 48
1847552843608.3867 11619189640.360012 448534.4373374251 7.698863671163043e+16 237521148183.94757 1537164700530443.5 69693097.49423194 4.5628559811910483e+17 1819491144377262.8 2.4133936885819014e+17 702695772515.7316 463337421830073.25 199433615707039.75 48
1847552843608.3867 11619189640.360012 1842283.9401781221 7.698863671163043e+16 237521148183.94757 1537164700530443.5 1154893713.9030762 4.5628559811910483e+17 1819491144377262.8 2.4133936885819014e+17 702695772515.7316 199433615707039.75 48
5.350077723153922 11619189640.360012 1842283.9401781221 7.698863671163043e+16 237521148183.94757 1537164700530443.5 69693097.49423194 4.5628559811910483e+17 1819491144377262.8 2.4133936885819014e+17 36812.50656770817 463337421830073.25 199433615707039.75 49
1847552843608.3867 11619189640.360012 1842283.9401781221 7.698863671163043e+16 237521148183.94757 1537164700530443.5 1154893713.9030762 4.5628559811910483e+17 1819491144377262.8 2.4133936885819014e+17 702695772515.7316 199433615707039.75 48
1847552843608.3867 361417.64737911907 291.10145179024926 7.698863671163043e+16 237521148183.94757 1537164700530443.5 69693097.49423194 4.5628559811910483e+17 1819491144377262.8 2.4133936885819014e+17 36812.50656770817 463337421830073.25 199433615707039.75 48
1847552843608.3867 361417.64737911907 291.10145179024926 7.698863671163043e+16 237521148183.94757 1537164700530443.5 1154893713.9030762 4.5628559811910483e+17 1819491144377262.8 2.4133936885819014e+17 702695772515.7316 463337421830073.25 199433615707039.75 48
1.7756955825959722 361417.64737911907 448534.4373374251 0.28 237521148183.94757 42.07125938778912 1154893713.9030762 4.5628559811910483e+17 76.31776894820342 2.4133936885819014e+17 36812.50656770817 2.2441516296687523 1551.1587146139905 51
1847552843608.3867 361417.64737911907 1842283.9401781221 7.698863671163043e+16 237521148183.94757 1537164700530443.5 1154893713.9030762 4.5628559811910483e+17 1819491144377262.8 2.4133936885819014e+17 36812.50656770817 463337421830073.25 199433615707039.75 48
1847552843608.3867 11619189640.360012 1.1731613249171389 7.698863671163043e+16 237521148183.94757 1537164700530443.5 69693097.49423194 4.5628559811910483e+17 76.31776894820342 2.4133936885819014e+17 702695772515.7316 452.6972058609627 199433615707039.75 48
1.7756955825959722 361417.64737911907 1842283.9401781221 7.698863671163043e+16 237521148183.94757 1537164700530443.5 69693097.49423194 4.5628559811910483e+17 1819491144377262.8 2.4133936885819014e+17 36812.50656770817 463337421830073.25 199433615707039.75 48
1847552843608.3867 361417.64737911907 1842283.9401781221 7.698863671163043e+16 237521148183.94757 1537164700530443.5 69693097.49423194 4.5628559811910483e+17 76.31776894820342 2.4133936885819014e+17 702695772515.7316 463337421830073.25 199433615707039.75 48
1.7756955825959722 11619189640.360012 448534.4373374251 7.698863671163043e+16 237521148183.94757 1537164700530443.5 69693097.49423194 4.5628559811910483e+17 76.31776894820342 2.4133936885819014e+17 36812.50656770817 2.2441516296687523 1551.1587146139905 49
1847552843608.3867 11619189640.360012 291.10145179024926 7.698863671163043e+16 237521148183.94757 1537164700530443.5 1154893713.9030762 4.5628559811910483e+17 1819491144377262.8 2.4133936885819014e+17 702695772515.7316 463337421830073.25 199433615707039.75 48
1847552843608.3867 361417.64737911907 448534.4373374251 0.26 237521148183.94757 42.07125938778912 69693097.49423194 4.5628559811910483e+17 76.31776894820342 2.4133936885819014e+17 36812.50656770817 2.2441516296687523 0.8804557595779465 50
1847552843608.3867 11619189640.360012 291.10145179024926 0.28 0.4430697103469716 1537164700530443.5 69693097.49423194 4.5628559811910483e+17 1819491144377262.8 2.4133936885819014e+17 702695772515.7316 452.6972058609627 1551.1587146139905 49
1847552843608.3867 11619189640.360012 448534.4373374251 7.698863671163043e+16 237521148183.94757 42.07125938778912 69693097.49423194 4.5628559811910483e+17 76.31776894820342 2.4133936885819014e+17 6.415631338120433 463337421830073.25 1551.1587146139905 49
1847552843608.3867 11619189640.360012 1.1731613249171389 7.698863671163043e+16 237521148183.94757 1537164700530443.5 69693097.49423194 4.5628559811910483e+17 76.31776894820342 2.4133936885819014e+17 702695772515.7316 452.6972058609627 199433615707039.75 48
1847552843608.3867 11619189640.360012 291.10145179024926 7.698863671163043e+16 237521148183.94757 1537164700530443.5 69693097.49423194 4.5628559811910483e+17 1819491144377262.8 2.4133936885819014e+17 36812.50656770817 463337421830073.25 199433615707039.75 48
1.7756955825959722 11619189640.360012 1842283.9401781221 7.698863671163043e+16 18.892323985950775 1537164700530443.5 1154893713.9030762 4.5628559811910483e+17 1819491144377262.8 2.4133936885819014e+17 702695772515.7316 463337421830073.25 199433615707039.75 49
1847552843608.3867 361417.64737911907 1842283.9401781221 7.698863671163043e+16 237521148183.94757 1537164700530443.5 1154893713.9030762 4.5628559811910483e+17 1819491144377262.8 2.4133936885819014e+17 36812.50656770817 463337421830073.25 199433615707039.75 48
1847552843608.3867 11619189640.360012 448534.4373374251 7.698863671163043e+16 237521148183.94757 1537164700530443.5 1154893713.9030762 4.5628559811910483e+17 1819491144377262.8 2.4133936885819014e+17 36812.50656770817 463337421830073.25 0.8804557595779465 48
1847552843608.3867 11619189640.360012 1.1731613249171389 7.698863671163043e+16 237521148183.94757 1537164700530443.5 1154893713.9030762 4.5628559811910483e+17 1819491144377262.8 2.4133936885819014e+17 36812.50656770817 463337421830073.25 1551.1587146139905 49
1847552843608.3867 361417.64737911907 1842283.9401781221 7.698863671163043e+16 237521148183.94757 1537164700530443.5 69693097.49423194 4.5628559811910483e+17 1819491144377262.8 2.4133936885819014e+17 36812.50656770817 463337421830073.25 199433615707039.75 48
1847552843608.3867 11619189640.360012 291.10145179024926 7.698863671163043e+16 237521148183.94757 1537164700530443.5 69693097.49423194 4.5628559811910483e+17 1819491144377262.8 2.4133936885819014e+17 36812.50656770817 463337421830073.25 199433615707039.75 48
1.7756955825959722 11619189640.360012 448534.4373374251 7.698863671163043e+16 237521148183.94757 1537164700530443.5 69693097.49423194 4.5628559811910483e+17 76.31776894820342 2.4133936885819014e+17 36812.50656770817 2.2441516296687523 1551.1587146139905 49
1847552843608.3867 11619189640.360012 448534.4373374251 7.698863671163043e+16 237521148183.94757 1537164700530443.5 1154893713.9030762 4.5628559811910483e+17 1819491144377262.8 2.4133936885819014e+17 702695772515.7316 463337421830073.25 199433615707039.75 48
1847552843608.3867 11619189640.360012 448534.4373374251 7.698863671163043e+16 931.9242457726648 1537164700530443.5 0.48 4.5628559811910483e+17 1819491144377262.8 0.6890523335827408 6.415631338120433 0.3875438249215082 0.8804557595779465 52
5.350077723153922 11619189640.360012 448534.4373374251 0.26 1.124445968598714 1537164700530443.5 69693097.49423194 4.5628559811910483e+17 76.31776894820342 0.7000000000000001 6.415631338120433 463337421830073.25 1551.1587146139905 50
1.7756955825959722 11619189640.360012 448534.4373374251 7.698863671163043e+16 237521148183.94757 1537164700530443.5 69693097.49423194 4.5628559811910483e+17 76.31776894820342 2.4133936885819014e+17 702695772515.7316 452.6972058609627 1551.1587146139905 49
1847552843608.3867 11619189640.360012 1842283.9401781221 7.698863671163043e+16 237521148183.94757 1537164700530443.5 1154893713.9030762 4.5628559811910483e+17 1819491144377262.8 2.4133936885819014e+17 702695772515.7316 463337421830073.25 199433615707039.75 48
1847552843608.3867 361417.64737911907 1842283.9401781221 7.698863671163043e+16 237521148183.94757 1537164700530443.5 1154893713.9030762 4.5628559811910483e+17 1819491144377262.8 2.4133936885819014e+17 36812.50656770817 463337421830073.25 199433615707039.75 48
5.350077723153922 11619189640.360012 448534.4373374251 7.698863671163043e+16 237521148183.94757 1537164700530443.5 69693097.49423194 4.5628559811910483e+17 76.31776894820342 2.4133936885819014e+17 36812.50656770817 2.2441516296687523 1551.1587146139905 52
1847552843608.3867 11619189640.360012 291.10145179024926 7.698863671163043e+16 237521148183.94757 1537164700530443.5 1154893713.9030762 4.5628559811910483e+17 1819491144377262.8 2.4133936885819014e+17 702695772515.7316 463337421830073.25 199433615707039.75 48
1847552843608.3867 11619189640.360012 448534.4373374251 7.698863671163043e+16 237521148183.94757 1537164700530443.5 69693097.49423194 4.5628559811910483e+17 1819491144377262.8 2.4133936885819014e+17 702695772515.7316 463337421830073.25 199433615707039.75 48
1847552843608.3867 361417.64737911907 448534.4373374251 7.698863671163043e+16 18.892323985950775 42.07125938778912 69693097.49423194 4.5628559811910483e+17 76.31776894820342 2.4133936885819014e+17 36812.50656770817 463337421830073.25 1551.1587146139905 50
5.350077723153922 11619189640.360012 1842283.9401781221 7.698863671163043e+16 237521148183.94757 42.07125938778912 1154893713.9030762 4.5628559811910483e+17 1819491144377262.8 2.4133936885819014e+17 36812.50656770817 452.6972058609627 0.8804557595779465 50
1847552843608.3867 11619189640.360012 1.1731613249171389 7.698863671163043e+16 237521148183.94757 1537164700530443.5 69693097.49423194 4.5628559811910483e+17 1819491144377262.8 2.4133936885819014e+17 702695772515.7316 2.2441516296687523 199433615707039.75 48
1847552843608.3867 11619189640.360012 291.10145179024926 7.698863671163043e+16 931.9242457726648 1537164700530443.5 1154893713.9030762 4.5628559811910483e+17 1819491144377262.8 2.4133936885819014e+17 702695772515.7316 463337421830073.25 199433615707039.75 48
1847552843608.3867 11619189640.360012 291.10145179024926 7.698863671163043e+16 931.9242457726648 1537164700530443.5 1154893713.9030762 4.5628559811910483e+17 1819491144377262.8 2.4133936885819014e+17 702695772515.7316 463337421830073.25 199433615707039.75 48
1847552843608.3867 11619189640.360012 1842283.9401781221 7.698863671163043e+16 237521148183.94757 42.07125938778912 1154893713.9030762 4.5628559811910483e+17 1819491144377262.8 2.4133936885819014e+17 702695772515.7316 452.6972058609627 1551.1587146139905 48
1847552843608.3867 11619189640.360012 1842283.9401781221 7.698863671163043e+16 237521148183.94757 42.07125938778912 69693097.49423194 4.5628559811910483e+17 1819491144377262.8 2.4133936885819014e+17 702695772515.7316 0.3875438249215082 199433615707039.75 48
1.7756955825959722 11619189640.360012 1.1731613249171389 7.698863671163043e+16 237521148183.94757 1537164700530443.5 69693097.49423194 4.5628559811910483e+17 76.31776894820342 2.4133936885819014e+17 36812.50656770817 463337421830073.25 199433615707039.75 48
1847552843608.3867 361417.64737911907 448534.4373374251 0.28 1.124445968598714 1537164700530443.5 0.48 4.5628559811910483e+17 76.31776894820342 0.7000000000000001 36812.50656770817 463337421830073.25 199433615707039.75 50
5.350077723153922 11619189640.360012 1.1731613249171389 0.26 0.4430697103469716 1537164700530443.5 69693097.49423194 4.5628559811910483e+17 1819491144377262.8 2.4133936885819014e+17 36812.50656770817 463337421830073.25 1551.1587146139905 49
1847552843608.3867 11619189640.360012 1842283.9401781221 7.698863671163043e+16 237521148183.94757 42.07125938778912 69693097.49423194 4.5628559811910483e+17 1819491144377262.8 2.4133936885819014e+17 36812.50656770817 463337421830073.25 199433615707039.75 48
1847552843608.3867 361417.64737911907 448534.4373374251 7.698863671163043e+16 18.892323985950775 1537164700530443.5 1154893713.9030762 4.5628559811910483e+17 76.31776894820342 2.4133936885819014e+17 702695772515.7316 463337421830073.25 199433615707039.75 48
1847552843608.3867 11619189640.360012 291.10145179024926 7.698863671163043e+16 237521148183.94757 42.07125938778912 1154893713.9030762 4.5628559811910483e+17 1819491144377262.8 2.4133936885819014e+17 702695772515.7316 463337421830073.25 1551.1587146139905 48
1.7756955825959722 11619189640.360012 448534.4373374251 7.698863671163043e+16 18.892323985950775 42.07125938778912 69693097.49423194 4.5628559811910483e+17 76.31776894820342 2.4133936885819014e+17 702695772515.7316 0.3875438249215082 1551.1587146139905 51
1847552843608.3867 11619189640.360012 291.10145179024926 7.698863671163043e+16 237521148183.94757 1537164700530443.5 1154893713.9030762 4.5628559811910483e+17 1819491144377262.8 2.4133936885819014e+17 702695772515.7316 463337421830073.25 199433615707039.75 48
1847552843608.3867 11619189640.360012 448534.4373374251 7.698863671163043e+16 18.892323985950775 1537164700530443.5 1154893713.9030762 4.5628559811910483e+17 76.31776894820342 2.4133936885819014e+17 36812.50656770817 452.6972058609627 1551.1587146139905 50
1847552843608.3867 11619189640.360012 448534.4373374251 7.698863671163043e+16 931.9242457726648 1537164700530443.5 1154893713.9030762 4.5628559811910483e+17 76.31776894820342 2.4133936885819014e+17 36812.50656770817 463337421830073.25 0.8804557595779465 50
5.350077723153922 11619189640.360012 1.1731613249171389 7.698863671163043e+16 237521148183.94757 1537164700530443.5 1154893713.9030762 4.5628559811910483e+17 1819491144377262.8 2.4133936885819014e+17 702695772515.7316 2.2441516296687523 199433615707039.75 49
5.350077723153922 361417.64737911907 1.1731613249171389 7.698863671163043e+16 237521148183.94757 1537164700530443.5 1154893713.9030762 4.5628559811910483e+17 1819491144377262.8 2.4133936885819014e+17 702695772515.7316 463337421830073.25 199433615707039.75 48
1.7756955825959722 361417.64737911907 291.10145179024926 7.698863671163043e+16 237521148183.94757 1537164700530443.5 69693097.49423194 4.5628559811910483e+17 76.31776894820342 2.4133936885819014e+17 702695772515.7316 452.6972058609627 199433615707039.75 48
1.7756955825959722 11619189640.360012 291.10145179024926 7.698863671163043e+16 237521148183.94757 1537164700530443.5 1154893713.9030762 4.5628559811910483e+17 76.31776894820342 2.4133936885819014e+17 36812.50656770817 0.3875438249215082 0.8804557595779465 50
1847552843608.3867 11619189640.360012 448534.4373374251 7.698863671163043e+16 237521148183.94757 1537164700530443.5 69693097.49423194 4.5628559811910483e+17 76.31776894820342 2.4133936885819014e+17 36812.50656770817 452.6972058609627 0.8804557595779465 49
1847552843608.3867 361417.64737911907 291.10145179024926 7.698863671163043e+16 0.4430697103469716 42.07125938778912 69693097.49423194 4.5628559811910483e+17 76.31776894820342 2.4133936885819014e+17 702695772515.7316 452.6972058609627 199433615707039.75 48
5.350077723153922 11619189640.360012 1842283.9401781221 7.698863671163043e+16 237521148183.94757 42.07125938778912 1154893713.9030762 4.5628559811910483e+17 1819491144377262.8 2.4133936885819014e+17 36812.50656770817 452.6972058609627 0.8804557595779465 50
1.7756955825959722 11619189640.360012 448534.4373374251 7.698863671163043e+16 237521148183.94757 1537164700530443.5 69693097.49423194 4.5628559811910483e+17 1819491144377262.8 2.4133936885819014e+17 702695772515.7316 2.2441516296687523 0.8804557595779465 49
1.7756955825959722 361417.64737911907 448534.4373374251 7.698863671163043e+16 931.9242457726648 1537164700530443.5 1154893713.9030762 4.5628559811910483e+17 1819491144377262.8 2.4133936885819014e+17 36812.50656770817 2.2441516296687523 199433615707039.75 48
1847552843608.3867 11619189640.360012 291.10145179024926 7.698863671163043e+16 931.9242457726648 1537164700530443.5 1154893713.9030762 4.5628559811910483e+17 1819491144377262.8 2.4133936885819014e+17 702695772515.7316 463337421830073.25 199433615707039.75 48
5.350077723153922 11619189640.360012 291.10145179024926 7.698863671163043e+16 237521148183.94757 1537164700530443.5 1154893713.9030762 4.5628559811910483e+17 76.31776894820342 2.4133936885819014e+17 702695772515.7316 463337421830073.25 199433615707039.75 48
5.350077723153922 361417.64737911907 448534.4373374251 0.28 237521148183.94757 1537164700530443.5 1154893713.9030762 4.5628559811910483e+17 76.31776894820342 2.4133936885819014e+17 36812.50656770817 463337421830073.25 199433615707039.75 49
1847552843608.3867 361417.64737911907 1842283.9401781221 7.698863671163043e+16 237521148183.94757 1537164700530443.5 69693097.49423194 4.5628559811910483e+17 1819491144377262.8 2.4133936885819014e+17 36812.50656770817 463337421830073.25 199433615707039.75 48
1847552843608.3867 11619189640.360012 448534.4373374251 7.698863671163043e+16 237521148183.94757 1537164700530443.5 69693097.49423194 4.5628559811910483e+17 76.31776894820342 2.4133936885819014e+17 36812.50656770817 452.6972058609627 0.8804557595779465 49
1847552843608.3867 11619189640.360012 1842283.9401781221 7.698863671163043e+16 237521148183.94757 1537164700530443.5 69693097.49423194 4.5628559811910483e+17 1819491144377262.8 2.4133936885819014e+17 702695772515.7316 0.3875438249215082 199433615707039.75 49
1.7756955825959722 11619189640.360012 1.1731613249171389 0.26 237521148183.94757 1537164700530443.5 69693097.49423194 4.5628559811910483e+17 1819491144377262.8 2.4133936885819014e+17 36812.50656770817 463337421830073.25 1551.1587146139905 48
1847552843608.3867 11619189640.360012 448534.4373374251 7.698863671163043e+16 0.4430697103469716 1537164700530443.5 69693097.49423194 4.5628559811910483e+17 76.31776894820342 2.4133936885819014e+17 702695772515.7316 463337421830073.25 1551.1587146139905 49
1847552843608.3867 361417.64737911907 448534.4373374251 7.698863671163043e+16 237521148183.94757 1537164700530443.5 69693097.49423194 4.5628559811910483e+17 76.31776894820342 2.4133936885819014e+17 36812.50656770817 463337421830073.25 199433615707039.75 48
1.7756955825959722 11619189640.360012 448534.4373374251 7.698863671163043e+16 237521148183.94757 1537164700530443.5 1154893713.9030762 4.5628559811910483e+17 76.31776894820342 2.4133936885819014e+17 6.415631338120433 463337421830073.25 1551.1587146139905 52
1847552843608.3867 11619189640.360012 448534.4373374251 7.698863671163043e+16 237521148183.94757 42.07125938778912 69693097.49423194 4.5628559811910483e+17 76.31776894820342 2.4133936885819014e+17 702695772515.7316 2.2441516296687523 1551.1587146139905 51
5.350077723153922 11619189640.360012 291.10145179024926 7.698863671163043e+16 237521148183.94757 1537164700530443.5 1154893713.9030762 4.5628559811910483e+17 76.31776894820342 2.4133936885819014e+17 702695772515.7316 463337421830073.25 199433615707039.75 48
1.7756955825959722 361417.64737911907 1.1731613249171389 7.698863671163043e+16 237521148183.94757 1537164700530443.5 1154893713.9030762 4.5628559811910483e+17 1819491144377262.8 2.4133936885819014e+17 702695772515.7316 2.2441516296687523 199433615707039.75 48
1847552843608.3867 11619189640.360012 448534.4373374251 7.698863671163043e+16 237521148183.94757 1537164700530443.5 69693097.49423194 4.5628559811910483e+17 76.31776894820342 2.4133936885819014e+17 36812.50656770817 452.6972058609627 0.8804557595779465 49
1.7756955825959722 361417.64737911907 448534.4373374251 7.698863671163043e+16 237521148183.94757 1537164700530443.5 1154893713.9030762 4.5628559811910483e+17 76.31776894820342 2.4133936885819014e+17 36812.50656770817 2.2441516296687523 199433615707039.75 49
1847552843608.3867 11619189640.360012 448534.4373374251 7.698863671163043e+16 237521148183.94757 1537164700530443.5 69693097.49423194 4.5628559811910483e+17 76.31776894820342 2.4133936885819014e+17 36812.50656770817 452.6972058609627 0.8804557595779465 49
1.7756955825959722 11619189640.360012 448534.4373374251 7.698863671163043e+16 237521148183.94757 1537164700530443.5 69693097.49423194 4.5628559811910483e+17 1819491144377262.8 2.4133936885819014e+17 702695772515.7316 463337421830073.25 0.8804557595779465 48
1.7756955825959722 361417.64737911907 1.1731613249171389 7.698863671163043e+16 237521148183.94757 1537164700530443.5 1154893713.9030762 4.5628559811910483e+17 1819491144377262.8 2.4133936885819014e+17 702695772515.7316 2.2441516296687523 199433615707039.75 48
1.7756955825959722 11619189640.360012 448534.4373374251 7.698863671163043e+16 237521148183.94757 1537164700530443.5 69693097.49423194 4.5628559811910483e+17 76.31776894820342 2.4133936885819014e+17 36812.50656770817 2.2441516296687523 1551.1587146139905 49
1.7756955825959722 361417.64737911907 1.1731613249171389 7.698863671163043e+16 237521148183.94757 1537164700530443.5 1154893713.9030762 4.5628559811910483e+17 1819491144377262.8 2.4133936885819014e+17 6.415631338120433 463337421830073.25 199433615707039.75 48
1847552843608.3867 361417.64737911907 1842283.9401781221 7.698863671163043e+16 237521148183.94757 1537164700530443.5 1154893713.9030762 4.5628559811910483e+17 1819491144377262.8 2.4133936885819014e+17 36812.50656770817 463337421830073.25 199433615707039.75 48
1.7756955825959722 361417.64737911907 448534.4373374251 7.698863671163043e+16 931.9242457726648 1537164700530443.5 69693097.49423194 4.5628559811910483e+17 76.31776894820342 2.4133936885819014e+17 36812.50656770817 463337421830073.25 1551.1587146139905 49
1.7756955825959722 361417.64737911907 448534.4373374251 7.698863671163043e+16 237521148183.94757 1537164700530443.5 1154893713.9030762 4.5628559811910483e+17 76.31776894820342 2.4133936885819014e+17 36812.50656770817 463337421830073.25 199433615707039.75 49
1847552843608.3867 11619189640.360012 1842283.9401781221 7.698863671163043e+16 237521148183.94757 42.07125938778912 69693097.49423194 4.5628559811910483e+17 76.31776894820342 2.4133936885819014e+17 36812.50656770817 452.6972058609627 0.8804557595779465 50
1847552843608.3867 11619189640.360012 448534.4373374251 7.698863671163043e+16 237521148183.94757 1537164700530443.5 1154893713.9030762 4.5628559811910483e+17 1819491144377262.8 2.4133936885819014e+17 702695772515.7316 463337421830073.25 1551.1587146139905 49
1.7756955825959722 361417.64737911907 1842283.9401781221 7.698863671163043e+16 18.892323985950775 1537164700530443.5 69693097.49423194 4.5628559811910483e+17 1819491144377262.8 2.4133936885819014e+17 36812.50656770817 463337421830073.25 1551.1587146139905 48
1847552843608.3867 11619189640.360012 448534.4373374251 7.698863671163043e+16 237521148183.94757 1537164700530443.5 69693097.49423194 4.5628559811910483e+17 1819491144377262.8 2.4133936885819014e+17 702695772515.7316 463337421830073.25 199433615707039.75 48
1.7756955825959722 361417.64737911907 448534.4373374251 7.698863671163043e+16 237521148183.94757 1537164700530443.5 1154893713.9030762 4.5628559811910483e+17 76.31776894820342 2.4133936885819014e+17 36812.50656770817 463337421830073.25 199433615707039.75 49
1.7756955825959722 361417.64737911907 448534.4373374251 7.698863671163043e+16 237521148183.94757 1537164700530443.5 1154893713.9030762 4.5628559811910483e+17 1819491144377262.8 2.4133936885819014e+17 702695772515.7316 2.2441516296687523 199433615707039.75 48
1847552843608.3867 11619189640.360012 291.10145179024926 7.698863671163043e+16 237521148183.94757 1537164700530443.5 1154893713.9030762 4.5628559811910483e+17 1819491144377262.8 2.4133936885819014e+17 36812.50656770817 1551.1587146139905 48
1847552843608.3867 11619189640.360012 1842283.9401781221 7.698863671163043e+16 1.124445968598714 1537164700530443.5 69693097.49423194 4.5628559811910483e+17 1819491144377262.8 2.4133936885819014e+17 702695772515.7316 463337421830073.25 199433615707039.75 48
1847552843608.3867 11619189640.360012 291.10145179024926 7.698863671163043e+16 237521148183.94757 1537164700530443.5 1154893713.9030762 4.5628559811910483e+17 1819491144377262.8 2.4133936885819014e+17 702695772515.7316 463337421830073.25 199433615707039.75 48
1.7756955825959722 11619189640.360012 1842283.9401781221 7.698863671163043e+16 237521148183.94757 42.07125938778912 1154893713.9030762 4.5628559811910483e+17 76.31776894820342 2.4133936885819014e+17 36812.50656770817 463337421830073.25 199433615707039.75 48
1847552843608.3867 11619189640.360012 1.1731613249171389 7.698863671163043e+16 237521148183.94757 1537164700530443.5 69693097.49423194 4.5628559811910483e+17 76.31776894820342 2.4133936885819014e+17 702695772515.7316 452.6972058609627 199433615707039.75 48
1.7756955825959722 11619189640.360012 1842283.9401781221 7.698863671163043e+16 237521148183.94757 1537164700530443.5 69693097.49423194 4.5628559811910483e+17 1819491144377262.8 2.4133936885819014e+17 36812.50656770817 0.3875438249215082 1551.1587146139905 50
1847552843608.3867 11619189640.360012 1.1731613249171389 7.698863671163043e+16 237521148183.94757 1537164700530443.5 1154893713.9030762 4.5628559811910483e+17 1819491144377262.8 2.4133936885819014e+17 36812.50656770817 463337421830073.25 1551.1587146139905 49
1.7756955825959722 361417.64737911907 1842283.9401781221 7.698863671163043e+16 18.892323985950775 1537164700530443.5 69693097.49423194 4.5628559811910483e+17 1819491144377262.8 2.4133936885819014e+17 36812.50656770817 463337421830073.25 1551.1587146139905 48
1.7756955825959722 11619189640.360012 1.1731613249171389 0.26 237521148183.94757 1537164700530443.5 69693097.49423194 4.5628559811910483e+17 1819491144377262.8 2.4133936885819014e+17 36812.50656770817 463337421830073.25 1551.1587146139905 48
1.7756955825959722 361417.64737911907 448534.4373374251 7.698863671163043e+16 237521148183.94757 1537164700530443.5 1154893713.9030762 4.5628559811910483e+17 76.31776894820342 2.4133936885819014e+17 36812.50656770817 2.2441516296687523 199433615707039.75 49
1.7756955825959722 361417.64737911907 291.10145179024926 7.698863671163043e+16 237521148183.94757 1537164700530443.5 69693097.49423194 4.5628559811910483e+17 76.31776894820342 2.4133936885819014e+17 702695772515.7316 452.6972058609627 199433615707039.75 48
1.7756955825959722 361417.64737911907 448534.4373374251 7.698863671163043e+16 18.892323985950775 1537164700530443.5 69693097.49423194 4.5628559811910483e+17 1819491144377262.8 2.4133936885819014e+17 702695772515.7316 463337421830073.25 199433615707039.75 49
5.350077723153922 11619189640.360012 1.1731613249171389 0.28 237521148183.94757 1537164700530443.5 69693097.49423194 4.5628559811910483e+17 1819491144377262.8 0.6890523335827408 6.415631338120433 463337421830073.25 1551.1587146139905 48
1847552843608.3867 11619189640.360012 448534.4373374251 7.698863671163043e+16 237521148183.94757 1537164700530443.5 69693097.49423194 4.5628559811910483e+17 76.31776894820342 2.4133936885819014e+17 36812.50656770817 2.2441516296687523 1551.1587146139905 51
1847552843608.3867 11619189640.360012 291.10145179024926 7.698863671163043e+16 237521148183.94757 1537164700530443.5 1154893713.9030762 4.5628559811910483e+17 1819491144377262.8 2.4133936885819014e+17 702695772515.7316 463337421830073.25 199433615707039.75 48
1847552843608.3867 361417.64737911907 448534.4373374251 7.698863671163043e+16 18.892323985950775 42.07125938778912 69693097.49423194 4.5628559811910483e+17 76.31776894820342 2.4133936885819014e+17 36812.50656770817 463337421830073.25 1551.1587146139905 50
1.7756955825959722 11619189640.360012 448534.4373374251 7.698863671163043e+16 237521148183.94757 1537164700530443.5 69693097.49423194 4.5628559811910483e+17 76.31776894820342 0.6890523335827408 702695772515.7316 2.2441516296687523 1551.1587146139905 50
1.7756955825959722 361417.64737911907 1.1731613249171389 7.698863671163043e+16 237521148183.94757 1537164700530443.5 1154893713.9030762 4.5628559811910483e+17 1819491144377262.8 2.4133936885819014e+17 6.415631338120433 463337421830073.25 199433615707039.75 48
1847552843608.3867 11619189640.360012 1842283.9401781221 7.698863671163043e+16 237521148183.94757 1537164700530443.5 69693097.49423194 4.5628559811910483e+17 1819491144377262.8 2.4133936885819014e+17 702695772515.7316 0.3875438249215082 199433615707039.75 49
5.350077723153922 361417.64737911907 1.1731613249171389 7.698863671163043e+16 237521148183.94757 1537164700530443.5 1154893713.9030762 4.5628559811910483e+17 1819491144377262.8 2.4133936885819014e+17 702695772515.7316 463337421830073.25 199433615707039.75 48
1.7756955825959722 361417.64737911907 1842283.9401781221 7.698863671163043e+16 237521148183.94757 1537164700530443.5 0.48 4.5628559811910483e+17 1819491144377262.8 2.4133936885819014e+17 36812.50656770817 463337421830073.25 199433615707039.75 48
1847552843608.3867 11619189640.360012 448534.4373374251 7.698863671163043e+16 237521148183.94757 1537164700530443.5 1154893713.9030762 4.5628559811910483e+17 76.31776894820342 2.4133936885819014e+17 36812.50656770817 463337421830073.25 0.8804557595779465 48
1.7756955825959722 361417.64737911907 1842283.9401781221 7.698863671163043e+16 237521148183.94757 1537164700530443.5 69693097.49423194 4.5628559811910483e+17 1819491144377262.8 2.4133936885819014e+17 702695772515.7316 463337421830073.25 199433615707039.75 48
1.7756955825959722 361417.64737911907 448534.4373374251 7.698863671163043e+16 237521148183.94757 1537164700530443.5 69693097.49423194 4.5628559811910483e+17 1819491144377262.8 0.6890523335827408 6.415631338120433 2.2441516296687523 199433615707039.75 51
1.7756955825959722 11619189640.360012 448534.4373374251 7.698863671163043e+16 237521148183.94757 1537164700530443.5 69693097.49423194 4.5628559811910483e+17 76.31776894820342 0.6890523335827408 702695772515.7316 2.2441516296687523 1551.1587146139905 50
