1e-10 1.3724760923658494e-260 2.7334754386515165e-147 1.1000000000000001e-09 1.6e-09 2.1e-09 2.5e-09 3e-09 3.1e-09 3.3e-09 3.9e-09 4.1e-09 4.5e-09 48
1e-10 6e-10 7.946549736945287e-293 1.1000000000000001e-09 1.6e-09 2.1e-09 2.3e-09 3e-09 3.1e-09 3.3e-09 3.9e-09 2.0176431790944963e-179 4.80881810961526e-310 49
1e-10 1.3724760923658494e-260 2.7334754386515165e-147 1.1000000000000001e-09 1.6e-09 2.1e-09 2.5e-09 3e-09 3.1e-09 3.3e-09 3.9e-09 2.0176431790944963e-179 4.5e-09 49
1.61779926327767e-181 1.3724760923658494e-260 2.7334754386515165e-147 1.1000000000000001e-09 1.6e-09 2.1e-09 2.5e-09 3e-09 4.3227297514817696e-262 3.3e-09 3.8e-09 2.0176431790944963e-179 4.5e-09 48
1.61779926327767e-181 1.3724760923658494e-260 1e-09 1.1000000000000001e-09 1.6e-09 2.1e-09 2.3e-09 3e-09 4.3227297514817696e-262 3.3e-09 3.9e-09 4.1e-09 4.5e-09 49
1.61779926327767e-181 6e-10 1e-09 1.1000000000000001e-09 1.6e-09 2.1e-09 2.5e-09 3e-09 3.1e-09 3.3e-09 3.9e-09 1.5609815182771116e-131 4.242585727294266e-17 52
1e-10 6e-10 1e-09 1.1000000000000001e-09 1.6e-09 2.1e-09 2.5e-09 3e-09 4.3227297514817696e-262 3.3e-09 3.9e-09 4.1e-09 4.80881810961526e-310 51
1e-10 6e-10 1e-09 1.1000000000000001e-09 1.6e-09 2.1e-09 2.5e-09 3e-09 3.1e-09 3.3e-09 3.8e-09 4.1e-09 4.5e-09 48
1.61779926327767e-181 6e-10 1e-09 1.1000000000000001e-09 1.6e-09 2.1e-09 2.3e-09 3e-09 3.1e-09 3.3e-09 3.8e-09 2.0176431790944963e-179 4.80881810961526e-310 50
1e-10 1.3724760923658494e-260 7.946549736945287e-293 1.1000000000000001e-09 1.6e-09 2.1e-09 2.5e-09 3e-09 3.1e-09 3.3e-09 3.9e-09 4.1e-09 4.5e-09 48
1e-10 1.3724760923658494e-260 7.946549736945287e-293 1.1000000000000001e-09 1.6e-09 2.1e-09 2.5e-09 3e-09 3.1e-09 3.3e-09 3.8e-09 4.1e-09 48
1e-10 1.3724760923658494e-260 2.7334754386515165e-147 1.1000000000000001e-09 1.6e-09 2.1e-09 2.3e-09 3e-09 3.1e-09 3.3e-09 3.8e-09 4.1e-09 4.5e-09 48
1e-10 6e-10 2.7334754386515165e-147 1.1000000000000001e-09 1.6e-09 2.1e-09 2.5e-09 3e-09 3.1e-09 3.3e-09 3.8e-09 4.1e-09 4.80881810961526e-310 48
1e-10 6e-10 1e-09 1.1000000000000001e-09 1.6e-09 1.9036162570089065e-164 2.5e-09 3e-09 4.3227297514817696e-262 3.3e-09 3.9e-09 4.80881810961526e-310 49
1.87629348759717e-99 6e-10 1e-09 1.1000000000000001e-09 1.6e-09 2.1e-09 2.3e-09 3e-09 4.3227297514817696e-262 3.3e-09 3.8e-09 2.0176431790944963e-179 4.80881810961526e-310 49
1.61779926327767e-181 1.3724760923658494e-260 1e-09 1.1000000000000001e-09 2.437466172406128e-65 2.1e-09 2.5e-09 3e-09 3.1e-09 3.3e-09 3.8e-09 4.1e-09 4.5e-09 49
1e-10 1.3724760923658494e-260 7.946549736945287e-293 1.1000000000000001e-09 1.6e-09 2.1e-09 2.3e-09 3e-09 3.1e-09 3.3e-09 3.9e-09 4.1e-09 4.5e-09 48
1e-10 1.3724760923658494e-260 1e-09 1.1000000000000001e-09 1.6e-09 2.1e-09 2.3e-09 3e-09 3.1e-09 3.3e-09 3.8e-09 4.1e-09 4.5e-09 48
1e-10 6e-10 1e-09 1.1000000000000001e-09 1.6e-09 2.1e-09 2.5e-09 3e-09 4.3227297514817696e-262 3.3e-09 3.9e-09 4.1e-09 4.80881810961526e-310 51
1.61779926327767e-181 1.3724760923658494e-260 3.141144113691119e-50 1.1000000000000001e-09 1.6e-09 2.1e-09 2.3e-09 3e-09 3.1e-09 3.3e-09 3.8e-09 1.5609815182771116e-131 4.5e-09 48
1e-10 6e-10 1e-09 1.1000000000000001e-09 1.6e-09 2.1e-09 2.5e-09 3e-09 3.1e-09 3.3e-09 3.9e-09 4.1e-09 4.80881810961526e-310 52
1e-10 1.3724760923658494e-260 1e-09 1.1000000000000001e-09 1.6e-09 2.1e-09 0.48 3e-09 4.3227297514817696e-262 3.3e-09 3.9e-09 2.0176431790944963e-179 4.80881810961526e-310 51
1e-10 6e-10 2.7334754386515165e-147 1.1000000000000001e-09 1.6e-09 2.1e-09 2.3e-09 3e-09 3.1e-09 3.3e-09 3.8e-09 4.1e-09 4.5e-09 48
1e-10 1.3724760923658494e-260 1e-09 0.3 5.630771852917833e-83 1.9036162570089065e-164 2.5e-09 3e-09 4.3227297514817696e-262 1.6242606621152445e-17 8.277374648521954e-66 1.5609815182771116e-131 4.80881810961526e-310 51
1e-10 6e-10 1e-09 1.1000000000000001e-09 1.6e-09 2.1e-09 2.3e-09 3e-09 3.1e-09 3.3e-09 3.8e-09 4.1e-09 4.5e-09 48
1.61779926327767e-181 6e-10 3.141144113691119e-50 1.1000000000000001e-09 1.6e-09 1.9036162570089065e-164 2.5e-09 3e-09 3.1e-09 3.3e-09 8.277374648521954e-66 4.1e-09 4.242585727294266e-17 48
1.61779926327767e-181 1.3724760923658494e-260 3.141144113691119e-50 1.1000000000000001e-09 1.6e-09 2.1e-09 2.3e-09 3e-09 3.1e-09 3.3e-09 8.277374648521954e-66 4.1e-09 4.5e-09 48
1e-10 6e-10 2.7334754386515165e-147 1.1000000000000001e-09 1.6e-09 2.1e-09 2.5e-09 3e-09 3.1e-09 3.3e-09 3.8e-09 4.1e-09 4.5e-09 48
1e-10 6e-10 1e-09 1.1000000000000001e-09 1.6e-09 2.1e-09 2.3e-09 3e-09 4.3227297514817696e-262 3.3e-09 8.277374648521954e-66 4.1e-09 4.242585727294266e-17 50
1e-10 6e-10 7.946549736945287e-293 1.1000000000000001e-09 1.6e-09 2.1e-09 2.3e-09 3e-09 3.1e-09 3.3e-09 3.9e-09 1.0221005056981055e-66 4.80881810961526e-310 51
1.61779926327767e-181 6e-10 1e-09 1.1000000000000001e-09 1.6e-09 2.1e-09 2.5e-09 3e-09 3.1e-09 3.3e-09 3.9e-09 1.5609815182771116e-131 4.242585727294266e-17 52
1e-10 6e-10 1e-09 1.1000000000000001e-09 1.6e-09 2.1e-09 2.3e-09 3e-09 3.1e-09 3.3e-09 3.9e-09 2.0176431790944963e-179 4.80881810961526e-310 49
1.87629348759717e-99 6e-10 1e-09 1.1000000000000001e-09 4.789620561086907e-196 2.1e-09 2.5e-09 3e-09 3.1e-09 3.3e-09 3.9e-09 1.5609815182771116e-131 4.80881810961526e-310 50
1.61779926327767e-181 6e-10 7.946549736945287e-293 1.1000000000000001e-09 1.6e-09 2.1e-09 2.3e-09 3e-09 4.3227297514817696e-262 3.3e-09 3.9e-09 2.0176431790944963e-179 4.80881810961526e-310 51
1.61779926327767e-181 6e-10 7.946549736945287e-293 1.1000000000000001e-09 1.6e-09 2.1e-09 2.5e-09 3e-09 3.1e-09 3.3e-09 3.9e-09 1.0221005056981055e-66 4.80881810961526e-310 50
1.61779926327767e-181 6e-10 3.141144113691119e-50 1.1000000000000001e-09 1.6e-09 1.9036162570089065e-164 2.5e-09 3e-09 3.1e-09 3.3e-09 3.9e-09 2.0176431790944963e-179 4.5e-09 48
1e-10 6e-10 7.946549736945287e-293 0.28 1.6e-09 1.9036162570089065e-164 2.3e-09 3e-09 3.1e-09 3.3e-09 3.8e-09 4.1e-09 4.80881810961526e-310 48
1e-10 6e-10 3.141144113691119e-50 1.1000000000000001e-09 1.6e-09 2.1e-09 2.3e-09 3e-09 3.1e-09 3.3e-09 3.9e-09 4.1e-09 4.80881810961526e-310 49
1.61779926327767e-181 1.3724760923658494e-260 1e-09 1.1000000000000001e-09 2.437466172406128e-65 2.1e-09 2.5e-09 3e-09 3.1e-09 3.3e-09 3.8e-09 4.1e-09 4.5e-09 49
1e-10 1.3724760923658494e-260 2.7334754386515165e-147 1.1000000000000001e-09 1.6e-09 2.1e-09 2.5e-09 3e-09 3.1e-09 3.3e-09 3.8e-09 4.1e-09 4.5e-09 48
1.61779926327767e-181 6e-10 3.141144113691119e-50 1.1000000000000001e-09 5.630771852917833e-83 1.9036162570089065e-164 2.5e-09 3e-09 3.1e-09 3.3e-09 3.9e-09 2.0176431790944963e-179 4.5e-09 49
1.61779926327767e-181 6e-10 1e-09 1.1000000000000001e-09 2.437466172406128e-65 1.9036162570089065e-164 2.5e-09 3e-09 4.3227297514817696e-262 3.3e-09 3.8e-09 1.0221005056981055e-66 4.80881810961526e-310 51
1e-10 1.3724760923658494e-260 1e-09 1.1000000000000001e-09 4.789620561086907e-196 2.1e-09 2.3e-09 3e-09 4.3227297514817696e-262 3.3e-09 3.9e-09 4.1e-09 4.80881810961526e-310 50
1e-10 6e-10 1e-09 1.1000000000000001e-09 1.6e-09 2.1e-09 2.5e-09 3e-09 3.1e-09 3.3e-09 3.8e-09 4.1e-09 4.5e-09 48
1e-10 1.3724760923658494e-260 7.946549736945287e-293 1.1000000000000001e-09 1.6e-09 2.1e-09 2.5e-09 3e-09 3.1e-09 3.3e-09 3.8e-09 4.1e-09 4.5e-09 48
1e-10 1.3724760923658494e-260 2.7334754386515165e-147 1.1000000000000001e-09 4.789620561086907e-196 1.9036162570089065e-164 2.5e-09 3e-09 3.1e-09 3.3e-09 3.8e-09 1.5609815182771116e-131 4.5e-09 51
1.61779926327767e-181 6e-10 7.946549736945287e-293 0.28 1.6e-09 1.9036162570089065e-164 2.5e-09 3e-09 4.3227297514817696e-262 3.3e-09 3.9e-09 4.1e-09 4.80881810961526e-310 51
1e-10 6e-10 2.7334754386515165e-147 1.1000000000000001e-09 1.6e-09 2.1e-09 2.3e-09 3e-09 3.1e-09 3.3e-09 3.8e-09 4.1e-09 4.5e-09 48
1e-10 6e-10 1e-09 1.1000000000000001e-09 4.789620561086907e-196 2.1e-09 2.3e-09 3e-09 4.3227297514817696e-262 3.3e-09 3.9e-09 4.1e-09 4.242585727294266e-17 50
1.61779926327767e-181 1.3724760923658494e-260 7.946549736945287e-293 1.1000000000000001e-09 2.437466172406128e-65 2.1e-09 2.5e-09 3e-09 3.1e-09 3.3e-09 3.9e-09 4.1e-09 4.80881810961526e-310 48
1e-10 6e-10 7.946549736945287e-293 1.1000000000000001e-09 1.6e-09 2.1e-09 2.5e-09 3e-09 3.1e-09 3.3e-09 3.8e-09 4.1e-09 4.80881810961526e-310 48
1e-10 1.3724760923658494e-260 1e-09 1.1000000000000001e-09 1.6e-09 2.1e-09 2.3e-09 3e-09 3.1e-09 3.3e-09 3.8e-09 4.1e-09 4.5e-09 48
1e-10 6e-10 2.7334754386515165e-147 1.1000000000000001e-09 4.789620561086907e-196 2.1e-09 2.3e-09 3e-09 3.1e-09 3.3e-09 3.8e-09 4.1e-09 4.5e-09 48
1e-10 6e-10 2.7334754386515165e-147 1.1000000000000001e-09 1.6e-09 2.1e-09 2.3e-09 3e-09 3.1e-09 3.3e-09 8.277374648521954e-66 4.1e-09 4.5e-09 48
1e-10 6e-10 3.141144113691119e-50 1.1000000000000001e-09 4.789620561086907e-196 1.9036162570089065e-164 2.3e-09 3e-09 3.1e-09 3.3e-09 3.9e-09 4.1e-09 4.80881810961526e-310 48
1e-10 6e-10 7.946549736945287e-293 1.1000000000000001e-09 1.6e-09 2.1e-09 2.5e-09 3e-09 3.1e-09 3.3e-09 3.8e-09 1.0221005056981055e-66 4.5e-09 49
1.61779926327767e-181 1.3724760923658494e-260 1e-09 1.1000000000000001e-09 2.437466172406128e-65 2.1e-09 2.5e-09 3e-09 3.1e-09 1.6242606621152445e-17 3.9e-09 1.0221005056981055e-66 4.80881810961526e-310 52
1e-10 1.3724760923658494e-260 1e-09 0.26 1.6e-09 1.9036162570089065e-164 2.5e-09 3e-09 4.3227297514817696e-262 3.3e-09 3.9e-09 1.5609815182771116e-131 4.242585727294266e-17 50
1e-10 1.3724760923658494e-260 1e-09 1.1000000000000001e-09 1.6e-09 2.1e-09 2.3e-09 3e-09 3.1e-09 3.3e-09 3.8e-09 4.1e-09 4.5e-09 48
1e-10 6e-10 1e-09 1.1000000000000001e-09 1.6e-09 2.1e-09 2.3e-09 3e-09 3.1e-09 3.3e-09 3.9e-09 4.1e-09 4.242585727294266e-17 48
1.61779926327767e-181 1.3724760923658494e-260 7.946549736945287e-293 1.1000000000000001e-09 1.6e-09 2.1e-09 2.3e-09 2.6746736106855154e-17 3.1e-09 3.3e-09 3.9e-09 2.0176431790944963e-179 4.80881810961526e-310 50
1e-10 6e-10 3.141144113691119e-50 1.1000000000000001e-09 1.6e-09 2.1e-09 2.5e-09 3e-09 4.3227297514817696e-262 3.3e-09 3.8e-09 2.0176431790944963e-179 4.5e-09 48
1.61779926327767e-181 1.3724760923658494e-260 1e-09 1.1000000000000001e-09 4.789620561086907e-196 1.9036162570089065e-164 2.3e-09 3e-09 3.1e-09 3.3e-09 3.9e-09 1.0221005056981055e-66 4.5e-09 50
1e-10 6e-10 2.7334754386515165e-147 1.1000000000000001e-09 1.6e-09 2.1e-09 2.5e-09 3e-09 3.1e-09 3.3e-09 3.8e-09 2.0176431790944963e-179 4.5e-09 49
1e-10 1.3724760923658494e-260 1e-09 1.1000000000000001e-09 2.437466172406128e-65 1.9036162570089065e-164 2.5e-09 3e-09 4.3227297514817696e-262 3.3e-09 3.9e-09 4.1e-09 4.80881810961526e-310 50
1e-10 1.3724760923658494e-260 2.7334754386515165e-147 1.1000000000000001e-09 1.6e-09 2.1e-09 2.3e-09 3e-09 3.1e-09 3.3e-09 3.8e-09 4.1e-09 4.5e-09 48
1e-10 1.3724760923658494e-260 7.946549736945287e-293 1.1000000000000001e-09 1.6e-09 2.1e-09 2.5e-09 3e-09 3.1e-09 3.3e-09 3.8e-09 4.1e-09 4.5e-09 48
1.61779926327767e-181 1.3724760923658494e-260 1e-09 1.1000000000000001e-09 2.437466172406128e-65 2.1e-09 2.5e-09 3e-09 3.1e-09 1.6242606621152445e-17 3.9e-09 1.0221005056981055e-66 4.80881810961526e-310 52
1.61779926327767e-181 1.3724760923658494e-260 1e-09 1.1000000000000001e-09 1.6e-09 2.1e-09 2.3e-09 3e-09 4.3227297514817696e-262 3.3e-09 3.9e-09 1.5609815182771116e-131 4.5e-09 49
1.87629348759717e-99 6e-10 7.946549736945287e-293 1.1000000000000001e-09 1.6e-09 2.1e-09 2.5e-09 3e-09 3.1e-09 3.3e-09 3.9e-09 4.1e-09 4.5e-09 49
1e-10 1.3724760923658494e-260 7.946549736945287e-293 1.1000000000000001e-09 1.6e-09 2.1e-09 2.5e-09 3e-09 4.3227297514817696e-262 3.3e-09 3.8e-09 4.1e-09 4.5e-09 48
1.87629348759717e-99 1.3724760923658494e-260 1e-09 1.1000000000000001e-09 1.6e-09 2.1e-09 2.5e-09 3e-09 3.1e-09 3.3e-09 3.9e-09 1.5609815182771116e-131 4.80881810961526e-310 51
1e-10 6e-10 7.946549736945287e-293 1.1000000000000001e-09 1.6e-09 2.1e-09 2.5e-09 3e-09 3.1e-09 3.3e-09 3.9e-09 4.1e-09 4.80881810961526e-310 48
1e-10 1.3724760923658494e-260 2.7334754386515165e-147 1.1000000000000001e-09 1.6e-09 2.1e-09 2.3e-09 3e-09 3.1e-09 3.3e-09 3.8e-09 4.1e-09 4.5e-09 48
1e-10 6e-10 7.946549736945287e-293 1.1000000000000001e-09 1.6e-09 2.1e-09 2.3e-09 3e-09 3.1e-09 1.6242606621152445e-17 3.9e-09 4.1e-09 4.5e-09 49
1e-10 6e-10 2.7334754386515165e-147 1.1000000000000001e-09 1.6e-09 2.1e-09 2.3e-09 3e-09 3.1e-09 3.3e-09 3.8e-09 4.1e-09 4.5e-09 48
1.61779926327767e-181 1.3724760923658494e-260 7.946549736945287e-293 1.1000000000000001e-09 1.6e-09 2.1e-09 2.5e-09 3e-09 3.1e-09 3.3e-09 3.8e-09 4.1e-09 4.5e-09 48
1e-10 6e-10 7.946549736945287e-293 1.1000000000000001e-09 1.6e-09 2.1e-09 2.5e-09 3e-09 3.1e-09 3.3e-09 3.9e-09 2.0176431790944963e-179 4.80881810961526e-310 49
1.87629348759717e-99 6e-10 1e-09 1.1000000000000001e-09 1.6e-09 2.1e-09 2.5e-09 3e-09 4.3227297514817696e-262 3.3e-09 3.9e-09 2.0176431790944963e-179 4.80881810961526e-310 50
1.61779926327767e-181 1.3724760923658494e-260 7.946549736945287e-293 1.1000000000000001e-09 1.6e-09 2.1e-09 0.48 3e-09 3.1e-09 3.3e-09 3.9e-09 4.1e-09 4.5e-09 48
1.61779926327767e-181 6e-10 1e-09 1.1000000000000001e-09 2.6505872840929187e-17 2.1e-09 2.5e-09 3e-09 3.1e-09 3.3e-09 3.9e-09 1.0221005056981055e-66 4.5e-09 49
1e-10 6e-10 7.946549736945287e-293 1.1000000000000001e-09 1.6e-09 2.1e-09 2.3e-09 3e-09 3.1e-09 3.3e-09 3.8e-09 4.1e-09 4.5e-09 48
1e-10 1.3724760923658494e-260 2.7334754386515165e-147 1.1000000000000001e-09 1.6e-09 2.1e-09 2.5e-09 3e-09 3.1e-09 3.3e-09 3.9e-09 2.0176431790944963e-179 4.5e-09 49
1e-10 6e-10 3.141144113691119e-50 1.1000000000000001e-09 1.6e-09 2.1e-09 2.3e-09 3e-09 3.1e-09 3.3e-09 3.9e-09 4.1e-09 4.80881810961526e-310 49
1e-10 6e-10 1e-09 1.1000000000000001e-09 1.6e-09 2.1e-09 2.3e-09 3e-09 4.3227297514817696e-262 3.3e-09 8.277374648521954e-66 4.1e-09 4.242585727294266e-17 50
1.61779926327767e-181 1.3724760923658494e-260 7.946549736945287e-293 1.1000000000000001e-09 2.437466172406128e-65 2.1e-09 2.5e-09 3e-09 3.1e-09 3.3e-09 3.8e-09 4.1e-09 4.5e-09 48
1e-10 6e-10 1e-09 1.1000000000000001e-09 4.789620561086907e-196 2.1e-09 0.48 3e-09 3.1e-09 1.6242606621152445e-17 8.277374648521954e-66 1.0221005056981055e-66 4.242585727294266e-17 52
1e-10 1.3724760923658494e-260 2.7334754386515165e-147 1.1000000000000001e-09 1.6e-09 2.1e-09 2.5e-09 3e-09 3.1e-09 3.3e-09 3.8e-09 4.1e-09 4.5e-09 48
1.61779926327767e-181 6e-10 7.946549736945287e-293 1.1000000000000001e-09 1.6e-09 2.1e-09 2.5e-09 3e-09 3.1e-09 3.3e-09 3.9e-09 1.0221005056981055e-66 4.80881810961526e-310 50
1.61779926327767e-181 1.3724760923658494e-260 1e-09 1.1000000000000001e-09 1.6e-09 2.1e-09 2.3e-09 3e-09 4.3227297514817696e-262 3.3e-09 3.9e-09 4.1e-09 4.5e-09 49
1.87629348759717e-99 1.3724760923658494e-260 3.141144113691119e-50 1.1000000000000001e-09 1.6e-09 2.1e-09 2.3e-09 3e-09 3.1e-09 3.3e-09 3.8e-09 4.1e-09 4.5e-09 48
1e-10 6e-10 2.7334754386515165e-147 1.1000000000000001e-09 1.6e-09 2.1e-09 2.3e-09 3e-09 3.1e-09 3.3e-09 3.8e-09 4.1e-09 4.80881810961526e-310 49
1e-10 1.3724760923658494e-260 1e-09 1.1000000000000001e-09 4.789620561086907e-196 2.1e-09 2.3e-09 3e-09 4.3227297514817696e-262 3.3e-09 3.9e-09 4.1e-09 4.80881810961526e-310 50
1.61779926327767e-181 6e-10 1e-09 1.1000000000000001e-09 2.6505872840929187e-17 2.1e-09 2.5e-09 3e-09 3.1e-09 3.3e-09 3.9e-09 1.0221005056981055e-66 4.5e-09 49
1e-10 1.3724760923658494e-260 1e-09 0.28 2.6505872840929187e-17 2.1e-09 0.48 3e-09 4.3227297514817696e-262 0.7000000000000001 3.9e-09 4.1e-09 4.5e-09 50
1e-10 1.3724760923658494e-260 7.946549736945287e-293 1.1000000000000001e-09 1.6e-09 2.1e-09 2.5e-09 3e-09 3.1e-09 3.3e-09 3.8e-09 4.1e-09 4.5e-09 48
1e-10 6e-10 1e-09 1.1000000000000001e-09 1.6e-09 2.1e-09 2.3e-09 3e-09 4.3227297514817696e-262 3.3e-09 3.9e-09 2.0176431790944963e-179 4.80881810961526e-310 51
1e-10 6e-10 1e-09 1.1000000000000001e-09 1.6e-09 2.1e-09 2.5e-09 3e-09 4.3227297514817696e-262 3.3e-09 3.9e-09 2.0176431790944963e-179 4.5e-09 51
1.61779926327767e-181 1.3724760923658494e-260 1e-09 1.1000000000000001e-09 1.6e-09 2.1e-09 2.3e-09 3e-09 3.1e-09 3.3e-09 3.8e-09 1.5609815182771116e-131 4.5e-09 48
1e-10 1.3724760923658494e-260 7.946549736945287e-293 1.1000000000000001e-09 1.6e-09 2.1e-09 2.3e-09 3e-09 3.1e-09 3.3e-09 3.8e-09 4.1e-09 4.5e-09 48
1e-10 6e-10 2.7334754386515165e-147 1.1000000000000001e-09 1.6e-09 2.1e-09 2.5e-09 3e-09 3.1e-09 3.3e-09 3.8e-09 4.1e-09 4.5e-09 48
1e-10 6e-10 2.7334754386515165e-147 1.1000000000000001e-09 1.6e-09 2.1e-09 2.3e-09 3e-09 3.1e-09 3.3e-09 8.277374648521954e-66 4.1e-09 4.5e-09 48
1e-10 6e-10 7.946549736945287e-293 1.1000000000000001e-09 1.6e-09 2.1e-09 2.5e-09 3e-09 3.1e-09 3.3e-09 3.8e-09 4.1e-09 4.80881810961526e-310 48
1e-10 6e-10 1e-09 1.1000000000000001e-09 1.6e-09 2.1e-09 2.5e-09 3e-09 3.1e-09 3.3e-09 3.8e-09 4.1e-09 4.5e-09 48
1e-10 6e-10 7.946549736945287e-293 1.1000000000000001e-09 1.6e-09 1.9036162570089065e-164 2.3e-09 3e-09 3.1e-09 3.3e-09 3.8e-09 2.0176431790944963e-179 4.80881810961526e-310 48
1e-10 1.3724760923658494e-260 1e-09 1.1000000000000001e-09 1.6e-09 2.1e-09 0.48 3e-09 4.3227297514817696e-262 3.3e-09 3.9e-09 2.0176431790944963e-179 4.80881810961526e-310 51
1e-10 6e-10 2.7334754386515165e-147 1.1000000000000001e-09 4.789620561086907e-196 2.1e-09 2.3e-09 3e-09 3.1e-09 3.3e-09 3.8e-09 4.1e-09 4.5e-09 48
1e-10 1.3724760923658494e-260 7.946549736945287e-293 1.1000000000000001e-09 1.6e-09 2.1e-09 2.3e-09 3e-09 3.1e-09 3.3e-09 3.9e-09 4.1e-09 4.5e-09 48
1e-10 6e-10 2.7334754386515165e-147 1.1000000000000001e-09 4.789620561086907e-196 2.1e-09 2.3e-09 3e-09 3.1e-09 3.3e-09 3.8e-09 4.1e-09 4.5e-09 48
1e-10 6e-10 1e-09 1.1000000000000001e-09 1.6e-09 2.1e-09 2.5e-09 3e-09 3.1e-09 3.3e-09 3.8e-09 4.1e-09 4.80881810961526e-310 49
1e-10 1.3724760923658494e-260 1e-09 1.1000000000000001e-09 2.437466172406128e-65 2.1e-09 2.3e-09 3e-09 4.3227297514817696e-262 3.3e-09 3.8e-09 4.1e-09 4.5e-09 48
1.61779926327767e-181 6e-10 7.946549736945287e-293 1.1000000000000001e-09 1.6e-09 2.1e-09 2.3e-09 3e-09 3.1e-09 3.3e-09 3.8e-09 2.0176431790944963e-179 4.80881810961526e-310 48
1e-10 6e-10 1e-09 1.1000000000000001e-09 1.6e-09 2.1e-09 2.5e-09 3e-09 4.3227297514817696e-262 3.3e-09 3.9e-09 2.0176431790944963e-179 4.5e-09 49
1e-10 6e-10 1e-09 1.1000000000000001e-09 1.6e-09 1.9036162570089065e-164 2.5e-09 3e-09 4.3227297514817696e-262 3.3e-09 3.8e-09 1.5609815182771116e-131 4.80881810961526e-310 51
1e-10 6e-10 1e-09 1.1000000000000001e-09 5.630771852917833e-83 2.1e-09 2.5e-09 3e-09 4.3227297514817696e-262 3.3e-09 3.9e-09 2.0176431790944963e-179 4.80881810961526e-310 52
1e-10 6e-10 1e-09 1.1000000000000001e-09 1.6e-09 2.1e-09 2.3e-09 3e-09 3.1e-09 3.3e-09 3.9e-09 2.0176431790944963e-179 4.80881810961526e-310 50
1e-10 6e-10 1e-09 1.1000000000000001e-09 4.789620561086907e-196 2.1e-09 2.3e-09 3e-09 4.3227297514817696e-262 3.3e-09 3.9e-09 1.5609815182771116e-131 4.80881810961526e-310 50
1e-10 6e-10 2.7334754386515165e-147 1.1000000000000001e-09 1.6e-09 2.1e-09 2.3e-09 3e-09 3.1e-09 3.3e-09 3.8e-09 4.1e-09 4.5e-09 48
1.61779926327767e-181 1.3724760923658494e-260 3.141144113691119e-50 1.1000000000000001e-09 1.6e-09 2.1e-09 2.3e-09 3e-09 3.1e-09 3.3e-09 3.8e-09 1.5609815182771116e-131 4.5e-09 48
1.87629348759717e-99 6e-10 7.946549736945287e-293 1.1000000000000001e-09 1.6e-09 2.1e-09 2.5e-09 3e-09 3.1e-09 3.3e-09 3.9e-09 4.1e-09 4.5e-09 49
1.61779926327767e-181 1.3724760923658494e-260 1e-09 1.1000000000000001e-09 1.6e-09 2.1e-09 2.3e-09 3e-09 3.1e-09 3.3e-09 3.9e-09 4.1e-09 4.5e-09 48
1e-10 6e-10 2.7334754386515165e-147 1.1000000000000001e-09 1.6e-09 2.1e-09 2.5e-09 3e-09 3.1e-09 3.3e-09 3.8e-09 2.0176431790944963e-179 4.5e-09 49
1.61779926327767e-181 6e-10 2.7334754386515165e-147 1.1000000000000001e-09 5.630771852917833e-83 2.1e-09 2.5e-09 2.6746736106855154e-17 3.1e-09 3.3e-09 3.9e-09 2.0176431790944963e-179 4.80881810961526e-310 51
1e-10 1.3724760923658494e-260 1e-09 0.26 1.6e-09 1.9036162570089065e-164 2.5e-09 3e-09 4.3227297514817696e-262 3.3e-09 3.9e-09 1.5609815182771116e-131 4.242585727294266e-17 50
1.61779926327767e-181 1.3724760923658494e-260 2.7334754386515165e-147 1.1000000000000001e-09 1.6e-09 2.1e-09 2.3e-09 3e-09 3.1e-09 3.3e-09 3.8e-09 1.5609815182771116e-131 4.5e-09 48
1.61779926327767e-181 1.3724760923658494e-260 1e-09 1.1000000000000001e-09 1.6e-09 2.1e-09 2.3e-09 3e-09 4.3227297514817696e-262 3.3e-09 3.9e-09 4.1e-09 4.5e-09 49
1.61779926327767e-181 6e-10 1e-09 1.1000000000000001e-09 1.6e-09 2.1e-09 2.5e-09 0.56 4.3227297514817696e-262 3.3e-09 8.277374648521954e-66 2.0176431790944963e-179 4.5e-09 51
1e-10 6e-10 1e-09 1.1000000000000001e-09 5.630771852917833e-83 2.1e-09 2.5e-09 3e-09 4.3227297514817696e-262 3.3e-09 3.8e-09 4.1e-09 4.80881810961526e-310 49
1e-10 1.3724760923658494e-260 2.7334754386515165e-147 1.1000000000000001e-09 1.6e-09 2.1e-09 2.5e-09 3e-09 3.1e-09 3.3e-09 3.8e-09 4.1e-09 4.5e-09 48
1e-10 6e-10 3.141144113691119e-50 1.1000000000000001e-09 1.6e-09 2.1e-09 2.5e-09 3e-09 3.1e-09 3.3e-09 3.8e-09 1.5609815182771116e-131 4.5e-09 48
1.61779926327767e-181 1.3724760923658494e-260 2.7334754386515165e-147 1.1000000000000001e-09 1.6e-09 2.1e-09 2.5e-09 3e-09 4.3227297514817696e-262 3.3e-09 3.8e-09 2.0176431790944963e-179 4.5e-09 48
1e-10 6e-10 7.946549736945287e-293 1.1000000000000001e-09 1.6e-09 2.1e-09 2.3e-09 3e-09 3.1e-09 0.7000000000000001 8.277374648521954e-66 4.1e-09 4.5e-09 48
1e-10 1.3724760923658494e-260 1e-09 1.1000000000000001e-09 1.6e-09 2.1e-09 0.48 3e-09 4.3227297514817696e-262 3.3e-09 3.9e-09 2.0176431790944963e-179 4.80881810961526e-310 51
1e-10 6e-10 2.7334754386515165e-147 1.1000000000000001e-09 1.6e-09 2.1e-09 2.3e-09 3e-09 3.1e-09 3.3e-09 3.8e-09 4.1e-09 4.5e-09 48
1.87629348759717e-99 1.3724760923658494e-260 1e-09 1.1000000000000001e-09 1.6e-09 2.1e-09 2.5e-09 3e-09 3.1e-09 3.3e-09 3.9e-09 1.5609815182771116e-131 4.80881810961526e-310 51
1.87629348759717e-99 6e-10 1e-09 1.1000000000000001e-09 5.630771852917833e-83 2.1e-09 2.5e-09 3e-09 4.3227297514817696e-262 3.3e-09 3.9e-09 1.5609815182771116e-131 4.80881810961526e-310 50
1.87629348759717e-99 1.3724760923658494e-260 3.141144113691119e-50 1.1000000000000001e-09 1.6e-09 2.1e-09 2.3e-09 3e-09 3.1e-09 3.3e-09 3.8e-09 4.1e-09 4.5e-09 48
1e-10 6e-10 7.946549736945287e-293 1.1000000000000001e-09 1.6e-09 2.1e-09 2.5e-09 3e-09 3.1e-09 3.3e-09 3.8e-09 1.5609815182771116e-131 4.80881810961526e-310 51
1e-10 6e-10 3.141144113691119e-50 1.1000000000000001e-09 1.6e-09 2.1e-09 2.5e-09 3e-09 3.1e-09 3.3e-09 3.8e-09 1.5609815182771116e-131 4.5e-09 48
1e-10 6e-10 1e-09 1.1000000000000001e-09 1.6e-09 2.1e-09 2.5e-09 3e-09 4.3227297514817696e-262 3.3e-09 3.9e-09 4.1e-09 4.80881810961526e-310 51
1.61779926327767e-181 6e-10 1e-09 1.1000000000000001e-09 1.6e-09 2.1e-09 2.5e-09 3e-09 3.1e-09 3.3e-09 3.9e-09 2.0176431790944963e-179 4.80881810961526e-310 50
1e-10 6e-10 7.946549736945287e-293 1.1000000000000001e-09 1.6e-09 2.1e-09 2.3e-09 3e-09 3.1e-09 3.3e-09 3.9e-09 2.0176431790944963e-179 4.80881810961526e-310 49
1e-10 1.3724760923658494e-260 7.946549736945287e-293 1.1000000000000001e-09 4.789620561086907e-196 2.1e-09 2.5e-09 3e-09 3.1e-09 3.3e-09 3.8e-09 4.1e-09 4.5e-09 48
1e-10 6e-10 1e-09 1.1000000000000001e-09 1.6e-09 2.1e-09 2.3e-09 3e-09 4.3227297514817696e-262 0.74 8.277374648521954e-66 4.1e-09 4.80881810961526e-310 51
1e-10 6e-10 1e-09 1.1000000000000001e-09 1.6e-09 2.1e-09 2.5e-09 3e-09 4.3227297514817696e-262 3.3e-09 3.9e-09 1.5609815182771116e-131 4.80881810961526e-310 51
1.61779926327767e-181 6e-10 7.946549736945287e-293 1.1000000000000001e-09 1.6e-09 2.1e-09 2.3e-09 3e-09 3.1e-09 3.3e-09 3.8e-09 2.0176431790944963e-179 4.80881810961526e-310 48
1.61779926327767e-181 1.3724760923658494e-260 2.7334754386515165e-147 1.1000000000000001e-09 1.6e-09 2.1e-09 2.5e-09 3e-09 4.3227297514817696e-262 3.3e-09 3.8e-09 2.0176431790944963e-179 4.5e-09 48
1e-10 6e-10 3.141144113691119e-50 1.1000000000000001e-09 4.789620561086907e-196 1.9036162570089065e-164 2.3e-09 3e-09 3.1e-09 3.3e-09 3.9e-09 4.1e-09 4.80881810961526e-310 48
1.61779926327767e-181 6e-10 7.946549736945287e-293 1.1000000000000001e-09 2.437466172406128e-65 2.1e-09 2.3e-09 3e-09 3.1e-09 3.3e-09 3.8e-09 4.1e-09 4.5e-09 49
1e-10 1.3724760923658494e-260 2.7334754386515165e-147 1.1000000000000001e-09 1.6e-09 2.1e-09 2.5e-09 3e-09 3.1e-09 3.3e-09 3.9e-09 2.0176431790944963e-179 4.5e-09 49
1.61779926327767e-181 1.3724760923658494e-260 1e-09 1.1000000000000001e-09 4.789620561086907e-196 2.1e-09 2.5e-09 3e-09 4.3227297514817696e-262 3.3e-09 3.9e-09 4.1e-09 4.80881810961526e-310 49
1e-10 6e-10 7.946549736945287e-293 1.1000000000000001e-09 1.6e-09 2.1e-09 2.3e-09 3e-09 3.1e-09 3.3e-09 3.9e-09 2.0176431790944963e-179 4.80881810961526e-310 49
1e-10 6e-10 7.946549736945287e-293 1.1000000000000001e-09 1.6e-09 1.9036162570089065e-164 2.3e-09 3e-09 3.1e-09 3.3e-09 8.277374648521954e-66 4.1e-09 4.80881810961526e-310 48
1e-10 1.3724760923658494e-260 1e-09 1.1000000000000001e-09 4.789620561086907e-196 2.1e-09 2.3e-09 3e-09 4.3227297514817696e-262 3.3e-09 3.9e-09 4.1e-09 4.80881810961526e-310 50
1e-10 6e-10 1e-09 1.1000000000000001e-09 1.6e-09 2.1e-09 2.3e-09 3e-09 3.1e-09 3.3e-09 3.9e-09 4.1e-09 4.80881810961526e-310 51
1e-10 6e-10 1e-09 1.1000000000000001e-09 4.789620561086907e-196 2.1e-09 2.5e-09 3e-09 3.1e-09 3.3e-09 3.8e-09 1.5609815182771116e-131 4.80881810961526e-310 49
1e-10 6e-10 7.946549736945287e-293 1.1000000000000001e-09 1.6e-09 2.1e-09 2.3e-09 3e-09 3.1e-09 0.7000000000000001 8.277374648521954e-66 4.1e-09 4.5e-09 48
1.87629348759717e-99 6e-10 3.141144113691119e-50 1.1000000000000001e-09 1.6e-09 2.1e-09 2.5e-09 3e-09 3.1e-09 3.3e-09 3.8e-09 4.1e-09 4.5e-09 49
1e-10 1.3724760923658494e-260 1e-09 1.1000000000000001e-09 1.6e-09 2.1e-09 2.5e-09 3e-09 3.1e-09 3.3e-09 3.9e-09 4.1e-09 4.5e-09 48
1.87629348759717e-99 1.3724760923658494e-260 1e-09 0.28 1.6e-09 2.1e-09 2.3e-09 3e-09 4.3227297514817696e-262 3.3e-09 3.9e-09 4.1e-09 4.5e-09 49
1e-10 1.3724760923658494e-260 2.7334754386515165e-147 1.1000000000000001e-09 1.6e-09 2.1e-09 2.3e-09 3e-09 3.1e-09 3.3e-09 3.8e-09 2.0176431790944963e-179 4.5e-09 48
1e-10 6e-10 1e-09 1.1000000000000001e-09 1.6e-09 2.1e-09 2.5e-09 3e-09 4.3227297514817696e-262 3.3e-09 3.9e-09 2.0176431790944963e-179 4.5e-09 51
1e-10 6e-10 1e-09 1.1000000000000001e-09 1.6e-09 2.1e-09 2.5e-09 3e-09 4.3227297514817696e-262 3.3e-09 3.9e-09 4.1e-09 4.80881810961526e-310 51
1.61779926327767e-181 6e-10 1e-09 1.1000000000000001e-09 1.6e-09 2.1e-09 2.5e-09 3e-09 3.1e-09 3.3e-09 3.8e-09 1.5609815182771116e-131 4.242585727294266e-17 49
1e-10 1.3724760923658494e-260 1e-09 1.1000000000000001e-09 1.6e-09 2.1e-09 2.5e-09 3e-09 3.1e-09 3.3e-09 3.9e-09 4.1e-09 4.5e-09 48
1.61779926327767e-181 1.3724760923658494e-260 1e-09 1.1000000000000001e-09 4.789620561086907e-196 2.1e-09 2.5e-09 3e-09 4.3227297514817696e-262 3.3e-09 3.9e-09 4.1e-09 4.80881810961526e-310 49
1.61779926327767e-181 1.3724760923658494e-260 2.7334754386515165e-147 1.1000000000000001e-09 1.6e-09 2.1e-09 2.5e-09 3e-09 4.3227297514817696e-262 3.3e-09 3.8e-09 2.0176431790944963e-179 4.5e-09 48
1e-10 6e-10 1e-09 1.1000000000000001e-09 1.6e-09 2.1e-09 2.5e-09 3e-09 4.3227297514817696e-262 3.3e-09 3.9e-09 4.1e-09 4.80881810961526e-310 51
1e-10 6e-10 2.7334754386515165e-147 1.1000000000000001e-09 1.6e-09 1.9036162570089065e-164 2.3e-09 3e-09 3.1e-09 3.3e-09 3.8e-09 4.1e-09 4.5e-09 48
1e-10 6e-10 1e-09 1.1000000000000001e-09 1.6e-09 2.1e-09 2.5e-09 3e-09 4.3227297514817696e-262 3.3e-09 3.9e-09 2.0176431790944963e-179 4.242585727294266e-17 49
1.87629348759717e-99 6e-10 1e-09 1.1000000000000001e-09 4.789620561086907e-196 2.1e-09 2.5e-09 3e-09 3.1e-09 3.3e-09 3.9e-09 1.5609815182771116e-131 4.80881810961526e-310 50
1.87629348759717e-99 1.3724760923658494e-260 1e-09 0.28 1.6e-09 2.1e-09 2.3e-09 3e-09 4.3227297514817696e-262 3.3e-09 3.9e-09 4.1e-09 4.5e-09 49
1e-10 6e-10 1e-09 1.1000000000000001e-09 1.6e-09 2.1e-09 2.5e-09 3e-09 4.3227297514817696e-262 3.3e-09 3.9e-09 2.0176431790944963e-179 4.242585727294266e-17 49
1.61779926327767e-181 1.3724760923658494e-260 7.946549736945287e-293 1.1000000000000001e-09 2.437466172406128e-65 2.1e-09 2.5e-09 3e-09 3.1e-09 3.3e-09 3.8e-09 4.1e-09 4.5e-09 48
1e-10 6e-10 1e-09 1.1000000000000001e-09 1.6e-09 2.1e-09 2.3e-09 3e-09 3.1e-09 3.3e-09 3.8e-09 2.0176431790944963e-179 4.80881810961526e-310 50
1e-10 1.3724760923658494e-260 1e-09 0.28 2.6505872840929187e-17 2.1e-09 0.48 3e-09 4.3227297514817696e-262 0.7000000000000001 3.9e-09 4.1e-09 4.5e-09 50
1e-10 1.3724760923658494e-260 7.946549736945287e-293 1.1000000000000001e-09 1.6e-09 2.1e-09 2.5e-09 3e-09 3.1e-09 3.3e-09 3.9e-09 4.1e-09 4.5e-09 48
1.61779926327767e-181 6e-10 1e-09 1.1000000000000001e-09 1.6e-09 2.1e-09 2.5e-09 3e-09 4.3227297514817696e-262 1.6242606621152445e-17 3.8e-09 1.5609815182771116e-131 4.80881810961526e-310 50
1.61779926327767e-181 1.3724760923658494e-260 1e-09 1.1000000000000001e-09 1.6e-09 2.1e-09 2.3e-09 3e-09 4.3227297514817696e-262 3.3e-09 3.9e-09 4.1e-09 4.5e-09 49
1e-10 6e-10 1e-09 1.1000000000000001e-09 1.6e-09 2.1e-09 2.3e-09 3e-09 3.1e-09 3.3e-09 3.8e-09 4.1e-09 4.80881810961526e-310 49
1.87629348759717e-99 6e-10 1e-09 1.1000000000000001e-09 4.789620561086907e-196 2.1e-09 2.5e-09 3e-09 3.1e-09 3.3e-09 3.9e-09 1.5609815182771116e-131 4.80881810961526e-310 50
1e-10 6e-10 7.946549736945287e-293 1.1000000000000001e-09 2.6505872840929187e-17 2.1e-09 2.5e-09 3e-09 3.1e-09 3.3e-09 3.8e-09 4.1e-09 4.5e-09 48
1.87629348759717e-99 1.3724760923658494e-260 7.946549736945287e-293 1.1000000000000001e-09 1.6e-09 1.9036162570089065e-164 2.3e-09 0.56 3.1e-09 3.3e-09 3.8e-09 4.1e-09 4.5e-09 48
1e-10 1.3724760923658494e-260 7.946549736945287e-293 1.1000000000000001e-09 1.6e-09 2.1e-09 2.5e-09 3e-09 4.3227297514817696e-262 3.3e-09 8.277374648521954e-66 4.1e-09 4.5e-09 48
1e-10 6e-10 1e-09 1.1000000000000001e-09 4.789620561086907e-196 2.1e-09 2.3e-09 3e-09 4.3227297514817696e-262 3.3e-09 3.9e-09 1.5609815182771116e-131 4.80881810961526e-310 50
1e-10 6e-10 7.946549736945287e-293 1.1000000000000001e-09 4.789620561086907e-196 2.1e-09 2.3e-09 3e-09 3.1e-09 3.3e-09 3.8e-09 2.0176431790944963e-179 4.5e-09 48
1e-10 6e-10 1e-09 1.1000000000000001e-09 1.6e-09 2.1e-09 2.5e-09 3e-09 4.3227297514817696e-262 3.3e-09 3.8e-09 4.1e-09 4.80881810961526e-310 51
1e-10 6e-10 1e-09 1.1000000000000001e-09 1.6e-09 2.1e-09 2.5e-09 3e-09 4.3227297514817696e-262 3.3e-09 3.9e-09 4.1e-09 4.80881810961526e-310 51
1.87629348759717e-99 6e-10 2.7334754386515165e-147 1.1000000000000001e-09 1.6e-09 2.1e-09 2.3e-09 3e-09 4.3227297514817696e-262 3.3e-09 3.8e-09 4.1e-09 4.5e-09 48
1e-10 6e-10 1e-09 1.1000000000000001e-09 1.6e-09 1.9036162570089065e-164 2.5e-09 3e-09 4.3227297514817696e-262 3.3e-09 8.277374648521954e-66 4.1e-09 4.80881810961526e-310 49
1e-10 6e-10 3.141144113691119e-50 1.1000000000000001e-09 1.6e-09 2.1e-09 2.5e-09 3e-09 3.1e-09 3.3e-09 3.9e-09 4.1e-09 4.80881810961526e-310 48
1e-10 1.3724760923658494e-260 1e-09 1.1000000000000001e-09 2.437466172406128e-65 2.1e-09 2.3e-09 3e-09 4.3227297514817696e-262 3.3e-09 3.8e-09 4.1e-09 4.5e-09 48
1.61779926327767e-181 6e-10 1e-09 1.1000000000000001e-09 1.6e-09 2.1e-09 2.3e-09 3e-09 4.3227297514817696e-262 3.3e-09 3.9e-09 2.0176431790944963e-179 4.80881810961526e-310 48
1.87629348759717e-99 1.3724760923658494e-260 7.946549736945287e-293 1.1000000000000001e-09 1.6e-09 1.9036162570089065e-164 2.3e-09 0.56 3.1e-09 3.3e-09 3.8e-09 4.1e-09 4.5e-09 48
