9.098867939452298e+21 37.042523739389964 4809.154748814825 2.1194356589524277e+37 3.2528094125099804e+20 4.44883952950993e+29 17528214595776.518 9.43637709940645e+34 5.967238810643376e+24 1.382385946507051e+37 3.228633081028068e+16 4.572949053275776e+18 1.665071474473239e+21 48
9.098867939452298e+21 1.5604441831601452e+26 6389224616696315.0 2.1194356589524277e+37 3.2528094125099804e+20 4.44883952950993e+29 6320591385229182.0 9.43637709940645e+34 32030.653927038373 1.382385946507051e+37 5796115363.568609 1.756958800015777 1.665071474473239e+21 51
2.4165512808895426e-304 1.5604441831601452e+26 1.6742302187022721e-152 2.1194356589524277e+37 3.2528094125099804e+20 4.44883952950993e+29 6320591385229182.0 9.43637709940645e+34 5.967238810643376e+24 1.382385946507051e+37 3.228633081028068e+16 4.572949053275776e+18 1.665071474473239e+21 49
9.098867939452298e+21 1.5604441831601452e+26 1.6742302187022721e-152 2.1194356589524277e+37 1.8756910924463952 0.20008880312616673 17528214595776.518 9.43637709940645e+34 5.967238810643376e+24 1.382385946507051e+37 5796115363.568609 4.572949053275776e+18 28817559.81831299 48
0.23172303060668148 37.042523739389964 6389224616696315.0 2.1194356589524277e+37 5.14793107145875e-202 4.44883952950993e+29 6320591385229182.0 9.43637709940645e+34 5.967238810643376e+24 1.353799580013916e-51 5796115363.568609 2.9253453626818526e-201 28817559.81831299 52
0.23172303060668148 1.5604441831601452e+26 6389224616696315.0 2.1194356589524277e+37 3.2528094125099804e+20 4.44883952950993e+29 6320591385229182.0 9.43637709940645e+34 32030.653927038373 1.353799580013916e-51 3.228633081028068e+16 0.03413342402808602 28817559.81831299 50
9.098867939452298e+21 37.042523739389964 6389224616696315.0 2.1194356589524277e+37 3.2528094125099804e+20 4.44883952950993e+29 6320591385229182.0 9.43637709940645e+34 32030.653927038373 1.382385946507051e+37 5796115363.568609 4.572949053275776e+18 1.665071474473239e+21 48
0.23172303060668148 1.5604441831601452e+26 6389224616696315.0 2.1194356589524277e+37 3.2528094125099804e+20 4.44883952950993e+29 6320591385229182.0 9.43637709940645e+34 5.967238810643376e+24 1.382385946507051e+37 5796115363.568609 1.756958800015777 28817559.81831299 50
9.098867939452298e+21 1.5604441831601452e+26 4809.154748814825 2.1194356589524277e+37 3.2528094125099804e+20 4.44883952950993e+29 6320591385229182.0 9.43637709940645e+34 5.967238810643376e+24 1.382385946507051e+37 3.228633081028068e+16 4.572949053275776e+18 28817559.81831299 48
0.23172303060668148 37.042523739389964 0.0025128752983936426 2.1194356589524277e+37 3.2528094125099804e+20 4.44883952950993e+29 17528214595776.518 9.43637709940645e+34 5.967238810643376e+24 1.382385946507051e+37 3.228633081028068e+16 0.03413342402808602 1.665071474473239e+21 48
0.23172303060668148 37.042523739389964 4809.154748814825 2.1194356589524277e+37 3.2528094125099804e+20 4.44883952950993e+29 17528214595776.518 4.1162818060449073e-51 5.967238810643376e+24 1.382385946507051e+37 5796115363.568609 1.756958800015777 28817559.81831299 50
9.098867939452298e+21 37.042523739389964 4809.154748814825 2.1194356589524277e+37 3.2528094125099804e+20 4.44883952950993e+29 17528214595776.518 9.43637709940645e+34 5.967238810643376e+24 1.382385946507051e+37 3.228633081028068e+16 1.756958800015777 1.665071474473239e+21 48
9.098867939452298e+21 37.042523739389964 0.0025128752983936426 2.1194356589524277e+37 3.2528094125099804e+20 4.44883952950993e+29 17528214595776.518 9.43637709940645e+34 5.967238810643376e+24 1.382385946507051e+37 5796115363.568609 4.572949053275776e+18 1.665071474473239e+21 48
0.23172303060668148 1.5604441831601452e+26 0.0025128752983936426 2.1194356589524277e+37 3.2528094125099804e+20 4.44883952950993e+29 17528214595776.518 9.43637709940645e+34 32030.653927038373 1.382385946507051e+37 5796115363.568609 2.9253453626818526e-201 1.4402050107490282e-50 50
9.098867939452298e+21 1.5604441831601452e+26 0.0025128752983936426 2.1194356589524277e+37 3.2528094125099804e+20 4.44883952950993e+29 6320591385229182.0 9.43637709940645e+34 5.967238810643376e+24 1.382385946507051e+37 5796115363.568609 4.572949053275776e+18 1.665071474473239e+21 48
0.23172303060668148 1.5604441831601452e+26 6389224616696315.0 2.1194356589524277e+37 3.2528094125099804e+20 4.44883952950993e+29 6320591385229182.0 9.43637709940645e+34 32030.653927038373 1.353799580013916e-51 5796115363.568609 1.756958800015777 1.665071474473239e+21 52
2.4165512808895426e-304 1.5604441831601452e+26 6389224616696315.0 0.26 1.0502892535455154e-51 4.44883952950993e+29 6320591385229182.0 9.43637709940645e+34 32030.653927038373 0.7000000000000001 6.789757032881532e-202 4.572949053275776e+18 28817559.81831299 50
9.098867939452298e+21 1.5604441831601452e+26 6389224616696315.0 2.1194356589524277e+37 3.2528094125099804e+20 4.44883952950993e+29 17528214595776.518 9.43637709940645e+34 32030.653927038373 1.382385946507051e+37 5796115363.568609 1.756958800015777 28817559.81831299 51
0.23172303060668148 37.042523739389964 4809.154748814825 2.1194356589524277e+37 3.2528094125099804e+20 4.44883952950993e+29 0.48 9.43637709940645e+34 5.967238810643376e+24 1.382385946507051e+37 5796115363.568609 4.572949053275776e+18 1.665071474473239e+21 48
9.098867939452298e+21 1.5604441831601452e+26 4809.154748814825 2.1194356589524277e+37 3.2528094125099804e+20 4.44883952950993e+29 17528214595776.518 9.43637709940645e+34 5.967238810643376e+24 1.382385946507051e+37 5796115363.568609 1.756958800015777 28817559.81831299 49
9.098867939452298e+21 1.5604441831601452e+26 6389224616696315.0 2.1194356589524277e+37 3.2528094125099804e+20 4.44883952950993e+29 6320591385229182.0 9.43637709940645e+34 32030.653927038373 1.382385946507051e+37 5796115363.568609 4.572949053275776e+18 28817559.81831299 51
0.23172303060668148 37.042523739389964 6389224616696315.0 2.1194356589524277e+37 1.8756910924463952 0.20008880312616673 17528214595776.518 9.43637709940645e+34 5.967238810643376e+24 1.382385946507051e+37 5796115363.568609 2.9253453626818526e-201 1.665071474473239e+21 50
9.098867939452298e+21 1.5604441831601452e+26 6389224616696315.0 2.1194356589524277e+37 3.2528094125099804e+20 4.44883952950993e+29 6320591385229182.0 9.43637709940645e+34 32030.653927038373 1.382385946507051e+37 5796115363.568609 4.572949053275776e+18 1.665071474473239e+21 48
9.098867939452298e+21 1.5604441831601452e+26 6389224616696315.0 2.1194356589524277e+37 1.8756910924463952 4.44883952950993e+29 17528214595776.518 9.43637709940645e+34 32030.653927038373 1.353799580013916e-51 5796115363.568609 2.9253453626818526e-201 28817559.81831299 51
9.098867939452298e+21 1.5604441831601452e+26 1.6742302187022721e-152 2.1194356589524277e+37 3.2528094125099804e+20 4.44883952950993e+29 6320591385229182.0 9.43637709940645e+34 32030.653927038373 1.382385946507051e+37 3.228633081028068e+16 1.756958800015777 1.665071474473239e+21 48
9.098867939452298e+21 1.5604441831601452e+26 4809.154748814825 2.1194356589524277e+37 3.2528094125099804e+20 4.44883952950993e+29 17528214595776.518 9.43637709940645e+34 32030.653927038373 1.382385946507051e+37 3.228633081028068e+16 4.572949053275776e+18 1.665071474473239e+21 48
9.098867939452298e+21 1.5604441831601452e+26 0.0025128752983936426 2.1194356589524277e+37 1.8756910924463952 4.44883952950993e+29 17528214595776.518 9.43637709940645e+34 5.967238810643376e+24 1.382385946507051e+37 3.228633081028068e+16 4.572949053275776e+18 28817559.81831299 48
2.4165512808895426e-304 1.5604441831601452e+26 1.6742302187022721e-152 0.28 3.2528094125099804e+20 4.44883952950993e+29 6320591385229182.0 9.43637709940645e+34 5.967238810643376e+24 1.353799580013916e-51 6.789757032881532e-202 4.572949053275776e+18 28817559.81831299 48
0.23172303060668148 1.5604441831601452e+26 6389224616696315.0 2.1194356589524277e+37 3.2528094125099804e+20 4.44883952950993e+29 6320591385229182.0 9.43637709940645e+34 5.967238810643376e+24 1.382385946507051e+37 3.228633081028068e+16 0.03413342402808602 1.4402050107490282e-50 49
9.098867939452298e+21 1.5604441831601452e+26 4809.154748814825 2.1194356589524277e+37 3.2528094125099804e+20 4.44883952950993e+29 17528214595776.518 9.43637709940645e+34 5.967238810643376e+24 1.353799580013916e-51 5796115363.568609 4.572949053275776e+18 1.665071474473239e+21 49
0.23172303060668148 1.5604441831601452e+26 0.0025128752983936426 2.1194356589524277e+37 3.2528094125099804e+20 4.44883952950993e+29 17528214595776.518 9.43637709940645e+34 32030.653927038373 1.382385946507051e+37 5796115363.568609 2.9253453626818526e-201 1.4402050107490282e-50 50
9.098867939452298e+21 1.5604441831601452e+26 6389224616696315.0 2.1194356589524277e+37 1.8756910924463952 4.44883952950993e+29 0.48 9.43637709940645e+34 5.967238810643376e+24 1.353799580013916e-51 6.789757032881532e-202 2.9253453626818526e-201 1.4402050107490282e-50 52
9.098867939452298e+21 1.5604441831601452e+26 0.0025128752983936426 2.1194356589524277e+37 3.2528094125099804e+20 4.44883952950993e+29 17528214595776.518 9.43637709940645e+34 5.967238810643376e+24 1.382385946507051e+37 5796115363.568609 4.572949053275776e+18 1.4402050107490282e-50 48
2.4165512808895426e-304 1.5604441831601452e+26 0.0025128752983936426 2.1194356589524277e+37 3.2528094125099804e+20 4.44883952950993e+29 17528214595776.518 9.43637709940645e+34 32030.653927038373 1.382385946507051e+37 3.228633081028068e+16 4.572949053275776e+18 1.665071474473239e+21 48
9.098867939452298e+21 37.042523739389964 6389224616696315.0 2.1194356589524277e+37 3.2528094125099804e+20 4.44883952950993e+29 6320591385229182.0 9.43637709940645e+34 5.967238810643376e+24 1.382385946507051e+37 5796115363.568609 4.572949053275776e+18 1.665071474473239e+21 48
0.23172303060668148 1.5604441831601452e+26 4809.154748814825 2.1194356589524277e+37 3.2528094125099804e+20 4.44883952950993e+29 17528214595776.518 9.43637709940645e+34 5.967238810643376e+24 1.382385946507051e+37 3.228633081028068e+16 1.756958800015777 28817559.81831299 48
9.098867939452298e+21 1.5604441831601452e+26 6389224616696315.0 2.1194356589524277e+37 1.8756910924463952 4.44883952950993e+29 17528214595776.518 9.43637709940645e+34 32030.653927038373 1.382385946507051e+37 5796115363.568609 0.03413342402808602 28817559.81831299 50
9.098867939452298e+21 37.042523739389964 4809.154748814825 2.1194356589524277e+37 3.2528094125099804e+20 4.44883952950993e+29 6320591385229182.0 9.43637709940645e+34 5.967238810643376e+24 1.382385946507051e+37 3.228633081028068e+16 4.572949053275776e+18 48
9.098867939452298e+21 1.5604441831601452e+26 6389224616696315.0 2.1194356589524277e+37 3.2528094125099804e+20 4.44883952950993e+29 6320591385229182.0 9.43637709940645e+34 32030.653927038373 1.382385946507051e+37 5796115363.568609 4.572949053275776e+18 28817559.81831299 51
9.098867939452298e+21 37.042523739389964 4809.154748814825 2.1194356589524277e+37 3.2528094125099804e+20 4.44883952950993e+29 17528214595776.518 9.43637709940645e+34 5.967238810643376e+24 1.382385946507051e+37 5796115363.568609 1.756958800015777 1.665071474473239e+21 48
9.098867939452298e+21 37.042523739389964 6389224616696315.0 0.26 3.2528094125099804e+20 0.20008880312616673 6320591385229182.0 9.43637709940645e+34 32030.653927038373 1.382385946507051e+37 5796115363.568609 0.03413342402808602 1.4402050107490282e-50 50
0.23172303060668148 1.5604441831601452e+26 1.6742302187022721e-152 2.1194356589524277e+37 3.2528094125099804e+20 4.44883952950993e+29 6320591385229182.0 9.43637709940645e+34 32030.653927038373 1.382385946507051e+37 5796115363.568609 4.572949053275776e+18 1.665071474473239e+21 48
9.098867939452298e+21 1.5604441831601452e+26 6389224616696315.0 2.1194356589524277e+37 1.8756910924463952 4.44883952950993e+29 6320591385229182.0 9.43637709940645e+34 32030.653927038373 1.382385946507051e+37 5796115363.568609 2.9253453626818526e-201 28817559.81831299 51
9.098867939452298e+21 1.5604441831601452e+26 6389224616696315.0 2.1194356589524277e+37 3.2528094125099804e+20 0.20008880312616673 6320591385229182.0 9.43637709940645e+34 32030.653927038373 1.382385946507051e+37 3.228633081028068e+16 0.03413342402808602 28817559.81831299 51
9.098867939452298e+21 37.042523739389964 6389224616696315.0 0.28 1.0502892535455154e-51 4.44883952950993e+29 0.48 9.43637709940645e+34 32030.653927038373 0.7000000000000001 5796115363.568609 4.572949053275776e+18 1.665071474473239e+21 50
9.098867939452298e+21 1.5604441831601452e+26 0.0025128752983936426 2.1194356589524277e+37 3.2528094125099804e+20 4.44883952950993e+29 17528214595776.518 9.43637709940645e+34 5.967238810643376e+24 1.382385946507051e+37 5796115363.568609 28817559.81831299 48
0.23172303060668148 37.042523739389964 6389224616696315.0 2.1194356589524277e+37 5.14793107145875e-202 4.44883952950993e+29 6320591385229182.0 9.43637709940645e+34 5.967238810643376e+24 1.353799580013916e-51 5796115363.568609 2.9253453626818526e-201 28817559.81831299 52
9.098867939452298e+21 37.042523739389964 4809.154748814825 2.1194356589524277e+37 3.2528094125099804e+20 4.44883952950993e+29 17528214595776.518 9.43637709940645e+34 5.967238810643376e+24 1.382385946507051e+37 5796115363.568609 4.572949053275776e+18 1.665071474473239e+21 48
0.23172303060668148 1.5604441831601452e+26 4809.154748814825 2.1194356589524277e+37 3.2528094125099804e+20 4.44883952950993e+29 17528214595776.518 9.43637709940645e+34 5.967238810643376e+24 1.382385946507051e+37 5796115363.568609 2.9253453626818526e-201 28817559.81831299 48
9.098867939452298e+21 37.042523739389964 0.0025128752983936426 2.1194356589524277e+37 3.2528094125099804e+20 4.44883952950993e+29 17528214595776.518 9.43637709940645e+34 5.967238810643376e+24 1.382385946507051e+37 5796115363.568609 4.572949053275776e+18 1.665071474473239e+21 48
9.098867939452298e+21 1.5604441831601452e+26 0.0025128752983936426 2.1194356589524277e+37 3.2528094125099804e+20 4.44883952950993e+29 17528214595776.518 9.43637709940645e+34 5.967238810643376e+24 1.382385946507051e+37 3.228633081028068e+16 4.572949053275776e+18 1.665071474473239e+21 48
0.23172303060668148 1.5604441831601452e+26 6389224616696315.0 2.1194356589524277e+37 3.2528094125099804e+20 0.20008880312616673 17528214595776.518 9.43637709940645e+34 5.967238810643376e+24 1.382385946507051e+37 5796115363.568609 0.03413342402808602 28817559.81831299 51
0.23172303060668148 1.5604441831601452e+26 6389224616696315.0 2.1194356589524277e+37 3.2528094125099804e+20 0.20008880312616673 17528214595776.518 9.43637709940645e+34 5.967238810643376e+24 0.7000000000000001 5796115363.568609 0.03413342402808602 28817559.81831299 50
0.23172303060668148 1.5604441831601452e+26 6389224616696315.0 2.1194356589524277e+37 3.2528094125099804e+20 4.44883952950993e+29 6320591385229182.0 9.43637709940645e+34 5.967238810643376e+24 1.382385946507051e+37 3.228633081028068e+16 0.03413342402808602 1.4402050107490282e-50 49
0.23172303060668148 1.5604441831601452e+26 6389224616696315.0 2.1194356589524277e+37 3.2528094125099804e+20 4.44883952950993e+29 6320591385229182.0 9.43637709940645e+34 32030.653927038373 1.382385946507051e+37 3.228633081028068e+16 1.756958800015777 28817559.81831299 49
9.098867939452298e+21 1.5604441831601452e+26 6389224616696315.0 2.1194356589524277e+37 1.8756910924463952 4.44883952950993e+29 17528214595776.518 9.43637709940645e+34 32030.653927038373 1.382385946507051e+37 5796115363.568609 4.572949053275776e+18 1.4402050107490282e-50 50
9.098867939452298e+21 1.5604441831601452e+26 1.6742302187022721e-152 2.1194356589524277e+37 3.2528094125099804e+20 4.44883952950993e+29 6320591385229182.0 9.43637709940645e+34 5.967238810643376e+24 1.382385946507051e+37 3.228633081028068e+16 4.572949053275776e+18 1.665071474473239e+21 48
0.23172303060668148 37.042523739389964 4809.154748814825 2.1194356589524277e+37 3.2528094125099804e+20 0.20008880312616673 6320591385229182.0 9.43637709940645e+34 5.967238810643376e+24 1.382385946507051e+37 3.228633081028068e+16 1.756958800015777 1.665071474473239e+21 48
9.098867939452298e+21 37.042523739389964 4809.154748814825 2.1194356589524277e+37 3.2528094125099804e+20 4.44883952950993e+29 17528214595776.518 9.43637709940645e+34 5.967238810643376e+24 1.382385946507051e+37 5796115363.568609 4.572949053275776e+18 1.665071474473239e+21 48
0.23172303060668148 1.5604441831601452e+26 0.0025128752983936426 2.1194356589524277e+37 3.2528094125099804e+20 0.20008880312616673 6320591385229182.0 9.43637709940645e+34 5.967238810643376e+24 1.382385946507051e+37 3.228633081028068e+16 4.572949053275776e+18 1.665071474473239e+21 48
9.098867939452298e+21 1.5604441831601452e+26 4809.154748814825 2.1194356589524277e+37 3.2528094125099804e+20 4.44883952950993e+29 17528214595776.518 9.43637709940645e+34 5.967238810643376e+24 1.382385946507051e+37 5796115363.568609 1.756958800015777 28817559.81831299 49
0.23172303060668148 37.042523739389964 6389224616696315.0 2.1194356589524277e+37 5.14793107145875e-202 4.44883952950993e+29 6320591385229182.0 9.43637709940645e+34 5.967238810643376e+24 1.382385946507051e+37 3.228633081028068e+16 4.572949053275776e+18 1.665071474473239e+21 49
0.23172303060668148 1.5604441831601452e+26 6389224616696315.0 2.1194356589524277e+37 3.2528094125099804e+20 4.44883952950993e+29 6320591385229182.0 9.43637709940645e+34 32030.653927038373 1.353799580013916e-51 3.228633081028068e+16 0.03413342402808602 28817559.81831299 50
9.098867939452298e+21 1.5604441831601452e+26 4809.154748814825 2.1194356589524277e+37 3.2528094125099804e+20 0.20008880312616673 6320591385229182.0 9.43637709940645e+34 32030.653927038373 1.382385946507051e+37 5796115363.568609 1.756958800015777 1.4402050107490282e-50 50
0.23172303060668148 37.042523739389964 6389224616696315.0 0.28 3.2528094125099804e+20 0.20008880312616673 17528214595776.518 9.43637709940645e+34 32030.653927038373 1.382385946507051e+37 5796115363.568609 0.03413342402808602 28817559.81831299 51
9.098867939452298e+21 1.5604441831601452e+26 0.0025128752983936426 2.1194356589524277e+37 3.2528094125099804e+20 4.44883952950993e+29 17528214595776.518 9.43637709940645e+34 5.967238810643376e+24 1.382385946507051e+37 3.228633081028068e+16 4.572949053275776e+18 28817559.81831299 48
9.098867939452298e+21 1.5604441831601452e+26 6389224616696315.0 2.1194356589524277e+37 3.2528094125099804e+20 4.44883952950993e+29 17528214595776.518 9.43637709940645e+34 32030.653927038373 1.382385946507051e+37 3.228633081028068e+16 1.756958800015777 28817559.81831299 49
0.23172303060668148 1.5604441831601452e+26 1.6742302187022721e-152 2.1194356589524277e+37 1.3432291940947807e-251 0.20008880312616673 6320591385229182.0 9.43637709940645e+34 5.967238810643376e+24 1.382385946507051e+37 5796115363.568609 1.756958800015777 1.665071474473239e+21 49
0.23172303060668148 1.5604441831601452e+26 4809.154748814825 0.28 3.2528094125099804e+20 0.20008880312616673 6320591385229182.0 9.43637709940645e+34 32030.653927038373 1.382385946507051e+37 5796115363.568609 4.572949053275776e+18 28817559.81831299 51
9.098867939452298e+21 37.042523739389964 4809.154748814825 2.1194356589524277e+37 3.2528094125099804e+20 4.44883952950993e+29 17528214595776.518 9.43637709940645e+34 5.967238810643376e+24 1.382385946507051e+37 5796115363.568609 4.572949053275776e+18 1.665071474473239e+21 48
0.23172303060668148 1.5604441831601452e+26 6389224616696315.0 2.1194356589524277e+37 3.2528094125099804e+20 4.44883952950993e+29 6320591385229182.0 9.43637709940645e+34 5.967238810643376e+24 1.382385946507051e+37 5796115363.568609 0.03413342402808602 1.4402050107490282e-50 52
9.098867939452298e+21 37.042523739389964 4809.154748814825 2.1194356589524277e+37 3.2528094125099804e+20 4.44883952950993e+29 6320591385229182.0 9.43637709940645e+34 32030.653927038373 1.382385946507051e+37 6.789757032881532e-202 4.572949053275776e+18 1.665071474473239e+21 48
9.098867939452298e+21 37.042523739389964 0.0025128752983936426 2.1194356589524277e+37 3.2528094125099804e+20 4.44883952950993e+29 17528214595776.518 9.43637709940645e+34 5.967238810643376e+24 1.382385946507051e+37 5796115363.568609 4.572949053275776e+18 1.665071474473239e+21 48
0.23172303060668148 1.5604441831601452e+26 6389224616696315.0 2.1194356589524277e+37 3.2528094125099804e+20 4.44883952950993e+29 17528214595776.518 9.43637709940645e+34 32030.653927038373 1.382385946507051e+37 5796115363.568609 1.756958800015777 28817559.81831299 48
2.4165512808895426e-304 1.5604441831601452e+26 6389224616696315.0 2.1194356589524277e+37 3.2528094125099804e+20 4.44883952950993e+29 6320591385229182.0 9.43637709940645e+34 32030.653927038373 1.382385946507051e+37 5796115363.568609 0.03413342402808602 28817559.81831299 52
2.4165512808895426e-304 1.5604441831601452e+26 6389224616696315.0 2.1194356589524277e+37 3.2528094125099804e+20 4.44883952950993e+29 6320591385229182.0 9.43637709940645e+34 32030.653927038373 1.382385946507051e+37 5796115363.568609 1.756958800015777 28817559.81831299 49
0.23172303060668148 1.5604441831601452e+26 6389224616696315.0 2.1194356589524277e+37 3.2528094125099804e+20 0.20008880312616673 17528214595776.518 9.43637709940645e+34 5.967238810643376e+24 1.382385946507051e+37 5796115363.568609 0.03413342402808602 28817559.81831299 51
9.098867939452298e+21 37.042523739389964 6389224616696315.0 2.1194356589524277e+37 3.2528094125099804e+20 4.44883952950993e+29 6320591385229182.0 9.43637709940645e+34 32030.653927038373 1.382385946507051e+37 5796115363.568609 4.572949053275776e+18 1.665071474473239e+21 48
9.098867939452298e+21 1.5604441831601452e+26 4809.154748814825 2.1194356589524277e+37 3.2528094125099804e+20 4.44883952950993e+29 6320591385229182.0 9.43637709940645e+34 5.967238810643376e+24 1.382385946507051e+37 3.228633081028068e+16 2.9253453626818526e-201 1.665071474473239e+21 49
0.23172303060668148 37.042523739389964 6389224616696315.0 2.1194356589524277e+37 1.8756910924463952 4.44883952950993e+29 17528214595776.518 9.43637709940645e+34 5.967238810643376e+24 1.382385946507051e+37 5796115363.568609 0.03413342402808602 1.665071474473239e+21 48
0.23172303060668148 37.042523739389964 4809.154748814825 2.1194356589524277e+37 3.2528094125099804e+20 4.44883952950993e+29 6320591385229182.0 9.43637709940645e+34 5.967238810643376e+24 1.382385946507051e+37 5796115363.568609 1.756958800015777 1.665071474473239e+21 48
9.098867939452298e+21 37.042523739389964 0.0025128752983936426 2.1194356589524277e+37 1.3432291940947807e-251 0.20008880312616673 6320591385229182.0 9.43637709940645e+34 32030.653927038373 1.382385946507051e+37 3.228633081028068e+16 1.756958800015777 1.665071474473239e+21 48
9.098867939452298e+21 1.5604441831601452e+26 1.6742302187022721e-152 2.1194356589524277e+37 3.2528094125099804e+20 4.44883952950993e+29 6320591385229182.0 9.43637709940645e+34 5.967238810643376e+24 1.382385946507051e+37 5796115363.568609 4.572949053275776e+18 28817559.81831299 48
0.23172303060668148 1.5604441831601452e+26 6389224616696315.0 2.1194356589524277e+37 3.2528094125099804e+20 4.44883952950993e+29 6320591385229182.0 9.43637709940645e+34 5.967238810643376e+24 1.382385946507051e+37 5796115363.568609 0.03413342402808602 1.4402050107490282e-50 52
9.098867939452298e+21 37.042523739389964 0.0025128752983936426 2.1194356589524277e+37 3.2528094125099804e+20 4.44883952950993e+29 17528214595776.518 9.43637709940645e+34 5.967238810643376e+24 1.382385946507051e+37 3.228633081028068e+16 1.756958800015777 1.665071474473239e+21 48
9.098867939452298e+21 1.5604441831601452e+26 6389224616696315.0 2.1194356589524277e+37 3.2528094125099804e+20 4.44883952950993e+29 6320591385229182.0 9.43637709940645e+34 5.967238810643376e+24 1.382385946507051e+37 3.228633081028068e+16 4.572949053275776e+18 28817559.81831299 49
9.098867939452298e+21 37.042523739389964 4809.154748814825 2.1194356589524277e+37 3.2528094125099804e+20 4.44883952950993e+29 17528214595776.518 9.43637709940645e+34 5.967238810643376e+24 1.382385946507051e+37 3.228633081028068e+16 4.572949053275776e+18 1.665071474473239e+21 48
9.098867939452298e+21 1.5604441831601452e+26 6389224616696315.0 2.1194356589524277e+37 3.2528094125099804e+20 0.20008880312616673 17528214595776.518 9.43637709940645e+34 32030.653927038373 1.382385946507051e+37 5796115363.568609 4.572949053275776e+18 50
9.098867939452298e+21 1.5604441831601452e+26 4809.154748814825 2.1194356589524277e+37 3.2528094125099804e+20 0.20008880312616673 6320591385229182.0 9.43637709940645e+34 32030.653927038373 1.382385946507051e+37 5796115363.568609 1.756958800015777 1.4402050107490282e-50 50
9.098867939452298e+21 37.042523739389964 4809.154748814825 2.1194356589524277e+37 3.2528094125099804e+20 4.44883952950993e+29 6320591385229182.0 9.43637709940645e+34 5.967238810643376e+24 1.382385946507051e+37 3.228633081028068e+16 4.572949053275776e+18 1.665071474473239e+21 48
9.098867939452298e+21 1.5604441831601452e+26 4809.154748814825 2.1194356589524277e+37 3.2528094125099804e+20 0.20008880312616673 17528214595776.518 9.43637709940645e+34 5.967238810643376e+24 1.382385946507051e+37 6.789757032881532e-202 4.572949053275776e+18 28817559.81831299 48
0.23172303060668148 1.5604441831601452e+26 1.6742302187022721e-152 2.1194356589524277e+37 3.2528094125099804e+20 4.44883952950993e+29 6320591385229182.0 9.43637709940645e+34 32030.653927038373 1.382385946507051e+37 5796115363.568609 4.572949053275776e+18 1.665071474473239e+21 48
0.23172303060668148 1.5604441831601452e+26 4809.154748814825 2.1194356589524277e+37 5.14793107145875e-202 4.44883952950993e+29 17528214595776.518 9.43637709940645e+34 5.967238810643376e+24 1.382385946507051e+37 3.228633081028068e+16 4.572949053275776e+18 1.665071474473239e+21 49
0.23172303060668148 1.5604441831601452e+26 6389224616696315.0 2.1194356589524277e+37 1.3432291940947807e-251 4.44883952950993e+29 6320591385229182.0 9.43637709940645e+34 32030.653927038373 1.382385946507051e+37 5796115363.568609 2.9253453626818526e-201 1.665071474473239e+21 50
0.23172303060668148 37.042523739389964 4809.154748814825 2.1194356589524277e+37 3.2528094125099804e+20 4.44883952950993e+29 6320591385229182.0 9.43637709940645e+34 5.967238810643376e+24 1.382385946507051e+37 5796115363.568609 1.756958800015777 1.665071474473239e+21 48
2.4165512808895426e-304 1.5604441831601452e+26 6389224616696315.0 2.1194356589524277e+37 3.2528094125099804e+20 4.44883952950993e+29 6320591385229182.0 9.43637709940645e+34 32030.653927038373 1.382385946507051e+37 5796115363.568609 0.03413342402808602 28817559.81831299 52
0.23172303060668148 37.042523739389964 4809.154748814825 2.1194356589524277e+37 1.8756910924463952 4.44883952950993e+29 17528214595776.518 9.43637709940645e+34 5.967238810643376e+24 1.382385946507051e+37 3.228633081028068e+16 4.572949053275776e+18 28817559.81831299 48
9.098867939452298e+21 37.042523739389964 0.0025128752983936426 2.1194356589524277e+37 1.8756910924463952 4.44883952950993e+29 6320591385229182.0 9.43637709940645e+34 5.967238810643376e+24 1.382385946507051e+37 5796115363.568609 4.572949053275776e+18 1.665071474473239e+21 48
9.098867939452298e+21 1.5604441831601452e+26 4809.154748814825 2.1194356589524277e+37 3.2528094125099804e+20 4.44883952950993e+29 17528214595776.518 9.43637709940645e+34 5.967238810643376e+24 1.353799580013916e-51 5796115363.568609 4.572949053275776e+18 1.665071474473239e+21 49
9.098867939452298e+21 37.042523739389964 4809.154748814825 2.1194356589524277e+37 3.2528094125099804e+20 4.44883952950993e+29 6320591385229182.0 9.43637709940645e+34 5.967238810643376e+24 1.382385946507051e+37 5796115363.568609 4.572949053275776e+18 1.665071474473239e+21 48
9.098867939452298e+21 37.042523739389964 6389224616696315.0 2.1194356589524277e+37 5.14793107145875e-202 4.44883952950993e+29 17528214595776.518 9.43637709940645e+34 32030.653927038373 1.382385946507051e+37 3.228633081028068e+16 4.572949053275776e+18 1.665071474473239e+21 48
9.098867939452298e+21 37.042523739389964 6389224616696315.0 2.1194356589524277e+37 1.8756910924463952 4.44883952950993e+29 17528214595776.518 9.43637709940645e+34 32030.653927038373 1.382385946507051e+37 5796115363.568609 4.572949053275776e+18 28817559.81831299 50
9.098867939452298e+21 1.5604441831601452e+26 0.0025128752983936426 2.1194356589524277e+37 1.8756910924463952 4.44883952950993e+29 17528214595776.518 9.43637709940645e+34 5.967238810643376e+24 1.382385946507051e+37 3.228633081028068e+16 4.572949053275776e+18 28817559.81831299 48
9.098867939452298e+21 37.042523739389964 6389224616696315.0 2.1194356589524277e+37 3.2528094125099804e+20 4.44883952950993e+29 6320591385229182.0 9.43637709940645e+34 5.967238810643376e+24 1.382385946507051e+37 5796115363.568609 4.572949053275776e+18 1.665071474473239e+21 48
9.098867939452298e+21 37.042523739389964 0.0025128752983936426 2.1194356589524277e+37 3.2528094125099804e+20 4.44883952950993e+29 17528214595776.518 9.43637709940645e+34 5.967238810643376e+24 1.382385946507051e+37 3.228633081028068e+16 1.756958800015777 1.665071474473239e+21 48
9.098867939452298e+21 1.5604441831601452e+26 6389224616696315.0 2.1194356589524277e+37 3.2528094125099804e+20 4.44883952950993e+29 17528214595776.518 9.43637709940645e+34 5.967238810643376e+24 1.382385946507051e+37 5796115363.568609 1.756958800015777 28817559.81831299 49
9.098867939452298e+21 37.042523739389964 4809.154748814825 2.1194356589524277e+37 5.14793107145875e-202 4.44883952950993e+29 17528214595776.518 9.43637709940645e+34 5.967238810643376e+24 1.382385946507051e+37 3.228633081028068e+16 4.572949053275776e+18 1.665071474473239e+21 48
9.098867939452298e+21 1.5604441831601452e+26 0.0025128752983936426 2.1194356589524277e+37 3.2528094125099804e+20 4.44883952950993e+29 17528214595776.518 9.43637709940645e+34 5.967238810643376e+24 1.382385946507051e+37 3.228633081028068e+16 4.572949053275776e+18 1.665071474473239e+21 48
0.23172303060668148 37.042523739389964 4809.154748814825 2.1194356589524277e+37 3.2528094125099804e+20 0.20008880312616673 6320591385229182.0 9.43637709940645e+34 5.967238810643376e+24 1.382385946507051e+37 3.228633081028068e+16 1.756958800015777 1.665071474473239e+21 48
9.098867939452298e+21 1.5604441831601452e+26 6389224616696315.0 2.1194356589524277e+37 3.2528094125099804e+20 4.44883952950993e+29 6320591385229182.0 9.43637709940645e+34 32030.653927038373 1.382385946507051e+37 5796115363.568609 1.756958800015777 1.4402050107490282e-50 49
9.098867939452298e+21 1.5604441831601452e+26 4809.154748814825 2.1194356589524277e+37 3.2528094125099804e+20 4.44883952950993e+29 17528214595776.518 9.43637709940645e+34 5.967238810643376e+24 1.382385946507051e+37 3.228633081028068e+16 4.572949053275776e+18 1.665071474473239e+21 48
0.23172303060668148 37.042523739389964 6389224616696315.0 2.1194356589524277e+37 5.14793107145875e-202 4.44883952950993e+29 6320591385229182.0 9.43637709940645e+34 5.967238810643376e+24 1.353799580013916e-51 5796115363.568609 2.9253453626818526e-201 28817559.81831299 52
9.098867939452298e+21 1.5604441831601452e+26 6389224616696315.0 2.1194356589524277e+37 3.2528094125099804e+20 4.44883952950993e+29 17528214595776.518 9.43637709940645e+34 5.967238810643376e+24 1.382385946507051e+37 5796115363.568609 1.756958800015777 28817559.81831299 49
0.23172303060668148 1.5604441831601452e+26 6389224616696315.0 2.1194356589524277e+37 3.2528094125099804e+20 4.44883952950993e+29 17528214595776.518 9.43637709940645e+34 5.967238810643376e+24 1.382385946507051e+37 3.228633081028068e+16 4.572949053275776e+18 28817559.81831299 48
9.098867939452298e+21 37.042523739389964 4809.154748814825 2.1194356589524277e+37 3.2528094125099804e+20 4.44883952950993e+29 17528214595776.518 9.43637709940645e+34 5.967238810643376e+24 1.382385946507051e+37 5796115363.568609 4.572949053275776e+18 1.665071474473239e+21 48
9.098867939452298e+21 1.5604441831601452e+26 6389224616696315.0 2.1194356589524277e+37 3.2528094125099804e+20 4.44883952950993e+29 6320591385229182.0 9.43637709940645e+34 5.967238810643376e+24 1.382385946507051e+37 3.228633081028068e+16 4.572949053275776e+18 28817559.81831299 49
9.098867939452298e+21 1.5604441831601452e+26 4809.154748814825 2.1194356589524277e+37 3.2528094125099804e+20 4.44883952950993e+29 17528214595776.518 9.43637709940645e+34 5.967238810643376e+24 1.382385946507051e+37 3.228633081028068e+16 4.572949053275776e+18 1.665071474473239e+21 48
0.23172303060668148 1.5604441831601452e+26 4809.154748814825 2.1194356589524277e+37 3.2528094125099804e+20 4.44883952950993e+29 6320591385229182.0 9.43637709940645e+34 5.967238810643376e+24 1.382385946507051e+37 5796115363.568609 2.9253453626818526e-201 28817559.81831299 50
0.23172303060668148 1.5604441831601452e+26 0.0025128752983936426 2.1194356589524277e+37 3.2528094125099804e+20 0.20008880312616673 6320591385229182.0 9.43637709940645e+34 5.967238810643376e+24 1.382385946507051e+37 3.228633081028068e+16 4.572949053275776e+18 1.665071474473239e+21 48
0.23172303060668148 1.5604441831601452e+26 6389224616696315.0 2.1194356589524277e+37 3.2528094125099804e+20 4.44883952950993e+29 17528214595776.518 9.43637709940645e+34 5.967238810643376e+24 1.382385946507051e+37 3.228633081028068e+16 4.572949053275776e+18 28817559.81831299 48
9.098867939452298e+21 1.5604441831601452e+26 1.6742302187022721e-152 2.1194356589524277e+37 3.2528094125099804e+20 4.44883952950993e+29 17528214595776.518 9.43637709940645e+34 5.967238810643376e+24 1.382385946507051e+37 5796115363.568609 4.572949053275776e+18 28817559.81831299 49
2.4165512808895426e-304 1.5604441831601452e+26 6389224616696315.0 2.1194356589524277e+37 3.2528094125099804e+20 4.44883952950993e+29 6320591385229182.0 9.43637709940645e+34 32030.653927038373 1.382385946507051e+37 5796115363.568609 0.03413342402808602 28817559.81831299 52
9.098867939452298e+21 1.5604441831601452e+26 6389224616696315.0 2.1194356589524277e+37 3.2528094125099804e+20 4.44883952950993e+29 17528214595776.518 9.43637709940645e+34 5.967238810643376e+24 1.382385946507051e+37 5796115363.568609 1.756958800015777 28817559.81831299 50
9.098867939452298e+21 1.5604441831601452e+26 4809.154748814825 2.1194356589524277e+37 3.2528094125099804e+20 4.44883952950993e+29 17528214595776.518 9.43637709940645e+34 5.967238810643376e+24 1.382385946507051e+37 3.228633081028068e+16 1.665071474473239e+21 48
9.098867939452298e+21 1.5604441831601452e+26 4809.154748814825 2.1194356589524277e+37 3.2528094125099804e+20 4.44883952950993e+29 6320591385229182.0 9.43637709940645e+34 5.967238810643376e+24 1.382385946507051e+37 5796115363.568609 4.572949053275776e+18 28817559.81831299 48
9.098867939452298e+21 1.5604441831601452e+26 0.0025128752983936426 2.1194356589524277e+37 3.2528094125099804e+20 4.44883952950993e+29 17528214595776.518 9.43637709940645e+34 5.967238810643376e+24 1.382385946507051e+37 3.228633081028068e+16 4.572949053275776e+18 28817559.81831299 49
2.4165512808895426e-304 37.042523739389964 6389224616696315.0 0.28 3.2528094125099804e+20 4.44883952950993e+29 17528214595776.518 9.43637709940645e+34 32030.653927038373 1.382385946507051e+37 5796115363.568609 4.572949053275776e+18 1.665071474473239e+21 49
0.23172303060668148 37.042523739389964 6389224616696315.0 2.1194356589524277e+37 1.8756910924463952 4.44883952950993e+29 17528214595776.518 9.43637709940645e+34 5.967238810643376e+24 1.382385946507051e+37 5796115363.568609 0.03413342402808602 1.665071474473239e+21 48
0.23172303060668148 37.042523739389964 4809.154748814825 2.1194356589524277e+37 3.2528094125099804e+20 4.44883952950993e+29 0.48 9.43637709940645e+34 5.967238810643376e+24 1.382385946507051e+37 5796115363.568609 4.572949053275776e+18 1.665071474473239e+21 48
0.23172303060668148 1.5604441831601452e+26 6389224616696315.0 2.1194356589524277e+37 3.2528094125099804e+20 4.44883952950993e+29 6320591385229182.0 9.43637709940645e+34 5.967238810643376e+24 1.382385946507051e+37 5796115363.568609 1.756958800015777 28817559.81831299 50
0.23172303060668148 1.5604441831601452e+26 6389224616696315.0 2.1194356589524277e+37 3.2528094125099804e+20 4.44883952950993e+29 6320591385229182.0 9.43637709940645e+34 32030.653927038373 1.382385946507051e+37 5796115363.568609 0.03413342402808602 28817559.81831299 49
0.23172303060668148 1.5604441831601452e+26 4809.154748814825 2.1194356589524277e+37 5.14793107145875e-202 4.44883952950993e+29 17528214595776.518 9.43637709940645e+34 5.967238810643376e+24 1.382385946507051e+37 3.228633081028068e+16 4.572949053275776e+18 1.665071474473239e+21 49
0.23172303060668148 1.5604441831601452e+26 4809.154748814825 2.1194356589524277e+37 3.2528094125099804e+20 4.44883952950993e+29 17528214595776.518 9.43637709940645e+34 32030.653927038373 1.382385946507051e+37 5796115363.568609 1.756958800015777 28817559.81831299 51
9.098867939452298e+21 1.5604441831601452e+26 0.0025128752983936426 2.1194356589524277e+37 3.2528094125099804e+20 4.44883952950993e+29 17528214595776.518 9.43637709940645e+34 5.967238810643376e+24 1.382385946507051e+37 3.228633081028068e+16 4.572949053275776e+18 1.665071474473239e+21 48
0.23172303060668148 37.042523739389964 6389224616696315.0 2.1194356589524277e+37 3.2528094125099804e+20 4.44883952950993e+29 17528214595776.518 9.43637709940645e+34 32030.653927038373 1.382385946507051e+37 5796115363.568609 4.572949053275776e+18 1.665071474473239e+21 49
0.23172303060668148 37.042523739389964 6389224616696315.0 2.1194356589524277e+37 1.8756910924463952 4.44883952950993e+29 17528214595776.518 9.43637709940645e+34 5.967238810643376e+24 1.382385946507051e+37 5796115363.568609 0.03413342402808602 1.665071474473239e+21 48
0.23172303060668148 1.5604441831601452e+26 6389224616696315.0 2.1194356589524277e+37 3.2528094125099804e+20 4.44883952950993e+29 6320591385229182.0 9.43637709940645e+34 5.967238810643376e+24 1.382385946507051e+37 5796115363.568609 1.756958800015777 28817559.81831299 50
0.23172303060668148 37.042523739389964 4809.154748814825 2.1194356589524277e+37 5.14793107145875e-202 0.20008880312616673 6320591385229182.0 9.43637709940645e+34 5.967238810643376e+24 1.382385946507051e+37 3.228633081028068e+16 1.756958800015777 1.665071474473239e+21 48
9.098867939452298e+21 1.5604441831601452e+26 6389224616696315.0 2.1194356589524277e+37 3.2528094125099804e+20 4.44883952950993e+29 6320591385229182.0 9.43637709940645e+34 5.967238810643376e+24 1.382385946507051e+37 3.228633081028068e+16 4.572949053275776e+18 28817559.81831299 49
9.098867939452298e+21 1.5604441831601452e+26 6389224616696315.0 2.1194356589524277e+37 1.3432291940947807e-251 4.44883952950993e+29 6320591385229182.0 9.43637709940645e+34 32030.653927038373 1.382385946507051e+37 5796115363.568609 1.756958800015777 28817559.81831299 52
9.098867939452298e+21 1.5604441831601452e+26 6389224616696315.0 2.1194356589524277e+37 3.2528094125099804e+20 4.44883952950993e+29 6320591385229182.0 9.43637709940645e+34 32030.653927038373 1.382385946507051e+37 5796115363.568609 1.756958800015777 1.665071474473239e+21 49
0.23172303060668148 1.5604441831601452e+26 6389224616696315.0 2.1194356589524277e+37 5.14793107145875e-202 0.20008880312616673 6320591385229182.0 9.43637709940645e+34 32030.653927038373 1.382385946507051e+37 3.228633081028068e+16 2.9253453626818526e-201 28817559.81831299 51
9.098867939452298e+21 37.042523739389964 6389224616696315.0 2.1194356589524277e+37 3.2528094125099804e+20 4.44883952950993e+29 17528214595776.518 9.43637709940645e+34 5.967238810643376e+24 1.382385946507051e+37 5796115363.568609 4.572949053275776e+18 1.665071474473239e+21 48
0.23172303060668148 37.042523739389964 1.6742302187022721e-152 2.1194356589524277e+37 3.2528094125099804e+20 4.44883952950993e+29 17528214595776.518 9.43637709940645e+34 5.967238810643376e+24 1.382385946507051e+37 6.789757032881532e-202 4.572949053275776e+18 1.665071474473239e+21 48
9.098867939452298e+21 1.5604441831601452e+26 6389224616696315.0 2.1194356589524277e+37 3.2528094125099804e+20 4.44883952950993e+29 17528214595776.518 9.43637709940645e+34 32030.653927038373 1.382385946507051e+37 5796115363.568609 4.572949053275776e+18 28817559.81831299 49
9.098867939452298e+21 1.5604441831601452e+26 0.0025128752983936426 2.1194356589524277e+37 3.2528094125099804e+20 4.44883952950993e+29 6320591385229182.0 9.43637709940645e+34 5.967238810643376e+24 1.382385946507051e+37 3.228633081028068e+16 1.756958800015777 1.665071474473239e+21 49
9.098867939452298e+21 1.5604441831601452e+26 6389224616696315.0 2.1194356589524277e+37 3.2528094125099804e+20 4.44883952950993e+29 6320591385229182.0 9.43637709940645e+34 5.967238810643376e+24 1.382385946507051e+37 5796115363.568609 4.572949053275776e+18 28817559.81831299 52
0.23172303060668148 1.5604441831601452e+26 6389224616696315.0 2.1194356589524277e+37 3.2528094125099804e+20 4.44883952950993e+29 6320591385229182.0 9.43637709940645e+34 5.967238810643376e+24 1.382385946507051e+37 5796115363.568609 0.03413342402808602 1.4402050107490282e-50 52
0.23172303060668148 37.042523739389964 6389224616696315.0 2.1194356589524277e+37 3.2528094125099804e+20 4.44883952950993e+29 17528214595776.518 9.43637709940645e+34 5.967238810643376e+24 1.382385946507051e+37 5796115363.568609 4.572949053275776e+18 1.665071474473239e+21 48
9.098867939452298e+21 37.042523739389964 6389224616696315.0 2.1194356589524277e+37 3.2528094125099804e+20 4.44883952950993e+29 6320591385229182.0 9.43637709940645e+34 5.967238810643376e+24 1.382385946507051e+37 5796115363.568609 4.572949053275776e+18 1.665071474473239e+21 48
2.4165512808895426e-304 1.5604441831601452e+26 4809.154748814825 2.1194356589524277e+37 3.2528094125099804e+20 0.20008880312616673 17528214595776.518 9.43637709940645e+34 5.967238810643376e+24 1.382385946507051e+37 5796115363.568609 1.756958800015777 1.4402050107490282e-50 50
9.098867939452298e+21 1.5604441831601452e+26 4809.154748814825 2.1194356589524277e+37 3.2528094125099804e+20 4.44883952950993e+29 6320591385229182.0 9.43637709940645e+34 5.967238810643376e+24 1.382385946507051e+37 3.228633081028068e+16 4.572949053275776e+18 1.665071474473239e+21 48
9.098867939452298e+21 1.5604441831601452e+26 6389224616696315.0 2.1194356589524277e+37 1.8756910924463952 4.44883952950993e+29 6320591385229182.0 9.43637709940645e+34 32030.653927038373 1.382385946507051e+37 5796115363.568609 2.9253453626818526e-201 28817559.81831299 51
9.098867939452298e+21 1.5604441831601452e+26 0.0025128752983936426 2.1194356589524277e+37 3.2528094125099804e+20 4.44883952950993e+29 17528214595776.518 9.43637709940645e+34 5.967238810643376e+24 1.382385946507051e+37 5796115363.568609 4.572949053275776e+18 1.4402050107490282e-50 48
9.098867939452298e+21 1.5604441831601452e+26 0.0025128752983936426 2.1194356589524277e+37 1.8756910924463952 4.44883952950993e+29 17528214595776.518 9.43637709940645e+34 5.967238810643376e+24 1.382385946507051e+37 3.228633081028068e+16 4.572949053275776e+18 28817559.81831299 48
9.098867939452298e+21 37.042523739389964 4809.154748814825 2.1194356589524277e+37 3.2528094125099804e+20 4.44883952950993e+29 6320591385229182.0 9.43637709940645e+34 32030.653927038373 1.382385946507051e+37 6.789757032881532e-202 4.572949053275776e+18 1.665071474473239e+21 48
9.098867939452298e+21 1.5604441831601452e+26 0.0025128752983936426 2.1194356589524277e+37 3.2528094125099804e+20 4.44883952950993e+29 17528214595776.518 9.43637709940645e+34 5.967238810643376e+24 1.382385946507051e+37 3.228633081028068e+16 4.572949053275776e+18 28817559.81831299 48
9.098867939452298e+21 1.5604441831601452e+26 6389224616696315.0 2.1194356589524277e+37 3.2528094125099804e+20 4.44883952950993e+29 6320591385229182.0 9.43637709940645e+34 32030.653927038373 1.382385946507051e+37 5796115363.568609 1.756958800015777 1.4402050107490282e-50 49
0.23172303060668148 1.5604441831601452e+26 0.0025128752983936426 2.1194356589524277e+37 1.3432291940947807e-251 4.44883952950993e+29 6320591385229182.0 4.1162818060449073e-51 5.967238810643376e+24 1.382385946507051e+37 5796115363.568609 1.756958800015777 28817559.81831299 51
9.098867939452298e+21 37.042523739389964 0.0025128752983936426 2.1194356589524277e+37 3.2528094125099804e+20 4.44883952950993e+29 17528214595776.518 9.43637709940645e+34 5.967238810643376e+24 1.382385946507051e+37 5796115363.568609 4.572949053275776e+18 1.665071474473239e+21 48
9.098867939452298e+21 37.042523739389964 6389224616696315.0 2.1194356589524277e+37 5.14793107145875e-202 0.20008880312616673 6320591385229182.0 9.43637709940645e+34 32030.653927038373 1.382385946507051e+37 5796115363.568609 4.572949053275776e+18 28817559.81831299 50
0.23172303060668148 1.5604441831601452e+26 6389224616696315.0 2.1194356589524277e+37 3.2528094125099804e+20 4.44883952950993e+29 6320591385229182.0 9.43637709940645e+34 32030.653927038373 1.353799580013916e-51 3.228633081028068e+16 0.03413342402808602 28817559.81831299 50
9.098867939452298e+21 1.5604441831601452e+26 4809.154748814825 2.1194356589524277e+37 3.2528094125099804e+20 4.44883952950993e+29 17528214595776.518 9.43637709940645e+34 32030.653927038373 1.382385946507051e+37 3.228633081028068e+16 1.756958800015777 28817559.81831299 48
9.098867939452298e+21 1.5604441831601452e+26 6389224616696315.0 2.1194356589524277e+37 3.2528094125099804e+20 4.44883952950993e+29 17528214595776.518 9.43637709940645e+34 32030.653927038373 1.382385946507051e+37 3.228633081028068e+16 4.572949053275776e+18 28817559.81831299 48
9.098867939452298e+21 1.5604441831601452e+26 6389224616696315.0 2.1194356589524277e+37 3.2528094125099804e+20 0.20008880312616673 6320591385229182.0 9.43637709940645e+34 32030.653927038373 1.382385946507051e+37 5796115363.568609 1.756958800015777 1.665071474473239e+21 49
0.23172303060668148 1.5604441831601452e+26 4809.154748814825 2.1194356589524277e+37 3.2528094125099804e+20 0.20008880312616673 17528214595776.518 9.43637709940645e+34 32030.653927038373 1.382385946507051e+37 5796115363.568609 4.572949053275776e+18 1.665071474473239e+21 48
9.098867939452298e+21 1.5604441831601452e+26 1.6742302187022721e-152 2.1194356589524277e+37 3.2528094125099804e+20 4.44883952950993e+29 6320591385229182.0 9.43637709940645e+34 32030.653927038373 1.382385946507051e+37 3.228633081028068e+16 1.756958800015777 1.665071474473239e+21 48
0.23172303060668148 1.5604441831601452e+26 1.6742302187022721e-152 2.1194356589524277e+37 3.2528094125099804e+20 0.20008880312616673 6320591385229182.0 9.43637709940645e+34 5.967238810643376e+24 1.382385946507051e+37 6.789757032881532e-202 4.572949053275776e+18 1.4402050107490282e-50 48
9.098867939452298e+21 1.5604441831601452e+26 6389224616696315.0 2.1194356589524277e+37 3.2528094125099804e+20 4.44883952950993e+29 17528214595776.518 9.43637709940645e+34 5.967238810643376e+24 1.382385946507051e+37 3.228633081028068e+16 4.572949053275776e+18 28817559.81831299 49
9.098867939452298e+21 1.5604441831601452e+26 4809.154748814825 2.1194356589524277e+37 1.0502892535455154e-51 4.44883952950993e+29 6320591385229182.0 9.43637709940645e+34 5.967238810643376e+24 1.382385946507051e+37 3.228633081028068e+16 4.572949053275776e+18 1.665071474473239e+21 48
9.098867939452298e+21 1.5604441831601452e+26 0.0025128752983936426 0.28 1.3432291940947807e-251 4.44883952950993e+29 6320591385229182.0 9.43637709940645e+34 5.967238810643376e+24 1.382385946507051e+37 3.228633081028068e+16 1.756958800015777 28817559.81831299 49
9.098867939452298e+21 1.5604441831601452e+26 6389224616696315.0 2.1194356589524277e+37 1.8756910924463952 4.44883952950993e+29 17528214595776.518 9.43637709940645e+34 32030.653927038373 1.382385946507051e+37 5796115363.568609 0.03413342402808602 28817559.81831299 50
9.098867939452298e+21 1.5604441831601452e+26 4809.154748814825 2.1194356589524277e+37 3.2528094125099804e+20 4.44883952950993e+29 17528214595776.518 9.43637709940645e+34 5.967238810643376e+24 1.382385946507051e+37 3.228633081028068e+16 4.572949053275776e+18 1.665071474473239e+21 48
9.098867939452298e+21 1.5604441831601452e+26 6389224616696315.0 2.1194356589524277e+37 3.2528094125099804e+20 4.44883952950993e+29 6320591385229182.0 9.43637709940645e+34 32030.653927038373 1.382385946507051e+37 5796115363.568609 4.572949053275776e+18 28817559.81831299 51
9.098867939452298e+21 1.5604441831601452e+26 6389224616696315.0 2.1194356589524277e+37 3.2528094125099804e+20 4.44883952950993e+29 6320591385229182.0 9.43637709940645e+34 5.967238810643376e+24 1.382385946507051e+37 3.228633081028068e+16 4.572949053275776e+18 28817559.81831299 49
9.098867939452298e+21 1.5604441831601452e+26 0.0025128752983936426 2.1194356589524277e+37 3.2528094125099804e+20 4.44883952950993e+29 17528214595776.518 9.43637709940645e+34 5.967238810643376e+24 1.382385946507051e+37 3.228633081028068e+16 4.572949053275776e+18 1.665071474473239e+21 48
9.098867939452298e+21 1.5604441831601452e+26 6389224616696315.0 2.1194356589524277e+37 3.2528094125099804e+20 4.44883952950993e+29 6320591385229182.0 9.43637709940645e+34 5.967238810643376e+24 1.382385946507051e+37 3.228633081028068e+16 4.572949053275776e+18 1.665071474473239e+21 48
0.23172303060668148 37.042523739389964 6389224616696315.0 0.28 3.2528094125099804e+20 0.20008880312616673 17528214595776.518 9.43637709940645e+34 32030.653927038373 1.382385946507051e+37 5796115363.568609 0.03413342402808602 28817559.81831299 51
9.098867939452298e+21 1.5604441831601452e+26 0.0025128752983936426 2.1194356589524277e+37 1.8756910924463952 4.44883952950993e+29 17528214595776.518 9.43637709940645e+34 5.967238810643376e+24 1.382385946507051e+37 3.228633081028068e+16 4.572949053275776e+18 28817559.81831299 48
9.098867939452298e+21 1.5604441831601452e+26 6389224616696315.0 2.1194356589524277e+37 3.2528094125099804e+20 4.44883952950993e+29 17528214595776.518 9.43637709940645e+34 32030.653927038373 1.382385946507051e+37 3.228633081028068e+16 4.572949053275776e+18 28817559.81831299 48
0.23172303060668148 37.042523739389964 4809.154748814825 2.1194356589524277e+37 1.8756910924463952 4.44883952950993e+29 17528214595776.518 9.43637709940645e+34 5.967238810643376e+24 1.382385946507051e+37 3.228633081028068e+16 4.572949053275776e+18 28817559.81831299 48
0.23172303060668148 1.5604441831601452e+26 4809.154748814825 2.1194356589524277e+37 5.14793107145875e-202 4.44883952950993e+29 17528214595776.518 9.43637709940645e+34 5.967238810643376e+24 1.382385946507051e+37 3.228633081028068e+16 4.572949053275776e+18 1.665071474473239e+21 49
9.098867939452298e+21 37.042523739389964 4809.154748814825 2.1194356589524277e+37 3.2528094125099804e+20 4.44883952950993e+29 17528214595776.518 9.43637709940645e+34 5.967238810643376e+24 1.382385946507051e+37 3.228633081028068e+16 4.572949053275776e+18 1.665071474473239e+21 48
9.098867939452298e+21 1.5604441831601452e+26 6389224616696315.0 2.1194356589524277e+37 1.8756910924463952 4.44883952950993e+29 17528214595776.518 9.43637709940645e+34 32030.653927038373 1.382385946507051e+37 5796115363.568609 4.572949053275776e+18 1.4402050107490282e-50 50
9.098867939452298e+21 1.5604441831601452e+26 6389224616696315.0 2.1194356589524277e+37 3.2528094125099804e+20 0.20008880312616673 17528214595776.518 9.43637709940645e+34 32030.653927038373 1.382385946507051e+37 5796115363.568609 4.572949053275776e+18 50
9.098867939452298e+21 1.5604441831601452e+26 0.0025128752983936426 2.1194356589524277e+37 3.2528094125099804e+20 4.44883952950993e+29 17528214595776.518 9.43637709940645e+34 5.967238810643376e+24 1.382385946507051e+37 6.789757032881532e-202 4.572949053275776e+18 1.665071474473239e+21 48
9.098867939452298e+21 1.5604441831601452e+26 0.0025128752983936426 0.28 1.3432291940947807e-251 4.44883952950993e+29 6320591385229182.0 9.43637709940645e+34 5.967238810643376e+24 1.382385946507051e+37 3.228633081028068e+16 1.756958800015777 28817559.81831299 49
9.098867939452298e+21 37.042523739389964 6389224616696315.0 2.1194356589524277e+37 3.2528094125099804e+20 4.44883952950993e+29 6320591385229182.0 9.43637709940645e+34 5.967238810643376e+24 1.382385946507051e+37 5796115363.568609 4.572949053275776e+18 1.665071474473239e+21 48
0.23172303060668148 37.042523739389964 6389224616696315.0 2.1194356589524277e+37 3.2528094125099804e+20 4.44883952950993e+29 17528214595776.518 9.43637709940645e+34 5.967238810643376e+24 1.382385946507051e+37 3.228633081028068e+16 0.03413342402808602 1.665071474473239e+21 48
9.098867939452298e+21 1.5604441831601452e+26 0.0025128752983936426 2.1194356589524277e+37 3.2528094125099804e+20 4.44883952950993e+29 6320591385229182.0 9.43637709940645e+34 5.967238810643376e+24 1.382385946507051e+37 3.228633081028068e+16 1.756958800015777 1.665071474473239e+21 49
9.098867939452298e+21 1.5604441831601452e+26 4809.154748814825 2.1194356589524277e+37 3.2528094125099804e+20 4.44883952950993e+29 17528214595776.518 9.43637709940645e+34 5.967238810643376e+24 1.382385946507051e+37 5796115363.568609 1.756958800015777 28817559.81831299 49
9.098867939452298e+21 1.5604441831601452e+26 6389224616696315.0 2.1194356589524277e+37 1.3432291940947807e-251 4.44883952950993e+29 17528214595776.518 0.56 32030.653927038373 1.382385946507051e+37 5796115363.568609 0.03413342402808602 28817559.81831299 51
9.098867939452298e+21 37.042523739389964 4809.154748814825 2.1194356589524277e+37 3.2528094125099804e+20 4.44883952950993e+29 17528214595776.518 9.43637709940645e+34 5.967238810643376e+24 1.382385946507051e+37 5796115363.568609 4.572949053275776e+18 1.665071474473239e+21 48
0.23172303060668148 1.5604441831601452e+26 6389224616696315.0 2.1194356589524277e+37 3.2528094125099804e+20 4.44883952950993e+29 17528214595776.518 9.43637709940645e+34 32030.653927038373 1.382385946507051e+37 5796115363.568609 1.756958800015777 28817559.81831299 48
