7.486030809522566e-309 5e-10 9e-10 1.1000000000000001e-09 1.6e-09 2.2000000000000003e-09 2.3e-09 0.56 3.1e-09 3.3e-09 3.8e-09 4.1e-09 4.5e-09 48
1e-10 5e-10 9e-10 1.1000000000000001e-09 1.6e-09 2.1e-09 2.5e-09 3e-09 3.1e-09 3.3e-09 3.8e-09 4.1e-09 4.5e-09 48
1e-10 5e-10 9e-10 1.1000000000000001e-09 1.6e-09 2.1e-09 2.3e-09 3e-09 3.1e-09 3.3e-09 3.9e-09 4.1e-09 4.5e-09 48
1e-10 6e-10 1e-09 1.1000000000000001e-09 1.6e-09 2.1e-09 2.3e-09 3e-09 3.2e-09 3.3e-09 3.9e-09 4.2e-09 4.7e-09 51
1e-10 6e-10 1e-09 1.1000000000000001e-09 1.6e-09 2.1e-09 2.3e-09 3e-09 3.2e-09 0.74 4.449735447177693e-205 4.1e-09 4.7e-09 51
1e-10 5e-10 8e-10 1.1000000000000001e-09 1.6e-09 2.1e-09 2.5e-09 3e-09 3.1e-09 3.3e-09 3.9e-09 4.2e-09 4.5e-09 49
1e-10 6e-10 8e-10 1.1000000000000001e-09 1.6e-09 2.1e-09 2.3e-09 3e-09 3.1e-09 3.3e-09 3.8e-09 4.1e-09 4.5e-09 48
1e-10 5e-10 1e-09 1.1000000000000001e-09 1.6e-09 2.1e-09 2.3e-09 3e-09 3.1e-09 3.3e-09 3.8e-09 4.1e-09 4.5e-09 48
3e-10 6e-10 1e-09 1.1000000000000001e-09 1.6e-09 2.1e-09 2.5e-09 3e-09 3.1e-09 3.3e-09 3.9e-09 4.2e-09 4.7e-09 50
1e-10 5e-10 9e-10 1.1000000000000001e-09 1.6e-09 2.1e-09 2.3e-09 3e-09 3.1e-09 3.3e-09 3.9e-09 4.1e-09 4.5e-09 48
1e-10 5e-10 9e-10 1.1000000000000001e-09 1.6e-09 2.1e-09 2.3e-09 3e-09 3.1e-09 3.3e-09 3.8e-09 4.1e-09 4.5e-09 48
1e-10 6e-10 9e-10 1.1000000000000001e-09 1.6e-09 2.1e-09 2.5e-09 3e-09 3.1e-09 3.3e-09 3.9e-09 4.2e-09 4.7e-09 52
3e-10 5e-10 8e-10 1.1000000000000001e-09 1.6e-09 2.1e-09 2.3e-09 3e-09 3.1e-09 3.3e-09 3.8e-09 4.3000000000000005e-09 4.5e-09 48
1e-10 6e-10 1e-09 1.1000000000000001e-09 1.6e-09 2.1e-09 2.3e-09 3e-09 3.1e-09 3.3e-09 3.9e-09 4.1e-09 1.695807212578214e-51 48
1e-10 6e-10 9e-10 1.1000000000000001e-09 1.6e-09 2.1e-09 2.3e-09 3e-09 3.2e-09 3.3e-09 3.8e-09 4.1e-09 4.5e-09 48
1e-10 6e-10 9e-10 1.1000000000000001e-09 1.6e-09 2.2000000000000003e-09 2.3e-09 3e-09 3.1e-09 3.3e-09 3.8e-09 4.2e-09 4.7e-09 48
1e-10 5e-10 9e-10 1.1000000000000001e-09 1.6e-09 2.1e-09 2.3e-09 3e-09 3.1e-09 3.3e-09 3.9e-09 4.1e-09 4.5e-09 48
1e-10 6e-10 1e-09 1.1000000000000001e-09 1.6e-09 2.1e-09 2.3e-09 3e-09 3.1e-09 3.3e-09 3.8e-09 4.1e-09 4.7e-09 49
1e-10 6e-10 8e-10 1.1000000000000001e-09 1.6e-09 2.1e-09 2.5e-09 3e-09 3.1e-09 3.3e-09 3.8e-09 4.1e-09 4.7e-09 48
7.486030809522566e-309 6e-10 9e-10 1.1000000000000001e-09 1.6e-09 2.1e-09 2.5e-09 3e-09 3.1e-09 3.3e-09 3.9e-09 4.1e-09 4.5e-09 49
1e-10 5e-10 9e-10 1.1000000000000001e-09 1.6e-09 2.1e-09 2.3e-09 3e-09 3.1e-09 3.3e-09 3.9e-09 4.2e-09 4.5e-09 48
1e-10 5e-10 8e-10 1.1000000000000001e-09 1.8e-09 2.2000000000000003e-09 2.5e-09 3e-09 3.1e-09 3.3e-09 3.8e-09 4.3000000000000005e-09 4.5e-09 51
1e-10 5e-10 9e-10 1.1000000000000001e-09 1.6e-09 2.1e-09 2.3e-09 3e-09 3.1e-09 3.3e-09 3.9e-09 4.2e-09 4.5e-09 48
1e-10 6e-10 1e-09 1.1000000000000001e-09 1.6e-09 2.1e-09 2.5e-09 3e-09 3.2e-09 3.3e-09 3.9e-09 4.2e-09 1.695807212578214e-51 49
1e-10 5e-10 1e-09 1.1000000000000001e-09 1.6e-09 2.1e-09 2.5e-09 3e-09 3.1e-09 3.3e-09 3.9e-09 4.1e-09 4.5e-09 48
1e-10 5e-10 9e-10 1.1000000000000001e-09 1.6e-09 2.1e-09 2.3e-09 3e-09 3.1e-09 3.3e-09 3.9e-09 4.1e-09 4.5e-09 48
1e-10 5e-10 9e-10 1.1000000000000001e-09 1.6e-09 2.1e-09 2.3e-09 3e-09 3.1e-09 3.3e-09 3.9e-09 4.1e-09 4.5e-09 48
1e-10 5e-10 9e-10 1.1000000000000001e-09 1.6e-09 2.1e-09 2.3e-09 3e-09 3.1e-09 3.3e-09 3.8e-09 4.1e-09 4.5e-09 48
1e-10 6e-10 1e-09 1.1000000000000001e-09 1.6e-09 2.1e-09 2.5e-09 3e-09 3.2e-09 3.3e-09 3.9e-09 5.623229228030236e-205 4.7e-09 49
1e-10 6e-10 8e-10 1.1000000000000001e-09 1.6e-09 2.1e-09 2.3e-09 3e-09 3.1e-09 3.3e-09 3.8e-09 4.1e-09 4.5e-09 48
1e-10 6e-10 1e-09 1.1000000000000001e-09 1.6e-09 2.1e-09 2.3e-09 3e-09 3.1e-09 3.3e-09 3.8e-09 4.1e-09 4.5e-09 48
1e-10 6e-10 9e-10 1.1000000000000001e-09 1.6e-09 2.1e-09 2.3e-09 3e-09 3.2e-09 3.3e-09 3.8e-09 4.2e-09 4.7e-09 48
1e-10 6e-10 1e-09 1.1000000000000001e-09 1.6e-09 2.1e-09 2.5e-09 3e-09 3.2e-09 3.3e-09 3.9e-09 4.2e-09 1.695807212578214e-51 49
1e-10 6e-10 8e-10 0.28 5.613666169089602e-256 2.1e-09 2.5e-09 3e-09 3.1e-09 3.3e-09 3.8e-09 4.2e-09 4.7e-09 49
1e-10 6e-10 1e-09 1.1000000000000001e-09 5.613666169089602e-256 2.1e-09 2.3e-09 0.56 3.2e-09 3.3e-09 3.9e-09 4.3000000000000005e-09 4.7e-09 51
7.486030809522566e-309 6e-10 1e-09 1.1000000000000001e-09 1.6e-09 2.1e-09 2.5e-09 3e-09 3.2e-09 3.3e-09 3.9e-09 4.3000000000000005e-09 4.7e-09 52
3e-10 5e-10 1e-09 0.28 1.6e-09 2.2000000000000003e-09 2.3e-09 3e-09 3.2e-09 3.3e-09 3.9e-09 4.3000000000000005e-09 4.7e-09 51
1e-10 6e-10 8e-10 1.1000000000000001e-09 1.8e-09 2.1e-09 2.3e-09 3e-09 3.1e-09 3.3e-09 3.8e-09 4.1e-09 4.7e-09 48
3e-10 5e-10 1e-09 0.28 1.6e-09 2.2000000000000003e-09 2.3e-09 3e-09 3.2e-09 3.3e-09 3.9e-09 4.3000000000000005e-09 4.7e-09 51
1e-10 6e-10 8e-10 1.1000000000000001e-09 1.8e-09 2.1e-09 2.3e-09 3e-09 3.1e-09 3.3e-09 3.8e-09 4.1e-09 4.7e-09 48
3e-10 5e-10 1e-09 1.1000000000000001e-09 1.6e-09 2.1e-09 2.3e-09 3e-09 3.2e-09 3.3e-09 3.9e-09 4.3000000000000005e-09 4.5e-09 49
1e-10 6e-10 9.318434860304294e-155 1.1000000000000001e-09 1.6e-09 2.1e-09 2.5e-09 3e-09 3.1e-09 3.3e-09 3.9e-09 4.1e-09 1.695807212578214e-51 48
1e-10 6e-10 8e-10 1.1000000000000001e-09 1.6e-09 2.1e-09 2.3e-09 3e-09 3.1e-09 3.3e-09 3.9e-09 4.7e-09 48
3e-10 6e-10 1e-09 1.1000000000000001e-09 6.2294304146077705e-205 2.2000000000000003e-09 2.5e-09 3e-09 3.2e-09 3.3e-09 3.8e-09 5.623229228030236e-205 4.7e-09 51
7.486030809522566e-309 6e-10 1e-09 1.1000000000000001e-09 1.6e-09 2.1e-09 2.3e-09 3e-09 3.2e-09 3.3e-09 3.8e-09 4.2e-09 4.7e-09 50
3e-10 5e-10 9e-10 1.1000000000000001e-09 1.6e-09 2.1e-09 2.5e-09 3e-09 3.1e-09 3.3e-09 3.9e-09 4.2e-09 4.5e-09 48
1e-10 6e-10 1e-09 1.1000000000000001e-09 1.8e-09 2.1e-09 2.3e-09 3e-09 3.2e-09 3.3e-09 3.9e-09 4.1e-09 1.695807212578214e-51 50
1e-10 6e-10 1e-09 1.1000000000000001e-09 1.8e-09 2.1e-09 0.48 3e-09 3.1e-09 2.9433519341077766e-52 4.449735447177693e-205 5.623229228030236e-205 1.695807212578214e-51 52
1e-10 6e-10 9e-10 0.28 1.6e-09 2.2000000000000003e-09 2.3e-09 3e-09 3.1e-09 3.3e-09 3.8e-09 4.1e-09 4.7e-09 48
1e-10 6e-10 8e-10 1.1000000000000001e-09 1.6e-09 2.1e-09 2.3e-09 3e-09 3.1e-09 3.3e-09 3.8e-09 4.1e-09 4.7e-09 48
3e-10 6e-10 9e-10 1.1000000000000001e-09 1.6e-09 2.1e-09 2.3e-09 3e-09 3.1e-09 3.3e-09 3.8e-09 4.2e-09 4.7e-09 48
3e-10 6e-10 9.318434860304294e-155 1.1000000000000001e-09 1.6e-09 2.2000000000000003e-09 2.5e-09 3e-09 3.1e-09 3.3e-09 3.9e-09 4.2e-09 4.5e-09 48
1e-10 5e-10 8e-10 1.1000000000000001e-09 1.6e-09 2.1e-09 2.3e-09 3e-09 3.1e-09 3.3e-09 3.8e-09 4.2e-09 4.5e-09 48
1e-10 6e-10 9e-10 1.1000000000000001e-09 1.6e-09 2.1e-09 2.3e-09 3e-09 3.1e-09 3.3e-09 3.9e-09 4.2e-09 4.7e-09 49
1e-10 5e-10 8e-10 1.1000000000000001e-09 1.8e-09 2.2000000000000003e-09 2.5e-09 3e-09 3.1e-09 3.3e-09 3.8e-09 4.3000000000000005e-09 4.5e-09 51
1e-10 6e-10 1e-09 1.1000000000000001e-09 1.6e-09 2.1e-09 2.5e-09 3e-09 3.2e-09 3.3e-09 3.8e-09 4.1e-09 4.7e-09 51
1e-10 6e-10 9e-10 1.1000000000000001e-09 1.6e-09 2.1e-09 2.5e-09 3e-09 3.1e-09 3.3e-09 3.8e-09 4.1e-09 4.7e-09 48
3e-10 5e-10 1e-09 0.28 1.6e-09 2.2000000000000003e-09 2.3e-09 3e-09 3.2e-09 3.3e-09 3.9e-09 4.3000000000000005e-09 4.7e-09 51
1e-10 6e-10 1e-09 1.1000000000000001e-09 1.6e-09 2.1e-09 2.3e-09 3e-09 3.1e-09 3.3e-09 3.9e-09 4.1e-09 1.695807212578214e-51 48
1e-10 6e-10 9.318434860304294e-155 1.1000000000000001e-09 1.6e-09 2.1e-09 2.5e-09 3e-09 3.2e-09 3.3e-09 3.8e-09 4.2e-09 4.5e-09 48
1e-10 5e-10 9e-10 1.1000000000000001e-09 1.6e-09 2.1e-09 2.5e-09 3e-09 3.1e-09 3.3e-09 3.8e-09 4.1e-09 48
1e-10 5e-10 9e-10 1.1000000000000001e-09 1.6e-09 2.1e-09 2.3e-09 3e-09 3.1e-09 3.3e-09 3.9e-09 4.1e-09 4.5e-09 48
1e-10 6e-10 1e-09 1.1000000000000001e-09 1.6e-09 2.1e-09 2.5e-09 3e-09 3.2e-09 3.3e-09 3.9e-09 4.1e-09 4.7e-09 51
3e-10 6e-10 1e-09 1.1000000000000001e-09 1.6e-09 2.1e-09 2.3e-09 3e-09 3.2e-09 3.3e-09 4.449735447177693e-205 4.1e-09 4.7e-09 52
1e-10 5e-10 8e-10 1.1000000000000001e-09 1.6e-09 2.1e-09 2.3e-09 3e-09 3.1e-09 3.3e-09 3.8e-09 4.1e-09 4.5e-09 48
3e-10 5e-10 9e-10 1.1000000000000001e-09 1.8e-09 2.1e-09 2.3e-09 3e-09 3.1e-09 3.3e-09 3.8e-09 4.1e-09 4.7e-09 48
1e-10 6e-10 1e-09 1.1000000000000001e-09 1.6e-09 2.1e-09 2.5e-09 3e-09 3.2e-09 3.3e-09 3.9e-09 4.1e-09 4.7e-09 51
1e-10 6e-10 1e-09 1.1000000000000001e-09 1.6e-09 2.2000000000000003e-09 2.3e-09 3e-09 3.2e-09 3.3e-09 3.9e-09 4.1e-09 50
7.486030809522566e-309 6e-10 9.318434860304294e-155 1.1000000000000001e-09 1.6e-09 2.1e-09 2.3e-09 3e-09 3.1e-09 3.3e-09 3.8e-09 4.3000000000000005e-09 4.5e-09 49
7.486030809522566e-309 6e-10 9.318434860304294e-155 0.26 5.613666169089602e-256 2.1e-09 2.5e-09 3e-09 3.1e-09 3.3e-09 3.9e-09 4.1e-09 4.7e-09 49
1e-10 6e-10 9e-10 1.1000000000000001e-09 1.6e-09 2.1e-09 2.3e-09 3e-09 3.2e-09 3.3e-09 3.8e-09 4.1e-09 4.5e-09 48
3e-10 5e-10 9e-10 1.1000000000000001e-09 1.6e-09 2.1e-09 2.5e-09 3e-09 3.1e-09 3.3e-09 3.8e-09 4.1e-09 4.5e-09 48
1e-10 6e-10 1e-09 1.1000000000000001e-09 1.8e-09 2.1e-09 2.3e-09 3e-09 3.2e-09 3.3e-09 3.9e-09 4.3000000000000005e-09 4.7e-09 50
3e-10 6e-10 9e-10 1.1000000000000001e-09 1.6e-09 2.1e-09 2.3e-09 3e-09 3.2e-09 3.3e-09 3.9e-09 4.2e-09 4.7e-09 51
1e-10 6e-10 8e-10 1.1000000000000001e-09 1.6e-09 2.1e-09 2.3e-09 3e-09 3.1e-09 3.3e-09 3.8e-09 4.1e-09 4.5e-09 48
1e-10 5e-10 1e-09 0.3 5.613666169089602e-256 2.2000000000000003e-09 2.5e-09 3e-09 3.2e-09 2.9433519341077766e-52 4.449735447177693e-205 4.3000000000000005e-09 4.7e-09 51
1e-10 6e-10 9e-10 1.1000000000000001e-09 1.6e-09 2.1e-09 2.5e-09 3e-09 3.1e-09 3.3e-09 3.8e-09 4.1e-09 4.5e-09 48
1e-10 5e-10 8e-10 1.1000000000000001e-09 1.6e-09 2.1e-09 2.5e-09 3e-09 3.1e-09 3.3e-09 3.9e-09 4.2e-09 4.5e-09 49
1e-10 5e-10 8e-10 1.1000000000000001e-09 1.6e-09 2.1e-09 2.3e-09 3e-09 3.1e-09 3.3e-09 3.8e-09 4.1e-09 4.5e-09 48
3e-10 6e-10 1e-09 1.1000000000000001e-09 1.6e-09 2.1e-09 2.5e-09 3e-09 3.2e-09 2.9433519341077766e-52 3.9e-09 4.2e-09 4.5e-09 52
3e-10 6e-10 1e-09 1.1000000000000001e-09 1.6e-09 2.1e-09 2.5e-09 3e-09 3.1e-09 3.3e-09 3.8e-09 4.1e-09 1.695807212578214e-51 48
1e-10 6e-10 9e-10 1.1000000000000001e-09 1.6e-09 2.1e-09 2.5e-09 3e-09 3.1e-09 3.3e-09 3.9e-09 4.2e-09 4.7e-09 52
7.486030809522566e-309 6e-10 1e-09 1.1000000000000001e-09 1.6e-09 2.1e-09 2.3e-09 3e-09 3.2e-09 3.3e-09 3.8e-09 4.2e-09 4.7e-09 50
1e-10 6e-10 8e-10 1.1000000000000001e-09 1.6e-09 2.1e-09 2.5e-09 3e-09 3.1e-09 3.3e-09 3.8e-09 4.1e-09 4.7e-09 48
1e-10 6e-10 9e-10 1.1000000000000001e-09 1.6e-09 2.1e-09 2.3e-09 3e-09 3.1e-09 3.3e-09 3.8e-09 4.5e-09 48
1e-10 6e-10 1e-09 1.1000000000000001e-09 1.6e-09 2.1e-09 2.5e-09 3e-09 3.1e-09 3.3e-09 3.8e-09 4.1e-09 4.5e-09 48
1e-10 5e-10 8e-10 1.1000000000000001e-09 1.8e-09 2.1e-09 2.5e-09 3e-09 3.1e-09 3.3e-09 3.9e-09 4.1e-09 4.5e-09 48
1e-10 6e-10 8e-10 1.1000000000000001e-09 1.6e-09 2.1e-09 2.3e-09 3e-09 3.1e-09 3.3e-09 3.8e-09 4.1e-09 4.7e-09 49
1e-10 5e-10 9e-10 1.1000000000000001e-09 1.6e-09 2.1e-09 2.3e-09 3e-09 3.1e-09 3.3e-09 3.9e-09 4.1e-09 4.5e-09 48
3e-10 6e-10 9e-10 1.1000000000000001e-09 1.6e-09 2.1e-09 2.3e-09 3e-09 3.2e-09 3.3e-09 3.9e-09 4.2e-09 4.7e-09 51
1e-10 5e-10 8e-10 1.1000000000000001e-09 1.6e-09 2.1e-09 2.3e-09 3e-09 3.1e-09 3.3e-09 3.8e-09 4.1e-09 4.5e-09 48
1e-10 6e-10 9e-10 1.1000000000000001e-09 1.6e-09 2.1e-09 2.5e-09 3e-09 3.1e-09 3.3e-09 3.8e-09 4.1e-09 4.5e-09 48
7.486030809522566e-309 6e-10 9e-10 1.1000000000000001e-09 1.6e-09 2.1e-09 2.5e-09 3e-09 3.1e-09 3.3e-09 3.9e-09 4.1e-09 4.5e-09 49
1e-10 5e-10 1e-09 0.26 1.6e-09 2.2000000000000003e-09 2.5e-09 3e-09 3.2e-09 3.3e-09 3.9e-09 4.3000000000000005e-09 1.695807212578214e-51 50
1e-10 6e-10 1e-09 1.1000000000000001e-09 1.6e-09 2.1e-09 2.3e-09 3e-09 3.1e-09 3.3e-09 3.8e-09 4.2e-09 4.7e-09 50
3e-10 5e-10 9e-10 1.1000000000000001e-09 1.6e-09 2.1e-09 2.5e-09 3e-09 3.1e-09 3.3e-09 3.9e-09 4.1e-09 4.5e-09 48
1e-10 5e-10 9e-10 1.1000000000000001e-09 1.6e-09 2.1e-09 2.5e-09 3e-09 3.1e-09 3.3e-09 3.9e-09 4.1e-09 4.5e-09 48
1e-10 6e-10 1e-09 1.1000000000000001e-09 5.613666169089602e-256 2.1e-09 2.5e-09 3e-09 3.2e-09 3.3e-09 3.9e-09 4.2e-09 4.7e-09 52
1e-10 6e-10 8e-10 1.1000000000000001e-09 1.6e-09 2.1e-09 2.3e-09 3e-09 3.1e-09 3.3e-09 3.8e-09 4.1e-09 4.7e-09 49
3e-10 5e-10 9e-10 1.1000000000000001e-09 1.6e-09 2.1e-09 2.5e-09 3e-09 3.1e-09 3.3e-09 3.9e-09 4.2e-09 4.5e-09 48
1e-10 6e-10 1e-09 1.1000000000000001e-09 1.6e-09 2.1e-09 2.3e-09 3e-09 3.1e-09 3.3e-09 3.8e-09 4.1e-09 4.5e-09 48
7.486030809522566e-309 6e-10 8e-10 1.1000000000000001e-09 1.6e-09 2.1e-09 2.3e-09 3e-09 3.2e-09 3.3e-09 3.8e-09 4.1e-09 4.5e-09 48
7.486030809522566e-309 5e-10 1e-09 1.1000000000000001e-09 1.8e-09 2.1e-09 2.5e-09 3e-09 3.1e-09 3.3e-09 3.8e-09 4.1e-09 4.5e-09 49
3e-10 5e-10 1e-09 1.1000000000000001e-09 1.6e-09 2.1e-09 2.3e-09 3e-09 3.2e-09 3.3e-09 3.9e-09 4.1e-09 4.5e-09 49
1e-10 6e-10 1e-09 1.1000000000000001e-09 1.6e-09 2.1e-09 2.5e-09 3e-09 3.2e-09 3.3e-09 3.8e-09 4.1e-09 4.7e-09 51
3e-10 6e-10 9.318434860304294e-155 0.26 1.6e-09 2.1e-09 2.5e-09 3e-09 3.1e-09 3.3e-09 3.9e-09 4.1e-09 4.7e-09 48
1e-10 6e-10 1e-09 1.1000000000000001e-09 1.6e-09 2.1e-09 2.5e-09 3e-09 3.2e-09 3.3e-09 3.9e-09 4.1e-09 4.5e-09 48
1e-10 6e-10 9e-10 1.1000000000000001e-09 1.6e-09 2.1e-09 2.5e-09 3e-09 3.1e-09 3.3e-09 3.8e-09 5.623229228030236e-205 4.5e-09 49
3e-10 5e-10 1e-09 1.1000000000000001e-09 1.6e-09 2.1e-09 2.3e-09 3e-09 3.1e-09 3.3e-09 3.8e-09 4.1e-09 4.5e-09 48
1e-10 6e-10 9e-10 1.1000000000000001e-09 1.6e-09 2.1e-09 2.5e-09 3e-09 3.1e-09 3.3e-09 3.8e-09 4.3000000000000005e-09 4.7e-09 51
1e-10 6e-10 1e-09 1.1000000000000001e-09 1.8e-09 2.1e-09 2.3e-09 3e-09 3.2e-09 3.3e-09 3.9e-09 4.1e-09 1.695807212578214e-51 50
1e-10 6e-10 1e-09 1.1000000000000001e-09 1.8e-09 2.1e-09 0.48 3e-09 3.1e-09 2.9433519341077766e-52 4.449735447177693e-205 5.623229228030236e-205 1.695807212578214e-51 52
1e-10 6e-10 9e-10 1.1000000000000001e-09 1.6e-09 2.1e-09 2.3e-09 3e-09 3.1e-09 3.3e-09 3.8e-09 4.1e-09 4.5e-09 48
3e-10 6e-10 1e-09 1.1000000000000001e-09 1.6e-09 2.1e-09 2.5e-09 3e-09 3.2e-09 3.3e-09 3.8e-09 4.2e-09 4.7e-09 49
1e-10 5e-10 9e-10 1.1000000000000001e-09 6.2294304146077705e-205 2.1e-09 2.3e-09 3e-09 3.1e-09 3.3e-09 3.8e-09 4.1e-09 4.5e-09 48
3e-10 6e-10 1e-09 1.1000000000000001e-09 1.6e-09 2.2000000000000003e-09 2.3e-09 3e-09 3.1e-09 3.3e-09 3.9e-09 4.3000000000000005e-09 4.7e-09 51
1e-10 6e-10 8e-10 1.1000000000000001e-09 1.6e-09 2.1e-09 2.3e-09 3e-09 3.1e-09 3.3e-09 3.8e-09 4.1e-09 4.5e-09 48
1e-10 6e-10 1e-09 1.1000000000000001e-09 1.6e-09 2.1e-09 2.3e-09 3e-09 3.1e-09 3.3e-09 3.8e-09 4.1e-09 4.5e-09 48
1e-10 6e-10 1e-09 1.1000000000000001e-09 1.6e-09 2.1e-09 2.5e-09 3e-09 3.1e-09 3.3e-09 3.8e-09 4.2e-09 4.5e-09 49
3e-10 6e-10 1e-09 1.1000000000000001e-09 1.6e-09 2.1e-09 2.5e-09 3e-09 3.1e-09 3.3e-09 3.8e-09 4.3000000000000005e-09 1.695807212578214e-51 49
1e-10 5e-10 9e-10 1.1000000000000001e-09 1.6e-09 2.1e-09 2.3e-09 3e-09 3.1e-09 3.3e-09 3.9e-09 4.1e-09 4.5e-09 48
1e-10 5e-10 8e-10 1.1000000000000001e-09 1.6e-09 2.1e-09 2.3e-09 3e-09 3.1e-09 3.3e-09 3.9e-09 4.1e-09 4.5e-09 48
1e-10 6e-10 8e-10 1.1000000000000001e-09 1.6e-09 2.1e-09 2.3e-09 3e-09 3.1e-09 3.3e-09 3.8e-09 4.1e-09 4.5e-09 48
1e-10 6e-10 9e-10 1.1000000000000001e-09 1.6e-09 2.1e-09 2.3e-09 3e-09 3.1e-09 3.3e-09 3.8e-09 4.1e-09 4.5e-09 48
3e-10 5e-10 1e-09 0.28 2.2834775187062983e-52 2.1e-09 2.3e-09 3e-09 3.2e-09 3.3e-09 3.8e-09 4.1e-09 4.5e-09 48
1e-10 6e-10 1e-09 1.1000000000000001e-09 1.6e-09 2.1e-09 2.3e-09 3e-09 3.2e-09 3.3e-09 3.8e-09 4.2e-09 4.7e-09 49
1e-10 5e-10 1e-09 1.1000000000000001e-09 1.6e-09 2.1e-09 2.3e-09 3e-09 3.1e-09 3.3e-09 3.8e-09 4.1e-09 4.5e-09 48
3e-10 6e-10 9e-10 1.1000000000000001e-09 1.6e-09 2.1e-09 2.5e-09 3e-09 3.1e-09 3.3e-09 3.9e-09 5.623229228030236e-205 4.7e-09 50
1e-10 6e-10 1e-09 1.1000000000000001e-09 1.6e-09 2.1e-09 2.3e-09 3e-09 3.1e-09 3.3e-09 3.8e-09 4.1e-09 4.7e-09 49
3e-10 6e-10 9.318434860304294e-155 1.1000000000000001e-09 1.6e-09 2.2000000000000003e-09 2.5e-09 3e-09 3.1e-09 3.3e-09 4.449735447177693e-205 4.1e-09 1.695807212578214e-51 48
3e-10 6e-10 1e-09 1.1000000000000001e-09 1.6e-09 2.1e-09 2.5e-09 3e-09 3.2e-09 2.9433519341077766e-52 3.8e-09 4.3000000000000005e-09 4.7e-09 50
1e-10 6e-10 8e-10 1.1000000000000001e-09 1.6e-09 2.1e-09 2.3e-09 3e-09 3.1e-09 3.3e-09 3.8e-09 4.2e-09 4.5e-09 48
3e-10 5e-10 9e-10 1.1000000000000001e-09 1.6e-09 2.1e-09 2.5e-09 3e-09 3.1e-09 3.3e-09 3.9e-09 4.1e-09 4.5e-09 48
1e-10 6e-10 1e-09 1.1000000000000001e-09 1.6e-09 2.1e-09 2.5e-09 3e-09 3.2e-09 3.3e-09 3.9e-09 4.1e-09 4.7e-09 51
1e-10 5e-10 8e-10 1.1000000000000001e-09 5.613666169089602e-256 2.2000000000000003e-09 2.5e-09 3e-09 3.2e-09 3.3e-09 3.8e-09 4.2e-09 4.5e-09 48
1e-10 5e-10 1e-09 1.1000000000000001e-09 1.6e-09 2.1e-09 2.3e-09 3e-09 3.1e-09 3.3e-09 3.8e-09 4.1e-09 4.5e-09 48
1e-10 6e-10 9.318434860304294e-155 1.1000000000000001e-09 1.6e-09 2.1e-09 2.5e-09 3e-09 3.1e-09 3.3e-09 3.8e-09 4.1e-09 4.5e-09 48
1e-10 6e-10 1e-09 1.1000000000000001e-09 1.6e-09 2.1e-09 2.3e-09 3e-09 3.1e-09 3.3e-09 3.8e-09 4.1e-09 4.5e-09 48
1e-10 6e-10 9e-10 1.1000000000000001e-09 1.6e-09 2.1e-09 2.3e-09 3e-09 3.1e-09 3.3e-09 3.8e-09 4.1e-09 4.5e-09 48
1e-10 6e-10 1e-09 1.1000000000000001e-09 6.2294304146077705e-205 2.1e-09 2.3e-09 3e-09 3.2e-09 3.3e-09 3.9e-09 4.2e-09 4.7e-09 50
3e-10 5e-10 1e-09 1.1000000000000001e-09 1.6e-09 2.1e-09 2.3e-09 3e-09 3.1e-09 3.3e-09 3.8e-09 4.1e-09 4.5e-09 48
3e-10 6e-10 9e-10 0.28 1.6e-09 2.2000000000000003e-09 2.5e-09 3e-09 3.2e-09 3.3e-09 3.9e-09 4.1e-09 4.7e-09 51
1e-10 6e-10 1e-09 1.1000000000000001e-09 1.8e-09 2.1e-09 2.3e-09 3e-09 3.2e-09 3.3e-09 3.9e-09 4.3000000000000005e-09 4.7e-09 50
3e-10 5e-10 9.318434860304294e-155 1.1000000000000001e-09 1.6e-09 2.1e-09 2.3e-09 3e-09 3.1e-09 3.3e-09 4.449735447177693e-205 4.1e-09 4.5e-09 48
1e-10 5e-10 8e-10 1.1000000000000001e-09 1.6e-09 2.1e-09 2.5e-09 3e-09 3.1e-09 3.3e-09 3.8e-09 4.1e-09 4.5e-09 48
1e-10 5e-10 9e-10 1.1000000000000001e-09 1.8e-09 2.1e-09 2.5e-09 3e-09 3.1e-09 3.3e-09 3.8e-09 4.1e-09 4.5e-09 48
3e-10 6e-10 9.318434860304294e-155 0.26 1.6e-09 2.1e-09 2.5e-09 3e-09 3.1e-09 3.3e-09 3.9e-09 4.1e-09 4.7e-09 48
1e-10 6e-10 9.318434860304294e-155 1.1000000000000001e-09 1.8e-09 2.2000000000000003e-09 2.3e-09 3e-09 3.1e-09 3.3e-09 3.9e-09 4.1e-09 4.7e-09 48
1e-10 5e-10 9e-10 1.1000000000000001e-09 1.6e-09 2.1e-09 2.3e-09 3e-09 3.1e-09 3.3e-09 3.9e-09 4.1e-09 4.5e-09 48
1e-10 5e-10 1e-09 1.1000000000000001e-09 1.6e-09 2.1e-09 2.3e-09 3e-09 3.1e-09 3.3e-09 3.8e-09 4.1e-09 4.5e-09 48
3e-10 6e-10 1e-09 1.1000000000000001e-09 1.6e-09 2.1e-09 2.5e-09 3e-09 3.1e-09 3.3e-09 3.9e-09 4.3000000000000005e-09 1.695807212578214e-51 52
1e-10 6e-10 1e-09 1.1000000000000001e-09 1.6e-09 2.1e-09 2.5e-09 3e-09 3.1e-09 3.3e-09 3.8e-09 4.2e-09 4.5e-09 49
3e-10 6e-10 1e-09 1.1000000000000001e-09 1.6e-09 2.1e-09 2.5e-09 3e-09 3.2e-09 2.9433519341077766e-52 3.8e-09 4.3000000000000005e-09 4.7e-09 50
1e-10 5e-10 1e-09 1.1000000000000001e-09 1.6e-09 2.1e-09 2.3e-09 3e-09 3.1e-09 3.3e-09 3.9e-09 4.1e-09 4.5e-09 48
3e-10 5e-10 9e-10 1.1000000000000001e-09 1.6e-09 2.1e-09 2.5e-09 3e-09 3.1e-09 3.3e-09 3.9e-09 4.1e-09 4.5e-09 48
1e-10 6e-10 9e-10 1.1000000000000001e-09 1.6e-09 2.2000000000000003e-09 2.5e-09 3e-09 3.1e-09 3.3e-09 3.8e-09 5.623229228030236e-205 4.5e-09 48
1e-10 6e-10 8e-10 1.1000000000000001e-09 1.6e-09 2.1e-09 2.3e-09 3e-09 3.1e-09 3.3e-09 3.8e-09 4.2e-09 4.5e-09 48
3e-10 5e-10 1e-09 1.1000000000000001e-09 6.2294304146077705e-205 2.1e-09 2.5e-09 3e-09 3.1e-09 3.3e-09 3.8e-09 4.1e-09 4.5e-09 49
3e-10 6e-10 1e-09 1.1000000000000001e-09 1.6e-09 2.1e-09 2.3e-09 4.8468241143425974e-52 3.2e-09 3.3e-09 3.9e-09 4.3000000000000005e-09 4.7e-09 49
1e-10 6e-10 1e-09 1.1000000000000001e-09 1.8e-09 2.1e-09 2.5e-09 3e-09 3.1e-09 3.3e-09 3.8e-09 4.3000000000000005e-09 4.7e-09 49
3e-10 5e-10 1e-09 1.1000000000000001e-09 6.2294304146077705e-205 2.1e-09 2.5e-09 3e-09 3.1e-09 3.3e-09 3.8e-09 4.1e-09 4.5e-09 49
1e-10 5e-10 9e-10 1.1000000000000001e-09 1.6e-09 2.1e-09 2.3e-09 3e-09 3.1e-09 3.3e-09 3.9e-09 4.1e-09 4.5e-09 48
1e-10 6e-10 8e-10 1.1000000000000001e-09 1.6e-09 2.1e-09 2.5e-09 3e-09 3.1e-09 3.3e-09 3.8e-09 4.1e-09 4.5e-09 48
3e-10 5e-10 9.318434860304294e-155 1.1000000000000001e-09 1.6e-09 2.1e-09 2.3e-09 3e-09 3.1e-09 3.3e-09 4.449735447177693e-205 4.1e-09 4.5e-09 48
1e-10 5e-10 9e-10 1.1000000000000001e-09 1.6e-09 2.1e-09 2.3e-09 3e-09 3.1e-09 3.3e-09 3.8e-09 4.1e-09 4.5e-09 48
1e-10 6e-10 1e-09 1.1000000000000001e-09 1.6e-09 2.1e-09 2.3e-09 3e-09 3.1e-09 3.3e-09 3.8e-09 4.1e-09 4.5e-09 48
3e-10 5e-10 1e-09 1.1000000000000001e-09 1.6e-09 2.1e-09 2.3e-09 3e-09 3.1e-09 3.3e-09 3.9e-09 4.1e-09 4.5e-09 48
1e-10 6e-10 9e-10 1.1000000000000001e-09 1.6e-09 2.1e-09 2.5e-09 3e-09 3.1e-09 3.3e-09 3.8e-09 4.1e-09 4.5e-09 48
7.486030809522566e-309 6e-10 1e-09 1.1000000000000001e-09 1.6e-09 2.1e-09 2.3e-09 3e-09 3.2e-09 3.3e-09 3.8e-09 4.2e-09 4.7e-09 49
1e-10 5e-10 9e-10 1.1000000000000001e-09 1.6e-09 2.1e-09 2.5e-09 3e-09 3.2e-09 3.3e-09 3.8e-09 4.1e-09 4.5e-09 48
1e-10 5e-10 1e-09 1.1000000000000001e-09 1.6e-09 2.1e-09 2.5e-09 3e-09 3.1e-09 3.3e-09 3.9e-09 4.1e-09 4.5e-09 48
1e-10 6e-10 8e-10 1.1000000000000001e-09 1.6e-09 2.1e-09 2.3e-09 3e-09 3.1e-09 3.3e-09 3.8e-09 4.1e-09 4.5e-09 48
3e-10 6e-10 1e-09 1.1000000000000001e-09 1.6e-09 2.1e-09 2.3e-09 0.52 3.1e-09 3.3e-09 3.9e-09 4.1e-09 4.5e-09 50
3e-10 6e-10 1e-09 1.1000000000000001e-09 1.6e-09 2.2000000000000003e-09 2.3e-09 3e-09 3.1e-09 0.7000000000000001 3.9e-09 4.3000000000000005e-09 4.7e-09 50
1e-10 6e-10 9e-10 1.1000000000000001e-09 1.6e-09 2.1e-09 2.3e-09 3e-09 3.1e-09 3.3e-09 3.8e-09 4.1e-09 4.5e-09 48
3e-10 5e-10 1e-09 1.1000000000000001e-09 1.8e-09 2.1e-09 2.3e-09 3e-09 3.1e-09 3.3e-09 3.9e-09 4.3000000000000005e-09 4.5e-09 48
1e-10 5e-10 8e-10 1.1000000000000001e-09 1.8e-09 2.1e-09 2.5e-09 3e-09 3.1e-09 3.3e-09 3.9e-09 4.1e-09 4.5e-09 48
1e-10 6e-10 8e-10 1.1000000000000001e-09 1.6e-09 2.1e-09 2.5e-09 3e-09 3.1e-09 3.3e-09 3.8e-09 4.1e-09 4.5e-09 48
1e-10 5e-10 8e-10 1.1000000000000001e-09 1.6e-09 2.1e-09 2.3e-09 3e-09 3.1e-09 3.3e-09 3.9e-09 4.1e-09 4.5e-09 48
1e-10 6e-10 1e-09 1.1000000000000001e-09 1.6e-09 2.1e-09 2.5e-09 3e-09 3.2e-09 3.3e-09 3.9e-09 4.2e-09 4.5e-09 49
1e-10 5e-10 9e-10 1.1000000000000001e-09 1.6e-09 2.1e-09 2.3e-09 3e-09 3.1e-09 3.3e-09 3.9e-09 4.1e-09 4.5e-09 48
1e-10 6e-10 1e-09 1.1000000000000001e-09 1.8e-09 2.1e-09 2.3e-09 3e-09 3.2e-09 2.9433519341077766e-52 3.9e-09 5.623229228030236e-205 4.7e-09 51
7.486030809522566e-309 6e-10 9e-10 1.1000000000000001e-09 1.6e-09 2.2000000000000003e-09 2.3e-09 3e-09 3.1e-09 3.3e-09 3.9e-09 4.2e-09 1.695807212578214e-51 50
1e-10 6e-10 1e-09 1.1000000000000001e-09 1.8e-09 2.1e-09 2.5e-09 3e-09 3.2e-09 3.3e-09 3.9e-09 5.623229228030236e-205 4.7e-09 51
1e-10 6e-10 1e-09 1.1000000000000001e-09 1.8e-09 2.1e-09 2.3e-09 3e-09 3.2e-09 3.3e-09 3.9e-09 4.1e-09 1.695807212578214e-51 50
1e-10 6e-10 1e-09 1.1000000000000001e-09 1.6e-09 2.2000000000000003e-09 2.5e-09 3e-09 3.2e-09 3.3e-09 4.449735447177693e-205 4.1e-09 4.7e-09 49
1e-10 6e-10 1e-09 1.1000000000000001e-09 1.6e-09 2.1e-09 2.5e-09 3e-09 3.1e-09 3.3e-09 3.8e-09 4.1e-09 4.5e-09 48
1e-10 5e-10 8e-10 1.1000000000000001e-09 1.6e-09 2.1e-09 2.5e-09 3e-09 3.1e-09 3.3e-09 3.8e-09 4.1e-09 4.5e-09 48
3e-10 5e-10 9e-10 1.1000000000000001e-09 1.6e-09 2.1e-09 2.3e-09 4.8468241143425974e-52 3.1e-09 3.3e-09 3.9e-09 4.2e-09 4.7e-09 50
1e-10 6e-10 1e-09 1.1000000000000001e-09 1.6e-09 2.1e-09 2.5e-09 3e-09 3.1e-09 3.3e-09 3.9e-09 4.1e-09 4.7e-09 52
1e-10 5e-10 9e-10 1.1000000000000001e-09 1.6e-09 2.1e-09 2.3e-09 3e-09 3.1e-09 3.3e-09 3.9e-09 4.1e-09 4.5e-09 48
3e-10 5e-10 9e-10 1.1000000000000001e-09 1.6e-09 2.1e-09 0.48 3e-09 3.1e-09 3.3e-09 3.9e-09 4.1e-09 4.5e-09 48
1e-10 5e-10 8e-10 1.1000000000000001e-09 1.6e-09 2.1e-09 2.3e-09 3e-09 3.1e-09 3.3e-09 3.8e-09 4.2e-09 4.5e-09 48
7.486030809522566e-309 6e-10 1e-09 1.1000000000000001e-09 1.6e-09 2.1e-09 2.3e-09 3e-09 3.2e-09 3.3e-09 3.8e-09 4.2e-09 4.7e-09 50
