0.04 0.12 0.2 0.22 0.32 0.42 0.5 0.6 0.64 0.66 0.78 0.84 0.9400000000000001 49
0.02 0.12 0.14 0.22 0.36 0.44 0.46 0.6 0.62 0.66 0.78 0.8200000000000001 0.9400000000000001 48
0.02 0.1 0.18 0.22 0.4 0.42 0.46 0.6 0.62 0.66 0.76 0.8200000000000001 0.9 48
0.06 0.1 0.2 0.22 0.32 0.42 0.46 0.6 0.62 0.66 0.76 0.8200000000000001 0.9 48
0.02 0.12 0.16 0.22 0.32 0.42 0.46 0.6 0.62 0.66 0.78 0.9400000000000001 48
0.02 0.1 0.16 0.22 0.32 0.42 0.5 0.6 0.62 0.66 0.78 0.84 0.9 49
0.02 0.12 0.2 0.22 0.34 0.42 0.5 0.6 0.64 0.66 0.78 0.84 0.9400000000000001 52
0.02 0.1 0.18 0.22 0.32 0.42 0.5 0.6 0.64 0.66 0.8 0.8200000000000001 0.9 48
0.06 0.1 0.2 0.28 0.32 0.44 0.46 0.6 0.64 0.66 0.78 0.86 0.9400000000000001 51
0.02 0.12 0.14 0.22 0.32 0.42 0.5 0.6 0.62 0.66 0.76 0.86 0.9 48
0.06 0.12 0.14 0.22 0.32 0.44 0.5 0.6 0.62 0.66 0.78 0.84 0.9 48
0.02 0.12 0.2 0.22 0.32 0.42 0.5 0.6 0.64 0.66 0.78 0.8200000000000001 0.9 48
0.02 0.12 0.14 0.22 0.32 0.42 0.46 0.6 0.62 0.66 0.78 0.8200000000000001 0.9400000000000001 49
0.02 0.1 0.2 0.22 0.4 0.42 0.46 0.6 0.64 0.66 0.76 0.8200000000000001 0.9 48
0.02 0.12 0.16 0.22 0.32 0.44 0.46 0.6 0.62 0.66 0.76 0.8200000000000001 0.9400000000000001 48
0.04 0.12 0.14 0.26 0.34 0.42 0.5 0.6 0.62 0.66 0.78 0.8200000000000001 0.9400000000000001 49
0.02 0.12 0.2 0.22 0.32 0.42 0.5 0.6 0.62 0.66 0.78 0.8200000000000001 0.9400000000000001 52
0.02 0.12 0.2 0.22 0.36 0.42 0.46 0.6 0.64 0.66 0.76 0.8200000000000001 0.9400000000000001 49
0.02 0.12 0.18 0.22 0.32 0.42 0.46 0.6 0.62 0.66 0.78 0.84 0.9400000000000001 49
0.02 0.12 0.2 0.22 0.4 0.42 0.46 0.6 0.64 0.66 0.78 0.84 0.9400000000000001 50
0.02 0.12 0.18 0.28 0.32 0.44 0.46 0.6 0.62 0.66 0.76 0.8200000000000001 0.9400000000000001 48
0.06 0.12 0.2 0.22 0.34 0.42 0.5 0.6 0.64 0.66 0.78 0.88 0.9 50
0.06 0.12 0.2 0.22 0.32 0.42 0.5 0.6 0.62 0.66 0.78 0.86 0.92 52
0.02 0.12 0.2 0.22 0.36 0.42 0.48 0.6 0.62 0.72 0.8 0.88 0.92 52
0.06 0.12 0.2 0.22 0.32 0.42 0.46 0.6 0.64 0.66 0.8 0.8200000000000001 0.9400000000000001 52
0.02 0.12 0.18 0.22 0.32 0.42 0.46 0.6 0.62 0.66 0.78 0.88 0.9400000000000001 51
0.02 0.12 0.18 0.22 0.32 0.44 0.5 0.6 0.62 0.66 0.76 0.88 0.9 48
0.06 0.1 0.2 0.28 0.32 0.44 0.46 0.6 0.64 0.66 0.78 0.86 0.9400000000000001 51
0.06 0.12 0.2 0.22 0.32 0.42 0.5 0.56 0.64 0.66 0.8 0.84 0.9 51
0.02 0.1 0.18 0.22 0.32 0.42 0.5 0.6 0.64 0.66 0.76 0.8200000000000001 0.9 48
0.06 0.12 0.2 0.22 0.38 0.42 0.5 0.6 0.62 0.66 0.78 0.88 0.9 49
0.04 0.12 0.2 0.22 0.32 0.42 0.5 0.6 0.64 0.66 0.78 0.84 0.9400000000000001 50
0.02 0.12 0.2 0.22 0.32 0.42 0.5 0.6 0.64 0.66 0.78 0.84 0.9 49
0.02 0.1 0.18 0.22 0.32 0.42 0.46 0.6 0.62 0.66 0.78 0.8200000000000001 0.9 48
0.02 0.1 0.2 0.22 0.32 0.42 0.46 0.6 0.62 0.66 0.76 0.8200000000000001 0.9 48
0.02 0.12 0.18 0.22 0.32 0.44 0.5 0.6 0.62 0.66 0.76 0.8200000000000001 0.9 48
0.02 0.12 0.14 0.22 0.32 0.42 0.5 0.6 0.62 0.66 0.78 0.8200000000000001 0.9400000000000001 48
0.06 0.12 0.18 0.22 0.32 0.42 0.5 0.6 0.62 0.66 0.78 0.88 0.9400000000000001 50
0.06 0.1 0.2 0.22 0.36 0.44 0.46 0.6 0.62 0.66 0.78 0.88 0.9 50
0.02 0.12 0.16 0.22 0.32 0.44 0.46 0.6 0.62 0.66 0.76 0.8200000000000001 0.9400000000000001 48
0.02 0.12 0.16 0.22 0.32 0.42 0.5 0.6 0.62 0.66 0.76 0.8200000000000001 0.9400000000000001 48
0.06 0.12 0.2 0.22 0.32 0.42 0.5 0.6 0.64 0.72 0.78 0.84 0.9 52
0.02 0.12 0.2 0.22 0.34 0.42 0.46 0.56 0.64 0.66 0.78 0.86 0.9400000000000001 51
0.02 0.12 0.2 0.22 0.32 0.42 0.46 0.6 0.62 0.66 0.76 0.8200000000000001 0.9 48
0.06 0.12 0.2 0.22 0.38 0.42 0.5 0.6 0.62 0.66 0.78 0.88 0.9 49
0.02 0.1 0.18 0.22 0.32 0.42 0.5 0.6 0.62 0.66 0.76 0.8200000000000001 0.9 48
0.06 0.1 0.2 0.22 0.36 0.44 0.46 0.6 0.62 0.66 0.78 0.88 0.9 50
0.06 0.1 0.2 0.22 0.36 0.42 0.46 0.6 0.62 0.66 0.78 0.86 0.9 48
0.02 0.12 0.18 0.22 0.32 0.42 0.46 0.6 0.62 0.66 0.76 0.8200000000000001 0.9 48
0.02 0.1 0.18 0.22 0.32 0.42 0.46 0.6 0.62 0.66 0.76 0.8200000000000001 0.9 48
0.04 0.12 0.2 0.22 0.32 0.42 0.5 0.6 0.64 0.66 0.78 0.84 0.9400000000000001 50
0.02 0.12 0.16 0.22 0.32 0.42 0.46 0.6 0.62 0.66 0.76 0.8200000000000001 0.9 48
0.02 0.12 0.16 0.22 0.32 0.42 0.46 0.6 0.62 0.66 0.76 0.8200000000000001 0.9 48
0.06 0.12 0.18 0.22 0.4 0.42 0.46 0.6 0.62 0.66 0.76 0.8200000000000001 0.9 49
0.02 0.12 0.2 0.22 0.32 0.42 0.5 0.6 0.64 0.66 0.78 0.88 0.9400000000000001 49
0.02 0.12 0.2 0.22 0.32 0.42 0.46 0.6 0.62 0.66 0.78 0.84 0.9400000000000001 50
0.02 0.12 0.18 0.22 0.36 0.42 0.46 0.6 0.62 0.66 0.76 0.84 0.9 48
0.02 0.1 0.2 0.28 0.38 0.42 0.48 0.6 0.64 0.7000000000000001 0.78 0.8200000000000001 0.9 50
0.02 0.12 0.16 0.22 0.32 0.42 0.46 0.6 0.62 0.66 0.76 0.8200000000000001 0.9 48
0.02 0.1 0.18 0.22 0.32 0.42 0.46 0.6 0.62 0.66 0.78 0.8200000000000001 0.9 48
0.02 0.1 0.18 0.22 0.32 0.42 0.46 0.6 0.62 0.66 0.76 0.8200000000000001 0.9 48
0.02 0.12 0.16 0.22 0.32 0.42 0.46 0.6 0.62 0.66 0.76 0.8200000000000001 0.9 48
0.02 0.12 0.16 0.22 0.32 0.42 0.5 0.6 0.62 0.66 0.76 0.84 0.9 49
0.02 0.12 0.18 0.22 0.32 0.44 0.5 0.6 0.62 0.66 0.78 0.8200000000000001 0.9 48
0.02 0.1 0.16 0.22 0.36 0.42 0.5 0.6 0.62 0.66 0.78 0.8200000000000001 0.9 48
0.06 0.1 0.18 0.22 0.32 0.42 0.5 0.6 0.62 0.66 0.78 0.8200000000000001 0.9 48
0.06 0.12 0.16 0.22 0.32 0.44 0.5 0.6 0.62 0.66 0.76 0.8200000000000001 0.9 48
0.02 0.1 0.16 0.22 0.32 0.42 0.46 0.6 0.62 0.66 0.78 0.8200000000000001 0.9 48
0.02 0.12 0.2 0.22 0.32 0.42 0.46 0.6 0.62 0.66 0.78 0.84 0.9400000000000001 49
0.02 0.12 0.2 0.22 0.32 0.42 0.5 0.6 0.64 0.66 0.76 0.8200000000000001 0.9400000000000001 51
0.06 0.1 0.18 0.22 0.32 0.42 0.5 0.6 0.62 0.66 0.76 0.8200000000000001 0.9 48
0.02 0.1 0.18 0.22 0.32 0.42 0.5 0.6 0.62 0.66 0.78 0.8200000000000001 0.9 48
0.02 0.12 0.2 0.22 0.34 0.42 0.5 0.6 0.64 0.66 0.78 0.84 0.9400000000000001 52
0.06 0.1 0.18 0.22 0.32 0.42 0.5 0.6 0.62 0.66 0.76 0.8200000000000001 0.9 48
0.02 0.1 0.2 0.28 0.38 0.42 0.48 0.6 0.64 0.7000000000000001 0.78 0.8200000000000001 0.9 50
0.02 0.12 0.2 0.22 0.36 0.42 0.5 0.6 0.62 0.66 0.76 0.86 0.9400000000000001 49
0.06 0.12 0.2 0.22 0.32 0.42 0.5 0.6 0.64 0.72 0.76 0.86 0.9400000000000001 50
0.06 0.12 0.18 0.22 0.4 0.42 0.46 0.6 0.62 0.66 0.76 0.8200000000000001 0.9 49
0.02 0.12 0.2 0.22 0.36 0.42 0.46 0.6 0.64 0.66 0.78 0.8200000000000001 0.92 50
0.02 0.12 0.2 0.22 0.32 0.42 0.5 0.6 0.64 0.66 0.78 0.84 0.9400000000000001 49
0.02 0.1 0.2 0.22 0.32 0.42 0.48 0.6 0.64 0.66 0.78 0.84 0.9400000000000001 51
0.06 0.12 0.2 0.22 0.32 0.42 0.5 0.6 0.62 0.66 0.78 0.84 0.9400000000000001 50
0.02 0.12 0.18 0.22 0.32 0.42 0.5 0.6 0.62 0.66 0.78 0.84 0.9400000000000001 49
0.06 0.12 0.18 0.22 0.32 0.42 0.46 0.6 0.62 0.66 0.78 0.88 0.9400000000000001 48
0.02 0.12 0.16 0.22 0.32 0.42 0.46 0.6 0.62 0.66 0.76 0.8200000000000001 0.9 48
0.02 0.12 0.16 0.22 0.32 0.42 0.46 0.6 0.62 0.66 0.8 0.8200000000000001 0.9 48
0.06 0.12 0.2 0.22 0.32 0.42 0.5 0.56 0.64 0.66 0.8 0.84 0.9 51
0.02 0.12 0.18 0.22 0.32 0.42 0.46 0.6 0.62 0.72 0.78 0.8200000000000001 0.9 49
0.06 0.1 0.2 0.22 0.4 0.42 0.5 0.6 0.62 0.72 0.78 0.88 0.9400000000000001 52
0.02 0.12 0.16 0.22 0.32 0.42 0.46 0.6 0.62 0.66 0.76 0.8200000000000001 0.9 48
0.02 0.1 0.18 0.22 0.32 0.42 0.5 0.6 0.64 0.66 0.8 0.8200000000000001 0.9 48
0.06 0.12 0.18 0.22 0.32 0.44 0.46 0.6 0.64 0.66 0.78 0.8200000000000001 0.9 48
0.06 0.1 0.2 0.22 0.32 0.42 0.46 0.6 0.62 0.66 0.76 0.8200000000000001 0.9 48
0.02 0.12 0.18 0.22 0.32 0.42 0.46 0.6 0.62 0.66 0.76 0.8200000000000001 0.9 48
0.02 0.12 0.16 0.22 0.32 0.42 0.5 0.6 0.62 0.66 0.76 0.84 0.9 49
0.02 0.1 0.16 0.22 0.32 0.42 0.5 0.6 0.62 0.66 0.76 0.8200000000000001 0.9 48
0.02 0.12 0.2 0.22 0.32 0.42 0.5 0.6 0.64 0.66 0.78 0.84 0.9 51
0.02 0.12 0.2 0.22 0.32 0.44 0.46 0.6 0.64 0.66 0.78 0.8200000000000001 50
0.06 0.1 0.18 0.22 0.36 0.42 0.46 0.6 0.62 0.66 0.76 0.8200000000000001 0.9400000000000001 48
0.02 0.12 0.2 0.22 0.32 0.42 0.46 0.6 0.64 0.66 0.78 0.84 0.9400000000000001 51
0.04 0.12 0.14 0.26 0.34 0.42 0.5 0.6 0.62 0.66 0.78 0.8200000000000001 0.9400000000000001 49
0.02 0.1 0.16 0.22 0.32 0.42 0.46 0.6 0.62 0.66 0.76 0.8200000000000001 0.9 48
0.02 0.1 0.16 0.22 0.32 0.42 0.5 0.6 0.62 0.66 0.76 0.8200000000000001 0.9 48
0.02 0.12 0.2 0.22 0.32 0.42 0.5 0.6 0.64 0.66 0.78 0.8200000000000001 0.9400000000000001 51
0.06 0.1 0.18 0.22 0.36 0.42 0.46 0.6 0.62 0.66 0.76 0.8200000000000001 0.9400000000000001 48
0.02 0.1 0.2 0.22 0.32 0.42 0.46 0.6 0.62 0.66 0.76 0.8200000000000001 0.9 48
0.02 0.12 0.2 0.22 0.32 0.42 0.5 0.6 0.64 0.66 0.78 0.86 0.9400000000000001 51
0.02 0.12 0.2 0.22 0.32 0.42 0.46 0.6 0.62 0.66 0.78 0.84 0.9400000000000001 50
0.02 0.12 0.18 0.22 0.32 0.42 0.46 0.6 0.64 0.66 0.76 0.84 0.9400000000000001 48
0.06 0.12 0.2 0.22 0.32 0.42 0.5 0.6 0.62 0.66 0.78 0.84 0.9400000000000001 50
0.06 0.12 0.2 0.22 0.34 0.42 0.5 0.6 0.64 0.66 0.78 0.88 0.9 50
0.02 0.12 0.14 0.22 0.32 0.42 0.5 0.6 0.62 0.66 0.76 0.8200000000000001 0.9 48
0.06 0.12 0.2 0.22 0.32 0.42 0.5 0.6 0.64 0.66 0.76 0.84 0.9400000000000001 49
0.02 0.12 0.14 0.22 0.32 0.42 0.46 0.6 0.64 0.72 0.78 0.8200000000000001 0.9400000000000001 52
0.06 0.12 0.2 0.22 0.32 0.42 0.5 0.6 0.64 0.72 0.76 0.86 0.9400000000000001 50
0.02 0.12 0.16 0.22 0.32 0.42 0.46 0.6 0.62 0.66 0.76 0.8200000000000001 0.9 48
0.04 0.12 0.14 0.22 0.32 0.42 0.5 0.6 0.62 0.66 0.76 0.8200000000000001 0.9 49
0.02 0.1 0.18 0.22 0.32 0.42 0.46 0.6 0.62 0.66 0.78 0.8200000000000001 0.9 48
0.06 0.1 0.2 0.22 0.32 0.42 0.46 0.6 0.62 0.66 0.76 0.8200000000000001 0.9 48
0.04 0.12 0.14 0.22 0.32 0.42 0.46 0.6 0.62 0.66 0.76 0.86 0.9 49
0.02 0.12 0.16 0.22 0.32 0.44 0.46 0.6 0.62 0.66 0.76 0.8200000000000001 0.9 48
0.02 0.12 0.2 0.22 0.32 0.44 0.5 0.6 0.64 0.66 0.78 0.9400000000000001 49
0.02 0.12 0.16 0.22 0.32 0.42 0.46 0.6 0.62 0.66 0.76 0.8200000000000001 0.9 48
0.06 0.1 0.2 0.22 0.32 0.42 0.46 0.6 0.64 0.66 0.78 0.8200000000000001 0.9 49
0.02 0.12 0.18 0.22 0.32 0.44 0.46 0.6 0.62 0.66 0.8 0.8200000000000001 0.9400000000000001 48
0.02 0.12 0.2 0.22 0.32 0.42 0.5 0.6 0.64 0.66 0.78 0.84 0.9 49
0.02 0.12 0.2 0.22 0.32 0.44 0.5 0.6 0.64 0.66 0.78 0.9400000000000001 49
0.04 0.12 0.2 0.26 0.38 0.42 0.5 0.6 0.64 0.7000000000000001 0.8 0.8200000000000001 0.9400000000000001 50
0.02 0.12 0.16 0.22 0.32 0.42 0.46 0.6 0.62 0.66 0.76 0.8200000000000001 0.9 48
0.02 0.1 0.16 0.22 0.32 0.42 0.5 0.6 0.62 0.66 0.78 0.8200000000000001 0.9 48
0.06 0.1 0.2 0.28 0.32 0.44 0.46 0.6 0.64 0.66 0.78 0.86 0.9400000000000001 51
0.02 0.12 0.2 0.22 0.32 0.44 0.5 0.6 0.64 0.66 0.8 0.8200000000000001 0.9400000000000001 49
0.02 0.1 0.18 0.22 0.32 0.42 0.5 0.6 0.64 0.66 0.76 0.8200000000000001 0.9 48
0.02 0.1 0.16 0.22 0.32 0.42 0.46 0.6 0.62 0.66 0.78 0.8200000000000001 0.9 48
0.02 0.1 0.18 0.22 0.32 0.42 0.5 0.6 0.64 0.66 0.76 0.8200000000000001 0.9 48
0.02 0.1 0.18 0.22 0.32 0.42 0.46 0.6 0.62 0.66 0.76 0.8200000000000001 0.9 48
0.06 0.12 0.2 0.22 0.32 0.42 0.5 0.6 0.62 0.66 0.78 0.86 0.92 52
0.02 0.12 0.2 0.22 0.32 0.44 0.5 0.6 0.64 0.66 0.76 0.86 0.9400000000000001 51
0.02 0.12 0.18 0.22 0.32 0.44 0.46 0.6 0.62 0.66 0.76 0.84 0.9400000000000001 48
0.06 0.12 0.2 0.22 0.4 0.44 0.5 0.6 0.64 0.66 0.76 0.88 0.9400000000000001 51
0.06 0.12 0.2 0.22 0.4 0.44 0.5 0.6 0.64 0.66 0.76 0.88 0.9400000000000001 51
0.02 0.12 0.18 0.22 0.32 0.42 0.5 0.6 0.62 0.66 0.76 0.86 0.9400000000000001 51
0.02 0.12 0.2 0.22 0.32 0.42 0.46 0.6 0.64 0.66 0.78 0.84 0.9400000000000001 51
0.02 0.1 0.16 0.22 0.32 0.42 0.46 0.6 0.62 0.66 0.76 0.8200000000000001 0.9 48
0.06 0.12 0.18 0.22 0.32 0.42 0.46 0.6 0.62 0.66 0.76 0.84 0.9400000000000001 48
0.02 0.1 0.2 0.22 0.32 0.42 0.5 0.6 0.64 0.66 0.78 0.8200000000000001 0.9 48
0.02 0.12 0.2 0.22 0.32 0.42 0.5 0.6 0.64 0.66 0.78 0.8200000000000001 0.9400000000000001 51
0.02 0.12 0.16 0.22 0.32 0.42 0.46 0.6 0.62 0.66 0.76 0.8200000000000001 0.9400000000000001 48
0.02 0.1 0.2 0.22 0.4 0.44 0.5 0.6 0.64 0.66 0.78 0.8200000000000001 0.9400000000000001 50
0.02 0.12 0.14 0.22 0.36 0.44 0.46 0.6 0.62 0.66 0.78 0.8200000000000001 0.9400000000000001 48
0.02 0.1 0.16 0.22 0.36 0.42 0.5 0.6 0.62 0.66 0.78 0.8200000000000001 0.9 48
0.04 0.12 0.18 0.22 0.32 0.44 0.46 0.6 0.62 0.66 0.78 0.84 0.92 50
0.06 0.12 0.2 0.22 0.32 0.42 0.5 0.56 0.64 0.66 0.8 0.84 0.9 51
0.02 0.12 0.16 0.22 0.32 0.42 0.46 0.6 0.62 0.66 0.76 0.8200000000000001 0.9 48
0.06 0.1 0.2 0.22 0.36 0.44 0.46 0.6 0.62 0.66 0.78 0.88 0.9 50
0.02 0.1 0.18 0.22 0.32 0.42 0.46 0.6 0.62 0.66 0.76 0.8200000000000001 0.9 48
0.02 0.1 0.2 0.22 0.32 0.42 0.46 0.6 0.64 0.66 0.78 0.8200000000000001 0.9400000000000001 49
0.06 0.12 0.2 0.22 0.32 0.42 0.46 0.6 0.64 0.66 0.8 0.8200000000000001 0.9400000000000001 52
0.02 0.1 0.18 0.22 0.36 0.42 0.5 0.6 0.62 0.66 0.76 0.8200000000000001 0.9 48
0.02 0.12 0.14 0.22 0.32 0.42 0.46 0.6 0.62 0.66 0.78 0.8200000000000001 0.9400000000000001 49
0.06 0.1 0.2 0.22 0.32 0.42 0.46 0.6 0.62 0.66 0.76 0.86 0.9 48
0.02 0.12 0.2 0.22 0.32 0.44 0.5 0.6 0.64 0.66 0.78 0.84 0.9 49
0.02 0.12 0.18 0.22 0.32 0.42 0.5 0.6 0.62 0.66 0.76 0.8200000000000001 0.9 48
0.02 0.1 0.16 0.22 0.32 0.42 0.46 0.6 0.62 0.66 0.76 0.8200000000000001 0.9 48
0.06 0.12 0.2 0.22 0.32 0.42 0.5 0.6 0.64 0.72 0.78 0.84 0.9 52
0.06 0.12 0.2 0.22 0.32 0.42 0.5 0.6 0.64 0.66 0.78 0.86 0.9400000000000001 49
0.02 0.12 0.2 0.22 0.32 0.42 0.46 0.6 0.64 0.74 0.8 0.8200000000000001 0.9400000000000001 51
0.02 0.12 0.2 0.22 0.32 0.42 0.5 0.6 0.64 0.66 0.78 0.84 0.9 51
0.02 0.12 0.2 0.22 0.32 0.42 0.46 0.6 0.62 0.66 0.76 0.8200000000000001 0.9400000000000001 49
0.06 0.12 0.2 0.22 0.32 0.42 0.46 0.52 0.62 0.66 0.78 0.8200000000000001 0.9 50
0.02 0.12 0.14 0.22 0.36 0.44 0.46 0.6 0.62 0.66 0.78 0.8200000000000001 0.9400000000000001 48
0.02 0.12 0.2 0.22 0.36 0.42 0.46 0.6 0.64 0.72 0.78 0.88 0.9400000000000001 51
0.02 0.12 0.18 0.22 0.32 0.44 0.46 0.6 0.62 0.66 0.76 0.84 0.9400000000000001 48
0.06 0.12 0.14 0.22 0.32 0.44 0.5 0.6 0.62 0.66 0.78 0.84 0.9 48
0.02 0.12 0.14 0.22 0.32 0.42 0.5 0.6 0.62 0.66 0.76 0.8200000000000001 0.9 48
0.02 0.1 0.16 0.22 0.32 0.42 0.46 0.6 0.62 0.66 0.76 0.8200000000000001 0.9 48
0.02 0.1 0.16 0.22 0.34 0.44 0.5 0.6 0.64 0.66 0.76 0.84 0.9 48
0.04 0.1 0.14 0.22 0.32 0.42 0.46 0.6 0.62 0.66 0.76 0.8200000000000001 0.9 48
0.02 0.12 0.2 0.22 0.32 0.42 0.46 0.6 0.62 0.66 0.76 0.8200000000000001 0.9 48
0.02 0.12 0.18 0.22 0.32 0.42 0.5 0.6 0.62 0.66 0.76 0.8200000000000001 0.9 48
0.06 0.12 0.16 0.22 0.34 0.42 0.5 0.58 0.62 0.66 0.78 0.84 0.9400000000000001 51
0.06 0.1 0.2 0.22 0.32 0.42 0.5 0.6 0.62 0.72 0.8 0.86 0.9 51
0.06 0.12 0.14 0.26 0.32 0.42 0.5 0.6 0.62 0.66 0.78 0.8200000000000001 0.9400000000000001 48
0.02 0.12 0.18 0.22 0.32 0.42 0.5 0.6 0.62 0.66 0.76 0.86 0.9400000000000001 51
0.02 0.12 0.2 0.22 0.32 0.42 0.5 0.6 0.64 0.66 0.78 0.8200000000000001 0.9 48
0.06 0.12 0.18 0.22 0.32 0.42 0.46 0.6 0.62 0.66 0.76 0.84 0.9400000000000001 48
0.06 0.1 0.18 0.22 0.32 0.42 0.5 0.6 0.62 0.66 0.76 0.8200000000000001 0.9 48
0.02 0.12 0.14 0.22 0.32 0.42 0.5 0.6 0.64 0.66 0.76 0.84 0.9 48
0.06 0.1 0.2 0.28 0.38 0.42 0.46 0.6 0.64 0.66 0.76 0.8200000000000001 0.9 48
0.02 0.12 0.2 0.22 0.36 0.42 0.48 0.6 0.62 0.72 0.8 0.88 0.92 52
0.02 0.12 0.2 0.22 0.32 0.42 0.5 0.6 0.62 0.66 0.78 0.8200000000000001 0.9400000000000001 51
0.02 0.1 0.16 0.22 0.32 0.42 0.5 0.6 0.62 0.66 0.76 0.8200000000000001 0.9 48
0.06 0.12 0.2 0.22 0.4 0.44 0.5 0.6 0.64 0.66 0.76 0.88 0.9400000000000001 51
0.02 0.12 0.2 0.22 0.32 0.42 0.5 0.6 0.64 0.66 0.78 0.8200000000000001 0.9400000000000001 51
