0.002139315193404909 1.4415372963239421 0.13914902225421885 0.2986365689935642 0.2956157591033445 0.37864775648543 0.5807727344086847 0.4302082524470953 0.15595243032463876 0.5842334292491413 6.376708101438694 0.037527603478762155 66.36859323569813 48
0.07526705692635659 1.4415372963239421 3.7983226628184936 0.2986365689935642 0.2956157591033445 0.37864775648543 0.5807727344086847 0.4302082524470953 3.4538209775067172 0.5842334292491413 6.376708101438694 1.939506922084285 66.36859323569813 50
0.002139315193404909 1.4415372963239421 0.08247753186163305 0.2986365689935642 0.2956157591033445 0.37864775648543 0.5807727344086847 0.4302082524470953 0.15595243032463876 0.5842334292491413 0.08279459803434049 1.939506922084285 0.011283665895674417 49
0.07526705692635659 1.4415372963239421 0.13914902225421885 0.2986365689935642 0.2956157591033445 0.37864775648543 0.5807727344086847 0.4302082524470953 0.15595243032463876 0.5842334292491413 0.08279459803434049 0.037527603478762155 0.011283665895674417 49
0.002139315193404909 1.4415372963239421 0.025110950713192897 0.2986365689935642 0.2956157591033445 0.37864775648543 0.5807727344086847 0.4302082524470953 0.15595243032463876 0.5842334292491413 6.376708101438694 0.037527603478762155 66.36859323569813 48
0.002139315193404909 1.4415372963239421 3.7983226628184936 0.2986365689935642 0.2956157591033445 0.37864775648543 0.5807727344086847 0.4302082524470953 3.4538209775067172 0.5842334292491413 6.376708101438694 1.939506922084285 0.011283665895674417 51
0.002139315193404909 1.4415372963239421 0.08247753186163305 0.2986365689935642 0.2956157591033445 0.37864775648543 0.5375785397555721 0.4302082524470953 0.15595243032463876 0.5842334292491413 0.08279459803434049 1.939506922084285 0.011283665895674417 48
0.002139315193404909 0.011299927820936815 3.7983226628184936 0.2986365689935642 0.2956157591033445 0.37864775648543 0.5375785397555721 0.4302082524470953 0.15595243032463876 0.5842334292491413 0.08279459803434049 0.037527603478762155 0.011283665895674417 48
0.002139315193404909 1.4415372963239421 3.7983226628184936 0.2986365689935642 0.2956157591033445 0.37864775648543 0.5375785397555721 0.4302082524470953 0.15595243032463876 0.5842334292491413 6.376708101438694 1.939506922084285 66.36859323569813 49
0.002139315193404909 1.4415372963239421 0.025110950713192897 0.2986365689935642 0.2956157591033445 0.37864775648543 0.5375785397555721 0.4302082524470953 0.15595243032463876 0.5842334292491413 6.376708101438694 1.939506922084285 66.36859323569813 49
0.263878492800585 0.011299927820936815 0.025110950713192897 0.2986365689935642 0.2956157591033445 0.6625015298730456 0.5807727344086847 0.4302082524470953 0.15595243032463876 0.5842334292491413 0.08279459803434049 1.939506922084285 0.011283665895674417 48
0.002139315193404909 1.4415372963239421 0.025110950713192897 0.2986365689935642 0.2956157591033445 0.37864775648543 0.5375785397555721 0.4302082524470953 0.15595243032463876 0.5842334292491413 0.08279459803434049 0.037527603478762155 0.011283665895674417 48
0.002139315193404909 0.011299927820936815 3.7983226628184936 0.26 0.2956157591033445 0.6625015298730456 0.5807727344086847 0.4302082524470953 3.4538209775067172 0.5842334292491413 6.376708101438694 3.805389121497184 1.4108006990999287 50
0.002139315193404909 1.4415372963239421 0.13914902225421885 0.2986365689935642 0.2956157591033445 0.37864775648543 0.5375785397555721 0.4302082524470953 0.15595243032463876 0.5842334292491413 6.376708101438694 0.037527603478762155 66.36859323569813 49
0.002139315193404909 1.4415372963239421 3.7983226628184936 0.2986365689935642 0.18444644865783355 0.37864775648543 0.5375785397555721 0.4302082524470953 3.4538209775067172 0.5842334292491413 0.08279459803434049 0.037527603478762155 66.36859323569813 49
0.002139315193404909 1.4415372963239421 3.7983226628184936 0.2986365689935642 0.2956157591033445 0.37864775648543 0.5807727344086847 0.4302082524470953 3.4538209775067172 0.5842334292491413 6.376708101438694 3.805389121497184 66.36859323569813 51
0.07526705692635659 1.4415372963239421 3.7983226628184936 0.2986365689935642 0.2956157591033445 0.37864775648543 0.5807727344086847 0.4302082524470953 3.4538209775067172 0.5842334292491413 6.376708101438694 1.939506922084285 66.36859323569813 49
0.002139315193404909 1.4415372963239421 3.7983226628184936 0.2986365689935642 0.2956157591033445 0.37864775648543 0.5807727344086847 0.4302082524470953 3.4538209775067172 0.5842334292491413 6.376708101438694 3.805389121497184 66.36859323569813 51
0.002139315193404909 1.4415372963239421 0.08247753186163305 0.2986365689935642 0.2956157591033445 0.37864775648543 0.5375785397555721 0.4302082524470953 0.15595243032463876 0.5842334292491413 0.08279459803434049 0.037527603478762155 0.011283665895674417 48
0.002139315193404909 1.4415372963239421 3.7983226628184936 0.2986365689935642 0.2956157591033445 0.37864775648543 0.5807727344086847 0.4302082524470953 3.4538209775067172 0.5842334292491413 6.376708101438694 1.939506922084285 0.011283665895674417 49
0.002139315193404909 1.4415372963239421 3.7983226628184936 0.2986365689935642 0.2956157591033445 0.37864775648543 0.5375785397555721 0.4302082524470953 0.15595243032463876 0.5842334292491413 0.08279459803434049 0.037527603478762155 0.011283665895674417 48
0.263878492800585 0.011299927820936815 0.08247753186163305 0.2986365689935642 0.2956157591033445 0.37864775648543 0.5807727344086847 0.4302082524470953 3.4538209775067172 0.5842334292491413 0.08279459803434049 1.939506922084285 0.011283665895674417 48
0.002139315193404909 1.4415372963239421 3.7983226628184936 0.2986365689935642 0.18444644865783355 0.37864775648543 0.5375785397555721 0.4302082524470953 3.4538209775067172 1.1041048949477703 6.376708101438694 2.5547789608146396 66.36859323569813 51
0.263878492800585 1.4415372963239421 3.7983226628184936 0.2986365689935642 0.2956157591033445 0.37864775648543 0.5807727344086847 0.4302082524470953 0.15595243032463876 0.5842334292491413 6.376708101438694 1.939506922084285 66.36859323569813 50
0.263878492800585 1.4415372963239421 3.7983226628184936 0.2986365689935642 0.7946698171904711 0.37864775648543 0.5807727344086847 0.4302082524470953 3.4538209775067172 0.5842334292491413 6.376708101438694 2.5547789608146396 0.011283665895674417 50
0.263878492800585 1.4415372963239421 3.7983226628184936 0.2986365689935642 0.2956157591033445 0.37864775648543 0.5807727344086847 0.4302082524470953 0.15595243032463876 0.5842334292491413 0.08279459803434049 3.805389121497184 1.4108006990999287 49
0.002139315193404909 1.4415372963239421 0.025110950713192897 0.2986365689935642 0.2956157591033445 0.6625015298730456 0.5807727344086847 0.4302082524470953 3.4538209775067172 0.5842334292491413 6.376708101438694 1.939506922084285 1.4108006990999287 50
0.263878492800585 1.4415372963239421 0.025110950713192897 0.2986365689935642 0.2956157591033445 0.37864775648543 0.5375785397555721 0.4302082524470953 3.4538209775067172 0.5842334292491413 6.376708101438694 1.939506922084285 66.36859323569813 51
0.002139315193404909 1.4415372963239421 0.13914902225421885 0.2986365689935642 0.2956157591033445 0.37864775648543 0.5807727344086847 0.4302082524470953 0.15595243032463876 0.5842334292491413 6.376708101438694 0.037527603478762155 66.36859323569813 48
0.263878492800585 1.4415372963239421 0.08247753186163305 0.2986365689935642 0.2956157591033445 0.37864775648543 0.5375785397555721 0.4302082524470953 3.4538209775067172 0.5842334292491413 6.376708101438694 2.5547789608146396 1.4108006990999287 50
0.263878492800585 1.4415372963239421 3.7983226628184936 0.2986365689935642 0.2956157591033445 0.37864775648543 0.5807727344086847 0.4302082524470953 0.15595243032463876 0.5842334292491413 6.376708101438694 3.805389121497184 1.4108006990999287 52
0.002139315193404909 1.4415372963239421 0.08247753186163305 0.2986365689935642 0.2956157591033445 0.37864775648543 0.5807727344086847 0.4302082524470953 0.15595243032463876 0.5842334292491413 0.08279459803434049 1.939506922084285 0.011283665895674417 49
0.002139315193404909 0.011299927820936815 0.025110950713192897 0.2986365689935642 0.2956157591033445 0.37864775648543 0.5807727344086847 0.4302082524470953 0.15595243032463876 0.5842334292491413 6.376708101438694 0.037527603478762155 0.011283665895674417 48
0.002139315193404909 0.011299927820936815 0.08247753186163305 0.2986365689935642 0.18444644865783355 0.37864775648543 0.5807727344086847 0.4302082524470953 0.15595243032463876 0.5842334292491413 6.376708101438694 0.037527603478762155 0.011283665895674417 48
0.002139315193404909 1.4415372963239421 3.7983226628184936 0.2986365689935642 0.2956157591033445 0.37864775648543 0.5807727344086847 0.4302082524470953 0.15595243032463876 0.5842334292491413 0.08279459803434049 0.037527603478762155 0.011283665895674417 48
0.002139315193404909 1.4415372963239421 3.7983226628184936 0.2986365689935642 0.2956157591033445 0.37864775648543 0.5807727344086847 0.4302082524470953 3.4538209775067172 0.5842334292491413 6.376708101438694 1.939506922084285 66.36859323569813 49
0.002139315193404909 1.4415372963239421 3.7983226628184936 0.2986365689935642 0.6096631611034891 0.37864775648543 0.5375785397555721 0.4302082524470953 3.4538209775067172 0.5842334292491413 6.376708101438694 1.939506922084285 66.36859323569813 50
0.002139315193404909 0.011299927820936815 0.08247753186163305 0.2986365689935642 0.2956157591033445 0.37864775648543 0.5807727344086847 0.4302082524470953 0.15595243032463876 0.5842334292491413 6.376708101438694 0.037527603478762155 0.011283665895674417 48
0.263878492800585 1.4415372963239421 0.08247753186163305 0.2986365689935642 0.2956157591033445 0.6625015298730456 0.5807727344086847 0.4302082524470953 0.15595243032463876 0.5842334292491413 0.08279459803434049 0.037527603478762155 0.011283665895674417 48
0.002139315193404909 1.4415372963239421 3.7983226628184936 0.2986365689935642 0.2956157591033445 0.37864775648543 0.5807727344086847 0.4302082524470953 3.4538209775067172 0.5842334292491413 6.376708101438694 0.037527603478762155 66.36859323569813 51
0.263878492800585 1.4415372963239421 0.025110950713192897 0.2986365689935642 0.2956157591033445 0.6625015298730456 0.5375785397555721 0.4302082524470953 3.4538209775067172 0.5842334292491413 6.376708101438694 0.037527603478762155 0.011283665895674417 48
0.07526705692635659 1.4415372963239421 3.7983226628184936 0.2986365689935642 0.2956157591033445 0.37864775648543 0.5375785397555721 0.4302082524470953 3.4538209775067172 0.5842334292491413 0.08279459803434049 1.939506922084285 66.36859323569813 50
0.002139315193404909 1.4415372963239421 0.025110950713192897 0.2986365689935642 0.2956157591033445 0.6625015298730456 0.5807727344086847 0.4302082524470953 0.15595243032463876 0.5842334292491413 0.08279459803434049 0.037527603478762155 0.011283665895674417 48
0.002139315193404909 0.011299927820936815 3.7983226628184936 0.3 0.7946698171904711 0.6625015298730456 0.5807727344086847 0.4302082524470953 3.4538209775067172 1.1041048949477703 1.2193263222069781 3.805389121497184 66.36859323569813 51
0.002139315193404909 1.4415372963239421 3.7983226628184936 0.2986365689935642 0.2956157591033445 0.37864775648543 0.5375785397555721 0.4302082524470953 0.15595243032463876 0.5842334292491413 6.376708101438694 0.037527603478762155 1.4108006990999287 48
0.263878492800585 0.011299927820936815 3.7983226628184936 0.2986365689935642 0.6096631611034891 0.37864775648543 0.5807727344086847 0.4302082524470953 0.15595243032463876 1.1041048949477703 6.376708101438694 2.5547789608146396 66.36859323569813 52
0.002139315193404909 1.4415372963239421 3.7983226628184936 0.2986365689935642 0.7946698171904711 0.37864775648543 0.5807727344086847 0.4302082524470953 3.4538209775067172 0.5842334292491413 0.08279459803434049 0.037527603478762155 66.36859323569813 49
0.002139315193404909 1.4415372963239421 0.08247753186163305 0.2986365689935642 0.2956157591033445 0.37864775648543 0.5375785397555721 0.4302082524470953 0.15595243032463876 0.5842334292491413 1.2193263222069781 0.037527603478762155 0.011283665895674417 48
0.002139315193404909 1.4415372963239421 3.7983226628184936 0.2986365689935642 0.2956157591033445 0.37864775648543 0.5807727344086847 0.4302082524470953 0.15595243032463876 0.5842334292491413 6.376708101438694 0.037527603478762155 66.36859323569813 52
0.263878492800585 1.4415372963239421 0.025110950713192897 0.2986365689935642 0.2956157591033445 0.37864775648543 0.5375785397555721 0.4302082524470953 3.4538209775067172 0.5842334292491413 6.376708101438694 1.939506922084285 66.36859323569813 51
0.263878492800585 0.011299927820936815 0.025110950713192897 0.2986365689935642 0.6096631611034891 0.37864775648543 0.5807727344086847 0.4302082524470953 0.15595243032463876 0.5842334292491413 0.08279459803434049 0.037527603478762155 0.011283665895674417 48
0.263878492800585 0.011299927820936815 0.025110950713192897 0.2986365689935642 0.6096631611034891 0.37864775648543 0.5807727344086847 0.4302082524470953 0.15595243032463876 0.5842334292491413 6.376708101438694 0.037527603478762155 66.36859323569813 48
0.002139315193404909 1.4415372963239421 0.025110950713192897 0.2986365689935642 0.2956157591033445 0.37864775648543 0.5375785397555721 0.4302082524470953 0.15595243032463876 0.5842334292491413 0.08279459803434049 0.011283665895674417 48
0.263878492800585 0.011299927820936815 0.08247753186163305 0.2986365689935642 0.2956157591033445 0.37864775648543 0.5807727344086847 0.4302082524470953 3.4538209775067172 0.5842334292491413 0.08279459803434049 1.939506922084285 0.011283665895674417 48
0.002139315193404909 1.4415372963239421 3.7983226628184936 0.2986365689935642 0.2956157591033445 0.37864775648543 0.5807727344086847 0.4302082524470953 3.4538209775067172 0.5842334292491413 6.376708101438694 0.037527603478762155 66.36859323569813 51
0.002139315193404909 0.011299927820936815 0.08247753186163305 0.2986365689935642 0.2956157591033445 0.37864775648543 0.5807727344086847 0.4302082524470953 0.15595243032463876 0.5842334292491413 0.08279459803434049 0.037527603478762155 0.011283665895674417 48
0.002139315193404909 1.4415372963239421 0.08247753186163305 0.2986365689935642 0.2956157591033445 0.37864775648543 0.5375785397555721 0.4302082524470953 0.15595243032463876 0.5842334292491413 0.08279459803434049 0.037527603478762155 0.011283665895674417 48
0.263878492800585 1.4415372963239421 0.13914902225421885 0.2986365689935642 0.2956157591033445 0.6625015298730456 0.5807727344086847 0.4302082524470953 0.15595243032463876 0.5842334292491413 6.376708101438694 1.939506922084285 0.011283665895674417 48
0.002139315193404909 1.4415372963239421 3.7983226628184936 0.2986365689935642 0.2956157591033445 0.37864775648543 0.5375785397555721 0.4302082524470953 3.4538209775067172 0.5842334292491413 6.376708101438694 1.939506922084285 66.36859323569813 51
0.07526705692635659 1.4415372963239421 0.13914902225421885 0.2986365689935642 0.2956157591033445 0.37864775648543 0.5375785397555721 0.4302082524470953 0.15595243032463876 0.5842334292491413 0.08279459803434049 3.805389121497184 0.011283665895674417 49
0.002139315193404909 1.4415372963239421 0.025110950713192897 0.2986365689935642 0.2956157591033445 0.6625015298730456 0.5807727344086847 0.4302082524470953 0.15595243032463876 0.5842334292491413 6.376708101438694 0.037527603478762155 0.011283665895674417 48
0.002139315193404909 0.011299927820936815 3.7983226628184936 0.2986365689935642 0.2956157591033445 0.37864775648543 0.48 0.4302082524470953 3.4538209775067172 0.5842334292491413 6.376708101438694 1.939506922084285 66.36859323569813 51
0.002139315193404909 1.4415372963239421 3.7983226628184936 0.2986365689935642 0.18444644865783355 0.37864775648543 0.5375785397555721 0.4302082524470953 3.4538209775067172 1.1041048949477703 6.376708101438694 2.5547789608146396 66.36859323569813 51
0.07526705692635659 1.4415372963239421 0.025110950713192897 0.2986365689935642 0.2956157591033445 0.6625015298730456 0.5375785397555721 0.4302082524470953 0.15595243032463876 0.5842334292491413 6.376708101438694 1.939506922084285 1.4108006990999287 50
0.002139315193404909 1.4415372963239421 0.08247753186163305 0.2986365689935642 0.2956157591033445 0.6625015298730456 0.5375785397555721 0.4302082524470953 0.15595243032463876 0.5842334292491413 0.08279459803434049 0.037527603478762155 0.011283665895674417 48
0.002139315193404909 1.4415372963239421 0.08247753186163305 0.2986365689935642 0.2956157591033445 0.37864775648543 0.5375785397555721 0.4302082524470953 0.15595243032463876 0.5842334292491413 6.376708101438694 66.36859323569813 48
0.263878492800585 0.011299927820936815 3.7983226628184936 0.2986365689935642 0.2956157591033445 0.37864775648543 0.5375785397555721 0.4302082524470953 0.15595243032463876 0.5842334292491413 6.376708101438694 0.037527603478762155 0.011283665895674417 48
0.002139315193404909 1.4415372963239421 0.08247753186163305 0.2986365689935642 0.2956157591033445 0.37864775648543 0.5807727344086847 0.4302082524470953 0.15595243032463876 0.5842334292491413 0.08279459803434049 0.037527603478762155 0.011283665895674417 48
0.002139315193404909 1.4415372963239421 0.025110950713192897 0.2986365689935642 0.2956157591033445 0.37864775648543 0.5807727344086847 0.4302082524470953 0.15595243032463876 0.5842334292491413 0.08279459803434049 0.037527603478762155 0.011283665895674417 48
0.002139315193404909 1.4415372963239421 0.025110950713192897 0.2986365689935642 0.2956157591033445 0.37864775648543 0.5807727344086847 0.4302082524470953 0.15595243032463876 0.5842334292491413 0.08279459803434049 3.805389121497184 66.36859323569813 51
0.002139315193404909 1.4415372963239421 3.7983226628184936 0.2986365689935642 0.2956157591033445 0.37864775648543 0.5807727344086847 0.4302082524470953 0.15595243032463876 0.5842334292491413 0.08279459803434049 1.939506922084285 0.011283665895674417 49
0.002139315193404909 0.011299927820936815 0.025110950713192897 0.2986365689935642 0.2956157591033445 0.37864775648543 0.5375785397555721 0.4302082524470953 0.15595243032463876 0.5842334292491413 6.376708101438694 0.037527603478762155 0.011283665895674417 48
0.07526705692635659 1.4415372963239421 0.13914902225421885 0.2986365689935642 0.2956157591033445 0.37864775648543 0.5807727344086847 0.4302082524470953 0.15595243032463876 0.5842334292491413 0.08279459803434049 0.037527603478762155 0.011283665895674417 49
0.002139315193404909 1.4415372963239421 3.7983226628184936 0.2986365689935642 0.2956157591033445 0.37864775648543 0.5375785397555721 0.4302082524470953 0.15595243032463876 0.5842334292491413 0.08279459803434049 0.037527603478762155 66.36859323569813 49
0.002139315193404909 1.4415372963239421 0.08247753186163305 0.2986365689935642 0.2956157591033445 0.37864775648543 0.5807727344086847 0.4302082524470953 0.15595243032463876 0.5842334292491413 0.08279459803434049 1.939506922084285 0.011283665895674417 49
0.263878492800585 1.4415372963239421 3.7983226628184936 0.2986365689935642 0.2956157591033445 0.37864775648543 0.5807727344086847 0.4302082524470953 0.15595243032463876 0.5842334292491413 6.376708101438694 1.939506922084285 66.36859323569813 50
0.002139315193404909 0.011299927820936815 0.08247753186163305 0.2986365689935642 0.2956157591033445 0.37864775648543 0.5807727344086847 0.4302082524470953 0.15595243032463876 0.5842334292491413 6.376708101438694 0.037527603478762155 0.011283665895674417 48
0.07526705692635659 1.4415372963239421 3.7983226628184936 0.2986365689935642 0.2956157591033445 0.37864775648543 0.5807727344086847 0.4302082524470953 3.4538209775067172 0.5842334292491413 6.376708101438694 1.939506922084285 66.36859323569813 49
0.002139315193404909 1.4415372963239421 0.025110950713192897 0.2986365689935642 0.2956157591033445 0.6625015298730456 0.5807727344086847 0.4302082524470953 3.4538209775067172 0.5842334292491413 6.376708101438694 1.939506922084285 1.4108006990999287 50
0.002139315193404909 1.4415372963239421 3.7983226628184936 0.2986365689935642 0.2956157591033445 0.37864775648543 0.5375785397555721 0.4302082524470953 3.4538209775067172 0.5842334292491413 0.08279459803434049 0.037527603478762155 66.36859323569813 48
0.002139315193404909 1.4415372963239421 3.7983226628184936 0.2986365689935642 0.2956157591033445 0.37864775648543 0.5807727344086847 0.4302082524470953 0.15595243032463876 0.5842334292491413 0.08279459803434049 0.037527603478762155 66.36859323569813 49
0.002139315193404909 0.011299927820936815 3.7983226628184936 0.2986365689935642 0.2956157591033445 0.37864775648543 0.5375785397555721 0.4302082524470953 3.4538209775067172 0.5842334292491413 6.376708101438694 0.037527603478762155 66.36859323569813 49
0.002139315193404909 1.4415372963239421 0.025110950713192897 0.2986365689935642 0.2956157591033445 0.37864775648543 0.5375785397555721 0.4302082524470953 3.4538209775067172 0.5842334292491413 0.08279459803434049 1.939506922084285 66.36859323569813 48
0.002139315193404909 0.011299927820936815 0.08247753186163305 0.2986365689935642 0.2956157591033445 0.37864775648543 0.5807727344086847 0.4302082524470953 0.15595243032463876 0.5842334292491413 6.376708101438694 0.037527603478762155 0.011283665895674417 48
0.263878492800585 1.4415372963239421 0.025110950713192897 0.2986365689935642 0.6096631611034891 0.37864775648543 0.5375785397555721 0.4302082524470953 0.15595243032463876 0.5842334292491413 0.08279459803434049 0.037527603478762155 0.011283665895674417 49
0.002139315193404909 1.4415372963239421 3.7983226628184936 0.2986365689935642 0.2956157591033445 0.37864775648543 0.5807727344086847 0.4302082524470953 3.4538209775067172 0.5842334292491413 6.376708101438694 2.5547789608146396 66.36859323569813 49
0.07526705692635659 1.4415372963239421 3.7983226628184936 0.2986365689935642 0.7946698171904711 0.37864775648543 0.5807727344086847 0.4302082524470953 3.4538209775067172 0.5842334292491413 6.376708101438694 3.805389121497184 66.36859323569813 50
0.07526705692635659 1.4415372963239421 3.7983226628184936 0.2986365689935642 0.2956157591033445 0.37864775648543 0.5375785397555721 0.4302082524470953 3.4538209775067172 0.5842334292491413 0.08279459803434049 1.939506922084285 66.36859323569813 49
0.002139315193404909 1.4415372963239421 0.13914902225421885 0.2986365689935642 0.2956157591033445 0.37864775648543 0.5807727344086847 0.4302082524470953 0.15595243032463876 0.5842334292491413 0.08279459803434049 3.805389121497184 0.011283665895674417 48
0.263878492800585 1.4415372963239421 3.7983226628184936 0.2986365689935642 0.2956157591033445 0.37864775648543 0.5375785397555721 0.4302082524470953 0.15595243032463876 0.5842334292491413 0.08279459803434049 0.037527603478762155 66.36859323569813 48
0.002139315193404909 1.4415372963239421 0.025110950713192897 0.2986365689935642 0.2956157591033445 0.37864775648543 0.5375785397555721 0.4302082524470953 0.15595243032463876 0.5842334292491413 0.08279459803434049 0.037527603478762155 0.011283665895674417 48
0.263878492800585 1.4415372963239421 0.08247753186163305 0.2986365689935642 0.2956157591033445 0.6625015298730456 0.5807727344086847 0.4302082524470953 0.15595243032463876 0.5842334292491413 0.08279459803434049 0.037527603478762155 0.011283665895674417 48
0.263878492800585 0.011299927820936815 3.7983226628184936 0.2986365689935642 0.18444644865783355 0.37864775648543 0.5375785397555721 0.4302082524470953 0.15595243032463876 0.5842334292491413 6.376708101438694 3.805389121497184 0.011283665895674417 48
0.263878492800585 0.011299927820936815 0.025110950713192897 0.2986365689935642 0.2956157591033445 0.37864775648543 0.5375785397555721 0.8894178320412595 0.15595243032463876 0.5842334292491413 6.376708101438694 1.939506922084285 66.36859323569813 50
0.002139315193404909 0.011299927820936815 3.7983226628184936 0.2986365689935642 0.2956157591033445 0.37864775648543 0.5375785397555721 0.4302082524470953 0.15595243032463876 0.5842334292491413 6.376708101438694 0.037527603478762155 0.011283665895674417 48
0.002139315193404909 0.011299927820936815 0.025110950713192897 0.2986365689935642 0.2956157591033445 0.37864775648543 0.5375785397555721 0.4302082524470953 0.15595243032463876 0.5842334292491413 6.376708101438694 0.037527603478762155 0.011283665895674417 48
0.263878492800585 0.011299927820936815 0.025110950713192897 0.2986365689935642 0.2956157591033445 0.37864775648543 0.5807727344086847 0.4302082524470953 0.15595243032463876 0.5842334292491413 0.08279459803434049 0.037527603478762155 0.011283665895674417 48
0.002139315193404909 1.4415372963239421 0.025110950713192897 0.2986365689935642 0.2956157591033445 0.37864775648543 0.5807727344086847 0.4302082524470953 0.15595243032463876 0.5842334292491413 6.376708101438694 1.939506922084285 66.36859323569813 49
0.263878492800585 0.011299927820936815 0.025110950713192897 0.2986365689935642 0.6096631611034891 0.37864775648543 0.5807727344086847 0.4302082524470953 0.15595243032463876 0.5842334292491413 6.376708101438694 0.037527603478762155 66.36859323569813 48
0.002139315193404909 0.011299927820936815 3.7983226628184936 0.2986365689935642 0.2956157591033445 0.37864775648543 0.5375785397555721 0.4302082524470953 0.15595243032463876 0.5842334292491413 0.08279459803434049 0.037527603478762155 0.011283665895674417 48
0.002139315193404909 1.4415372963239421 3.7983226628184936 0.2986365689935642 0.2956157591033445 0.37864775648543 0.5375785397555721 0.4302082524470953 3.4538209775067172 0.74 1.2193263222069781 0.037527603478762155 66.36859323569813 51
0.002139315193404909 1.4415372963239421 0.025110950713192897 0.2986365689935642 0.2956157591033445 0.6625015298730456 0.5807727344086847 0.4302082524470953 0.15595243032463876 0.5842334292491413 0.08279459803434049 0.037527603478762155 0.011283665895674417 48
0.263878492800585 1.4415372963239421 3.7983226628184936 0.2986365689935642 0.2956157591033445 0.37864775648543 0.5375785397555721 0.4302082524470953 3.4538209775067172 0.5842334292491413 6.376708101438694 1.939506922084285 66.36859323569813 48
0.263878492800585 1.4415372963239421 3.7983226628184936 0.2986365689935642 0.6096631611034891 0.6625015298730456 0.5807727344086847 0.4302082524470953 3.4538209775067172 0.5842334292491413 0.08279459803434049 2.5547789608146396 66.36859323569813 51
0.263878492800585 0.011299927820936815 3.7983226628184936 0.2986365689935642 0.18444644865783355 0.37864775648543 0.5375785397555721 0.4302082524470953 0.15595243032463876 0.5842334292491413 6.376708101438694 3.805389121497184 0.011283665895674417 48
0.002139315193404909 0.011299927820936815 3.7983226628184936 0.2986365689935642 0.2956157591033445 0.37864775648543 0.5375785397555721 0.4302082524470953 0.15595243032463876 0.5842334292491413 0.08279459803434049 0.037527603478762155 0.011283665895674417 48
0.002139315193404909 1.4415372963239421 0.13914902225421885 0.2986365689935642 0.2956157591033445 0.37864775648543 0.5807727344086847 0.4302082524470953 0.15595243032463876 0.5842334292491413 0.08279459803434049 0.037527603478762155 0.011283665895674417 48
0.263878492800585 1.4415372963239421 3.7983226628184936 0.2986365689935642 0.2956157591033445 0.37864775648543 0.5807727344086847 0.4302082524470953 0.15595243032463876 0.5842334292491413 0.08279459803434049 0.037527603478762155 1.4108006990999287 48
0.002139315193404909 1.4415372963239421 0.025110950713192897 0.2986365689935642 0.2956157591033445 0.37864775648543 0.5807727344086847 0.4302082524470953 0.15595243032463876 0.5842334292491413 6.376708101438694 0.037527603478762155 66.36859323569813 48
0.002139315193404909 0.011299927820936815 0.08247753186163305 0.2986365689935642 0.2956157591033445 0.37864775648543 0.5375785397555721 0.4302082524470953 0.15595243032463876 0.5842334292491413 0.08279459803434049 0.037527603478762155 0.011283665895674417 48
0.002139315193404909 1.4415372963239421 0.025110950713192897 0.2986365689935642 0.2956157591033445 0.37864775648543 0.5375785397555721 0.4302082524470953 0.15595243032463876 0.5842334292491413 6.376708101438694 1.939506922084285 66.36859323569813 49
0.002139315193404909 1.4415372963239421 0.08247753186163305 0.2986365689935642 0.2956157591033445 0.37864775648543 0.5375785397555721 0.4302082524470953 0.15595243032463876 0.5842334292491413 6.376708101438694 66.36859323569813 48
0.002139315193404909 1.4415372963239421 3.7983226628184936 0.2986365689935642 0.2956157591033445 0.37864775648543 0.5375785397555721 0.4302082524470953 0.15595243032463876 0.5842334292491413 6.376708101438694 1.939506922084285 66.36859323569813 49
0.002139315193404909 1.4415372963239421 3.7983226628184936 0.2986365689935642 0.2956157591033445 0.37864775648543 0.5807727344086847 0.4302082524470953 3.4538209775067172 0.5842334292491413 6.376708101438694 1.939506922084285 66.36859323569813 49
0.07526705692635659 1.4415372963239421 3.7983226628184936 0.2986365689935642 0.18444644865783355 0.37864775648543 0.5807727344086847 0.4302082524470953 0.15595243032463876 0.5842334292491413 6.376708101438694 3.805389121497184 66.36859323569813 50
0.002139315193404909 1.4415372963239421 3.7983226628184936 0.2986365689935642 0.6096631611034891 0.37864775648543 0.5375785397555721 0.4302082524470953 3.4538209775067172 0.5842334292491413 6.376708101438694 1.939506922084285 66.36859323569813 50
0.002139315193404909 1.4415372963239421 0.08247753186163305 0.2986365689935642 0.2956157591033445 0.37864775648543 0.5375785397555721 0.4302082524470953 0.15595243032463876 0.5842334292491413 0.08279459803434049 0.037527603478762155 0.011283665895674417 48
0.263878492800585 1.4415372963239421 0.13914902225421885 0.26 0.2956157591033445 0.37864775648543 0.5807727344086847 0.4302082524470953 0.15595243032463876 0.5842334292491413 6.376708101438694 0.037527603478762155 66.36859323569813 48
0.002139315193404909 1.4415372963239421 3.7983226628184936 0.2986365689935642 0.2956157591033445 0.37864775648543 0.5375785397555721 0.4302082524470953 3.4538209775067172 0.5842334292491413 0.08279459803434049 0.037527603478762155 66.36859323569813 48
0.002139315193404909 1.4415372963239421 0.13914902225421885 0.2986365689935642 0.2956157591033445 0.37864775648543 0.5375785397555721 0.4302082524470953 0.15595243032463876 0.5842334292491413 6.376708101438694 0.037527603478762155 66.36859323569813 49
0.263878492800585 1.4415372963239421 0.025110950713192897 0.2986365689935642 0.2956157591033445 0.37864775648543 0.5807727344086847 0.4302082524470953 0.15595243032463876 0.5842334292491413 6.376708101438694 2.5547789608146396 66.36859323569813 50
0.002139315193404909 1.4415372963239421 0.08247753186163305 0.2986365689935642 0.2956157591033445 0.37864775648543 0.5807727344086847 0.4302082524470953 0.15595243032463876 0.5842334292491413 6.376708101438694 0.037527603478762155 0.011283665895674417 48
0.002139315193404909 1.4415372963239421 0.08247753186163305 0.2986365689935642 0.2956157591033445 0.37864775648543 0.5375785397555721 0.4302082524470953 0.15595243032463876 0.5842334292491413 0.08279459803434049 0.037527603478762155 0.011283665895674417 48
0.002139315193404909 1.4415372963239421 3.7983226628184936 0.2986365689935642 0.2956157591033445 0.37864775648543 0.5375785397555721 0.4302082524470953 3.4538209775067172 0.74 1.2193263222069781 0.037527603478762155 66.36859323569813 51
0.002139315193404909 0.011299927820936815 3.7983226628184936 0.2986365689935642 0.2956157591033445 0.37864775648543 0.5807727344086847 0.4302082524470953 3.4538209775067172 0.5842334292491413 6.376708101438694 0.037527603478762155 0.011283665895674417 48
0.002139315193404909 0.011299927820936815 0.025110950713192897 0.2986365689935642 0.2956157591033445 0.37864775648543 0.5807727344086847 0.4302082524470953 0.15595243032463876 0.5842334292491413 6.376708101438694 0.037527603478762155 0.011283665895674417 48
0.002139315193404909 1.4415372963239421 3.7983226628184936 0.2986365689935642 0.2956157591033445 0.37864775648543 0.5375785397555721 0.4302082524470953 0.15595243032463876 0.5842334292491413 6.376708101438694 0.037527603478762155 1.4108006990999287 48
0.263878492800585 0.011299927820936815 3.7983226628184936 0.2986365689935642 0.2956157591033445 0.37864775648543 0.5375785397555721 0.4302082524470953 3.4538209775067172 0.5842334292491413 6.376708101438694 3.805389121497184 0.011283665895674417 49
0.002139315193404909 0.011299927820936815 3.7983226628184936 0.26 0.2956157591033445 0.6625015298730456 0.5807727344086847 0.4302082524470953 3.4538209775067172 0.5842334292491413 6.376708101438694 3.805389121497184 1.4108006990999287 50
0.263878492800585 1.4415372963239421 3.7983226628184936 0.2986365689935642 0.2956157591033445 0.37864775648543 0.5807727344086847 0.4302082524470953 3.4538209775067172 1.1041048949477703 6.376708101438694 1.939506922084285 0.011283665895674417 52
0.002139315193404909 0.011299927820936815 0.025110950713192897 0.2986365689935642 0.2956157591033445 0.37864775648543 0.5375785397555721 0.4302082524470953 0.15595243032463876 0.5842334292491413 0.08279459803434049 0.037527603478762155 0.011283665895674417 48
0.002139315193404909 0.011299927820936815 3.7983226628184936 0.2986365689935642 0.2956157591033445 0.37864775648543 0.5375785397555721 0.4302082524470953 0.15595243032463876 0.5842334292491413 6.376708101438694 0.037527603478762155 0.011283665895674417 48
0.263878492800585 0.011299927820936815 0.025110950713192897 0.2986365689935642 0.6096631611034891 0.6625015298730456 0.5807727344086847 0.4302082524470953 0.15595243032463876 0.5842334292491413 0.08279459803434049 1.939506922084285 0.011283665895674417 48
0.002139315193404909 1.4415372963239421 3.7983226628184936 0.2986365689935642 0.2956157591033445 0.37864775648543 0.5807727344086847 0.4302082524470953 3.4538209775067172 0.5842334292491413 6.376708101438694 0.037527603478762155 66.36859323569813 51
0.002139315193404909 0.011299927820936815 0.08247753186163305 0.2986365689935642 0.2956157591033445 0.37864775648543 0.5807727344086847 0.4302082524470953 0.15595243032463876 0.5842334292491413 6.376708101438694 1.939506922084285 0.011283665895674417 49
0.002139315193404909 1.4415372963239421 3.7983226628184936 0.2986365689935642 0.2956157591033445 0.6625015298730456 0.5375785397555721 0.4302082524470953 3.4538209775067172 0.5842334292491413 6.376708101438694 0.037527603478762155 50
0.07526705692635659 1.4415372963239421 3.7983226628184936 0.2986365689935642 0.7946698171904711 0.37864775648543 0.5807727344086847 0.4302082524470953 3.4538209775067172 0.5842334292491413 6.376708101438694 3.805389121497184 66.36859323569813 50
0.002139315193404909 1.4415372963239421 3.7983226628184936 0.2986365689935642 0.2956157591033445 0.37864775648543 0.5807727344086847 0.4302082524470953 0.15595243032463876 0.5842334292491413 0.08279459803434049 0.037527603478762155 66.36859323569813 49
0.002139315193404909 1.4415372963239421 0.08247753186163305 0.2986365689935642 0.2956157591033445 0.37864775648543 0.5375785397555721 0.4302082524470953 0.15595243032463876 0.5842334292491413 0.08279459803434049 0.037527603478762155 0.011283665895674417 48
0.263878492800585 1.4415372963239421 3.7983226628184936 0.2986365689935642 0.2956157591033445 0.37864775648543 0.5375785397555721 0.8894178320412595 3.4538209775067172 0.5842334292491413 6.376708101438694 3.805389121497184 66.36859323569813 49
0.263878492800585 1.4415372963239421 3.7983226628184936 0.2986365689935642 0.2956157591033445 0.37864775648543 0.5807727344086847 0.4302082524470953 0.15595243032463876 0.5842334292491413 0.08279459803434049 0.037527603478762155 1.4108006990999287 48
0.002139315193404909 1.4415372963239421 3.7983226628184936 0.2986365689935642 0.2956157591033445 0.6625015298730456 0.5807727344086847 0.4302082524470953 3.4538209775067172 0.5842334292491413 6.376708101438694 1.939506922084285 0.011283665895674417 49
0.002139315193404909 1.4415372963239421 3.7983226628184936 0.2986365689935642 0.2956157591033445 0.37864775648543 0.5375785397555721 0.4302082524470953 0.15595243032463876 0.5842334292491413 0.08279459803434049 1.939506922084285 66.36859323569813 50
0.002139315193404909 0.011299927820936815 3.7983226628184936 0.2986365689935642 0.2956157591033445 0.37864775648543 0.5375785397555721 0.4302082524470953 3.4538209775067172 0.5842334292491413 6.376708101438694 0.037527603478762155 66.36859323569813 49
0.002139315193404909 0.011299927820936815 0.08247753186163305 0.2986365689935642 0.2956157591033445 0.37864775648543 0.5375785397555721 0.4302082524470953 0.15595243032463876 0.5842334292491413 0.08279459803434049 0.037527603478762155 0.011283665895674417 48
0.002139315193404909 1.4415372963239421 0.08247753186163305 0.2986365689935642 0.18444644865783355 0.37864775648543 0.5375785397555721 0.4302082524470953 0.15595243032463876 0.5842334292491413 0.08279459803434049 0.037527603478762155 66.36859323569813 48
0.07526705692635659 1.4415372963239421 3.7983226628184936 0.2986365689935642 0.18444644865783355 0.37864775648543 0.5807727344086847 0.4302082524470953 0.15595243032463876 0.5842334292491413 6.376708101438694 3.805389121497184 66.36859323569813 50
0.263878492800585 1.4415372963239421 0.025110950713192897 0.2986365689935642 0.2956157591033445 0.37864775648543 0.5375785397555721 0.4302082524470953 0.15595243032463876 0.5842334292491413 0.08279459803434049 1.939506922084285 66.36859323569813 48
0.002139315193404909 1.4415372963239421 3.7983226628184936 0.2986365689935642 0.2956157591033445 0.37864775648543 0.5807727344086847 0.4302082524470953 3.4538209775067172 0.5842334292491413 0.08279459803434049 0.037527603478762155 66.36859323569813 51
0.002139315193404909 1.4415372963239421 0.025110950713192897 0.2986365689935642 0.2956157591033445 0.37864775648543 0.5375785397555721 0.4302082524470953 0.15595243032463876 0.5842334292491413 0.08279459803434049 0.037527603478762155 0.011283665895674417 48
0.002139315193404909 0.011299927820936815 0.08247753186163305 0.2986365689935642 0.2956157591033445 0.37864775648543 0.5807727344086847 0.4302082524470953 0.15595243032463876 0.5842334292491413 6.376708101438694 0.037527603478762155 0.011283665895674417 48
0.002139315193404909 1.4415372963239421 0.08247753186163305 0.2986365689935642 0.18444644865783355 0.37864775648543 0.5375785397555721 0.4302082524470953 0.15595243032463876 0.5842334292491413 0.08279459803434049 0.037527603478762155 66.36859323569813 48
0.002139315193404909 1.4415372963239421 0.025110950713192897 0.2986365689935642 0.2956157591033445 0.37864775648543 0.5375785397555721 0.4302082524470953 0.15595243032463876 0.7000000000000001 1.2193263222069781 0.037527603478762155 0.011283665895674417 48
0.263878492800585 1.4415372963239421 0.025110950713192897 0.2986365689935642 0.2956157591033445 0.37864775648543 0.5375785397555721 0.4302082524470953 0.15595243032463876 0.5842334292491413 6.376708101438694 2.5547789608146396 66.36859323569813 48
0.002139315193404909 0.011299927820936815 0.08247753186163305 0.2986365689935642 0.2956157591033445 0.37864775648543 0.5375785397555721 0.4302082524470953 0.15595243032463876 0.5842334292491413 0.08279459803434049 0.037527603478762155 0.011283665895674417 48
0.002139315193404909 0.011299927820936815 0.025110950713192897 0.2986365689935642 0.2956157591033445 0.37864775648543 0.5807727344086847 0.4302082524470953 0.15595243032463876 0.5842334292491413 0.08279459803434049 0.037527603478762155 0.011283665895674417 48
0.263878492800585 1.4415372963239421 3.7983226628184936 0.2986365689935642 0.2956157591033445 0.37864775648543 0.5807727344086847 0.4302082524470953 3.4538209775067172 1.1041048949477703 6.376708101438694 1.939506922084285 0.011283665895674417 52
0.002139315193404909 1.4415372963239421 3.7983226628184936 0.2986365689935642 0.18444644865783355 0.37864775648543 0.5375785397555721 0.4302082524470953 3.4538209775067172 0.5842334292491413 0.08279459803434049 0.037527603478762155 66.36859323569813 49
0.002139315193404909 0.011299927820936815 0.025110950713192897 0.2986365689935642 0.2956157591033445 0.37864775648543 0.5807727344086847 0.4302082524470953 0.15595243032463876 0.5842334292491413 6.376708101438694 0.037527603478762155 0.011283665895674417 48
0.002139315193404909 1.4415372963239421 3.7983226628184936 0.2986365689935642 0.2956157591033445 0.6625015298730456 0.5807727344086847 0.4302082524470953 3.4538209775067172 0.5842334292491413 1.2193263222069781 0.037527603478762155 66.36859323569813 49
0.002139315193404909 1.4415372963239421 3.7983226628184936 0.2986365689935642 0.2956157591033445 0.37864775648543 0.5375785397555721 0.4302082524470953 3.4538209775067172 0.5842334292491413 6.376708101438694 0.037527603478762155 66.36859323569813 49
0.002139315193404909 1.4415372963239421 0.08247753186163305 0.2986365689935642 0.2956157591033445 0.37864775648543 0.5375785397555721 0.4302082524470953 0.15595243032463876 0.5842334292491413 6.376708101438694 66.36859323569813 48
0.263878492800585 1.4415372963239421 3.7983226628184936 0.2986365689935642 0.2956157591033445 0.37864775648543 0.5807727344086847 0.4302082524470953 3.4538209775067172 0.5842334292491413 0.08279459803434049 1.939506922084285 66.36859323569813 49
0.002139315193404909 1.4415372963239421 0.08247753186163305 0.2986365689935642 0.2956157591033445 0.37864775648543 0.5807727344086847 0.4302082524470953 0.15595243032463876 0.5842334292491413 0.08279459803434049 1.939506922084285 0.011283665895674417 49
0.002139315193404909 0.011299927820936815 0.025110950713192897 0.2986365689935642 0.2956157591033445 0.37864775648543 0.5807727344086847 0.4302082524470953 0.15595243032463876 0.5842334292491413 0.08279459803434049 0.037527603478762155 48
0.002139315193404909 1.4415372963239421 0.025110950713192897 0.2986365689935642 0.2956157591033445 0.37864775648543 0.5807727344086847 0.4302082524470953 0.15595243032463876 0.5842334292491413 6.376708101438694 1.939506922084285 66.36859323569813 49
0.263878492800585 1.4415372963239421 3.7983226628184936 0.2986365689935642 0.2956157591033445 0.37864775648543 0.5807727344086847 0.4302082524470953 0.15595243032463876 0.5842334292491413 6.376708101438694 1.939506922084285 66.36859323569813 50
0.002139315193404909 1.4415372963239421 3.7983226628184936 0.2986365689935642 0.2956157591033445 0.37864775648543 0.5375785397555721 0.4302082524470953 3.4538209775067172 0.5842334292491413 6.376708101438694 1.939506922084285 66.36859323569813 51
0.002139315193404909 1.4415372963239421 0.025110950713192897 0.2986365689935642 0.2956157591033445 0.37864775648543 0.5375785397555721 0.4302082524470953 0.15595243032463876 0.7000000000000001 1.2193263222069781 0.037527603478762155 0.011283665895674417 48
0.07526705692635659 1.4415372963239421 0.13914902225421885 0.2986365689935642 0.2956157591033445 0.37864775648543 0.5375785397555721 0.4302082524470953 0.15595243032463876 0.5842334292491413 0.08279459803434049 3.805389121497184 0.011283665895674417 49
0.263878492800585 0.011299927820936815 3.7983226628184936 0.2986365689935642 0.2956157591033445 0.37864775648543 0.5375785397555721 0.4302082524470953 0.15595243032463876 0.5842334292491413 0.08279459803434049 0.037527603478762155 0.011283665895674417 48
0.263878492800585 0.011299927820936815 0.025110950713192897 0.2986365689935642 0.2956157591033445 0.6625015298730456 0.5807727344086847 0.4302082524470953 0.15595243032463876 0.5842334292491413 0.08279459803434049 1.939506922084285 0.011283665895674417 48
0.002139315193404909 1.4415372963239421 0.025110950713192897 0.2986365689935642 0.2956157591033445 0.6625015298730456 0.5375785397555721 0.4302082524470953 0.15595243032463876 0.5842334292491413 0.08279459803434049 1.939506922084285 66.36859323569813 48
0.002139315193404909 1.4415372963239421 0.08247753186163305 0.2986365689935642 0.2956157591033445 0.37864775648543 0.5375785397555721 0.4302082524470953 0.15595243032463876 0.5842334292491413 0.08279459803434049 0.037527603478762155 0.011283665895674417 48
0.002139315193404909 1.4415372963239421 3.7983226628184936 0.2986365689935642 0.2956157591033445 0.6625015298730456 0.5807727344086847 0.4302082524470953 3.4538209775067172 0.5842334292491413 6.376708101438694 66.36859323569813 49
0.002139315193404909 1.4415372963239421 3.7983226628184936 0.2986365689935642 0.2956157591033445 0.37864775648543 0.5375785397555721 0.4302082524470953 0.15595243032463876 0.5842334292491413 0.08279459803434049 0.037527603478762155 66.36859323569813 49
0.002139315193404909 1.4415372963239421 0.08247753186163305 0.2986365689935642 0.2956157591033445 0.37864775648543 0.5375785397555721 0.4302082524470953 0.15595243032463876 0.5842334292491413 0.08279459803434049 0.037527603478762155 0.011283665895674417 48
0.263878492800585 1.4415372963239421 0.025110950713192897 0.2986365689935642 0.2956157591033445 0.6625015298730456 0.5375785397555721 0.4302082524470953 3.4538209775067172 0.5842334292491413 6.376708101438694 0.037527603478762155 0.011283665895674417 48
0.002139315193404909 1.4415372963239421 0.025110950713192897 0.2986365689935642 0.2956157591033445 0.37864775648543 0.5807727344086847 0.4302082524470953 0.15595243032463876 0.5842334292491413 6.376708101438694 0.037527603478762155 66.36859323569813 48
0.002139315193404909 0.011299927820936815 0.025110950713192897 0.2986365689935642 0.2956157591033445 0.37864775648543 0.5807727344086847 0.4302082524470953 0.15595243032463876 0.5842334292491413 0.08279459803434049 0.037527603478762155 0.011283665895674417 48
0.263878492800585 1.4415372963239421 0.13914902225421885 0.2986365689935642 0.2956157591033445 0.37864775648543 0.5807727344086847 0.4302082524470953 3.4538209775067172 0.5842334292491413 6.376708101438694 0.037527603478762155 0.011283665895674417 48
0.263878492800585 0.011299927820936815 3.7983226628184936 0.2986365689935642 0.6096631611034891 0.37864775648543 0.5807727344086847 0.4302082524470953 0.15595243032463876 1.1041048949477703 6.376708101438694 2.5547789608146396 66.36859323569813 52
0.263878492800585 0.011299927820936815 0.025110950713192897 0.2986365689935642 0.18444644865783355 0.37864775648543 0.5375785397555721 0.4302082524470953 0.15595243032463876 0.5842334292491413 0.08279459803434049 0.037527603478762155 66.36859323569813 48
0.002139315193404909 1.4415372963239421 3.7983226628184936 0.2986365689935642 0.2956157591033445 0.37864775648543 0.5807727344086847 0.4302082524470953 0.15595243032463876 0.5842334292491413 6.376708101438694 0.037527603478762155 66.36859323569813 51
0.07526705692635659 0.011299927820936815 0.13914902225421885 0.2986365689935642 0.2956157591033445 0.37864775648543 0.5375785397555721 0.4302082524470953 0.15595243032463876 0.5842334292491413 0.08279459803434049 0.037527603478762155 0.011283665895674417 48
0.263878492800585 1.4415372963239421 0.13914902225421885 0.2986365689935642 0.7946698171904711 0.6625015298730456 0.5807727344086847 0.4302082524470953 0.15595243032463876 0.5842334292491413 6.376708101438694 1.939506922084285 0.011283665895674417 49
0.263878492800585 0.011299927820936815 3.7983226628184936 0.2986365689935642 0.2956157591033445 0.37864775648543 0.5375785397555721 0.4302082524470953 3.4538209775067172 0.5842334292491413 6.376708101438694 3.805389121497184 0.011283665895674417 49
0.263878492800585 0.011299927820936815 3.7983226628184936 0.2986365689935642 0.18444644865783355 0.6625015298730456 0.5375785397555721 0.4302082524470953 0.15595243032463876 0.5842334292491413 6.376708101438694 2.5547789608146396 0.011283665895674417 50
0.263878492800585 1.4415372963239421 0.025110950713192897 0.2986365689935642 0.2956157591033445 0.37864775648543 0.5375785397555721 0.4302082524470953 3.4538209775067172 0.5842334292491413 6.376708101438694 1.939506922084285 66.36859323569813 51
0.263878492800585 0.011299927820936815 3.7983226628184936 0.2986365689935642 0.2956157591033445 0.37864775648543 0.5375785397555721 0.4302082524470953 0.15595243032463876 0.5842334292491413 0.08279459803434049 3.805389121497184 0.011283665895674417 48
0.002139315193404909 0.011299927820936815 3.7983226628184936 0.2986365689935642 0.2956157591033445 0.37864775648543 0.5807727344086847 0.4302082524470953 3.4538209775067172 0.5842334292491413 6.376708101438694 0.037527603478762155 0.011283665895674417 48
0.263878492800585 1.4415372963239421 3.7983226628184936 0.2986365689935642 0.2956157591033445 0.37864775648543 0.5807727344086847 0.4302082524470953 0.15595243032463876 0.5842334292491413 0.08279459803434049 0.037527603478762155 1.4108006990999287 48
0.002139315193404909 1.4415372963239421 0.08247753186163305 0.2986365689935642 0.2956157591033445 0.37864775648543 0.5807727344086847 0.4302082524470953 0.15595243032463876 0.5842334292491413 0.08279459803434049 0.037527603478762155 66.36859323569813 48
0.07526705692635659 1.4415372963239421 0.13914902225421885 0.28 0.2956157591033445 0.37864775648543 0.5807727344086847 0.4302082524470953 0.15595243032463876 1.1041048949477703 1.2193263222069781 0.037527603478762155 66.36859323569813 48
