2.805450012772671e-172 6.101298248044383e+25 3242011066169421.0 3.328289100294238e+36 6.6290565274139664e+19 1.4695330458986994e+29 4635783198233.018 2.563560988248236e+34 8.225797272991792e+23 1.1015300914842235e+36 5411498150706172.0 9.572873420454967e+17 1.9415847769785385e-294 48
6.79291658506363e+20 4.0837781489000064e-250 6.198772572312469e-141 3.328289100294238e+36 6.6290565274139664e+19 1.4695330458986994e+29 4635783198233.018 2.563560988248236e+34 8.225797272991792e+23 1.1015300914842235e+36 5411498150706172.0 7.9078530630641835e-171 3.7202911730729537e+20 48
6.79291658506363e+20 4.0837781489000064e-250 3242011066169421.0 3.328289100294238e+36 1.768181381423939e-62 8.230907114436519e-157 3752952650822533.0 2.563560988248236e+34 4.929128436649622e-249 1.1015300914842235e+36 5430489693.249138 9.572873420454967e+17 1.9415847769785385e-294 50
2.805450012772671e-172 6.101298248044383e+25 3242011066169421.0 3.328289100294238e+36 1.768181381423939e-62 8.230907114436519e-157 3752952650822533.0 2.563560988248236e+34 4.929128436649622e-249 1.1015300914842235e+36 5411498150706172.0 3.28054117672007e-63 1.9415847769785385e-294 51
6.79291658506363e+20 6.101298248044383e+25 3242011066169421.0 3.328289100294238e+36 6.6290565274139664e+19 1.4695330458986994e+29 3752952650822533.0 2.563560988248236e+34 8.225797272991792e+23 1.1015300914842235e+36 5430489693.249138 9.572873420454967e+17 1.9415847769785385e-294 51
6.79291658506363e+20 6.101298248044383e+25 1.942798781965521e-280 3.328289100294238e+36 6.6290565274139664e+19 1.4695330458986994e+29 4635783198233.018 2.563560988248236e+34 8.225797272991792e+23 1.1015300914842235e+36 5411498150706172.0 9.572873420454967e+17 3.7202911730729537e+20 48
6.79291658506363e+20 6.101298248044383e+25 3242011066169421.0 3.328289100294238e+36 3.8458965198604907e-187 1.4695330458986994e+29 4635783198233.018 2.563560988248236e+34 4.929128436649622e-249 1.1015300914842235e+36 5430489693.249138 9.572873420454967e+17 3.845710237708829e-16 50
6.79291658506363e+20 6.101298248044383e+25 6.198772572312469e-141 3.328289100294238e+36 6.6290565274139664e+19 1.4695330458986994e+29 4635783198233.018 2.563560988248236e+34 8.225797272991792e+23 1.1015300914842235e+36 5411498150706172.0 9.572873420454967e+17 3.7202911730729537e+20 48
6.79291658506363e+20 6.101298248044383e+25 1.942798781965521e-280 3.328289100294238e+36 6.6290565274139664e+19 1.4695330458986994e+29 4635783198233.018 2.563560988248236e+34 8.225797272991792e+23 1.1015300914842235e+36 5411498150706172.0 9.572873420454967e+17 3.7202911730729537e+20 48
5.3167839603797695e-95 6.101298248044383e+25 1.942798781965521e-280 3.328289100294238e+36 6.6290565274139664e+19 1.4695330458986994e+29 3752952650822533.0 2.563560988248236e+34 8.225797272991792e+23 1.1015300914842235e+36 5430489693.249138 9.572873420454967e+17 3.7202911730729537e+20 49
6.79291658506363e+20 6.101298248044383e+25 3242011066169421.0 3.328289100294238e+36 6.6290565274139664e+19 1.4695330458986994e+29 3752952650822533.0 2.563560988248236e+34 4.929128436649622e-249 1.1015300914842235e+36 5430489693.249138 7.9078530630641835e-171 3.7202911730729537e+20 51
6.79291658506363e+20 4.0837781489000064e-250 3242011066169421.0 3.328289100294238e+36 1.768181381423939e-62 1.4695330458986994e+29 4635783198233.018 2.563560988248236e+34 4.929128436649622e-249 1.1015300914842235e+36 5411498150706172.0 9.572873420454967e+17 3.7202911730729537e+20 48
2.805450012772671e-172 6.101298248044383e+25 3242011066169421.0 3.328289100294238e+36 1.6381955917345275e-78 1.4695330458986994e+29 3752952650822533.0 2.563560988248236e+34 4.929128436649622e-249 1.1015300914842235e+36 5430489693.249138 3.28054117672007e-63 3.7202911730729537e+20 50
6.79291658506363e+20 6.101298248044383e+25 3242011066169421.0 3.328289100294238e+36 3.8458965198604907e-187 1.4695330458986994e+29 4635783198233.018 2.563560988248236e+34 4.929128436649622e-249 1.4723181235486828e-16 5430489693.249138 3.28054117672007e-63 1.9415847769785385e-294 51
2.805450012772671e-172 4.0837781489000064e-250 6.198772572312469e-141 3.328289100294238e+36 6.6290565274139664e+19 1.4695330458986994e+29 4635783198233.018 2.563560988248236e+34 8.225797272991792e+23 1.1015300914842235e+36 5411498150706172.0 1.608057379589758e-124 3.7202911730729537e+20 48
6.79291658506363e+20 6.101298248044383e+25 1.942798781965521e-280 3.328289100294238e+36 6.6290565274139664e+19 1.4695330458986994e+29 4635783198233.018 2.563560988248236e+34 8.225797272991792e+23 1.1015300914842235e+36 5411498150706172.0 9.572873420454967e+17 3.7202911730729537e+20 48
6.79291658506363e+20 6.101298248044383e+25 1.942798781965521e-280 3.328289100294238e+36 6.6290565274139664e+19 1.4695330458986994e+29 3752952650822533.0 2.563560988248236e+34 8.225797272991792e+23 1.1015300914842235e+36 5411498150706172.0 9.572873420454967e+17 3.7202911730729537e+20 48
6.79291658506363e+20 6.101298248044383e+25 1.942798781965521e-280 3.328289100294238e+36 6.6290565274139664e+19 8.230907114436519e-157 4635783198233.018 2.563560988248236e+34 8.225797272991792e+23 1.1015300914842235e+36 1.263027090167299e-62 9.572873420454967e+17 1.9415847769785385e-294 48
6.79291658506363e+20 6.101298248044383e+25 3242011066169421.0 3.328289100294238e+36 6.6290565274139664e+19 1.4695330458986994e+29 3752952650822533.0 2.563560988248236e+34 8.225797272991792e+23 1.1015300914842235e+36 5411498150706172.0 9.572873420454967e+17 3.7202911730729537e+20 48
6.79291658506363e+20 4.0837781489000064e-250 3242011066169421.0 3.328289100294238e+36 1.768181381423939e-62 1.4695330458986994e+29 4635783198233.018 2.563560988248236e+34 4.929128436649622e-249 1.1015300914842235e+36 5411498150706172.0 9.572873420454967e+17 3.7202911730729537e+20 48
2.805450012772671e-172 4.0837781489000064e-250 1.942798781965521e-280 3.328289100294238e+36 6.6290565274139664e+19 1.4695330458986994e+29 4635783198233.018 2.4244694976860006e-16 8.225797272991792e+23 1.1015300914842235e+36 5430489693.249138 7.9078530630641835e-171 1.9415847769785385e-294 50
6.79291658506363e+20 4.0837781489000064e-250 6.198772572312469e-141 3.328289100294238e+36 3.8458965198604907e-187 1.4695330458986994e+29 3752952650822533.0 2.563560988248236e+34 8.225797272991792e+23 1.1015300914842235e+36 5430489693.249138 9.572873420454967e+17 3.7202911730729537e+20 48
2.805450012772671e-172 4.0837781489000064e-250 3242011066169421.0 3.328289100294238e+36 6.6290565274139664e+19 1.4695330458986994e+29 4635783198233.018 2.563560988248236e+34 4.929128436649622e-249 1.1015300914842235e+36 5430489693.249138 1.608057379589758e-124 3.7202911730729537e+20 49
2.805450012772671e-172 6.101298248044383e+25 3242011066169421.0 3.328289100294238e+36 1.142236949835355e-16 1.4695330458986994e+29 3752952650822533.0 2.563560988248236e+34 8.225797272991792e+23 1.1015300914842235e+36 5430489693.249138 3.28054117672007e-63 3.7202911730729537e+20 49
2.805450012772671e-172 6.101298248044383e+25 3242011066169421.0 3.328289100294238e+36 6.6290565274139664e+19 1.4695330458986994e+29 3752952650822533.0 2.563560988248236e+34 8.225797272991792e+23 1.1015300914842235e+36 5411498150706172.0 1.608057379589758e-124 3.845710237708829e-16 49
2.805450012772671e-172 4.0837781489000064e-250 5.2876412664435135e-48 3.328289100294238e+36 6.6290565274139664e+19 1.4695330458986994e+29 4635783198233.018 2.563560988248236e+34 8.225797272991792e+23 1.1015300914842235e+36 5411498150706172.0 1.608057379589758e-124 3.7202911730729537e+20 48
6.79291658506363e+20 4.0837781489000064e-250 1.942798781965521e-280 3.328289100294238e+36 6.6290565274139664e+19 1.4695330458986994e+29 4635783198233.018 2.563560988248236e+34 8.225797272991792e+23 1.1015300914842235e+36 5430489693.249138 9.572873420454967e+17 3.7202911730729537e+20 48
5.3167839603797695e-95 6.101298248044383e+25 3242011066169421.0 3.328289100294238e+36 3.8458965198604907e-187 1.4695330458986994e+29 3752952650822533.0 2.563560988248236e+34 8.225797272991792e+23 1.1015300914842235e+36 5430489693.249138 1.608057379589758e-124 1.9415847769785385e-294 50
2.805450012772671e-172 6.101298248044383e+25 3242011066169421.0 3.328289100294238e+36 6.6290565274139664e+19 1.4695330458986994e+29 4635783198233.018 2.563560988248236e+34 8.225797272991792e+23 1.1015300914842235e+36 5411498150706172.0 7.9078530630641835e-171 1.9415847769785385e-294 50
5.3167839603797695e-95 4.0837781489000064e-250 1.942798781965521e-280 3.328289100294238e+36 6.6290565274139664e+19 8.230907114436519e-157 4635783198233.018 0.56 8.225797272991792e+23 1.1015300914842235e+36 5411498150706172.0 9.572873420454967e+17 3.7202911730729537e+20 48
2.805450012772671e-172 6.101298248044383e+25 3242011066169421.0 3.328289100294238e+36 6.6290565274139664e+19 1.4695330458986994e+29 4635783198233.018 2.563560988248236e+34 8.225797272991792e+23 1.1015300914842235e+36 5411498150706172.0 7.9078530630641835e-171 1.9415847769785385e-294 50
2.805450012772671e-172 4.0837781489000064e-250 1.942798781965521e-280 3.328289100294238e+36 6.6290565274139664e+19 1.4695330458986994e+29 3752952650822533.0 2.563560988248236e+34 8.225797272991792e+23 1.1015300914842235e+36 5411498150706172.0 9.572873420454967e+17 3.7202911730729537e+20 48
6.79291658506363e+20 6.101298248044383e+25 1.942798781965521e-280 3.328289100294238e+36 6.6290565274139664e+19 1.4695330458986994e+29 4635783198233.018 2.563560988248236e+34 8.225797272991792e+23 1.1015300914842235e+36 5411498150706172.0 9.572873420454967e+17 3.7202911730729537e+20 48
2.805450012772671e-172 4.0837781489000064e-250 6.198772572312469e-141 3.328289100294238e+36 6.6290565274139664e+19 1.4695330458986994e+29 3752952650822533.0 2.563560988248236e+34 4.929128436649622e-249 1.1015300914842235e+36 5411498150706172.0 7.9078530630641835e-171 3.7202911730729537e+20 48
5.3167839603797695e-95 4.0837781489000064e-250 3242011066169421.0 0.28 6.6290565274139664e+19 1.4695330458986994e+29 4635783198233.018 2.563560988248236e+34 4.929128436649622e-249 1.1015300914842235e+36 5430489693.249138 9.572873420454967e+17 3.7202911730729537e+20 49
6.79291658506363e+20 6.101298248044383e+25 3242011066169421.0 3.328289100294238e+36 6.6290565274139664e+19 8.230907114436519e-157 3752952650822533.0 2.563560988248236e+34 4.929128436649622e-249 1.1015300914842235e+36 5430489693.249138 7.9078530630641835e-171 3.7202911730729537e+20 49
6.79291658506363e+20 6.101298248044383e+25 3242011066169421.0 3.328289100294238e+36 6.6290565274139664e+19 1.4695330458986994e+29 3752952650822533.0 2.563560988248236e+34 4.929128436649622e-249 1.1015300914842235e+36 5430489693.249138 7.9078530630641835e-171 3.7202911730729537e+20 49
6.79291658506363e+20 6.101298248044383e+25 3242011066169421.0 3.328289100294238e+36 1.6381955917345275e-78 1.4695330458986994e+29 4635783198233.018 0.56 4.929128436649622e-249 1.1015300914842235e+36 5430489693.249138 1.608057379589758e-124 1.9415847769785385e-294 51
5.3167839603797695e-95 6.101298248044383e+25 5.2876412664435135e-48 0.28 6.6290565274139664e+19 1.4695330458986994e+29 3752952650822533.0 2.563560988248236e+34 8.225797272991792e+23 1.4723181235486828e-16 1.263027090167299e-62 9.572873420454967e+17 1.9415847769785385e-294 48
6.79291658506363e+20 6.101298248044383e+25 1.942798781965521e-280 3.328289100294238e+36 6.6290565274139664e+19 1.4695330458986994e+29 3752952650822533.0 2.563560988248236e+34 8.225797272991792e+23 1.1015300914842235e+36 5430489693.249138 7.9078530630641835e-171 1.9415847769785385e-294 52
6.79291658506363e+20 6.101298248044383e+25 3242011066169421.0 3.328289100294238e+36 6.6290565274139664e+19 1.4695330458986994e+29 4635783198233.018 2.563560988248236e+34 8.225797272991792e+23 1.1015300914842235e+36 5411498150706172.0 7.9078530630641835e-171 1.9415847769785385e-294 50
6.79291658506363e+20 4.0837781489000064e-250 3242011066169421.0 3.328289100294238e+36 1.768181381423939e-62 8.230907114436519e-157 3752952650822533.0 2.563560988248236e+34 4.929128436649622e-249 1.1015300914842235e+36 5430489693.249138 9.572873420454967e+17 1.9415847769785385e-294 50
6.79291658506363e+20 6.101298248044383e+25 6.198772572312469e-141 3.328289100294238e+36 6.6290565274139664e+19 1.4695330458986994e+29 3752952650822533.0 2.563560988248236e+34 8.225797272991792e+23 1.1015300914842235e+36 5411498150706172.0 7.9078530630641835e-171 3.7202911730729537e+20 49
2.805450012772671e-172 6.101298248044383e+25 6.198772572312469e-141 3.328289100294238e+36 6.6290565274139664e+19 8.230907114436519e-157 3752952650822533.0 2.563560988248236e+34 8.225797272991792e+23 1.1015300914842235e+36 5411498150706172.0 9.572873420454967e+17 3.7202911730729537e+20 48
2.805450012772671e-172 6.101298248044383e+25 3242011066169421.0 3.328289100294238e+36 6.6290565274139664e+19 1.4695330458986994e+29 4635783198233.018 2.563560988248236e+34 4.929128436649622e-249 1.1015300914842235e+36 1.263027090167299e-62 9.572873420454967e+17 1.9415847769785385e-294 52
6.79291658506363e+20 4.0837781489000064e-250 1.942798781965521e-280 3.328289100294238e+36 6.6290565274139664e+19 1.4695330458986994e+29 4635783198233.018 2.563560988248236e+34 8.225797272991792e+23 1.1015300914842235e+36 5430489693.249138 7.9078530630641835e-171 3.7202911730729537e+20 48
2.805450012772671e-172 4.0837781489000064e-250 1.942798781965521e-280 3.328289100294238e+36 3.8458965198604907e-187 1.4695330458986994e+29 4635783198233.018 2.563560988248236e+34 8.225797272991792e+23 1.1015300914842235e+36 5411498150706172.0 9.572873420454967e+17 1.9415847769785385e-294 48
5.3167839603797695e-95 6.101298248044383e+25 3242011066169421.0 3.328289100294238e+36 6.6290565274139664e+19 1.4695330458986994e+29 4635783198233.018 2.563560988248236e+34 4.929128436649622e-249 1.1015300914842235e+36 5411498150706172.0 7.9078530630641835e-171 1.9415847769785385e-294 49
6.79291658506363e+20 6.101298248044383e+25 3242011066169421.0 3.328289100294238e+36 6.6290565274139664e+19 1.4695330458986994e+29 3752952650822533.0 2.563560988248236e+34 8.225797272991792e+23 1.1015300914842235e+36 5411498150706172.0 9.572873420454967e+17 1.9415847769785385e-294 49
5.3167839603797695e-95 6.101298248044383e+25 3242011066169421.0 0.26 1.142236949835355e-16 1.4695330458986994e+29 3752952650822533.0 2.563560988248236e+34 4.929128436649622e-249 0.7000000000000001 1.263027090167299e-62 9.572873420454967e+17 1.9415847769785385e-294 50
6.79291658506363e+20 4.0837781489000064e-250 3242011066169421.0 3.328289100294238e+36 6.6290565274139664e+19 1.4695330458986994e+29 3752952650822533.0 2.563560988248236e+34 8.225797272991792e+23 1.1015300914842235e+36 5430489693.249138 9.572873420454967e+17 3.7202911730729537e+20 48
6.79291658506363e+20 6.101298248044383e+25 1.942798781965521e-280 3.328289100294238e+36 6.6290565274139664e+19 1.4695330458986994e+29 4635783198233.018 2.563560988248236e+34 8.225797272991792e+23 1.1015300914842235e+36 5430489693.249138 7.9078530630641835e-171 1.9415847769785385e-294 49
6.79291658506363e+20 6.101298248044383e+25 3242011066169421.0 3.328289100294238e+36 6.6290565274139664e+19 1.4695330458986994e+29 4635783198233.018 2.563560988248236e+34 8.225797272991792e+23 1.1015300914842235e+36 5411498150706172.0 9.572873420454967e+17 1.9415847769785385e-294 49
6.79291658506363e+20 6.101298248044383e+25 3242011066169421.0 3.328289100294238e+36 6.6290565274139664e+19 1.4695330458986994e+29 3752952650822533.0 2.563560988248236e+34 4.929128436649622e-249 1.1015300914842235e+36 5411498150706172.0 9.572873420454967e+17 1.9415847769785385e-294 51
6.79291658506363e+20 6.101298248044383e+25 6.198772572312469e-141 3.328289100294238e+36 6.6290565274139664e+19 1.4695330458986994e+29 4635783198233.018 2.563560988248236e+34 8.225797272991792e+23 1.1015300914842235e+36 5411498150706172.0 9.572873420454967e+17 1.9415847769785385e-294 49
2.805450012772671e-172 4.0837781489000064e-250 3242011066169421.0 3.328289100294238e+36 1.768181381423939e-62 1.4695330458986994e+29 3752952650822533.0 2.563560988248236e+34 8.225797272991792e+23 1.4723181235486828e-16 5430489693.249138 3.28054117672007e-63 1.9415847769785385e-294 52
2.805450012772671e-172 6.101298248044383e+25 3242011066169421.0 3.328289100294238e+36 6.6290565274139664e+19 1.4695330458986994e+29 3752952650822533.0 2.563560988248236e+34 8.225797272991792e+23 1.1015300914842235e+36 5430489693.249138 7.9078530630641835e-171 1.9415847769785385e-294 50
6.79291658506363e+20 4.0837781489000064e-250 1.942798781965521e-280 3.328289100294238e+36 6.6290565274139664e+19 1.4695330458986994e+29 3752952650822533.0 2.563560988248236e+34 8.225797272991792e+23 1.1015300914842235e+36 5411498150706172.0 9.572873420454967e+17 48
2.805450012772671e-172 6.101298248044383e+25 3242011066169421.0 3.328289100294238e+36 1.768181381423939e-62 8.230907114436519e-157 3752952650822533.0 2.563560988248236e+34 4.929128436649622e-249 1.1015300914842235e+36 5411498150706172.0 3.28054117672007e-63 1.9415847769785385e-294 51
6.79291658506363e+20 6.101298248044383e+25 3242011066169421.0 3.328289100294238e+36 6.6290565274139664e+19 1.4695330458986994e+29 4635783198233.018 2.563560988248236e+34 4.929128436649622e-249 1.1015300914842235e+36 1.263027090167299e-62 9.572873420454967e+17 3.845710237708829e-16 50
6.79291658506363e+20 6.101298248044383e+25 3242011066169421.0 3.328289100294238e+36 6.6290565274139664e+19 1.4695330458986994e+29 4635783198233.018 2.563560988248236e+34 4.929128436649622e-249 1.1015300914842235e+36 5430489693.249138 9.572873420454967e+17 3.845710237708829e-16 48
6.79291658506363e+20 4.0837781489000064e-250 6.198772572312469e-141 3.328289100294238e+36 6.6290565274139664e+19 1.4695330458986994e+29 4635783198233.018 2.563560988248236e+34 8.225797272991792e+23 1.1015300914842235e+36 5430489693.249138 9.572873420454967e+17 3.7202911730729537e+20 48
6.79291658506363e+20 6.101298248044383e+25 1.942798781965521e-280 3.328289100294238e+36 6.6290565274139664e+19 1.4695330458986994e+29 4635783198233.018 2.563560988248236e+34 8.225797272991792e+23 1.1015300914842235e+36 5430489693.249138 7.9078530630641835e-171 1.9415847769785385e-294 49
2.805450012772671e-172 6.101298248044383e+25 3242011066169421.0 3.328289100294238e+36 6.6290565274139664e+19 8.230907114436519e-157 4635783198233.018 2.563560988248236e+34 8.225797272991792e+23 0.7000000000000001 5430489693.249138 1.608057379589758e-124 1.9415847769785385e-294 50
6.79291658506363e+20 6.101298248044383e+25 5.2876412664435135e-48 3.328289100294238e+36 6.6290565274139664e+19 1.4695330458986994e+29 3752952650822533.0 2.563560988248236e+34 8.225797272991792e+23 1.1015300914842235e+36 5430489693.249138 9.572873420454967e+17 1.9415847769785385e-294 48
6.79291658506363e+20 6.101298248044383e+25 1.942798781965521e-280 3.328289100294238e+36 1.142236949835355e-16 1.4695330458986994e+29 3752952650822533.0 2.563560988248236e+34 8.225797272991792e+23 1.1015300914842235e+36 5411498150706172.0 9.572873420454967e+17 3.7202911730729537e+20 48
2.805450012772671e-172 6.101298248044383e+25 5.2876412664435135e-48 3.328289100294238e+36 6.6290565274139664e+19 8.230907114436519e-157 3752952650822533.0 2.563560988248236e+34 8.225797272991792e+23 1.1015300914842235e+36 1.263027090167299e-62 9.572873420454967e+17 3.845710237708829e-16 48
2.805450012772671e-172 4.0837781489000064e-250 3242011066169421.0 3.328289100294238e+36 6.6290565274139664e+19 1.4695330458986994e+29 4635783198233.018 2.563560988248236e+34 8.225797272991792e+23 1.1015300914842235e+36 5411498150706172.0 9.572873420454967e+17 3.7202911730729537e+20 48
6.79291658506363e+20 4.0837781489000064e-250 6.198772572312469e-141 3.328289100294238e+36 6.6290565274139664e+19 1.4695330458986994e+29 4635783198233.018 2.563560988248236e+34 8.225797272991792e+23 1.1015300914842235e+36 5411498150706172.0 9.572873420454967e+17 3.7202911730729537e+20 48
6.79291658506363e+20 6.101298248044383e+25 3242011066169421.0 3.328289100294238e+36 6.6290565274139664e+19 1.4695330458986994e+29 3752952650822533.0 2.563560988248236e+34 4.929128436649622e-249 1.1015300914842235e+36 5430489693.249138 7.9078530630641835e-171 3.7202911730729537e+20 51
6.79291658506363e+20 6.101298248044383e+25 5.2876412664435135e-48 3.328289100294238e+36 6.6290565274139664e+19 1.4695330458986994e+29 3752952650822533.0 2.563560988248236e+34 8.225797272991792e+23 1.1015300914842235e+36 5411498150706172.0 9.572873420454967e+17 3.7202911730729537e+20 48
2.805450012772671e-172 4.0837781489000064e-250 1.942798781965521e-280 3.328289100294238e+36 1.768181381423939e-62 1.4695330458986994e+29 3752952650822533.0 2.563560988248236e+34 8.225797272991792e+23 1.1015300914842235e+36 5411498150706172.0 9.572873420454967e+17 3.7202911730729537e+20 48
6.79291658506363e+20 6.101298248044383e+25 6.198772572312469e-141 3.328289100294238e+36 6.6290565274139664e+19 1.4695330458986994e+29 4635783198233.018 2.563560988248236e+34 8.225797272991792e+23 1.1015300914842235e+36 5411498150706172.0 9.572873420454967e+17 3.7202911730729537e+20 48
6.79291658506363e+20 6.101298248044383e+25 1.942798781965521e-280 3.328289100294238e+36 6.6290565274139664e+19 1.4695330458986994e+29 3752952650822533.0 2.563560988248236e+34 8.225797272991792e+23 1.1015300914842235e+36 5411498150706172.0 9.572873420454967e+17 3.7202911730729537e+20 48
6.79291658506363e+20 4.0837781489000064e-250 3242011066169421.0 3.328289100294238e+36 6.6290565274139664e+19 1.4695330458986994e+29 3752952650822533.0 2.563560988248236e+34 4.929128436649622e-249 1.1015300914842235e+36 5430489693.249138 9.572873420454967e+17 3.7202911730729537e+20 48
5.3167839603797695e-95 6.101298248044383e+25 5.2876412664435135e-48 3.328289100294238e+36 6.6290565274139664e+19 1.4695330458986994e+29 4635783198233.018 2.563560988248236e+34 8.225797272991792e+23 1.1015300914842235e+36 5411498150706172.0 1.608057379589758e-124 3.7202911730729537e+20 49
2.805450012772671e-172 4.0837781489000064e-250 1.942798781965521e-280 3.328289100294238e+36 1.768181381423939e-62 8.230907114436519e-157 3752952650822533.0 2.563560988248236e+34 8.225797272991792e+23 1.1015300914842235e+36 5411498150706172.0 7.9078530630641835e-171 3.7202911730729537e+20 48
5.3167839603797695e-95 4.0837781489000064e-250 3242011066169421.0 0.28 6.6290565274139664e+19 1.4695330458986994e+29 4635783198233.018 2.563560988248236e+34 4.929128436649622e-249 1.1015300914842235e+36 5430489693.249138 9.572873420454967e+17 3.7202911730729537e+20 49
6.79291658506363e+20 6.101298248044383e+25 1.942798781965521e-280 3.328289100294238e+36 6.6290565274139664e+19 1.4695330458986994e+29 4635783198233.018 2.563560988248236e+34 4.929128436649622e-249 1.1015300914842235e+36 5411498150706172.0 7.9078530630641835e-171 1.9415847769785385e-294 48
6.79291658506363e+20 6.101298248044383e+25 1.942798781965521e-280 3.328289100294238e+36 6.6290565274139664e+19 1.4695330458986994e+29 3752952650822533.0 2.563560988248236e+34 8.225797272991792e+23 1.1015300914842235e+36 5430489693.249138 7.9078530630641835e-171 1.9415847769785385e-294 49
6.79291658506363e+20 6.101298248044383e+25 3242011066169421.0 3.328289100294238e+36 6.6290565274139664e+19 1.4695330458986994e+29 4635783198233.018 2.563560988248236e+34 4.929128436649622e-249 1.1015300914842235e+36 5430489693.249138 7.9078530630641835e-171 1.9415847769785385e-294 51
2.805450012772671e-172 4.0837781489000064e-250 3242011066169421.0 3.328289100294238e+36 6.6290565274139664e+19 1.4695330458986994e+29 4635783198233.018 2.563560988248236e+34 4.929128436649622e-249 1.1015300914842235e+36 5430489693.249138 9.572873420454967e+17 3.7202911730729537e+20 49
6.79291658506363e+20 4.0837781489000064e-250 1.942798781965521e-280 3.328289100294238e+36 6.6290565274139664e+19 1.4695330458986994e+29 4635783198233.018 2.563560988248236e+34 8.225797272991792e+23 1.1015300914842235e+36 5411498150706172.0 7.9078530630641835e-171 3.7202911730729537e+20 48
6.79291658506363e+20 6.101298248044383e+25 3242011066169421.0 3.328289100294238e+36 6.6290565274139664e+19 1.4695330458986994e+29 4635783198233.018 2.563560988248236e+34 8.225797272991792e+23 1.1015300914842235e+36 5430489693.249138 7.9078530630641835e-171 1.9415847769785385e-294 50
2.805450012772671e-172 4.0837781489000064e-250 1.942798781965521e-280 3.328289100294238e+36 6.6290565274139664e+19 1.4695330458986994e+29 3752952650822533.0 2.563560988248236e+34 8.225797272991792e+23 1.1015300914842235e+36 5430489693.249138 9.572873420454967e+17 3.7202911730729537e+20 48
2.805450012772671e-172 4.0837781489000064e-250 3242011066169421.0 3.328289100294238e+36 6.6290565274139664e+19 1.4695330458986994e+29 4635783198233.018 2.563560988248236e+34 4.929128436649622e-249 1.1015300914842235e+36 5430489693.249138 9.572873420454967e+17 3.7202911730729537e+20 49
6.79291658506363e+20 4.0837781489000064e-250 6.198772572312469e-141 3.328289100294238e+36 6.6290565274139664e+19 1.4695330458986994e+29 4635783198233.018 2.563560988248236e+34 8.225797272991792e+23 1.1015300914842235e+36 5430489693.249138 9.572873420454967e+17 3.7202911730729537e+20 48
6.79291658506363e+20 4.0837781489000064e-250 6.198772572312469e-141 3.328289100294238e+36 1.6381955917345275e-78 8.230907114436519e-157 3752952650822533.0 2.563560988248236e+34 4.929128436649622e-249 1.1015300914842235e+36 5411498150706172.0 7.9078530630641835e-171 3.7202911730729537e+20 48
6.79291658506363e+20 6.101298248044383e+25 1.942798781965521e-280 3.328289100294238e+36 6.6290565274139664e+19 1.4695330458986994e+29 3752952650822533.0 2.563560988248236e+34 8.225797272991792e+23 1.1015300914842235e+36 5411498150706172.0 3.28054117672007e-63 3.7202911730729537e+20 49
6.79291658506363e+20 4.0837781489000064e-250 6.198772572312469e-141 3.328289100294238e+36 3.8458965198604907e-187 1.4695330458986994e+29 3752952650822533.0 2.563560988248236e+34 8.225797272991792e+23 1.1015300914842235e+36 5430489693.249138 9.572873420454967e+17 3.7202911730729537e+20 48
2.805450012772671e-172 4.0837781489000064e-250 1.942798781965521e-280 3.328289100294238e+36 6.6290565274139664e+19 8.230907114436519e-157 3752952650822533.0 2.563560988248236e+34 8.225797272991792e+23 1.1015300914842235e+36 5411498150706172.0 7.9078530630641835e-171 3.7202911730729537e+20 48
6.79291658506363e+20 6.101298248044383e+25 1.942798781965521e-280 3.328289100294238e+36 6.6290565274139664e+19 8.230907114436519e-157 3752952650822533.0 2.563560988248236e+34 8.225797272991792e+23 1.1015300914842235e+36 5411498150706172.0 9.572873420454967e+17 3.7202911730729537e+20 48
6.79291658506363e+20 6.101298248044383e+25 1.942798781965521e-280 3.328289100294238e+36 6.6290565274139664e+19 1.4695330458986994e+29 4635783198233.018 2.563560988248236e+34 8.225797272991792e+23 1.1015300914842235e+36 5411498150706172.0 3.7202911730729537e+20 48
6.79291658506363e+20 6.101298248044383e+25 1.942798781965521e-280 3.328289100294238e+36 6.6290565274139664e+19 1.4695330458986994e+29 3752952650822533.0 2.563560988248236e+34 8.225797272991792e+23 1.1015300914842235e+36 5411498150706172.0 9.572873420454967e+17 3.7202911730729537e+20 48
6.79291658506363e+20 6.101298248044383e+25 6.198772572312469e-141 3.328289100294238e+36 6.6290565274139664e+19 1.4695330458986994e+29 4635783198233.018 2.563560988248236e+34 8.225797272991792e+23 1.1015300914842235e+36 1.263027090167299e-62 9.572873420454967e+17 3.7202911730729537e+20 48
5.3167839603797695e-95 6.101298248044383e+25 3242011066169421.0 3.328289100294238e+36 6.6290565274139664e+19 1.4695330458986994e+29 4635783198233.018 2.563560988248236e+34 4.929128436649622e-249 1.1015300914842235e+36 5411498150706172.0 7.9078530630641835e-171 1.9415847769785385e-294 50
2.805450012772671e-172 4.0837781489000064e-250 3242011066169421.0 3.328289100294238e+36 6.6290565274139664e+19 1.4695330458986994e+29 4635783198233.018 2.563560988248236e+34 4.929128436649622e-249 1.1015300914842235e+36 5430489693.249138 9.572873420454967e+17 3.7202911730729537e+20 49
6.79291658506363e+20 4.0837781489000064e-250 6.198772572312469e-141 3.328289100294238e+36 6.6290565274139664e+19 1.4695330458986994e+29 3752952650822533.0 2.563560988248236e+34 8.225797272991792e+23 1.1015300914842235e+36 5430489693.249138 9.572873420454967e+17 3.7202911730729537e+20 48
6.79291658506363e+20 6.101298248044383e+25 6.198772572312469e-141 3.328289100294238e+36 6.6290565274139664e+19 1.4695330458986994e+29 4635783198233.018 2.563560988248236e+34 8.225797272991792e+23 1.1015300914842235e+36 5411498150706172.0 9.572873420454967e+17 3.7202911730729537e+20 48
2.805450012772671e-172 4.0837781489000064e-250 1.942798781965521e-280 3.328289100294238e+36 1.768181381423939e-62 8.230907114436519e-157 3752952650822533.0 2.563560988248236e+34 8.225797272991792e+23 1.1015300914842235e+36 5411498150706172.0 7.9078530630641835e-171 3.7202911730729537e+20 48
5.3167839603797695e-95 4.0837781489000064e-250 5.2876412664435135e-48 3.328289100294238e+36 6.6290565274139664e+19 1.4695330458986994e+29 4635783198233.018 2.563560988248236e+34 8.225797272991792e+23 1.1015300914842235e+36 5411498150706172.0 9.572873420454967e+17 3.7202911730729537e+20 48
6.79291658506363e+20 6.101298248044383e+25 3242011066169421.0 3.328289100294238e+36 6.6290565274139664e+19 1.4695330458986994e+29 4635783198233.018 2.563560988248236e+34 8.225797272991792e+23 1.1015300914842235e+36 5430489693.249138 9.572873420454967e+17 1.9415847769785385e-294 51
6.79291658506363e+20 6.101298248044383e+25 3242011066169421.0 3.328289100294238e+36 3.8458965198604907e-187 1.4695330458986994e+29 4635783198233.018 2.563560988248236e+34 4.929128436649622e-249 1.1015300914842235e+36 5411498150706172.0 9.572873420454967e+17 1.9415847769785385e-294 49
6.79291658506363e+20 6.101298248044383e+25 3242011066169421.0 3.328289100294238e+36 6.6290565274139664e+19 1.4695330458986994e+29 3752952650822533.0 2.563560988248236e+34 8.225797272991792e+23 1.1015300914842235e+36 5430489693.249138 9.572873420454967e+17 1.9415847769785385e-294 51
6.79291658506363e+20 4.0837781489000064e-250 3242011066169421.0 0.28 1.142236949835355e-16 1.4695330458986994e+29 0.48 2.563560988248236e+34 4.929128436649622e-249 0.7000000000000001 5430489693.249138 9.572873420454967e+17 3.7202911730729537e+20 50
6.79291658506363e+20 6.101298248044383e+25 1.942798781965521e-280 3.328289100294238e+36 6.6290565274139664e+19 1.4695330458986994e+29 4635783198233.018 2.563560988248236e+34 8.225797272991792e+23 1.1015300914842235e+36 5411498150706172.0 9.572873420454967e+17 3.7202911730729537e+20 48
5.3167839603797695e-95 6.101298248044383e+25 5.2876412664435135e-48 3.328289100294238e+36 6.6290565274139664e+19 1.4695330458986994e+29 4635783198233.018 2.563560988248236e+34 8.225797272991792e+23 1.1015300914842235e+36 5411498150706172.0 1.608057379589758e-124 3.7202911730729537e+20 49
6.79291658506363e+20 4.0837781489000064e-250 6.198772572312469e-141 3.328289100294238e+36 6.6290565274139664e+19 1.4695330458986994e+29 4635783198233.018 2.563560988248236e+34 8.225797272991792e+23 1.1015300914842235e+36 5430489693.249138 9.572873420454967e+17 3.7202911730729537e+20 48
6.79291658506363e+20 6.101298248044383e+25 3242011066169421.0 3.328289100294238e+36 6.6290565274139664e+19 1.4695330458986994e+29 4635783198233.018 2.563560988248236e+34 8.225797272991792e+23 1.1015300914842235e+36 5411498150706172.0 9.572873420454967e+17 3.7202911730729537e+20 48
6.79291658506363e+20 6.101298248044383e+25 3242011066169421.0 3.328289100294238e+36 3.8458965198604907e-187 1.4695330458986994e+29 4635783198233.018 2.563560988248236e+34 4.929128436649622e-249 1.1015300914842235e+36 5430489693.249138 1.608057379589758e-124 1.9415847769785385e-294 50
2.805450012772671e-172 6.101298248044383e+25 5.2876412664435135e-48 3.328289100294238e+36 6.6290565274139664e+19 8.230907114436519e-157 3752952650822533.0 2.563560988248236e+34 8.225797272991792e+23 1.1015300914842235e+36 1.263027090167299e-62 9.572873420454967e+17 3.845710237708829e-16 48
6.79291658506363e+20 6.101298248044383e+25 1.942798781965521e-280 3.328289100294238e+36 6.6290565274139664e+19 1.4695330458986994e+29 4635783198233.018 2.563560988248236e+34 4.929128436649622e-249 1.1015300914842235e+36 5411498150706172.0 7.9078530630641835e-171 1.9415847769785385e-294 48
6.79291658506363e+20 6.101298248044383e+25 3242011066169421.0 3.328289100294238e+36 6.6290565274139664e+19 1.4695330458986994e+29 3752952650822533.0 2.563560988248236e+34 4.929128436649622e-249 1.1015300914842235e+36 5411498150706172.0 9.572873420454967e+17 1.9415847769785385e-294 51
6.79291658506363e+20 6.101298248044383e+25 3242011066169421.0 3.328289100294238e+36 6.6290565274139664e+19 1.4695330458986994e+29 4635783198233.018 2.563560988248236e+34 4.929128436649622e-249 0.74 1.263027090167299e-62 9.572873420454967e+17 1.9415847769785385e-294 51
6.79291658506363e+20 6.101298248044383e+25 6.198772572312469e-141 3.328289100294238e+36 6.6290565274139664e+19 1.4695330458986994e+29 4635783198233.018 2.563560988248236e+34 8.225797272991792e+23 1.1015300914842235e+36 5411498150706172.0 9.572873420454967e+17 3.7202911730729537e+20 48
6.79291658506363e+20 6.101298248044383e+25 3242011066169421.0 3.328289100294238e+36 6.6290565274139664e+19 1.4695330458986994e+29 4635783198233.018 2.563560988248236e+34 8.225797272991792e+23 1.1015300914842235e+36 5430489693.249138 9.572873420454967e+17 3.845710237708829e-16 48
2.805450012772671e-172 4.0837781489000064e-250 1.942798781965521e-280 3.328289100294238e+36 6.6290565274139664e+19 1.4695330458986994e+29 3752952650822533.0 2.563560988248236e+34 8.225797272991792e+23 1.1015300914842235e+36 5430489693.249138 9.572873420454967e+17 3.7202911730729537e+20 48
6.79291658506363e+20 6.101298248044383e+25 3242011066169421.0 3.328289100294238e+36 6.6290565274139664e+19 1.4695330458986994e+29 4635783198233.018 2.563560988248236e+34 8.225797272991792e+23 1.1015300914842235e+36 5430489693.249138 7.9078530630641835e-171 1.9415847769785385e-294 50
6.79291658506363e+20 6.101298248044383e+25 6.198772572312469e-141 3.328289100294238e+36 3.8458965198604907e-187 1.4695330458986994e+29 4635783198233.018 2.563560988248236e+34 8.225797272991792e+23 1.1015300914842235e+36 5411498150706172.0 9.572873420454967e+17 3.7202911730729537e+20 48
6.79291658506363e+20 6.101298248044383e+25 1.942798781965521e-280 3.328289100294238e+36 6.6290565274139664e+19 8.230907114436519e-157 4635783198233.018 2.563560988248236e+34 8.225797272991792e+23 1.1015300914842235e+36 5411498150706172.0 7.9078530630641835e-171 1.9415847769785385e-294 48
5.3167839603797695e-95 6.101298248044383e+25 5.2876412664435135e-48 0.26 1.6381955917345275e-78 1.4695330458986994e+29 3752952650822533.0 2.563560988248236e+34 8.225797272991792e+23 1.1015300914842235e+36 5430489693.249138 9.572873420454967e+17 1.9415847769785385e-294 49
5.3167839603797695e-95 6.101298248044383e+25 3242011066169421.0 3.328289100294238e+36 6.6290565274139664e+19 1.4695330458986994e+29 3752952650822533.0 2.563560988248236e+34 4.929128436649622e-249 1.1015300914842235e+36 5430489693.249138 7.9078530630641835e-171 1.9415847769785385e-294 50
6.79291658506363e+20 6.101298248044383e+25 1.942798781965521e-280 0.28 6.6290565274139664e+19 8.230907114436519e-157 4635783198233.018 2.563560988248236e+34 8.225797272991792e+23 1.1015300914842235e+36 5411498150706172.0 9.572873420454967e+17 1.9415847769785385e-294 48
6.79291658506363e+20 6.101298248044383e+25 1.942798781965521e-280 3.328289100294238e+36 6.6290565274139664e+19 8.230907114436519e-157 3752952650822533.0 2.563560988248236e+34 8.225797272991792e+23 1.1015300914842235e+36 5430489693.249138 9.572873420454967e+17 3.7202911730729537e+20 48
6.79291658506363e+20 6.101298248044383e+25 1.942798781965521e-280 3.328289100294238e+36 6.6290565274139664e+19 1.4695330458986994e+29 4635783198233.018 2.563560988248236e+34 8.225797272991792e+23 1.1015300914842235e+36 5430489693.249138 3.28054117672007e-63 1.9415847769785385e-294 51
6.79291658506363e+20 6.101298248044383e+25 1.942798781965521e-280 3.328289100294238e+36 6.6290565274139664e+19 1.4695330458986994e+29 3752952650822533.0 2.563560988248236e+34 8.225797272991792e+23 1.1015300914842235e+36 5411498150706172.0 1.608057379589758e-124 1.9415847769785385e-294 51
6.79291658506363e+20 4.0837781489000064e-250 6.198772572312469e-141 3.328289100294238e+36 6.6290565274139664e+19 1.4695330458986994e+29 4635783198233.018 2.563560988248236e+34 8.225797272991792e+23 1.1015300914842235e+36 5411498150706172.0 7.9078530630641835e-171 3.7202911730729537e+20 48
6.79291658506363e+20 4.0837781489000064e-250 1.942798781965521e-280 3.328289100294238e+36 1.768181381423939e-62 1.4695330458986994e+29 4635783198233.018 2.563560988248236e+34 8.225797272991792e+23 1.1015300914842235e+36 5411498150706172.0 9.572873420454967e+17 3.7202911730729537e+20 48
6.79291658506363e+20 6.101298248044383e+25 1.942798781965521e-280 3.328289100294238e+36 6.6290565274139664e+19 1.4695330458986994e+29 4635783198233.018 2.563560988248236e+34 8.225797272991792e+23 1.1015300914842235e+36 5411498150706172.0 9.572873420454967e+17 3.7202911730729537e+20 48
2.805450012772671e-172 4.0837781489000064e-250 1.942798781965521e-280 3.328289100294238e+36 1.768181381423939e-62 1.4695330458986994e+29 3752952650822533.0 2.563560988248236e+34 8.225797272991792e+23 1.1015300914842235e+36 5411498150706172.0 9.572873420454967e+17 3.7202911730729537e+20 48
6.79291658506363e+20 6.101298248044383e+25 6.198772572312469e-141 3.328289100294238e+36 6.6290565274139664e+19 1.4695330458986994e+29 4635783198233.018 2.563560988248236e+34 8.225797272991792e+23 1.1015300914842235e+36 1.263027090167299e-62 9.572873420454967e+17 3.7202911730729537e+20 48
6.79291658506363e+20 6.101298248044383e+25 1.942798781965521e-280 3.328289100294238e+36 6.6290565274139664e+19 1.4695330458986994e+29 4635783198233.018 2.563560988248236e+34 4.929128436649622e-249 1.1015300914842235e+36 5411498150706172.0 9.572873420454967e+17 3.7202911730729537e+20 48
6.79291658506363e+20 6.101298248044383e+25 5.2876412664435135e-48 3.328289100294238e+36 6.6290565274139664e+19 1.4695330458986994e+29 3752952650822533.0 2.563560988248236e+34 8.225797272991792e+23 1.1015300914842235e+36 5411498150706172.0 1.608057379589758e-124 3.7202911730729537e+20 48
6.79291658506363e+20 4.0837781489000064e-250 1.942798781965521e-280 3.328289100294238e+36 6.6290565274139664e+19 1.4695330458986994e+29 4635783198233.018 2.563560988248236e+34 8.225797272991792e+23 1.1015300914842235e+36 5411498150706172.0 9.572873420454967e+17 3.7202911730729537e+20 48
6.79291658506363e+20 6.101298248044383e+25 6.198772572312469e-141 3.328289100294238e+36 6.6290565274139664e+19 1.4695330458986994e+29 4635783198233.018 2.563560988248236e+34 8.225797272991792e+23 1.1015300914842235e+36 5411498150706172.0 9.572873420454967e+17 3.7202911730729537e+20 48
6.79291658506363e+20 6.101298248044383e+25 3242011066169421.0 3.328289100294238e+36 6.6290565274139664e+19 1.4695330458986994e+29 4635783198233.018 2.563560988248236e+34 4.929128436649622e-249 1.1015300914842235e+36 5411498150706172.0 9.572873420454967e+17 1.9415847769785385e-294 48
2.805450012772671e-172 6.101298248044383e+25 6.198772572312469e-141 3.328289100294238e+36 6.6290565274139664e+19 1.4695330458986994e+29 4635783198233.018 2.563560988248236e+34 4.929128436649622e-249 1.1015300914842235e+36 5430489693.249138 3.28054117672007e-63 3.845710237708829e-16 50
2.805450012772671e-172 6.101298248044383e+25 1.942798781965521e-280 3.328289100294238e+36 6.6290565274139664e+19 1.4695330458986994e+29 3752952650822533.0 2.563560988248236e+34 8.225797272991792e+23 1.1015300914842235e+36 5430489693.249138 3.28054117672007e-63 1.9415847769785385e-294 50
6.79291658506363e+20 6.101298248044383e+25 5.2876412664435135e-48 3.328289100294238e+36 6.6290565274139664e+19 1.4695330458986994e+29 3752952650822533.0 2.563560988248236e+34 8.225797272991792e+23 1.1015300914842235e+36 5411498150706172.0 1.608057379589758e-124 3.7202911730729537e+20 48
5.3167839603797695e-95 6.101298248044383e+25 5.2876412664435135e-48 3.328289100294238e+36 6.6290565274139664e+19 1.4695330458986994e+29 4635783198233.018 2.563560988248236e+34 8.225797272991792e+23 1.1015300914842235e+36 5411498150706172.0 1.608057379589758e-124 3.7202911730729537e+20 49
6.79291658506363e+20 6.101298248044383e+25 3242011066169421.0 3.328289100294238e+36 6.6290565274139664e+19 1.4695330458986994e+29 3752952650822533.0 2.563560988248236e+34 4.929128436649622e-249 1.1015300914842235e+36 5430489693.249138 9.572873420454967e+17 3.7202911730729537e+20 48
2.805450012772671e-172 6.101298248044383e+25 1.942798781965521e-280 0.28 6.6290565274139664e+19 8.230907114436519e-157 3752952650822533.0 2.563560988248236e+34 4.929128436649622e-249 1.1015300914842235e+36 5430489693.249138 9.572873420454967e+17 1.9415847769785385e-294 51
2.805450012772671e-172 6.101298248044383e+25 1.942798781965521e-280 3.328289100294238e+36 6.6290565274139664e+19 1.4695330458986994e+29 4635783198233.018 2.563560988248236e+34 8.225797272991792e+23 1.1015300914842235e+36 5411498150706172.0 7.9078530630641835e-171 1.9415847769785385e-294 48
5.3167839603797695e-95 6.101298248044383e+25 3242011066169421.0 3.328289100294238e+36 6.6290565274139664e+19 1.4695330458986994e+29 4635783198233.018 2.563560988248236e+34 4.929128436649622e-249 1.1015300914842235e+36 5411498150706172.0 7.9078530630641835e-171 1.9415847769785385e-294 50
5.3167839603797695e-95 6.101298248044383e+25 6.198772572312469e-141 3.328289100294238e+36 6.6290565274139664e+19 1.4695330458986994e+29 4635783198233.018 2.563560988248236e+34 4.929128436649622e-249 1.1015300914842235e+36 5411498150706172.0 9.572873420454967e+17 3.7202911730729537e+20 48
6.79291658506363e+20 6.101298248044383e+25 1.942798781965521e-280 3.328289100294238e+36 6.6290565274139664e+19 1.4695330458986994e+29 4635783198233.018 2.563560988248236e+34 8.225797272991792e+23 1.1015300914842235e+36 5430489693.249138 7.9078530630641835e-171 1.9415847769785385e-294 49
6.79291658506363e+20 4.0837781489000064e-250 3242011066169421.0 3.328289100294238e+36 3.8458965198604907e-187 1.4695330458986994e+29 4635783198233.018 2.563560988248236e+34 4.929128436649622e-249 1.1015300914842235e+36 5430489693.249138 9.572873420454967e+17 1.9415847769785385e-294 50
2.805450012772671e-172 6.101298248044383e+25 5.2876412664435135e-48 3.328289100294238e+36 6.6290565274139664e+19 8.230907114436519e-157 3752952650822533.0 2.563560988248236e+34 8.225797272991792e+23 1.1015300914842235e+36 5430489693.249138 7.9078530630641835e-171 3.7202911730729537e+20 48
2.805450012772671e-172 6.101298248044383e+25 1.942798781965521e-280 3.328289100294238e+36 1.768181381423939e-62 1.4695330458986994e+29 4635783198233.018 2.563560988248236e+34 8.225797272991792e+23 1.1015300914842235e+36 5411498150706172.0 9.572873420454967e+17 3.7202911730729537e+20 49
2.805450012772671e-172 4.0837781489000064e-250 6.198772572312469e-141 3.328289100294238e+36 3.8458965198604907e-187 1.4695330458986994e+29 4635783198233.018 2.563560988248236e+34 8.225797272991792e+23 1.1015300914842235e+36 5411498150706172.0 1.608057379589758e-124 3.7202911730729537e+20 48
6.79291658506363e+20 6.101298248044383e+25 3242011066169421.0 3.328289100294238e+36 6.6290565274139664e+19 1.4695330458986994e+29 4635783198233.018 2.563560988248236e+34 4.929128436649622e-249 1.1015300914842235e+36 5430489693.249138 9.572873420454967e+17 3.845710237708829e-16 48
2.805450012772671e-172 4.0837781489000064e-250 1.942798781965521e-280 3.328289100294238e+36 1.768181381423939e-62 1.4695330458986994e+29 3752952650822533.0 2.563560988248236e+34 8.225797272991792e+23 1.1015300914842235e+36 5411498150706172.0 9.572873420454967e+17 3.7202911730729537e+20 48
2.805450012772671e-172 6.101298248044383e+25 3242011066169421.0 3.328289100294238e+36 6.6290565274139664e+19 1.4695330458986994e+29 4635783198233.018 2.563560988248236e+34 8.225797272991792e+23 1.1015300914842235e+36 5411498150706172.0 9.572873420454967e+17 1.9415847769785385e-294 48
6.79291658506363e+20 6.101298248044383e+25 3242011066169421.0 3.328289100294238e+36 6.6290565274139664e+19 1.4695330458986994e+29 3752952650822533.0 2.563560988248236e+34 4.929128436649622e-249 1.1015300914842235e+36 5430489693.249138 7.9078530630641835e-171 3.845710237708829e-16 49
2.805450012772671e-172 6.101298248044383e+25 3242011066169421.0 3.328289100294238e+36 6.6290565274139664e+19 1.4695330458986994e+29 4635783198233.018 0.52 8.225797272991792e+23 1.1015300914842235e+36 5430489693.249138 9.572873420454967e+17 3.7202911730729537e+20 50
6.79291658506363e+20 6.101298248044383e+25 3242011066169421.0 3.328289100294238e+36 6.6290565274139664e+19 1.4695330458986994e+29 3752952650822533.0 2.563560988248236e+34 8.225797272991792e+23 1.1015300914842235e+36 5430489693.249138 9.572873420454967e+17 1.9415847769785385e-294 51
6.79291658506363e+20 4.0837781489000064e-250 3242011066169421.0 3.328289100294238e+36 3.8458965198604907e-187 1.4695330458986994e+29 4635783198233.018 2.563560988248236e+34 4.929128436649622e-249 1.1015300914842235e+36 5430489693.249138 9.572873420454967e+17 1.9415847769785385e-294 50
2.805450012772671e-172 4.0837781489000064e-250 5.2876412664435135e-48 3.328289100294238e+36 6.6290565274139664e+19 1.4695330458986994e+29 4635783198233.018 2.563560988248236e+34 8.225797272991792e+23 1.1015300914842235e+36 5411498150706172.0 1.608057379589758e-124 3.7202911730729537e+20 48
6.79291658506363e+20 6.101298248044383e+25 3242011066169421.0 3.328289100294238e+36 6.6290565274139664e+19 8.230907114436519e-157 3752952650822533.0 2.563560988248236e+34 4.929128436649622e-249 1.1015300914842235e+36 5430489693.249138 1.9415847769785385e-294 49
6.79291658506363e+20 4.0837781489000064e-250 1.942798781965521e-280 3.328289100294238e+36 6.6290565274139664e+19 1.4695330458986994e+29 3752952650822533.0 2.563560988248236e+34 8.225797272991792e+23 1.1015300914842235e+36 5411498150706172.0 9.572873420454967e+17 48
6.79291658506363e+20 6.101298248044383e+25 6.198772572312469e-141 3.328289100294238e+36 6.6290565274139664e+19 1.4695330458986994e+29 4635783198233.018 2.563560988248236e+34 8.225797272991792e+23 1.1015300914842235e+36 5411498150706172.0 9.572873420454967e+17 3.7202911730729537e+20 48
6.79291658506363e+20 6.101298248044383e+25 1.942798781965521e-280 3.328289100294238e+36 6.6290565274139664e+19 8.230907114436519e-157 4635783198233.018 2.563560988248236e+34 8.225797272991792e+23 1.1015300914842235e+36 5411498150706172.0 7.9078530630641835e-171 1.9415847769785385e-294 48
2.805450012772671e-172 4.0837781489000064e-250 3242011066169421.0 3.328289100294238e+36 1.768181381423939e-62 1.4695330458986994e+29 3752952650822533.0 2.563560988248236e+34 8.225797272991792e+23 1.1015300914842235e+36 5411498150706172.0 9.572873420454967e+17 3.7202911730729537e+20 49
6.79291658506363e+20 4.0837781489000064e-250 6.198772572312469e-141 3.328289100294238e+36 6.6290565274139664e+19 1.4695330458986994e+29 3752952650822533.0 2.563560988248236e+34 8.225797272991792e+23 1.1015300914842235e+36 5411498150706172.0 9.572873420454967e+17 3.7202911730729537e+20 48
6.79291658506363e+20 4.0837781489000064e-250 3242011066169421.0 0.28 1.142236949835355e-16 1.4695330458986994e+29 0.48 2.563560988248236e+34 4.929128436649622e-249 0.7000000000000001 5430489693.249138 9.572873420454967e+17 3.7202911730729537e+20 50
6.79291658506363e+20 6.101298248044383e+25 3242011066169421.0 3.328289100294238e+36 3.8458965198604907e-187 1.4695330458986994e+29 4635783198233.018 2.563560988248236e+34 4.929128436649622e-249 1.4723181235486828e-16 5430489693.249138 3.28054117672007e-63 1.9415847769785385e-294 51
6.79291658506363e+20 6.101298248044383e+25 1.942798781965521e-280 3.328289100294238e+36 6.6290565274139664e+19 1.4695330458986994e+29 3752952650822533.0 2.563560988248236e+34 8.225797272991792e+23 1.1015300914842235e+36 5411498150706172.0 9.572873420454967e+17 1.9415847769785385e-294 48
6.79291658506363e+20 4.0837781489000064e-250 1.942798781965521e-280 3.328289100294238e+36 3.8458965198604907e-187 1.4695330458986994e+29 3752952650822533.0 2.563560988248236e+34 8.225797272991792e+23 1.1015300914842235e+36 5411498150706172.0 9.572873420454967e+17 3.7202911730729537e+20 48
6.79291658506363e+20 6.101298248044383e+25 3242011066169421.0 3.328289100294238e+36 1.768181381423939e-62 1.4695330458986994e+29 4635783198233.018 2.563560988248236e+34 4.929128436649622e-249 1.1015300914842235e+36 5430489693.249138 7.9078530630641835e-171 1.9415847769785385e-294 50
6.79291658506363e+20 6.101298248044383e+25 3242011066169421.0 3.328289100294238e+36 3.8458965198604907e-187 1.4695330458986994e+29 4635783198233.018 2.563560988248236e+34 4.929128436649622e-249 1.1015300914842235e+36 5430489693.249138 1.608057379589758e-124 1.9415847769785385e-294 50
2.805450012772671e-172 4.0837781489000064e-250 3242011066169421.0 3.328289100294238e+36 3.8458965198604907e-187 8.230907114436519e-157 4635783198233.018 2.563560988248236e+34 8.225797272991792e+23 1.1015300914842235e+36 5430489693.249138 3.28054117672007e-63 3.7202911730729537e+20 50
6.79291658506363e+20 6.101298248044383e+25 3242011066169421.0 3.328289100294238e+36 6.6290565274139664e+19 1.4695330458986994e+29 3752952650822533.0 2.563560988248236e+34 8.225797272991792e+23 1.1015300914842235e+36 5411498150706172.0 9.572873420454967e+17 3.7202911730729537e+20 48
6.79291658506363e+20 6.101298248044383e+25 6.198772572312469e-141 3.328289100294238e+36 6.6290565274139664e+19 8.230907114436519e-157 4635783198233.018 2.563560988248236e+34 8.225797272991792e+23 1.1015300914842235e+36 5411498150706172.0 9.572873420454967e+17 1.9415847769785385e-294 48
6.79291658506363e+20 6.101298248044383e+25 3242011066169421.0 3.328289100294238e+36 6.6290565274139664e+19 1.4695330458986994e+29 3752952650822533.0 2.563560988248236e+34 4.929128436649622e-249 1.1015300914842235e+36 5430489693.249138 7.9078530630641835e-171 3.845710237708829e-16 49
6.79291658506363e+20 4.0837781489000064e-250 1.942798781965521e-280 3.328289100294238e+36 6.6290565274139664e+19 1.4695330458986994e+29 3752952650822533.0 2.563560988248236e+34 8.225797272991792e+23 1.1015300914842235e+36 5411498150706172.0 9.572873420454967e+17 3.7202911730729537e+20 48
6.79291658506363e+20 6.101298248044383e+25 1.942798781965521e-280 3.328289100294238e+36 6.6290565274139664e+19 1.4695330458986994e+29 4635783198233.018 2.563560988248236e+34 8.225797272991792e+23 1.1015300914842235e+36 5411498150706172.0 9.572873420454967e+17 3.7202911730729537e+20 48
6.79291658506363e+20 4.0837781489000064e-250 6.198772572312469e-141 3.328289100294238e+36 6.6290565274139664e+19 1.4695330458986994e+29 4635783198233.018 2.563560988248236e+34 8.225797272991792e+23 1.1015300914842235e+36 5411498150706172.0 7.9078530630641835e-171 3.7202911730729537e+20 48
6.79291658506363e+20 6.101298248044383e+25 1.942798781965521e-280 3.328289100294238e+36 6.6290565274139664e+19 1.4695330458986994e+29 4635783198233.018 2.563560988248236e+34 4.929128436649622e-249 1.1015300914842235e+36 5411498150706172.0 7.9078530630641835e-171 1.9415847769785385e-294 48
6.79291658506363e+20 6.101298248044383e+25 1.942798781965521e-280 3.328289100294238e+36 6.6290565274139664e+19 1.4695330458986994e+29 4635783198233.018 2.563560988248236e+34 8.225797272991792e+23 1.1015300914842235e+36 5411498150706172.0 3.7202911730729537e+20 48
6.79291658506363e+20 6.101298248044383e+25 6.198772572312469e-141 3.328289100294238e+36 6.6290565274139664e+19 1.4695330458986994e+29 3752952650822533.0 2.563560988248236e+34 8.225797272991792e+23 1.1015300914842235e+36 5411498150706172.0 9.572873420454967e+17 1.9415847769785385e-294 48
2.805450012772671e-172 6.101298248044383e+25 6.198772572312469e-141 3.328289100294238e+36 6.6290565274139664e+19 1.4695330458986994e+29 4635783198233.018 2.563560988248236e+34 4.929128436649622e-249 1.1015300914842235e+36 5430489693.249138 3.28054117672007e-63 3.845710237708829e-16 50
5.3167839603797695e-95 6.101298248044383e+25 3242011066169421.0 3.328289100294238e+36 6.6290565274139664e+19 1.4695330458986994e+29 4635783198233.018 2.563560988248236e+34 4.929128436649622e-249 1.1015300914842235e+36 5411498150706172.0 7.9078530630641835e-171 1.9415847769785385e-294 50
2.805450012772671e-172 4.0837781489000064e-250 3242011066169421.0 3.328289100294238e+36 6.6290565274139664e+19 1.4695330458986994e+29 4635783198233.018 2.563560988248236e+34 4.929128436649622e-249 1.1015300914842235e+36 5430489693.249138 9.572873420454967e+17 3.7202911730729537e+20 49
6.79291658506363e+20 6.101298248044383e+25 6.198772572312469e-141 3.328289100294238e+36 3.8458965198604907e-187 1.4695330458986994e+29 4635783198233.018 2.563560988248236e+34 8.225797272991792e+23 1.1015300914842235e+36 5411498150706172.0 9.572873420454967e+17 3.7202911730729537e+20 48
6.79291658506363e+20 6.101298248044383e+25 6.198772572312469e-141 3.328289100294238e+36 6.6290565274139664e+19 1.4695330458986994e+29 4635783198233.018 2.563560988248236e+34 8.225797272991792e+23 1.1015300914842235e+36 5411498150706172.0 9.572873420454967e+17 3.7202911730729537e+20 48
6.79291658506363e+20 4.0837781489000064e-250 1.942798781965521e-280 3.328289100294238e+36 6.6290565274139664e+19 1.4695330458986994e+29 3752952650822533.0 2.563560988248236e+34 8.225797272991792e+23 1.1015300914842235e+36 5430489693.249138 9.572873420454967e+17 3.7202911730729537e+20 48
5.3167839603797695e-95 6.101298248044383e+25 3242011066169421.0 0.26 1.142236949835355e-16 1.4695330458986994e+29 3752952650822533.0 2.563560988248236e+34 4.929128436649622e-249 0.7000000000000001 1.263027090167299e-62 9.572873420454967e+17 1.9415847769785385e-294 50
6.79291658506363e+20 6.101298248044383e+25 6.198772572312469e-141 3.328289100294238e+36 6.6290565274139664e+19 1.4695330458986994e+29 3752952650822533.0 2.563560988248236e+34 8.225797272991792e+23 1.1015300914842235e+36 5411498150706172.0 9.572873420454967e+17 3.7202911730729537e+20 48
6.79291658506363e+20 6.101298248044383e+25 3242011066169421.0 3.328289100294238e+36 1.6381955917345275e-78 1.4695330458986994e+29 3752952650822533.0 2.563560988248236e+34 4.929128436649622e-249 1.1015300914842235e+36 5430489693.249138 7.9078530630641835e-171 1.9415847769785385e-294 52
2.805450012772671e-172 6.101298248044383e+25 1.942798781965521e-280 0.28 6.6290565274139664e+19 8.230907114436519e-157 3752952650822533.0 2.563560988248236e+34 4.929128436649622e-249 1.1015300914842235e+36 5430489693.249138 9.572873420454967e+17 1.9415847769785385e-294 51
2.805450012772671e-172 6.101298248044383e+25 3242011066169421.0 3.328289100294238e+36 6.6290565274139664e+19 1.4695330458986994e+29 3752952650822533.0 0.56 4.929128436649622e-249 1.1015300914842235e+36 1.263027090167299e-62 7.9078530630641835e-171 3.7202911730729537e+20 51
6.79291658506363e+20 4.0837781489000064e-250 3242011066169421.0 3.328289100294238e+36 6.6290565274139664e+19 1.4695330458986994e+29 4635783198233.018 2.563560988248236e+34 4.929128436649622e-249 1.1015300914842235e+36 5430489693.249138 9.572873420454967e+17 1.9415847769785385e-294 49
2.805450012772671e-172 6.101298248044383e+25 3242011066169421.0 3.328289100294238e+36 6.6290565274139664e+19 1.4695330458986994e+29 4635783198233.018 2.4244694976860006e-16 4.929128436649622e-249 1.1015300914842235e+36 5430489693.249138 1.608057379589758e-124 1.9415847769785385e-294 49
6.79291658506363e+20 6.101298248044383e+25 6.198772572312469e-141 3.328289100294238e+36 6.6290565274139664e+19 1.4695330458986994e+29 4635783198233.018 2.563560988248236e+34 8.225797272991792e+23 1.1015300914842235e+36 5411498150706172.0 7.9078530630641835e-171 3.7202911730729537e+20 48
