3.5664411947606755e-09 4.8482616643934955e-08 0.00011441287730785551 8.888479718054749e-08 0.0008483502976678792 1.4096953229157366e-06 6.062950031093152e-08 1.5352828603912752e-07 5.2005853321752595e-05 8.202814747949559e-08 5.323211742257238e-06 8.279414631807112e-09 1.0342679464805959e-07 1.0699323584282032e-07 0.0022187623169775262 8.304210317921267e-06 3.797804970441577e-07 1.1285208893585343e-05 56
3.5664411947606755e-09 4.8482616643934955e-08 1.9811753646381976e-05 0.01719613304230032 2.555141636283466e-06 0.0020699489412594483 6.062950031093152e-08 1.5352828603912752e-07 5.2005853321752595e-05 8.202814747949559e-08 5.323211742257238e-06 8.279414631807112e-09 1.0342679464805959e-07 1.0699323584282032e-07 0.0022187623169775262 8.304210317921267e-06 3.797804970441577e-07 0.0014977367107443158 1.1285208893585343e-05 56
3.5664411947606755e-09 4.8482616643934955e-08 1.9811753646381976e-05 8.888479718054749e-08 2.555141636283466e-06 0.0020699489412594483 0.06233766233766229 1.5352828603912752e-07 0.0002542508384619019 8.202814747949559e-08 0.003548483899301907 2.669333333333323 0.24716575226132978 1.0699323584282032e-07 0.0022187623169775262 8.304210317921267e-06 3.797804970441577e-07 0.0035239166210819487 55
3.5664411947606755e-09 4.8482616643934955e-08 0.00011441287730785551 8.888479718054749e-08 2.555141636283466e-06 0.0020699489412594483 0.06233766233766229 1.5352828603912752e-07 5.2005853321752595e-05 8.202814747949559e-08 0.003548483899301907 2.669333333333323 0.24716575226132978 1.495352801181044 0.16753246753246767 3.797804970441577e-07 0.0014977367107443158 0.0035239166210819487 55
3.5664411947606755e-09 4.8482616643934955e-08 0.00011441287730785551 8.888479718054749e-08 0.0008483502976678792 1.4096953229157366e-06 6.062950031093152e-08 1.5352828603912752e-07 5.2005853321752595e-05 8.202814747949559e-08 5.323211742257238e-06 8.279414631807112e-09 1.0342679464805959e-07 1.0699323584282032e-07 0.0022187623169775262 8.304210317921267e-06 3.797804970441577e-07 0.0035239166210819487 56
3.5664411947606755e-09 4.8482616643934955e-08 1.9811753646381976e-05 8.888479718054749e-08 2.555141636283466e-06 0.0020699489412594483 0.06233766233766229 1.5352828603912752e-07 5.2005853321752595e-05 0.1942016624910446 0.003548483899301907 8.279414631807112e-09 0.24716575226132978 1.495352801181044 8.304210317921267e-06 3.797804970441577e-07 0.0035239166210819487 55
3.5664411947606755e-09 4.8482616643934955e-08 0.00011441287730785551 8.888479718054749e-08 2.555141636283466e-06 1.4096953229157366e-06 6.062950031093152e-08 1.5352828603912752e-07 5.2005853321752595e-05 8.202814747949559e-08 5.323211742257238e-06 8.279414631807112e-09 1.0342679464805959e-07 1.0699323584282032e-07 0.0022187623169775262 8.304210317921267e-06 3.797804970441577e-07 0.0014977367107443158 1.1285208893585343e-05 56
3.5664411947606755e-09 4.8482616643934955e-08 0.00011441287730785551 0.01719613304230032 0.0008483502976678792 1.4096953229157366e-06 6.062950031093152e-08 1.5352828603912752e-07 5.2005853321752595e-05 8.202814747949559e-08 5.323211742257238e-06 8.279414631807112e-09 1.0342679464805959e-07 1.0699323584282032e-07 0.0022187623169775262 8.304210317921267e-06 3.797804970441577e-07 0.0014977367107443158 0.0035239166210819487 56
0.09062744249582085 4.8482616643934955e-08 1.9811753646381976e-05 8.888479718054749e-08 2.555141636283466e-06 0.0020699489412594483 6.062950031093152e-08 1.5352828603912752e-07 5.2005853321752595e-05 8.202814747949559e-08 0.003548483899301907 2.669333333333323 1.0342679464805959e-07 1.495352801181044 0.0022187623169775262 8.304210317921267e-06 3.797804970441577e-07 0.9799999999999983 0.0035239166210819487 55
3.5664411947606755e-09 4.8482616643934955e-08 0.00011441287730785551 8.888479718054749e-08 0.0008483502976678792 1.4096953229157366e-06 6.062950031093152e-08 1.5352828603912752e-07 5.2005853321752595e-05 8.202814747949559e-08 5.323211742257238e-06 8.279414631807112e-09 1.0342679464805959e-07 1.0699323584282032e-07 0.0022187623169775262 8.304210317921267e-06 3.797804970441577e-07 1.1285208893585343e-05 56
0.0051588399126901 0.012037293129610233 0.00011441287730785551 8.888479718054749e-08 2.555141636283466e-06 0.0020699489412594483 6.062950031093152e-08 1.5352828603912752e-07 0.0002542508384619019 8.202814747949559e-08 0.003548483899301907 8.279414631807112e-09 1.0342679464805959e-07 1.0699323584282032e-07 0.14025974025974025 0.15974025974025988 3.797804970441577e-07 0.0014977367107443158 1.1285208893585343e-05 56
3.5664411947606755e-09 4.8482616643934955e-08 1.9811753646381976e-05 8.888479718054749e-08 2.555141636283466e-06 0.0020699489412594483 0.06233766233766229 1.5352828603912752e-07 5.2005853321752595e-05 0.1942016624910446 0.003548483899301907 8.279414631807112e-09 0.24716575226132978 1.495352801181044 8.304210317921267e-06 3.797804970441577e-07 0.0035239166210819487 55
3.5664411947606755e-09 0.012037293129610233 0.00011441287730785551 8.888479718054749e-08 2.555141636283466e-06 0.0020699489412594483 0.06233766233766229 0.0309530394761406 0.0002542508384619019 8.202814747949559e-08 0.003548483899301907 8.279414631807112e-09 1.0342679464805959e-07 1.0699323584282032e-07 0.0022187623169775262 8.304210317921267e-06 3.797804970441577e-07 0.0014977367107443158 0.0035239166210819487 56
0.1 4.8482616643934955e-08 1.9811753646381976e-05 8.888479718054749e-08 2.555141636283466e-06 0.0020699489412594483 0.06233766233766229 1.0699323584282032e-07 0.0022187623169775262 0.16753246753246767 3.797804970441577e-07 0.45019476304742245 0.0035239166210819487 55
3.5664411947606755e-09 4.8482616643934955e-08 0.00011441287730785551 8.888479718054749e-08 2.555141636283466e-06 1.4096953229157366e-06 6.062950031093152e-08 1.5352828603912752e-07 0.0002542508384619019 8.202814747949559e-08 5.323211742257238e-06 8.279414631807112e-09 1.0342679464805959e-07 1.0699323584282032e-07 0.0022187623169775262 8.304210317921267e-06 3.797804970441577e-07 0.0014977367107443158 1.1285208893585343e-05 56
0.09062744249582085 4.8482616643934955e-08 1.9811753646381976e-05 8.888479718054749e-08 2.555141636283466e-06 0.0020699489412594483 6.062950031093152e-08 1.5352828603912752e-07 5.2005853321752595e-05 8.202814747949559e-08 0.003548483899301907 2.669333333333323 1.0342679464805959e-07 1.495352801181044 0.0022187623169775262 8.304210317921267e-06 3.797804970441577e-07 0.9799999999999983 0.0035239166210819487 55
3.5664411947606755e-09 4.8482616643934955e-08 1.9811753646381976e-05 8.888479718054749e-08 0.0008483502976678792 1.4096953229157366e-06 6.062950031093152e-08 1.5352828603912752e-07 5.2005853321752595e-05 8.202814747949559e-08 5.323211742257238e-06 8.279414631807112e-09 1.0342679464805959e-07 1.0699323584282032e-07 0.0022187623169775262 8.304210317921267e-06 3.797804970441577e-07 1.1285208893585343e-05 56
0.0051588399126901 4.8482616643934955e-08 1.9811753646381976e-05 8.888479718054749e-08 2.555141636283466e-06 0.0020699489412594483 6.062950031093152e-08 0.0309530394761406 0.0002542508384619019 8.202814747949559e-08 0.003548483899301907 8.279414631807112e-09 1.0342679464805959e-07 1.0699323584282032e-07 0.0022187623169775262 8.304210317921267e-06 3.797804970441577e-07 0.0035239166210819487 56
0.09062744249582085 4.8482616643934955e-08 1.9811753646381976e-05 8.888479718054749e-08 2.555141636283466e-06 0.0020699489412594483 0.06233766233766229 0.0309530394761406 0.0002542508384619019 8.202814747949559e-08 0.003548483899301907 8.279414631807112e-09 1.0342679464805959e-07 0.28247514544151997 0.0022187623169775262 0.35309393180189996 3.797804970441577e-07 0.0035239166210819487 55
3.5664411947606755e-09 4.8482616643934955e-08 0.00011441287730785551 8.888479718054749e-08 2.555141636283466e-06 1.4096953229157366e-06 6.062950031093152e-08 1.5352828603912752e-07 0.0002542508384619019 8.202814747949559e-08 5.323211742257238e-06 8.279414631807112e-09 1.0342679464805959e-07 1.0699323584282032e-07 0.0022187623169775262 8.304210317921267e-06 3.797804970441577e-07 0.0014977367107443158 1.1285208893585343e-05 56
3.5664411947606755e-09 4.8482616643934955e-08 0.00011441287730785551 8.888479718054749e-08 2.555141636283466e-06 1.4096953229157366e-06 6.062950031093152e-08 0.0309530394761406 0.0002542508384619019 0.1942016624910446 0.003548483899301907 2.669333333333323 0.24716575226132978 1.0699323584282032e-07 0.005618432840561374 0.15974025974025988 3.797804970441577e-07 0.0014977367107443158 0.0035239166210819487 56
3.5664411947606755e-09 4.8482616643934955e-08 0.00011441287730785551 8.888479718054749e-08 0.0008483502976678792 1.4096953229157366e-06 6.062950031093152e-08 1.5352828603912752e-07 5.2005853321752595e-05 8.202814747949559e-08 5.323211742257238e-06 8.279414631807112e-09 1.0342679464805959e-07 1.0699323584282032e-07 0.0022187623169775262 8.304210317921267e-06 3.797804970441577e-07 0.0014977367107443158 1.1285208893585343e-05 56
3.5664411947606755e-09 4.8482616643934955e-08 0.00011441287730785551 8.888479718054749e-08 0.0008483502976678792 1.4096953229157366e-06 6.062950031093152e-08 1.5352828603912752e-07 5.2005853321752595e-05 0.1942016624910446 5.323211742257238e-06 8.279414631807112e-09 1.0342679464805959e-07 1.0699323584282032e-07 0.0022187623169775262 8.304210317921267e-06 0.0035239166210819487 56
3.5664411947606755e-09 4.8482616643934955e-08 1.9811753646381976e-05 8.888479718054749e-08 2.555141636283466e-06 0.0020699489412594483 6.062950031093152e-08 0.0309530394761406 0.0002542508384619019 8.202814747949559e-08 0.003548483899301907 8.279414631807112e-09 1.0342679464805959e-07 0.28247514544151997 0.0022187623169775262 8.304210317921267e-06 3.797804970441577e-07 0.0035239166210819487 56
3.5664411947606755e-09 4.8482616643934955e-08 1.9811753646381976e-05 8.888479718054749e-08 2.555141636283466e-06 1.4096953229157366e-06 6.062950031093152e-08 1.5352828603912752e-07 5.2005853321752595e-05 8.202814747949559e-08 5.323211742257238e-06 8.279414631807112e-09 1.0342679464805959e-07 1.0699323584282032e-07 0.0022187623169775262 8.304210317921267e-06 3.797804970441577e-07 0.0035239166210819487 56
3.5664411947606755e-09 4.8482616643934955e-08 0.00011441287730785551 8.888479718054749e-08 2.555141636283466e-06 0.0020699489412594483 0.06233766233766229 0.0309530394761406 0.0002542508384619019 0.1942016624910446 0.003548483899301907 8.279414631807112e-09 1.0342679464805959e-07 1.0699323584282032e-07 0.14025974025974025 8.304210317921267e-06 3.797804970441577e-07 0.0014977367107443158 1.1285208893585343e-05 56
3.5664411947606755e-09 4.8482616643934955e-08 1.9811753646381976e-05 8.888479718054749e-08 2.555141636283466e-06 0.0020699489412594483 0.06233766233766229 1.5352828603912752e-07 5.2005853321752595e-05 8.202814747949559e-08 5.323211742257238e-06 8.279414631807112e-09 1.0342679464805959e-07 1.0699323584282032e-07 0.16753246753246767 0.0035239166210819487 56
3.5664411947606755e-09 4.8482616643934955e-08 0.00011441287730785551 8.888479718054749e-08 2.555141636283466e-06 0.0020699489412594483 0.06233766233766229 0.0309530394761406 0.0002542508384619019 0.1942016624910446 0.003548483899301907 8.279414631807112e-09 1.0342679464805959e-07 1.0699323584282032e-07 0.14025974025974025 8.304210317921267e-06 3.797804970441577e-07 0.0014977367107443158 1.1285208893585343e-05 56
3.5664411947606755e-09 4.8482616643934955e-08 0.00011441287730785551 8.888479718054749e-08 2.555141636283466e-06 1.4096953229157366e-06 6.062950031093152e-08 1.5352828603912752e-07 5.2005853321752595e-05 8.202814747949559e-08 0.003548483899301907 8.279414631807112e-09 1.0342679464805959e-07 1.0699323584282032e-07 0.0022187623169775262 8.304210317921267e-06 3.797804970441577e-07 1.1285208893585343e-05 55
0.09062744249582085 4.8482616643934955e-08 1.9811753646381976e-05 8.888479718054749e-08 0.0008483502976678792 1.4096953229157366e-06 6.062950031093152e-08 1.5352828603912752e-07 5.2005853321752595e-05 8.202814747949559e-08 5.323211742257238e-06 8.279414631807112e-09 1.0342679464805959e-07 1.0699323584282032e-07 0.0022187623169775262 8.304210317921267e-06 3.797804970441577e-07 1.1285208893585343e-05 56
0.0051588399126901 4.8482616643934955e-08 1.9811753646381976e-05 8.888479718054749e-08 2.555141636283466e-06 0.0020699489412594483 6.062950031093152e-08 0.0309530394761406 0.0002542508384619019 8.202814747949559e-08 0.003548483899301907 8.279414631807112e-09 1.0342679464805959e-07 1.0699323584282032e-07 0.0022187623169775262 8.304210317921267e-06 3.797804970441577e-07 0.0035239166210819487 56
3.5664411947606755e-09 4.8482616643934955e-08 0.00011441287730785551 8.888479718054749e-08 0.0008483502976678792 1.4096953229157366e-06 6.062950031093152e-08 8.202814747949559e-08 5.323211742257238e-06 8.279414631807112e-09 1.0342679464805959e-07 1.0699323584282032e-07 8.304210317921267e-06 3.797804970441577e-07 0.0035239166210819487 56
3.5664411947606755e-09 4.8482616643934955e-08 0.00011441287730785551 8.888479718054749e-08 2.555141636283466e-06 1.4096953229157366e-06 6.062950031093152e-08 1.5352828603912752e-07 0.0002542508384619019 0.1942016624910446 0.003548483899301907 8.279414631807112e-09 0.24716575226132978 1.495352801181044 0.0022187623169775262 8.304210317921267e-06 3.797804970441577e-07 0.0035239166210819487 55
3.5664411947606755e-09 4.8482616643934955e-08 0.00011441287730785551 8.888479718054749e-08 2.555141636283466e-06 1.4096953229157366e-06 6.062950031093152e-08 1.5352828603912752e-07 0.0002542508384619019 0.1942016624910446 0.003548483899301907 8.279414631807112e-09 0.24716575226132978 1.495352801181044 0.0022187623169775262 8.304210317921267e-06 3.797804970441577e-07 0.0035239166210819487 55
3.5664411947606755e-09 0.012037293129610233 0.00011441287730785551 8.888479718054749e-08 2.555141636283466e-06 0.0020699489412594483 6.062950031093152e-08 1.5352828603912752e-07 0.0002542508384619019 8.202814747949559e-08 5.323211742257238e-06 8.279414631807112e-09 1.0342679464805959e-07 1.0699323584282032e-07 0.005618432840561374 0.16753246753246767 3.797804970441577e-07 0.0014977367107443158 1.1285208893585343e-05 56
3.5664411947606755e-09 4.8482616643934955e-08 0.00011441287730785551 8.888479718054749e-08 2.555141636283466e-06 0.0020699489412594483 0.06233766233766229 1.0699323584282032e-07 0.0022187623169775262 0.16753246753246767 3.797804970441577e-07 1.1285208893585343e-05 56
0.1 4.8482616643934955e-08 0.00011441287730785551 8.888479718054749e-08 2.555141636283466e-06 1.4096953229157366e-06 6.062950031093152e-08 1.5352828603912752e-07 5.2005853321752595e-05 8.202814747949559e-08 5.323211742257238e-06 8.279414631807112e-09 1.0342679464805959e-07 1.0699323584282032e-07 0.0022187623169775262 8.304210317921267e-06 3.797804970441577e-07 1.1285208893585343e-05 56
3.5664411947606755e-09 4.8482616643934955e-08 1.9811753646381976e-05 0.01719613304230032 2.555141636283466e-06 0.0020699489412594483 6.062950031093152e-08 1.5352828603912752e-07 0.0002542508384619019 8.202814747949559e-08 5.323211742257238e-06 8.279414631807112e-09 1.0342679464805959e-07 1.0699323584282032e-07 0.005618432840561374 8.304210317921267e-06 3.797804970441577e-07 0.0014977367107443158 1.1285208893585343e-05 55
0.09062744249582085 4.8482616643934955e-08 1.9811753646381976e-05 8.888479718054749e-08 2.555141636283466e-06 1.4096953229157366e-06 6.062950031093152e-08 1.5352828603912752e-07 5.2005853321752595e-05 8.202814747949559e-08 5.323211742257238e-06 8.279414631807112e-09 1.0342679464805959e-07 1.0699323584282032e-07 0.0022187623169775262 8.304210317921267e-06 3.797804970441577e-07 0.0014977367107443158 1.1285208893585343e-05 56
0.0051588399126901 4.8482616643934955e-08 0.00011441287730785551 8.888479718054749e-08 2.555141636283466e-06 0.0020699489412594483 6.062950031093152e-08 1.5352828603912752e-07 0.0002542508384619019 0.1942016624910446 0.003548483899301907 2.669333333333323 1.0342679464805959e-07 1.0699323584282032e-07 0.005618432840561374 8.304210317921267e-06 3.797804970441577e-07 0.0014977367107443158 0.0035239166210819487 56
3.5664411947606755e-09 4.8482616643934955e-08 1.9811753646381976e-05 8.888479718054749e-08 2.555141636283466e-06 0.0020699489412594483 6.062950031093152e-08 1.5352828603912752e-07 0.0002542508384619019 8.202814747949559e-08 0.003548483899301907 2.669333333333323 0.24716575226132978 1.495352801181044 0.30895719032666247 0.15974025974025988 0.17532467532467533 0.9799999999999983 0.0035239166210819487 55
3.5664411947606755e-09 4.8482616643934955e-08 1.9811753646381976e-05 8.888479718054749e-08 2.555141636283466e-06 0.0020699489412594483 0.06233766233766229 1.5352828603912752e-07 5.2005853321752595e-05 0.1942016624910446 5.323211742257238e-06 8.279414631807112e-09 1.0342679464805959e-07 1.495352801181044 8.304210317921267e-06 1.9938037349080586 0.0035239166210819487 55
3.5664411947606755e-09 4.8482616643934955e-08 0.00011441287730785551 8.888479718054749e-08 0.0008483502976678792 1.4096953229157366e-06 6.062950031093152e-08 1.5352828603912752e-07 0.0002542508384619019 0.1942016624910446 0.003548483899301907 8.279414631807112e-09 1.0342679464805959e-07 1.0699323584282032e-07 0.0022187623169775262 8.304210317921267e-06 3.797804970441577e-07 0.0014977367107443158 0.0035239166210819487 56
3.5664411947606755e-09 4.8482616643934955e-08 0.00011441287730785551 8.888479718054749e-08 2.555141636283466e-06 1.4096953229157366e-06 6.062950031093152e-08 1.5352828603912752e-07 0.0002542508384619019 8.202814747949559e-08 5.323211742257238e-06 8.279414631807112e-09 1.0342679464805959e-07 1.0699323584282032e-07 0.0022187623169775262 8.304210317921267e-06 3.797804970441577e-07 0.0014977367107443158 1.1285208893585343e-05 56
3.5664411947606755e-09 4.8482616643934955e-08 0.00011441287730785551 8.888479718054749e-08 0.0008483502976678792 1.4096953229157366e-06 6.062950031093152e-08 1.5352828603912752e-07 5.2005853321752595e-05 8.202814747949559e-08 5.323211742257238e-06 8.279414631807112e-09 1.0342679464805959e-07 1.0699323584282032e-07 0.0022187623169775262 0.15974025974025988 3.797804970441577e-07 0.0014977367107443158 1.1285208893585343e-05 56
3.5664411947606755e-09 4.8482616643934955e-08 0.00011441287730785551 0.01719613304230032 2.555141636283466e-06 1.4096953229157366e-06 6.062950031093152e-08 1.5352828603912752e-07 0.0002542508384619019 8.202814747949559e-08 5.323211742257238e-06 8.279414631807112e-09 1.0342679464805959e-07 1.0699323584282032e-07 0.0022187623169775262 8.304210317921267e-06 3.797804970441577e-07 0.0014977367107443158 1.1285208893585343e-05 56
3.5664411947606755e-09 0.012037293129610233 1.9811753646381976e-05 8.888479718054749e-08 2.555141636283466e-06 0.0020699489412594483 6.062950031093152e-08 1.5352828603912752e-07 5.2005853321752595e-05 0.1942016624910446 5.323211742257238e-06 8.279414631807112e-09 1.0342679464805959e-07 1.0699323584282032e-07 0.0022187623169775262 8.304210317921267e-06 1.1285208893585343e-05 56
3.5664411947606755e-09 4.8482616643934955e-08 0.00011441287730785551 8.888479718054749e-08 0.0008483502976678792 1.4096953229157366e-06 6.062950031093152e-08 1.5352828603912752e-07 5.2005853321752595e-05 8.202814747949559e-08 0.003548483899301907 8.279414631807112e-09 0.24716575226132978 1.0699323584282032e-07 0.0022187623169775262 8.304210317921267e-06 3.797804970441577e-07 0.0014977367107443158 0.0035239166210819487 55
3.5664411947606755e-09 4.8482616643934955e-08 0.00011441287730785551 8.888479718054749e-08 0.0008483502976678792 1.4096953229157366e-06 6.062950031093152e-08 1.5352828603912752e-07 5.2005853321752595e-05 8.202814747949559e-08 5.323211742257238e-06 8.279414631807112e-09 1.0342679464805959e-07 1.0699323584282032e-07 0.0022187623169775262 8.304210317921267e-06 3.797804970441577e-07 0.0014977367107443158 1.1285208893585343e-05 56
3.5664411947606755e-09 4.8482616643934955e-08 0.00011441287730785551 8.888479718054749e-08 0.0008483502976678792 1.4096953229157366e-06 6.062950031093152e-08 1.5352828603912752e-07 5.2005853321752595e-05 8.202814747949559e-08 5.323211742257238e-06 8.279414631807112e-09 1.0342679464805959e-07 1.0699323584282032e-07 1.1285208893585343e-05 56
3.5664411947606755e-09 0.012037293129610233 0.00011441287730785551 0.01719613304230032 2.555141636283466e-06 1.4096953229157366e-06 6.062950031093152e-08 1.5352828603912752e-07 5.2005853321752595e-05 8.202814747949559e-08 5.323211742257238e-06 8.279414631807112e-09 1.0342679464805959e-07 1.0699323584282032e-07 0.0022187623169775262 8.304210317921267e-06 3.797804970441577e-07 0.0014977367107443158 1.1285208893585343e-05 56
3.5664411947606755e-09 4.8482616643934955e-08 0.00011441287730785551 8.888479718054749e-08 0.0008483502976678792 1.4096953229157366e-06 6.062950031093152e-08 1.5352828603912752e-07 5.2005853321752595e-05 8.202814747949559e-08 5.323211742257238e-06 8.279414631807112e-09 1.0342679464805959e-07 1.0699323584282032e-07 0.0022187623169775262 8.304210317921267e-06 3.797804970441577e-07 0.0014977367107443158 1.1285208893585343e-05 56
0.0051588399126901 4.8482616643934955e-08 1.9811753646381976e-05 8.888479718054749e-08 2.555141636283466e-06 0.0020699489412594483 6.062950031093152e-08 8.202814747949559e-08 0.003548483899301907 8.279414631807112e-09 1.0342679464805959e-07 0.0035239166210819487 55
3.5664411947606755e-09 4.8482616643934955e-08 1.9811753646381976e-05 8.888479718054749e-08 0.0008483502976678792 1.4096953229157366e-06 6.062950031093152e-08 1.5352828603912752e-07 5.2005853321752595e-05 8.202814747949559e-08 5.323211742257238e-06 8.279414631807112e-09 1.0342679464805959e-07 1.0699323584282032e-07 0.14025974025974025 8.304210317921267e-06 3.797804970441577e-07 0.0035239166210819487 56
3.5664411947606755e-09 4.8482616643934955e-08 0.00011441287730785551 8.888479718054749e-08 0.0008483502976678792 1.4096953229157366e-06 6.062950031093152e-08 1.5352828603912752e-07 5.2005853321752595e-05 8.202814747949559e-08 5.323211742257238e-06 8.279414631807112e-09 1.0342679464805959e-07 1.0699323584282032e-07 0.0022187623169775262 8.304210317921267e-06 3.797804970441577e-07 1.1285208893585343e-05 56
3.5664411947606755e-09 4.8482616643934955e-08 0.00011441287730785551 8.888479718054749e-08 0.0008483502976678792 1.4096953229157366e-06 6.062950031093152e-08 0.0309530394761406 0.0002542508384619019 8.202814747949559e-08 0.003548483899301907 8.279414631807112e-09 1.0342679464805959e-07 1.0699323584282032e-07 8.304210317921267e-06 3.797804970441577e-07 0.0035239166210819487 56
0.0051588399126901 0.012037293129610233 0.00011441287730785551 8.888479718054749e-08 2.555141636283466e-06 0.0020699489412594483 6.062950031093152e-08 1.5352828603912752e-07 0.0002542508384619019 8.202814747949559e-08 0.003548483899301907 8.279414631807112e-09 1.0342679464805959e-07 1.0699323584282032e-07 0.14025974025974025 0.15974025974025988 3.797804970441577e-07 0.0014977367107443158 1.1285208893585343e-05 56
0.1 4.8482616643934955e-08 0.00011441287730785551 0.01719613304230032 2.555141636283466e-06 1.4096953229157366e-06 6.062950031093152e-08 1.5352828603912752e-07 0.0002542508384619019 8.202814747949559e-08 5.323211742257238e-06 8.279414631807112e-09 1.0342679464805959e-07 1.0699323584282032e-07 0.0022187623169775262 8.304210317921267e-06 3.797804970441577e-07 0.0014977367107443158 0.0035239166210819487 56
3.5664411947606755e-09 4.8482616643934955e-08 1.9811753646381976e-05 8.888479718054749e-08 0.0008483502976678792 1.4096953229157366e-06 6.062950031093152e-08 1.5352828603912752e-07 5.2005853321752595e-05 0.1942016624910446 5.323211742257238e-06 8.279414631807112e-09 1.0342679464805959e-07 1.0699323584282032e-07 0.0022187623169775262 8.304210317921267e-06 3.797804970441577e-07 0.0014977367107443158 1.1285208893585343e-05 56
3.5664411947606755e-09 4.8482616643934955e-08 1.9811753646381976e-05 0.01719613304230032 0.0008483502976678792 1.4096953229157366e-06 6.062950031093152e-08 1.5352828603912752e-07 5.2005853321752595e-05 8.202814747949559e-08 5.323211742257238e-06 8.279414631807112e-09 1.0342679464805959e-07 8.304210317921267e-06 1.1285208893585343e-05 56
3.5664411947606755e-09 4.8482616643934955e-08 1.9811753646381976e-05 8.888479718054749e-08 2.555141636283466e-06 0.0020699489412594483 6.062950031093152e-08 1.5352828603912752e-07 5.2005853321752595e-05 8.202814747949559e-08 5.323211742257238e-06 2.669333333333323 1.0342679464805959e-07 1.0699323584282032e-07 0.0022187623169775262 8.304210317921267e-06 3.797804970441577e-07 0.9799999999999983 0.0035239166210819487 55
3.5664411947606755e-09 4.8482616643934955e-08 0.00011441287730785551 8.888479718054749e-08 2.555141636283466e-06 0.0020699489412594483 0.06233766233766229 1.5352828603912752e-07 5.2005853321752595e-05 8.202814747949559e-08 0.003548483899301907 2.669333333333323 1.0342679464805959e-07 1.0699323584282032e-07 8.304210317921267e-06 1.9938037349080586 0.0035239166210819487 55
3.5664411947606755e-09 4.8482616643934955e-08 0.00011441287730785551 0.01719613304230032 2.555141636283466e-06 1.4096953229157366e-06 6.062950031093152e-08 1.5352828603912752e-07 0.0002542508384619019 0.1942016624910446 5.323211742257238e-06 8.279414631807112e-09 1.0342679464805959e-07 1.0699323584282032e-07 0.0022187623169775262 8.304210317921267e-06 3.797804970441577e-07 0.0014977367107443158 1.1285208893585343e-05 56
3.5664411947606755e-09 4.8482616643934955e-08 0.00011441287730785551 8.888479718054749e-08 0.0008483502976678792 1.4096953229157366e-06 6.062950031093152e-08 1.495352801181044 0.0022187623169775262 8.304210317921267e-06 3.797804970441577e-07 1.1285208893585343e-05 56
3.5664411947606755e-09 4.8482616643934955e-08 0.00011441287730785551 8.888479718054749e-08 2.555141636283466e-06 1.4096953229157366e-06 6.062950031093152e-08 1.5352828603912752e-07 0.0002542508384619019 8.202814747949559e-08 5.323211742257238e-06 8.279414631807112e-09 1.0342679464805959e-07 1.0699323584282032e-07 0.0022187623169775262 8.304210317921267e-06 3.797804970441577e-07 0.0014977367107443158 1.1285208893585343e-05 56
3.5664411947606755e-09 4.8482616643934955e-08 0.00011441287730785551 8.888479718054749e-08 2.555141636283466e-06 1.4096953229157366e-06 6.062950031093152e-08 1.5352828603912752e-07 5.2005853321752595e-05 8.202814747949559e-08 0.003548483899301907 8.279414631807112e-09 1.0342679464805959e-07 1.0699323584282032e-07 0.0022187623169775262 8.304210317921267e-06 3.797804970441577e-07 1.1285208893585343e-05 55
3.5664411947606755e-09 4.8482616643934955e-08 0.00011441287730785551 8.888479718054749e-08 0.0008483502976678792 1.4096953229157366e-06 6.062950031093152e-08 8.202814747949559e-08 5.323211742257238e-06 8.279414631807112e-09 1.0342679464805959e-07 1.0699323584282032e-07 8.304210317921267e-06 3.797804970441577e-07 0.0035239166210819487 56
3.5664411947606755e-09 4.8482616643934955e-08 1.9811753646381976e-05 0.01719613304230032 0.0008483502976678792 1.4096953229157366e-06 6.062950031093152e-08 0.0309530394761406 0.0002542508384619019 8.202814747949559e-08 5.323211742257238e-06 8.279414631807112e-09 1.0342679464805959e-07 1.0699323584282032e-07 0.0022187623169775262 8.304210317921267e-06 3.797804970441577e-07 0.0014977367107443158 1.1285208893585343e-05 56
3.5664411947606755e-09 4.8482616643934955e-08 0.00011441287730785551 8.888479718054749e-08 0.0008483502976678792 1.4096953229157366e-06 6.062950031093152e-08 1.5352828603912752e-07 5.2005853321752595e-05 8.202814747949559e-08 5.323211742257238e-06 8.279414631807112e-09 1.0342679464805959e-07 1.0699323584282032e-07 0.0022187623169775262 8.304210317921267e-06 3.797804970441577e-07 0.0035239166210819487 56
3.5664411947606755e-09 4.8482616643934955e-08 0.00011441287730785551 8.888479718054749e-08 2.555141636283466e-06 1.4096953229157366e-06 6.062950031093152e-08 1.5352828603912752e-07 5.2005853321752595e-05 8.202814747949559e-08 5.323211742257238e-06 8.279414631807112e-09 1.0342679464805959e-07 1.0699323584282032e-07 0.0022187623169775262 8.304210317921267e-06 3.797804970441577e-07 0.0014977367107443158 1.1285208893585343e-05 56
3.5664411947606755e-09 4.8482616643934955e-08 0.00011441287730785551 8.888479718054749e-08 0.0008483502976678792 1.4096953229157366e-06 6.062950031093152e-08 1.5352828603912752e-07 5.2005853321752595e-05 8.202814747949559e-08 5.323211742257238e-06 8.279414631807112e-09 1.0342679464805959e-07 1.0699323584282032e-07 0.0022187623169775262 8.304210317921267e-06 3.797804970441577e-07 0.0014977367107443158 0.0035239166210819487 56
3.5664411947606755e-09 4.8482616643934955e-08 0.00011441287730785551 8.888479718054749e-08 2.555141636283466e-06 0.0020699489412594483 6.062950031093152e-08 1.5352828603912752e-07 5.2005853321752595e-05 8.202814747949559e-08 5.323211742257238e-06 8.279414631807112e-09 1.0342679464805959e-07 1.0699323584282032e-07 0.0022187623169775262 8.304210317921267e-06 3.797804970441577e-07 1.1285208893585343e-05 56
3.5664411947606755e-09 4.8482616643934955e-08 1.9811753646381976e-05 8.888479718054749e-08 2.555141636283466e-06 0.0020699489412594483 6.062950031093152e-08 1.5352828603912752e-07 5.2005853321752595e-05 0.1942016624910446 5.323211742257238e-06 8.279414631807112e-09 0.24716575226132978 1.0699323584282032e-07 0.14025974025974025 8.304210317921267e-06 0.0014977367107443158 0.0035239166210819487 55
3.5664411947606755e-09 4.8482616643934955e-08 0.00011441287730785551 8.888479718054749e-08 0.0008483502976678792 1.4096953229157366e-06 6.062950031093152e-08 1.5352828603912752e-07 5.2005853321752595e-05 8.202814747949559e-08 5.323211742257238e-06 8.279414631807112e-09 1.0342679464805959e-07 1.0699323584282032e-07 0.0022187623169775262 8.304210317921267e-06 3.797804970441577e-07 0.0014977367107443158 1.1285208893585343e-05 56
0.0051588399126901 4.8482616643934955e-08 1.9811753646381976e-05 8.888479718054749e-08 2.555141636283466e-06 1.4096953229157366e-06 6.062950031093152e-08 0.0309530394761406 0.0002542508384619019 8.202814747949559e-08 5.323211742257238e-06 8.279414631807112e-09 1.0342679464805959e-07 1.0699323584282032e-07 0.0022187623169775262 8.304210317921267e-06 3.797804970441577e-07 0.0014977367107443158 1.1285208893585343e-05 56
3.5664411947606755e-09 4.8482616643934955e-08 1.9811753646381976e-05 8.888479718054749e-08 2.555141636283466e-06 1.4096953229157366e-06 0.06233766233766229 1.5352828603912752e-07 5.2005853321752595e-05 0.1942016624910446 0.003548483899301907 8.279414631807112e-09 1.0342679464805959e-07 1.1285208893585343e-05 55
3.5664411947606755e-09 4.8482616643934955e-08 0.00011441287730785551 8.888479718054749e-08 0.0008483502976678792 1.4096953229157366e-06 6.062950031093152e-08 1.5352828603912752e-07 0.0002542508384619019 0.1942016624910446 5.323211742257238e-06 8.279414631807112e-09 1.0342679464805959e-07 1.0699323584282032e-07 0.005618432840561374 8.304210317921267e-06 3.797804970441577e-07 0.0035239166210819487 56
3.5664411947606755e-09 0.012037293129610233 0.00011441287730785551 8.888479718054749e-08 2.555141636283466e-06 0.0020699489412594483 6.062950031093152e-08 1.5352828603912752e-07 0.0002542508384619019 8.202814747949559e-08 5.323211742257238e-06 8.279414631807112e-09 1.0342679464805959e-07 1.0699323584282032e-07 0.005618432840561374 0.16753246753246767 3.797804970441577e-07 0.0014977367107443158 1.1285208893585343e-05 56
3.5664411947606755e-09 4.8482616643934955e-08 0.00011441287730785551 8.888479718054749e-08 2.555141636283466e-06 0.0020699489412594483 0.06233766233766229 1.5352828603912752e-07 5.2005853321752595e-05 8.202814747949559e-08 0.003548483899301907 2.669333333333323 0.24716575226132978 1.495352801181044 0.16753246753246767 3.797804970441577e-07 0.0014977367107443158 0.0035239166210819487 55
3.5664411947606755e-09 4.8482616643934955e-08 1.9811753646381976e-05 0.01719613304230032 2.555141636283466e-06 0.0020699489412594483 6.062950031093152e-08 1.5352828603912752e-07 0.0002542508384619019 8.202814747949559e-08 5.323211742257238e-06 8.279414631807112e-09 1.0342679464805959e-07 1.0699323584282032e-07 0.005618432840561374 8.304210317921267e-06 3.797804970441577e-07 0.0014977367107443158 1.1285208893585343e-05 55
3.5664411947606755e-09 4.8482616643934955e-08 0.00011441287730785551 8.888479718054749e-08 0.0008483502976678792 1.4096953229157366e-06 6.062950031093152e-08 1.5352828603912752e-07 0.0002542508384619019 0.1942016624910446 0.003548483899301907 8.279414631807112e-09 1.0342679464805959e-07 1.0699323584282032e-07 0.0022187623169775262 8.304210317921267e-06 3.797804970441577e-07 0.0014977367107443158 0.0035239166210819487 56
3.5664411947606755e-09 4.8482616643934955e-08 0.00011441287730785551 0.01719613304230032 0.0008483502976678792 1.4096953229157366e-06 6.062950031093152e-08 1.5352828603912752e-07 5.2005853321752595e-05 8.202814747949559e-08 5.323211742257238e-06 8.279414631807112e-09 1.0342679464805959e-07 1.0699323584282032e-07 0.0022187623169775262 8.304210317921267e-06 3.797804970441577e-07 0.0014977367107443158 1.1285208893585343e-05 56
3.5664411947606755e-09 4.8482616643934955e-08 1.9811753646381976e-05 8.888479718054749e-08 0.0008483502976678792 1.4096953229157366e-06 6.062950031093152e-08 1.5352828603912752e-07 0.0002542508384619019 8.202814747949559e-08 0.003548483899301907 8.279414631807112e-09 1.0342679464805959e-07 1.0699323584282032e-07 0.0022187623169775262 8.304210317921267e-06 3.797804970441577e-07 1.1285208893585343e-05 56
3.5664411947606755e-09 4.8482616643934955e-08 1.9811753646381976e-05 8.888479718054749e-08 2.555141636283466e-06 0.0020699489412594483 0.06233766233766229 1.5352828603912752e-07 0.0002542508384619019 8.202814747949559e-08 0.003548483899301907 2.669333333333323 0.24716575226132978 1.0699323584282032e-07 0.0022187623169775262 8.304210317921267e-06 3.797804970441577e-07 0.0035239166210819487 55
3.5664411947606755e-09 4.8482616643934955e-08 0.00011441287730785551 8.888479718054749e-08 2.555141636283466e-06 1.4096953229157366e-06 6.062950031093152e-08 1.5352828603912752e-07 0.0002542508384619019 8.202814747949559e-08 5.323211742257238e-06 8.279414631807112e-09 1.0342679464805959e-07 1.0699323584282032e-07 8.304210317921267e-06 3.797804970441577e-07 1.1285208893585343e-05 56
3.5664411947606755e-09 4.8482616643934955e-08 0.00011441287730785551 8.888479718054749e-08 0.0008483502976678792 1.4096953229157366e-06 6.062950031093152e-08 1.5352828603912752e-07 0.0002542508384619019 8.202814747949559e-08 0.003548483899301907 8.279414631807112e-09 0.24716575226132978 1.0699323584282032e-07 0.14025974025974025 8.304210317921267e-06 3.797804970441577e-07 0.0014977367107443158 0.0035239166210819487 56
3.5664411947606755e-09 4.8482616643934955e-08 0.00011441287730785551 8.888479718054749e-08 0.0008483502976678792 1.4096953229157366e-06 6.062950031093152e-08 1.5352828603912752e-07 5.2005853321752595e-05 8.202814747949559e-08 5.323211742257238e-06 8.279414631807112e-09 1.0342679464805959e-07 1.0699323584282032e-07 0.0022187623169775262 8.304210317921267e-06 3.797804970441577e-07 0.0014977367107443158 1.1285208893585343e-05 56
3.5664411947606755e-09 4.8482616643934955e-08 1.9811753646381976e-05 8.888479718054749e-08 0.0008483502976678792 1.4096953229157366e-06 6.062950031093152e-08 1.5352828603912752e-07 5.2005853321752595e-05 0.1942016624910446 5.323211742257238e-06 8.279414631807112e-09 1.0342679464805959e-07 1.0699323584282032e-07 0.0022187623169775262 8.304210317921267e-06 3.797804970441577e-07 0.0014977367107443158 1.1285208893585343e-05 56
3.5664411947606755e-09 4.8482616643934955e-08 0.00011441287730785551 8.888479718054749e-08 2.555141636283466e-06 1.4096953229157366e-06 6.062950031093152e-08 1.5352828603912752e-07 0.0002542508384619019 0.1942016624910446 0.003548483899301907 8.279414631807112e-09 0.24716575226132978 1.495352801181044 0.0022187623169775262 8.304210317921267e-06 3.797804970441577e-07 0.0035239166210819487 55
3.5664411947606755e-09 4.8482616643934955e-08 1.9811753646381976e-05 0.01719613304230032 2.555141636283466e-06 0.0020699489412594483 6.062950031093152e-08 1.5352828603912752e-07 0.0002542508384619019 8.202814747949559e-08 5.323211742257238e-06 8.279414631807112e-09 1.0342679464805959e-07 1.0699323584282032e-07 0.005618432840561374 8.304210317921267e-06 3.797804970441577e-07 0.0014977367107443158 1.1285208893585343e-05 55
3.5664411947606755e-09 4.8482616643934955e-08 1.9811753646381976e-05 8.888479718054749e-08 2.555141636283466e-06 0.0020699489412594483 0.06233766233766229 0.0309530394761406 0.0002542508384619019 8.202814747949559e-08 5.323211742257238e-06 8.279414631807112e-09 1.0342679464805959e-07 1.0699323584282032e-07 0.0022187623169775262 8.304210317921267e-06 3.797804970441577e-07 0.0014977367107443158 0.0035239166210819487 56
3.5664411947606755e-09 4.8482616643934955e-08 0.00011441287730785551 8.888479718054749e-08 2.555141636283466e-06 1.4096953229157366e-06 6.062950031093152e-08 1.5352828603912752e-07 5.2005853321752595e-05 8.202814747949559e-08 0.003548483899301907 8.279414631807112e-09 1.0342679464805959e-07 1.0699323584282032e-07 0.0022187623169775262 8.304210317921267e-06 3.797804970441577e-07 1.1285208893585343e-05 55
0.0051588399126901 4.8482616643934955e-08 0.00011441287730785551 0.01719613304230032 2.555141636283466e-06 0.0020699489412594483 6.062950031093152e-08 0.0309530394761406 0.0002542508384619019 8.202814747949559e-08 5.323211742257238e-06 8.279414631807112e-09 1.0342679464805959e-07 1.0699323584282032e-07 0.0022187623169775262 8.304210317921267e-06 3.797804970441577e-07 0.0014977367107443158 1.1285208893585343e-05 56
0.0051588399126901 4.8482616643934955e-08 1.9811753646381976e-05 8.888479718054749e-08 2.555141636283466e-06 0.0020699489412594483 6.062950031093152e-08 8.202814747949559e-08 5.323211742257238e-06 8.279414631807112e-09 1.0342679464805959e-07 1.0699323584282032e-07 8.304210317921267e-06 1.1285208893585343e-05 55
3.5664411947606755e-09 4.8482616643934955e-08 0.00011441287730785551 8.888479718054749e-08 2.555141636283466e-06 1.4096953229157366e-06 6.062950031093152e-08 1.5352828603912752e-07 5.2005853321752595e-05 8.202814747949559e-08 0.003548483899301907 8.279414631807112e-09 1.0342679464805959e-07 1.0699323584282032e-07 0.0022187623169775262 8.304210317921267e-06 3.797804970441577e-07 1.1285208893585343e-05 55
3.5664411947606755e-09 4.8482616643934955e-08 0.00011441287730785551 0.01719613304230032 2.555141636283466e-06 1.4096953229157366e-06 6.062950031093152e-08 1.5352828603912752e-07 0.0002542508384619019 8.202814747949559e-08 5.323211742257238e-06 8.279414631807112e-09 1.0342679464805959e-07 1.0699323584282032e-07 0.0022187623169775262 8.304210317921267e-06 3.797804970441577e-07 0.0014977367107443158 1.1285208893585343e-05 56
3.5664411947606755e-09 4.8482616643934955e-08 0.00011441287730785551 8.888479718054749e-08 0.0008483502976678792 1.4096953229157366e-06 6.062950031093152e-08 1.5352828603912752e-07 5.2005853321752595e-05 8.202814747949559e-08 5.323211742257238e-06 8.279414631807112e-09 1.0342679464805959e-07 1.0699323584282032e-07 0.0022187623169775262 8.304210317921267e-06 3.797804970441577e-07 0.0014977367107443158 1.1285208893585343e-05 56
3.5664411947606755e-09 4.8482616643934955e-08 0.00011441287730785551 8.888479718054749e-08 2.555141636283466e-06 0.0020699489412594483 6.062950031093152e-08 1.5352828603912752e-07 0.0002542508384619019 8.202814747949559e-08 5.323211742257238e-06 2.669333333333323 0.24716575226132978 1.0699323584282032e-07 0.0022187623169775262 8.304210317921267e-06 1.9938037349080586 0.0014977367107443158 0.0035239166210819487 55
3.5664411947606755e-09 0.012037293129610233 1.9811753646381976e-05 0.01719613304230032 0.0008483502976678792 1.4096953229157366e-06 6.062950031093152e-08 1.5352828603912752e-07 0.0002542508384619019 8.202814747949559e-08 5.323211742257238e-06 8.279414631807112e-09 1.0342679464805959e-07 1.0699323584282032e-07 0.0022187623169775262 8.304210317921267e-06 3.797804970441577e-07 0.0014977367107443158 1.1285208893585343e-05 56
