176.7350401038442 7511.227204613295 0.14552909059240288 2913.6283485593294 278659.37021827133 1433.46199843205 449.35493576656285 0.26953323668873624 9.921427348828418 54.2870589398014 2238093.8391618654 0.8357927029435993 32.352127313497476 545.0572634014335 3.0304289792911887 33016.31727800817 8.536231995468665 272821.6049497402 56
176.7350401038442 7511.227204613295 17968.690336347714 2913.6283485593294 0.01329596656119239 3.4793817221019516 14.376340644634153 1367.2079493525289 69.75264899381649 54.2870589398014 0.007684882028258419 0.8357927029435993 719.4778573001608 545.0572634014335 33016.31727800817 571.8731186243142 0.24914939508453 56
176.7350401038442 7511.227204613295 0.14552909059240288 2913.6283485593294 0.24914939508453 56
176.7350401038442 7511.227204613295 17968.690336347714 2913.6283485593294 0.01329596656119239 3.4793817221019516 14.376340644634153 1367.2079493525289 69.75264899381649 54.2870589398014 0.007684882028258419 0.8357927029435993 719.4778573001608 545.0572634014335 0.24914939508453 56
176.7350401038442 7511.227204613295 17968.690336347714 0.8966593846322863 278659.37021827133 3.4793817221019516 14.376340644634153 1367.2079493525289 9.921427348828418 54.2870589398014 0.007684882028258419 0.8357927029435993 719.4778573001608 545.0572634014335 6.743804701607998 33016.31727800817 571.8731186243142 5.415971685448341 0.24914939508453 56
176.7350401038442 7511.227204613295 17968.690336347714 2913.6283485593294 278659.37021827133 3.4793817221019516 14.376340644634153 1367.2079493525289 9.921427348828418 267.1889229146636 2238093.8391618654 0.8357927029435993 32.352127313497476 1.7461307755444835 6.743804701607998 33016.31727800817 571.8731186243142 272821.6049497402 55
0.15238237136239002 7511.227204613295 17968.690336347714 2913.6283485593294 278659.37021827133 3.4793817221019516 14.376340644634153 0.26953323668873624 9.921427348828418 267.1889229146636 2238093.8391618654 0.8357927029435993 719.4778573001608 545.0572634014335 3.0304289792911887 3.69810738888398 571.8731186243142 0.24914939508453 55
176.7350401038442 7511.227204613295 17968.690336347714 2913.6283485593294 0.01329596656119239 3.4793817221019516 14.376340644634153 1367.2079493525289 9.921427348828418 267.1889229146636 2238093.8391618654 0.8357927029435993 719.4778573001608 545.0572634014335 6.743804701607998 33016.31727800817 571.8731186243142 5.415971685448341 272821.6049497402 56
176.7350401038442 7511.227204613295 17968.690336347714 2913.6283485593294 278659.37021827133 3.4793817221019516 14.376340644634153 1367.2079493525289 69.75264899381649 54.2870589398014 0.007684882028258419 0.8357927029435993 719.4778573001608 545.0572634014335 6.743804701607998 33016.31727800817 571.8731186243142 5.415971685448341 0.24914939508453 56
176.7350401038442 7511.227204613295 0.14552909059240288 2913.6283485593294 278659.37021827133 3.4793817221019516 449.35493576656285 1367.2079493525289 69.75264899381649 267.1889229146636 2238093.8391618654 0.8357927029435993 719.4778573001608 0.24914939508453 55
176.7350401038442 7511.227204613295 0.14552909059240288 2913.6283485593294 278659.37021827133 1433.46199843205 449.35493576656285 1367.2079493525289 69.75264899381649 54.2870589398014 0.007684882028258419 24077.02276176866 719.4778573001608 545.0572634014335 6.743804701607998 33016.31727800817 571.8731186243142 5.415971685448341 0.24914939508453 56
176.7350401038442 0.13280283875872934 0.14552909059240288 2913.6283485593294 0.01329596656119239 3.4793817221019516 14.376340644634153 0.26953323668873624 69.75264899381649 54.2870589398014 0.007684882028258419 0.8357927029435993 719.4778573001608 545.0572634014335 6.743804701607998 33016.31727800817 571.8731186243142 0.24914939508453 56
176.7350401038442 7511.227204613295 0.14552909059240288 2913.6283485593294 278659.37021827133 1433.46199843205 14.376340644634153 0.26953323668873624 9.921427348828418 54.2870589398014 2238093.8391618654 0.8357927029435993 719.4778573001608 2.3497224551556566 6.743804701607998 33016.31727800817 571.8731186243142 272821.6049497402 56
0.15238237136239002 7511.227204613295 0.14552909059240288 2913.6283485593294 278659.37021827133 1433.46199843205 14.376340644634153 54.2870589398014 0.007684882028258419 0.8357927029435993 719.4778573001608 545.0572634014335 33016.31727800817 0.24914939508453 55
176.7350401038442 7511.227204613295 0.14552909059240288 2913.6283485593294 278659.37021827133 1433.46199843205 14.376340644634153 0.26953323668873624 9.921427348828418 54.2870589398014 2238093.8391618654 0.8357927029435993 719.4778573001608 2.3497224551556566 6.743804701607998 33016.31727800817 571.8731186243142 272821.6049497402 56
176.7350401038442 0.13280283875872934 0.14552909059240288 0.8966593846322863 0.01329596656119239 3.4793817221019516 14.376340644634153 1367.2079493525289 9.921427348828418 54.2870589398014 0.007684882028258419 0.8357927029435993 719.4778573001608 545.0572634014335 6.743804701607998 33016.31727800817 571.8731186243142 5.415971685448341 0.24914939508453 56
176.7350401038442 0.13280283875872934 0.14552909059240288 2913.6283485593294 0.01329596656119239 3.4793817221019516 14.376340644634153 0.26953323668873624 69.75264899381649 54.2870589398014 0.007684882028258419 0.8357927029435993 719.4778573001608 545.0572634014335 6.743804701607998 33016.31727800817 571.8731186243142 0.24914939508453 56
176.7350401038442 7511.227204613295 0.14552909059240288 2913.6283485593294 0.01329596656119239 3.4793817221019516 14.376340644634153 1367.2079493525289 69.75264899381649 54.2870589398014 0.007684882028258419 0.8357927029435993 719.4778573001608 545.0572634014335 33016.31727800817 571.8731186243142 272821.6049497402 56
176.7350401038442 7511.227204613295 17968.690336347714 2913.6283485593294 0.01329596656119239 3.4793817221019516 14.376340644634153 1367.2079493525289 69.75264899381649 54.2870589398014 2238093.8391618654 0.8357927029435993 32.352127313497476 545.0572634014335 6.743804701607998 33016.31727800817 571.8731186243142 5.415971685448341 272821.6049497402 55
176.7350401038442 7511.227204613295 17968.690336347714 2913.6283485593294 0.01329596656119239 3.4793817221019516 14.376340644634153 0.26953323668873624 9.921427348828418 54.2870589398014 2238093.8391618654 0.8357927029435993 719.4778573001608 545.0572634014335 33016.31727800817 571.8731186243142 272821.6049497402 56
176.7350401038442 7511.227204613295 17968.690336347714 2913.6283485593294 278659.37021827133 1433.46199843205 449.35493576656285 1367.2079493525289 69.75264899381649 54.2870589398014 2238093.8391618654 24077.02276176866 719.4778573001608 545.0572634014335 33016.31727800817 7.908998925874011 272821.6049497402 55
176.7350401038442 7511.227204613295 0.14552909059240288 2913.6283485593294 278659.37021827133 1433.46199843205 14.376340644634153 0.26953323668873624 9.921427348828418 54.2870589398014 2238093.8391618654 0.8357927029435993 719.4778573001608 3.6438941904025883 32.54351960635115 0.3506584428124743 0.24914939508453 55
0.15238237136239002 7511.227204613295 0.14552909059240288 2913.6283485593294 278659.37021827133 1433.46199843205 14.376340644634153 54.2870589398014 0.007684882028258419 0.8357927029435993 719.4778573001608 545.0572634014335 33016.31727800817 0.24914939508453 55
176.7350401038442 7511.227204613295 17968.690336347714 2913.6283485593294 0.01329596656119239 3.4793817221019516 14.376340644634153 1367.2079493525289 69.75264899381649 54.2870589398014 0.007684882028258419 0.8357927029435993 719.4778573001608 545.0572634014335 33016.31727800817 571.8731186243142 0.24914939508453 56
0.1 7511.227204613295 17968.690336347714 0.8966593846322863 278659.37021827133 3.4793817221019516 14.376340644634153 1367.2079493525289 9.921427348828418 54.2870589398014 0.007684882028258419 0.8357927029435993 719.4778573001608 545.0572634014335 6.743804701607998 33016.31727800817 571.8731186243142 5.415971685448341 272821.6049497402 56
176.7350401038442 7511.227204613295 17968.690336347714 2913.6283485593294 278659.37021827133 1433.46199843205 14.376340644634153 1367.2079493525289 69.75264899381649 54.2870589398014 0.007684882028258419 0.8357927029435993 719.4778573001608 545.0572634014335 6.743804701607998 33016.31727800817 571.8731186243142 0.24914939508453 56
176.7350401038442 7511.227204613295 0.14552909059240288 2913.6283485593294 278659.37021827133 1433.46199843205 14.376340644634153 0.26953323668873624 9.921427348828418 54.2870589398014 2238093.8391618654 0.8357927029435993 719.4778573001608 3.6438941904025883 32.54351960635115 0.3506584428124743 0.24914939508453 55
176.7350401038442 0.13280283875872934 17968.690336347714 2913.6283485593294 278659.37021827133 1433.46199843205 14.376340644634153 1367.2079493525289 9.921427348828418 54.2870589398014 0.007684882028258419 0.8357927029435993 719.4778573001608 545.0572634014335 3.0304289792911887 3.69810738888398 571.8731186243142 5.415971685448341 0.24914939508453 56
176.7350401038442 7511.227204613295 17968.690336347714 2913.6283485593294 278659.37021827133 1433.46199843205 449.35493576656285 545.0572634014335 6.743804701607998 3.69810738888398 571.8731186243142 0.24914939508453 56
176.7350401038442 7511.227204613295 17968.690336347714 2913.6283485593294 0.01329596656119239 3.4793817221019516 14.376340644634153 1367.2079493525289 9.921427348828418 54.2870589398014 2238093.8391618654 0.8357927029435993 32.352127313497476 545.0572634014335 32.54351960635115 33016.31727800817 571.8731186243142 5.415971685448341 272821.6049497402 56
0.10582610760875658 7511.227204613295 0.14552909059240288 2913.6283485593294 278659.37021827133 1433.46199843205 14.376340644634153 1367.2079493525289 69.75264899381649 54.2870589398014 2238093.8391618654 24077.02276176866 719.4778573001608 1.7461307755444835 6.743804701607998 33016.31727800817 571.8731186243142 508.8382332969705 272821.6049497402 55
176.7350401038442 7511.227204613295 17968.690336347714 2913.6283485593294 278659.37021827133 3.4793817221019516 14.376340644634153 0.26953323668873624 9.921427348828418 54.2870589398014 0.007684882028258419 0.8357927029435993 719.4778573001608 2.3497224551556566 6.743804701607998 33016.31727800817 571.8731186243142 272821.6049497402 56
0.1 7511.227204613295 0.14552909059240288 2913.6283485593294 278659.37021827133 1433.46199843205 449.35493576656285 545.0572634014335 6.743804701607998 3.69810738888398 571.8731186243142 1.7858276795435746 272821.6049497402 55
176.7350401038442 7511.227204613295 17968.690336347714 2913.6283485593294 0.01329596656119239 3.4793817221019516 14.376340644634153 1367.2079493525289 69.75264899381649 54.2870589398014 0.007684882028258419 0.8357927029435993 719.4778573001608 545.0572634014335 6.743804701607998 33016.31727800817 571.8731186243142 5.415971685448341 0.24914939508453 56
176.7350401038442 7511.227204613295 17968.690336347714 2913.6283485593294 0.01329596656119239 3.4793817221019516 14.376340644634153 1367.2079493525289 69.75264899381649 54.2870589398014 0.007684882028258419 0.8357927029435993 719.4778573001608 545.0572634014335 0.24914939508453 56
0.1 7511.227204613295 17968.690336347714 0.8966593846322863 278659.37021827133 3.4793817221019516 14.376340644634153 1367.2079493525289 9.921427348828418 54.2870589398014 0.007684882028258419 0.8357927029435993 719.4778573001608 545.0572634014335 6.743804701607998 33016.31727800817 571.8731186243142 5.415971685448341 272821.6049497402 56
176.7350401038442 7511.227204613295 17968.690336347714 0.8966593846322863 278659.37021827133 3.4793817221019516 14.376340644634153 1367.2079493525289 9.921427348828418 54.2870589398014 0.007684882028258419 0.8357927029435993 719.4778573001608 545.0572634014335 6.743804701607998 33016.31727800817 571.8731186243142 5.415971685448341 0.24914939508453 56
0.15238237136239002 7511.227204613295 0.14552909059240288 2913.6283485593294 278659.37021827133 1433.46199843205 14.376340644634153 54.2870589398014 0.007684882028258419 0.8357927029435993 719.4778573001608 545.0572634014335 33016.31727800817 0.24914939508453 55
176.7350401038442 7511.227204613295 17968.690336347714 2913.6283485593294 0.01329596656119239 3.4793817221019516 14.376340644634153 1.7461307755444835 6.743804701607998 33016.31727800817 571.8731186243142 0.24914939508453 56
176.7350401038442 7511.227204613295 17968.690336347714 2913.6283485593294 278659.37021827133 3.4793817221019516 14.376340644634153 1367.2079493525289 69.75264899381649 54.2870589398014 0.007684882028258419 0.8357927029435993 719.4778573001608 545.0572634014335 6.743804701607998 33016.31727800817 571.8731186243142 5.415971685448341 0.24914939508453 56
176.7350401038442 7511.227204613295 17968.690336347714 2913.6283485593294 0.01329596656119239 3.4793817221019516 14.376340644634153 1367.2079493525289 9.921427348828418 267.1889229146636 2238093.8391618654 0.8357927029435993 719.4778573001608 545.0572634014335 6.743804701607998 33016.31727800817 571.8731186243142 5.415971685448341 272821.6049497402 56
176.7350401038442 7511.227204613295 17968.690336347714 2913.6283485593294 0.01329596656119239 3.4793817221019516 14.376340644634153 1367.2079493525289 69.75264899381649 54.2870589398014 0.007684882028258419 0.8357927029435993 719.4778573001608 545.0572634014335 6.743804701607998 33016.31727800817 571.8731186243142 0.96 272821.6049497402 56
176.7350401038442 0.13280283875872934 0.14552909059240288 2913.6283485593294 278659.37021827133 1433.46199843205 449.35493576656285 0.26953323668873624 9.921427348828418 267.1889229146636 2238093.8391618654 0.8357927029435993 719.4778573001608 545.0572634014335 32.54351960635115 33016.31727800817 571.8731186243142 0.24914939508453 56
176.7350401038442 7511.227204613295 17968.690336347714 2913.6283485593294 0.01329596656119239 3.4793817221019516 14.376340644634153 1367.2079493525289 69.75264899381649 54.2870589398014 0.007684882028258419 0.8357927029435993 719.4778573001608 545.0572634014335 6.743804701607998 33016.31727800817 571.8731186243142 5.415971685448341 0.24914939508453 56
176.7350401038442 7511.227204613295 0.14552909059240288 2913.6283485593294 278659.37021827133 1433.46199843205 14.376340644634153 0.26953323668873624 9.921427348828418 54.2870589398014 2238093.8391618654 0.8357927029435993 719.4778573001608 3.6438941904025883 32.54351960635115 0.3506584428124743 0.24914939508453 55
176.7350401038442 7511.227204613295 17968.690336347714 2913.6283485593294 0.01329596656119239 3.4793817221019516 14.376340644634153 1367.2079493525289 69.75264899381649 54.2870589398014 2238093.8391618654 0.8357927029435993 32.352127313497476 545.0572634014335 6.743804701607998 33016.31727800817 571.8731186243142 5.415971685448341 272821.6049497402 55
176.7350401038442 7511.227204613295 17968.690336347714 2913.6283485593294 0.01329596656119239 3.4793817221019516 14.376340644634153 1367.2079493525289 69.75264899381649 54.2870589398014 0.007684882028258419 0.8357927029435993 719.4778573001608 545.0572634014335 0.24914939508453 56
176.7350401038442 7511.227204613295 17968.690336347714 2913.6283485593294 278659.37021827133 1433.46199843205 449.35493576656285 0.26953323668873624 9.921427348828418 267.1889229146636 2238093.8391618654 0.8357927029435993 719.4778573001608 545.0572634014335 32.54351960635115 33016.31727800817 571.8731186243142 5.415971685448341 0.24914939508453 56
176.7350401038442 7511.227204613295 17968.690336347714 2913.6283485593294 0.01329596656119239 3.4793817221019516 14.376340644634153 1367.2079493525289 69.75264899381649 54.2870589398014 0.007684882028258419 0.8357927029435993 719.4778573001608 545.0572634014335 6.743804701607998 33016.31727800817 571.8731186243142 5.415971685448341 0.24914939508453 56
176.7350401038442 7511.227204613295 0.14552909059240288 0.8966593846322863 0.01329596656119239 3.4793817221019516 14.376340644634153 0.26953323668873624 9.921427348828418 54.2870589398014 0.007684882028258419 0.8357927029435993 719.4778573001608 545.0572634014335 6.743804701607998 33016.31727800817 571.8731186243142 5.415971685448341 0.24914939508453 56
176.7350401038442 7511.227204613295 0.14552909059240288 0.8966593846322863 278659.37021827133 1433.46199843205 14.376340644634153 1367.2079493525289 9.921427348828418 54.2870589398014 0.007684882028258419 0.8357927029435993 719.4778573001608 545.0572634014335 3.0304289792911887 33016.31727800817 571.8731186243142 5.415971685448341 0.24914939508453 55
0.10582610760875658 7511.227204613295 0.14552909059240288 2913.6283485593294 278659.37021827133 1433.46199843205 449.35493576656285 0.26953323668873624 9.921427348828418 54.2870589398014 2238093.8391618654 0.8357927029435993 719.4778573001608 2.3497224551556566 6.743804701607998 0.5231487726189015 571.8731186243142 272821.6049497402 55
176.7350401038442 7511.227204613295 0.14552909059240288 2913.6283485593294 278659.37021827133 1433.46199843205 14.376340644634153 0.26953323668873624 9.921427348828418 54.2870589398014 2238093.8391618654 0.8357927029435993 719.4778573001608 3.6438941904025883 32.54351960635115 0.3506584428124743 0.24914939508453 55
176.7350401038442 7511.227204613295 0.14552909059240288 2913.6283485593294 278659.37021827133 1433.46199843205 14.376340644634153 1367.2079493525289 9.921427348828418 54.2870589398014 2238093.8391618654 0.8357927029435993 719.4778573001608 545.0572634014335 32.54351960635115 33016.31727800817 571.8731186243142 5.415971685448341 272821.6049497402 56
176.7350401038442 7511.227204613295 17968.690336347714 0.8966593846322863 278659.37021827133 3.4793817221019516 14.376340644634153 1367.2079493525289 9.921427348828418 54.2870589398014 0.007684882028258419 0.8357927029435993 719.4778573001608 545.0572634014335 6.743804701607998 33016.31727800817 571.8731186243142 5.415971685448341 0.24914939508453 56
176.7350401038442 7511.227204613295 0.14552909059240288 2913.6283485593294 278659.37021827133 1433.46199843205 14.376340644634153 1367.2079493525289 69.75264899381649 54.2870589398014 0.007684882028258419 24077.02276176866 719.4778573001608 545.0572634014335 6.743804701607998 33016.31727800817 571.8731186243142 5.415971685448341 272821.6049497402 56
176.7350401038442 7511.227204613295 0.14552909059240288 2913.6283485593294 278659.37021827133 1433.46199843205 14.376340644634153 1367.2079493525289 9.921427348828418 54.2870589398014 2238093.8391618654 0.8357927029435993 719.4778573001608 545.0572634014335 32.54351960635115 33016.31727800817 571.8731186243142 5.415971685448341 272821.6049497402 56
176.7350401038442 7511.227204613295 0.14552909059240288 2913.6283485593294 278659.37021827133 1433.46199843205 14.376340644634153 1367.2079493525289 9.921427348828418 54.2870589398014 2238093.8391618654 24077.02276176866 32.352127313497476 1.7461307755444835 1.2486796298030474 0.3506584428124743 8.536231995468665 508.8382332969705 272821.6049497402 55
176.7350401038442 7511.227204613295 0.14552909059240288 2913.6283485593294 0.01329596656119239 3.4793817221019516 14.376340644634153 1367.2079493525289 9.921427348828418 54.2870589398014 0.007684882028258419 0.8357927029435993 719.4778573001608 545.0572634014335 3.0304289792911887 33016.31727800817 571.8731186243142 5.415971685448341 272821.6049497402 55
176.7350401038442 7511.227204613295 17968.690336347714 2913.6283485593294 0.01329596656119239 3.4793817221019516 14.376340644634153 1367.2079493525289 69.75264899381649 54.2870589398014 0.007684882028258419 0.8357927029435993 719.4778573001608 545.0572634014335 33016.31727800817 571.8731186243142 0.24914939508453 56
0.15238237136239002 0.13280283875872934 17968.690336347714 2913.6283485593294 278659.37021827133 1433.46199843205 14.376340644634153 1367.2079493525289 9.921427348828418 54.2870589398014 2238093.8391618654 0.8357927029435993 719.4778573001608 545.0572634014335 32.54351960635115 0.3506584428124743 571.8731186243142 5.415971685448341 0.24914939508453 56
0.15238237136239002 7511.227204613295 0.14552909059240288 2913.6283485593294 278659.37021827133 1433.46199843205 14.376340644634153 0.26953323668873624 9.921427348828418 54.2870589398014 2238093.8391618654 0.8357927029435993 719.4778573001608 545.0572634014335 6.743804701607998 33016.31727800817 571.8731186243142 272821.6049497402 56
176.7350401038442 0.13280283875872934 0.14552909059240288 2913.6283485593294 278659.37021827133 1433.46199843205 14.376340644634153 1367.2079493525289 69.75264899381649 267.1889229146636 0.007684882028258419 0.8357927029435993 719.4778573001608 545.0572634014335 6.743804701607998 33016.31727800817 0.24914939508453 56
0.15238237136239002 7511.227204613295 17968.690336347714 2913.6283485593294 278659.37021827133 3.4793817221019516 14.376340644634153 0.26953323668873624 9.921427348828418 267.1889229146636 2238093.8391618654 0.8357927029435993 719.4778573001608 545.0572634014335 3.0304289792911887 3.69810738888398 571.8731186243142 0.24914939508453 55
176.7350401038442 7511.227204613295 0.14552909059240288 0.8966593846322863 0.01329596656119239 3.4793817221019516 14.376340644634153 1367.2079493525289 69.75264899381649 54.2870589398014 0.007684882028258419 0.8357927029435993 719.4778573001608 545.0572634014335 6.743804701607998 33016.31727800817 571.8731186243142 0.96 0.24914939508453 56
176.7350401038442 7511.227204613295 17968.690336347714 2913.6283485593294 0.01329596656119239 3.4793817221019516 14.376340644634153 54.2870589398014 0.007684882028258419 0.8357927029435993 719.4778573001608 545.0572634014335 33016.31727800817 571.8731186243142 272821.6049497402 56
176.7350401038442 7511.227204613295 17968.690336347714 2913.6283485593294 0.01329596656119239 3.4793817221019516 14.376340644634153 1367.2079493525289 69.75264899381649 54.2870589398014 0.007684882028258419 0.8357927029435993 719.4778573001608 545.0572634014335 0.24914939508453 56
176.7350401038442 7511.227204613295 17968.690336347714 2913.6283485593294 0.01329596656119239 3.4793817221019516 14.376340644634153 1367.2079493525289 69.75264899381649 54.2870589398014 0.007684882028258419 0.8357927029435993 719.4778573001608 545.0572634014335 6.743804701607998 33016.31727800817 571.8731186243142 5.415971685448341 272821.6049497402 56
176.7350401038442 7511.227204613295 17968.690336347714 2913.6283485593294 0.01329596656119239 3.4793817221019516 14.376340644634153 1367.2079493525289 69.75264899381649 54.2870589398014 0.007684882028258419 0.8357927029435993 719.4778573001608 545.0572634014335 33016.31727800817 272821.6049497402 56
176.7350401038442 7511.227204613295 0.14552909059240288 2913.6283485593294 0.24914939508453 56
0.15238237136239002 7511.227204613295 17968.690336347714 0.8966593846322863 278659.37021827133 1433.46199843205 14.376340644634153 0.26953323668873624 9.921427348828418 54.2870589398014 0.007684882028258419 0.8357927029435993 719.4778573001608 545.0572634014335 6.743804701607998 33016.31727800817 571.8731186243142 5.415971685448341 0.24914939508453 56
176.7350401038442 7511.227204613295 0.14552909059240288 2913.6283485593294 278659.37021827133 1433.46199843205 449.35493576656285 1367.2079493525289 9.921427348828418 54.2870589398014 2238093.8391618654 24077.02276176866 32.352127313497476 545.0572634014335 6.743804701607998 33016.31727800817 571.8731186243142 272821.6049497402 55
176.7350401038442 7511.227204613295 0.14552909059240288 2913.6283485593294 0.01329596656119239 3.4793817221019516 14.376340644634153 1367.2079493525289 69.75264899381649 54.2870589398014 0.007684882028258419 0.8357927029435993 719.4778573001608 545.0572634014335 33016.31727800817 571.8731186243142 272821.6049497402 56
176.7350401038442 7511.227204613295 17968.690336347714 2913.6283485593294 0.01329596656119239 3.4793817221019516 14.376340644634153 1367.2079493525289 69.75264899381649 54.2870589398014 0.007684882028258419 0.8357927029435993 719.4778573001608 545.0572634014335 0.24914939508453 56
176.7350401038442 7511.227204613295 17968.690336347714 2913.6283485593294 278659.37021827133 3.4793817221019516 14.376340644634153 1367.2079493525289 69.75264899381649 54.2870589398014 0.007684882028258419 0.8357927029435993 719.4778573001608 545.0572634014335 6.743804701607998 33016.31727800817 571.8731186243142 5.415971685448341 0.24914939508453 56
0.10582610760875658 7511.227204613295 0.14552909059240288 2913.6283485593294 278659.37021827133 1433.46199843205 449.35493576656285 0.26953323668873624 9.921427348828418 54.2870589398014 2238093.8391618654 0.8357927029435993 719.4778573001608 2.3497224551556566 6.743804701607998 0.5231487726189015 571.8731186243142 272821.6049497402 55
176.7350401038442 7511.227204613295 0.14552909059240288 0.8966593846322863 278659.37021827133 1433.46199843205 14.376340644634153 1367.2079493525289 69.75264899381649 54.2870589398014 0.007684882028258419 0.8357927029435993 719.4778573001608 545.0572634014335 6.743804701607998 33016.31727800817 571.8731186243142 5.415971685448341 0.24914939508453 56
0.15238237136239002 7511.227204613295 17968.690336347714 0.8966593846322863 278659.37021827133 1433.46199843205 14.376340644634153 0.26953323668873624 9.921427348828418 54.2870589398014 0.007684882028258419 0.8357927029435993 719.4778573001608 545.0572634014335 6.743804701607998 33016.31727800817 571.8731186243142 5.415971685448341 0.24914939508453 56
176.7350401038442 7511.227204613295 17968.690336347714 2913.6283485593294 278659.37021827133 1433.46199843205 14.376340644634153 1367.2079493525289 69.75264899381649 54.2870589398014 0.007684882028258419 0.8357927029435993 719.4778573001608 545.0572634014335 6.743804701607998 33016.31727800817 571.8731186243142 0.24914939508453 56
176.7350401038442 7511.227204613295 17968.690336347714 2913.6283485593294 0.01329596656119239 3.4793817221019516 14.376340644634153 1367.2079493525289 69.75264899381649 54.2870589398014 0.007684882028258419 0.8357927029435993 719.4778573001608 545.0572634014335 6.743804701607998 0.3506584428124743 571.8731186243142 5.415971685448341 0.24914939508453 56
176.7350401038442 7511.227204613295 0.14552909059240288 2913.6283485593294 0.01329596656119239 3.4793817221019516 14.376340644634153 1367.2079493525289 69.75264899381649 54.2870589398014 0.007684882028258419 0.8357927029435993 719.4778573001608 545.0572634014335 6.743804701607998 33016.31727800817 571.8731186243142 0.24914939508453 56
176.7350401038442 7511.227204613295 0.14552909059240288 2913.6283485593294 278659.37021827133 1433.46199843205 449.35493576656285 1367.2079493525289 69.75264899381649 54.2870589398014 0.007684882028258419 24077.02276176866 719.4778573001608 545.0572634014335 6.743804701607998 33016.31727800817 571.8731186243142 5.415971685448341 0.24914939508453 56
176.7350401038442 7511.227204613295 17968.690336347714 2913.6283485593294 278659.37021827133 1433.46199843205 449.35493576656285 1367.2079493525289 69.75264899381649 267.1889229146636 0.007684882028258419 0.8357927029435993 719.4778573001608 545.0572634014335 3.0304289792911887 0.5231487726189015 571.8731186243142 5.415971685448341 0.24914939508453 56
176.7350401038442 7511.227204613295 17968.690336347714 2913.6283485593294 0.01329596656119239 3.4793817221019516 14.376340644634153 54.2870589398014 0.007684882028258419 0.8357927029435993 719.4778573001608 545.0572634014335 33016.31727800817 571.8731186243142 272821.6049497402 56
176.7350401038442 7511.227204613295 0.14552909059240288 0.8966593846322863 0.01329596656119239 3.4793817221019516 14.376340644634153 0.26953323668873624 9.921427348828418 54.2870589398014 0.007684882028258419 0.8357927029435993 719.4778573001608 545.0572634014335 32.54351960635115 0.9798678235885324 571.8731186243142 5.415971685448341 272821.6049497402 56
176.7350401038442 7511.227204613295 0.14552909059240288 2913.6283485593294 278659.37021827133 1433.46199843205 14.376340644634153 1367.2079493525289 9.921427348828418 54.2870589398014 2238093.8391618654 24077.02276176866 32.352127313497476 1.7461307755444835 1.2486796298030474 0.3506584428124743 8.536231995468665 508.8382332969705 272821.6049497402 55
176.7350401038442 7511.227204613295 0.14552909059240288 2913.6283485593294 278659.37021827133 1433.46199843205 449.35493576656285 1367.2079493525289 69.75264899381649 54.2870589398014 0.007684882028258419 0.8357927029435993 719.4778573001608 545.0572634014335 6.743804701607998 33016.31727800817 0.24914939508453 56
0.15238237136239002 7511.227204613295 0.14552909059240288 2913.6283485593294 278659.37021827133 1433.46199843205 14.376340644634153 54.2870589398014 2238093.8391618654 0.8357927029435993 719.4778573001608 272821.6049497402 55
0.15238237136239002 0.13280283875872934 17968.690336347714 2913.6283485593294 278659.37021827133 1433.46199843205 14.376340644634153 1367.2079493525289 9.921427348828418 54.2870589398014 2238093.8391618654 0.8357927029435993 719.4778573001608 545.0572634014335 32.54351960635115 0.3506584428124743 571.8731186243142 5.415971685448341 0.24914939508453 56
176.7350401038442 7511.227204613295 17968.690336347714 2913.6283485593294 0.01329596656119239 3.4793817221019516 14.376340644634153 1367.2079493525289 69.75264899381649 54.2870589398014 0.007684882028258419 0.8357927029435993 719.4778573001608 545.0572634014335 6.743804701607998 33016.31727800817 571.8731186243142 5.415971685448341 0.24914939508453 56
176.7350401038442 7511.227204613295 17968.690336347714 2913.6283485593294 278659.37021827133 1433.46199843205 449.35493576656285 0.26953323668873624 9.921427348828418 267.1889229146636 2238093.8391618654 0.8357927029435993 719.4778573001608 545.0572634014335 32.54351960635115 33016.31727800817 571.8731186243142 5.415971685448341 0.24914939508453 56
176.7350401038442 7511.227204613295 17968.690336347714 2913.6283485593294 278659.37021827133 3.4793817221019516 14.376340644634153 0.26953323668873624 9.921427348828418 54.2870589398014 0.007684882028258419 0.8357927029435993 719.4778573001608 2.3497224551556566 6.743804701607998 33016.31727800817 571.8731186243142 272821.6049497402 56
176.7350401038442 7511.227204613295 17968.690336347714 2913.6283485593294 0.01329596656119239 3.4793817221019516 14.376340644634153 0.26953323668873624 9.921427348828418 54.2870589398014 2238093.8391618654 0.8357927029435993 719.4778573001608 545.0572634014335 33016.31727800817 571.8731186243142 272821.6049497402 56
176.7350401038442 7511.227204613295 17968.690336347714 2913.6283485593294 0.01329596656119239 3.4793817221019516 14.376340644634153 1367.2079493525289 69.75264899381649 54.2870589398014 0.007684882028258419 0.8357927029435993 719.4778573001608 545.0572634014335 33016.31727800817 272821.6049497402 56
176.7350401038442 0.13280283875872934 0.14552909059240288 2913.6283485593294 278659.37021827133 3.4793817221019516 14.376340644634153 1367.2079493525289 69.75264899381649 267.1889229146636 2238093.8391618654 0.8357927029435993 32.352127313497476 545.0572634014335 6.743804701607998 33016.31727800817 571.8731186243142 5.415971685448341 272821.6049497402 56
0.15238237136239002 7511.227204613295 17968.690336347714 2913.6283485593294 278659.37021827133 1433.46199843205 14.376340644634153 1367.2079493525289 9.921427348828418 267.1889229146636 2238093.8391618654 24077.02276176866 719.4778573001608 545.0572634014335 3.0304289792911887 33016.31727800817 571.8731186243142 5.415971685448341 272821.6049497402 56
176.7350401038442 7511.227204613295 0.14552909059240288 2913.6283485593294 278659.37021827133 1433.46199843205 449.35493576656285 1367.2079493525289 69.75264899381649 54.2870589398014 0.007684882028258419 0.8357927029435993 719.4778573001608 545.0572634014335 3.69810738888398 272821.6049497402 56
176.7350401038442 7511.227204613295 17968.690336347714 2913.6283485593294 278659.37021827133 3.4793817221019516 14.376340644634153 1367.2079493525289 9.921427348828418 267.1889229146636 2238093.8391618654 0.8357927029435993 32.352127313497476 545.0572634014335 33016.31727800817 571.8731186243142 5.415971685448341 272821.6049497402 56
176.7350401038442 0.13280283875872934 17968.690336347714 0.8966593846322863 278659.37021827133 3.4793817221019516 14.376340644634153 1367.2079493525289 69.75264899381649 54.2870589398014 0.007684882028258419 0.8357927029435993 719.4778573001608 545.0572634014335 6.743804701607998 33016.31727800817 571.8731186243142 5.415971685448341 0.24914939508453 56
