4.7095688731132355e-139 2.2809517316354832e-142 4.976117279914217e-85 3.0157242386072895e-132 1.81880837877025e-39 1.2513237100234649e-98 2.7471474205009048e-129 3.197027397945315e-133 9.181466288114126e-88 2.440782812878008e-23 8.876501628509989e-87 1.504932238266974e-126 9.11282599254494e-139 2.353044025775681e-128 1.670668592818778e-57 5.5362479675470725e-121 2.398135694001422e-72 56
4.7095688731132355e-139 2.2809517316354832e-142 4.681969193205171e-69 3.0157242386072895e-132 9.830676398338615e-120 1.9235140788136575e-60 1.134834908722692e-29 3.197027397945315e-133 1.087940563085645e-56 5.294665721487948e-130 1.7263409765438145e-66 1.1913444125259966e-26 2.275726765729062e-14 2.353044025775681e-128 1.670668592818778e-57 5.5362479675470725e-121 1.029717404070326e-123 2.398135694001422e-72 55
4.7095688731132355e-139 2.2809517316354832e-142 4.681969193205171e-69 3.0157242386072895e-132 9.830676398338615e-120 1.9235140788136575e-60 1.134834908722692e-29 3.197027397945315e-133 1.087940563085645e-56 5.294665721487948e-130 8.876501628509989e-87 1.504932238266974e-126 9.11282599254494e-139 2.353044025775681e-128 5.5362479675470725e-121 1.029717404070326e-123 7.267508869304595e-63 1.3678599204918588e-85 56
4.7095688731132355e-139 2.2809517316354832e-142 4.976117279914217e-85 3.0157242386072895e-132 9.830676398338615e-120 1.2513237100234649e-98 2.7471474205009048e-129 3.197027397945315e-133 1.087940563085645e-56 2.440782812878008e-23 1.7263409765438145e-66 1.504932238266974e-126 2.275726765729062e-14 9.458028722418874e-06 1.670668592818778e-57 5.5362479675470725e-121 1.029717404070326e-123 2.398135694001422e-72 55
4.7095688731132355e-139 2.2809517316354832e-142 4.976117279914217e-85 3.0157242386072895e-132 1.81880837877025e-39 1.2513237100234649e-98 2.7471474205009048e-129 3.197027397945315e-133 9.181466288114126e-88 5.294665721487948e-130 8.876501628509989e-87 1.504932238266974e-126 9.11282599254494e-139 2.353044025775681e-128 1.670668592818778e-57 5.5362479675470725e-121 1.029717404070326e-123 7.267508869304595e-63 1.3678599204918588e-85 56
0.1 2.1104688363200486e-17 4.976117279914217e-85 3.0157242386072895e-132 9.830676398338615e-120 1.2513237100234649e-98 2.7471474205009048e-129 3.197027397945315e-133 9.181466288114126e-88 5.294665721487948e-130 8.876501628509989e-87 1.504932238266974e-126 9.11282599254494e-139 1.2727421555034973e-05 1.670668592818778e-57 5.5362479675470725e-121 2.398135694001422e-72 56
4.7095688731132355e-139 2.2809517316354832e-142 4.681969193205171e-69 3.0157242386072895e-132 9.830676398338615e-120 1.2513237100234649e-98 2.7471474205009048e-129 3.197027397945315e-133 9.181466288114126e-88 5.294665721487948e-130 8.876501628509989e-87 1.504932238266974e-126 9.11282599254494e-139 2.353044025775681e-128 1.670668592818778e-57 5.5362479675470725e-121 1.029717404070326e-123 2.398135694001422e-72 56
4.7095688731132355e-139 2.2809517316354832e-142 4.976117279914217e-85 3.0157242386072895e-132 9.830676398338615e-120 1.9235140788136575e-60 1.134834908722692e-29 9.011700638397898e-17 1.087940563085645e-56 2.440782812878008e-23 1.7263409765438145e-66 1.504932238266974e-126 9.11282599254494e-139 2.353044025775681e-128 1.239954236052162e-19 5.5362479675470725e-121 1.029717404070326e-123 7.267508869304595e-63 1.3678599204918588e-85 56
4.7095688731132355e-139 2.2809517316354832e-142 4.976117279914217e-85 3.0157242386072895e-132 9.830676398338615e-120 1.9235140788136575e-60 2.7471474205009048e-129 3.197027397945315e-133 9.181466288114126e-88 5.294665721487948e-130 8.876501628509989e-87 1.504932238266974e-126 9.11282599254494e-139 2.353044025775681e-128 1.670668592818778e-57 5.5362479675470725e-121 1.029717404070326e-123 1.3678599204918588e-85 56
4.7095688731132355e-139 2.2809517316354832e-142 4.976117279914217e-85 3.0157242386072895e-132 1.81880837877025e-39 1.2513237100234649e-98 2.7471474205009048e-129 3.197027397945315e-133 9.181466288114126e-88 5.294665721487948e-130 8.876501628509989e-87 1.504932238266974e-126 9.11282599254494e-139 2.353044025775681e-128 1.670668592818778e-57 5.5362479675470725e-121 1.029717404070326e-123 1.3678599204918588e-85 56
4.7095688731132355e-139 2.2809517316354832e-142 4.976117279914217e-85 3.0157242386072895e-132 9.830676398338615e-120 1.9235140788136575e-60 1.134834908722692e-29 3.197027397945315e-133 9.181466288114126e-88 5.294665721487948e-130 1.7263409765438145e-66 1.1913444125259966e-26 2.275726765729062e-14 9.458028722418874e-06 1.084993763441455e-10 1.029717404070326e-123 7.267508869304595e-63 2.398135694001422e-72 55
4.7095688731132355e-139 2.2809517316354832e-142 4.976117279914217e-85 3.0157242386072895e-132 1.81880837877025e-39 1.2513237100234649e-98 2.7471474205009048e-129 3.197027397945315e-133 1.087940563085645e-56 2.440782812878008e-23 1.7263409765438145e-66 1.504932238266974e-126 9.11282599254494e-139 2.353044025775681e-128 1.670668592818778e-57 5.5362479675470725e-121 1.029717404070326e-123 7.267508869304595e-63 2.398135694001422e-72 56
4.7095688731132355e-139 2.2809517316354832e-142 4.976117279914217e-85 3.0157242386072895e-132 9.830676398338615e-120 1.9235140788136575e-60 2.7471474205009048e-129 3.197027397945315e-133 9.181466288114126e-88 5.294665721487948e-130 8.876501628509989e-87 1.504932238266974e-126 9.11282599254494e-139 2.353044025775681e-128 1.670668592818778e-57 5.5362479675470725e-121 1.029717404070326e-123 1.3678599204918588e-85 56
0.1 2.2809517316354832e-142 4.976117279914217e-85 4.1806788451815546e-27 9.830676398338615e-120 1.2513237100234649e-98 2.7471474205009048e-129 3.197027397945315e-133 1.087940563085645e-56 5.294665721487948e-130 8.876501628509989e-87 1.504932238266974e-126 9.11282599254494e-139 2.353044025775681e-128 1.670668592818778e-57 5.5362479675470725e-121 1.029717404070326e-123 7.267508869304595e-63 2.398135694001422e-72 56
4.7095688731132355e-139 2.2809517316354832e-142 4.681969193205171e-69 3.0157242386072895e-132 9.830676398338615e-120 1.9235140788136575e-60 1.134834908722692e-29 3.197027397945315e-133 9.181466288114126e-88 2.440782812878008e-23 1.7263409765438145e-66 1.504932238266974e-126 2.275726765729062e-14 9.458028722418874e-06 5.5362479675470725e-121 1.029717404070326e-123 2.398135694001422e-72 55
4.7095688731132355e-139 2.2809517316354832e-142 4.681969193205171e-69 4.1806788451815546e-27 9.830676398338615e-120 1.9235140788136575e-60 2.7471474205009048e-129 3.197027397945315e-133 9.181466288114126e-88 5.294665721487948e-130 8.876501628509989e-87 1.504932238266974e-126 9.11282599254494e-139 2.353044025775681e-128 1.670668592818778e-57 5.5362479675470725e-121 1.029717404070326e-123 7.267508869304595e-63 1.3678599204918588e-85 56
4.7095688731132355e-139 2.2809517316354832e-142 4.976117279914217e-85 4.1806788451815546e-27 9.830676398338615e-120 1.2513237100234649e-98 2.7471474205009048e-129 3.197027397945315e-133 1.087940563085645e-56 5.294665721487948e-130 8.876501628509989e-87 1.504932238266974e-126 9.11282599254494e-139 2.353044025775681e-128 1.670668592818778e-57 5.5362479675470725e-121 1.029717404070326e-123 7.267508869304595e-63 1.3678599204918588e-85 56
4.7095688731132355e-139 2.2809517316354832e-142 4.976117279914217e-85 3.0157242386072895e-132 1.81880837877025e-39 1.2513237100234649e-98 2.7471474205009048e-129 3.197027397945315e-133 9.181466288114126e-88 5.294665721487948e-130 8.876501628509989e-87 1.504932238266974e-126 9.11282599254494e-139 2.353044025775681e-128 5.5362479675470725e-121 1.029717404070326e-123 1.3678599204918588e-85 56
4.7095688731132355e-139 2.2809517316354832e-142 4.681969193205171e-69 4.1806788451815546e-27 1.81880837877025e-39 1.2513237100234649e-98 2.7471474205009048e-129 9.011700638397898e-17 1.087940563085645e-56 5.294665721487948e-130 8.876501628509989e-87 1.504932238266974e-126 9.11282599254494e-139 2.353044025775681e-128 1.670668592818778e-57 5.5362479675470725e-121 1.029717404070326e-123 7.267508869304595e-63 1.3678599204918588e-85 56
4.7095688731132355e-139 2.2809517316354832e-142 4.976117279914217e-85 3.0157242386072895e-132 1.81880837877025e-39 1.2513237100234649e-98 2.7471474205009048e-129 9.011700638397898e-17 1.087940563085645e-56 5.294665721487948e-130 1.7263409765438145e-66 1.504932238266974e-126 9.11282599254494e-139 2.353044025775681e-128 5.5362479675470725e-121 1.029717404070326e-123 2.398135694001422e-72 56
4.7095688731132355e-139 2.2809517316354832e-142 4.976117279914217e-85 3.0157242386072895e-132 9.830676398338615e-120 1.9235140788136575e-60 1.134834908722692e-29 3.197027397945315e-133 1.087940563085645e-56 5.294665721487948e-130 1.7263409765438145e-66 1.1913444125259966e-26 2.275726765729062e-14 2.2492427316943364e-10 1.6101640477916582e-31 5.5362479675470725e-121 1.029717404070326e-123 2.398135694001422e-72 55
4.7095688731132355e-139 2.2809517316354832e-142 4.976117279914217e-85 3.0157242386072895e-132 1.81880837877025e-39 1.2513237100234649e-98 2.7471474205009048e-129 3.197027397945315e-133 1.087940563085645e-56 2.440782812878008e-23 1.7263409765438145e-66 1.504932238266974e-126 9.11282599254494e-139 2.353044025775681e-128 1.670668592818778e-57 5.5362479675470725e-121 1.029717404070326e-123 7.267508869304595e-63 2.398135694001422e-72 56
4.7095688731132355e-139 2.2809517316354832e-142 4.976117279914217e-85 3.0157242386072895e-132 1.81880837877025e-39 1.2513237100234649e-98 2.7471474205009048e-129 3.197027397945315e-133 9.181466288114126e-88 5.294665721487948e-130 8.876501628509989e-87 1.504932238266974e-126 9.11282599254494e-139 2.353044025775681e-128 1.670668592818778e-57 1.0288025293512178e-11 1.029717404070326e-123 7.267508869304595e-63 1.3678599204918588e-85 56
4.7095688731132355e-139 2.2809517316354832e-142 4.976117279914217e-85 3.0157242386072895e-132 1.81880837877025e-39 1.2513237100234649e-98 2.7471474205009048e-129 9.458028722418874e-06 1.670668592818778e-57 5.5362479675470725e-121 1.029717404070326e-123 1.3678599204918588e-85 56
4.7095688731132355e-139 2.2809517316354832e-142 4.976117279914217e-85 3.0157242386072895e-132 9.830676398338615e-120 1.9235140788136575e-60 2.7471474205009048e-129 3.197027397945315e-133 9.181466288114126e-88 5.294665721487948e-130 8.876501628509989e-87 1.504932238266974e-126 9.11282599254494e-139 2.353044025775681e-128 1.670668592818778e-57 5.5362479675470725e-121 1.029717404070326e-123 1.3678599204918588e-85 56
4.7095688731132355e-139 2.2809517316354832e-142 4.976117279914217e-85 3.0157242386072895e-132 9.830676398338615e-120 1.9235140788136575e-60 2.7471474205009048e-129 3.197027397945315e-133 1.087940563085645e-56 5.294665721487948e-130 8.876501628509989e-87 1.1913444125259966e-26 2.275726765729062e-14 2.353044025775681e-128 1.670668592818778e-57 5.5362479675470725e-121 9.012976172786476e-05 7.267508869304595e-63 2.398135694001422e-72 55
4.7095688731132355e-139 2.2809517316354832e-142 4.976117279914217e-85 3.0157242386072895e-132 1.81880837877025e-39 1.2513237100234649e-98 2.7471474205009048e-129 3.197027397945315e-133 9.181466288114126e-88 5.294665721487948e-130 8.876501628509989e-87 1.504932238266974e-126 9.11282599254494e-139 2.353044025775681e-128 1.239954236052162e-19 5.5362479675470725e-121 1.029717404070326e-123 7.267508869304595e-63 2.398135694001422e-72 56
4.7095688731132355e-139 2.2809517316354832e-142 4.681969193205171e-69 3.0157242386072895e-132 9.830676398338615e-120 1.9235140788136575e-60 2.7471474205009048e-129 3.197027397945315e-133 9.181466288114126e-88 2.440782812878008e-23 8.876501628509989e-87 1.504932238266974e-126 2.275726765729062e-14 2.353044025775681e-128 1.239954236052162e-19 5.5362479675470725e-121 7.267508869304595e-63 2.398135694001422e-72 55
4.7095688731132355e-139 2.2809517316354832e-142 4.976117279914217e-85 3.0157242386072895e-132 1.81880837877025e-39 1.2513237100234649e-98 2.7471474205009048e-129 3.197027397945315e-133 9.181466288114126e-88 5.294665721487948e-130 8.876501628509989e-87 1.504932238266974e-126 9.11282599254494e-139 2.353044025775681e-128 1.670668592818778e-57 5.5362479675470725e-121 1.029717404070326e-123 1.3678599204918588e-85 56
4.7095688731132355e-139 2.2809517316354832e-142 4.681969193205171e-69 4.1806788451815546e-27 9.830676398338615e-120 1.9235140788136575e-60 1.134834908722692e-29 3.197027397945315e-133 1.087940563085645e-56 5.294665721487948e-130 1.7263409765438145e-66 1.504932238266974e-126 9.11282599254494e-139 2.353044025775681e-128 1.670668592818778e-57 5.5362479675470725e-121 1.029717404070326e-123 1.3678599204918588e-85 56
4.7095688731132355e-139 2.2809517316354832e-142 4.976117279914217e-85 3.0157242386072895e-132 1.81880837877025e-39 1.2513237100234649e-98 2.7471474205009048e-129 3.197027397945315e-133 9.181466288114126e-88 5.294665721487948e-130 8.876501628509989e-87 1.504932238266974e-126 9.11282599254494e-139 2.353044025775681e-128 1.670668592818778e-57 5.5362479675470725e-121 1.029717404070326e-123 7.267508869304595e-63 1.3678599204918588e-85 56
4.7095688731132355e-139 2.2809517316354832e-142 4.976117279914217e-85 3.0157242386072895e-132 9.830676398338615e-120 1.2513237100234649e-98 2.7471474205009048e-129 3.197027397945315e-133 9.181466288114126e-88 5.294665721487948e-130 8.876501628509989e-87 1.504932238266974e-126 9.11282599254494e-139 2.353044025775681e-128 1.670668592818778e-57 5.5362479675470725e-121 1.029717404070326e-123 7.267508869304595e-63 1.3678599204918588e-85 56
4.7095688731132355e-139 2.2809517316354832e-142 4.681969193205171e-69 3.0157242386072895e-132 9.830676398338615e-120 1.9235140788136575e-60 2.7471474205009048e-129 9.011700638397898e-17 1.087940563085645e-56 5.294665721487948e-130 1.7263409765438145e-66 1.504932238266974e-126 9.11282599254494e-139 1.2727421555034973e-05 1.670668592818778e-57 5.5362479675470725e-121 1.029717404070326e-123 2.398135694001422e-72 56
4.7095688731132355e-139 2.2809517316354832e-142 4.976117279914217e-85 3.0157242386072895e-132 9.830676398338615e-120 1.2513237100234649e-98 2.7471474205009048e-129 3.197027397945315e-133 9.181466288114126e-88 5.294665721487948e-130 8.876501628509989e-87 1.504932238266974e-126 9.11282599254494e-139 2.353044025775681e-128 1.670668592818778e-57 5.5362479675470725e-121 1.029717404070326e-123 7.267508869304595e-63 1.3678599204918588e-85 56
4.7095688731132355e-139 2.2809517316354832e-142 4.976117279914217e-85 3.0157242386072895e-132 9.830676398338615e-120 1.9235140788136575e-60 1.134834908722692e-29 2.353044025775681e-128 1.670668592818778e-57 1.084993763441455e-10 1.029717404070326e-123 1.3678599204918588e-85 56
4.7095688731132355e-139 2.2809517316354832e-142 4.976117279914217e-85 3.0157242386072895e-132 1.81880837877025e-39 1.2513237100234649e-98 2.7471474205009048e-129 3.197027397945315e-133 9.181466288114126e-88 5.294665721487948e-130 8.876501628509989e-87 1.504932238266974e-126 9.11282599254494e-139 2.353044025775681e-128 1.670668592818778e-57 5.5362479675470725e-121 1.029717404070326e-123 1.3678599204918588e-85 56
4.7095688731132355e-139 2.2809517316354832e-142 4.976117279914217e-85 3.0157242386072895e-132 9.830676398338615e-120 1.2513237100234649e-98 2.7471474205009048e-129 3.197027397945315e-133 9.181466288114126e-88 5.294665721487948e-130 8.876501628509989e-87 1.504932238266974e-126 9.11282599254494e-139 2.353044025775681e-128 1.670668592818778e-57 5.5362479675470725e-121 1.029717404070326e-123 7.267508869304595e-63 1.3678599204918588e-85 56
4.7095688731132355e-139 2.2809517316354832e-142 4.976117279914217e-85 3.0157242386072895e-132 1.81880837877025e-39 1.2513237100234649e-98 2.7471474205009048e-129 3.197027397945315e-133 9.181466288114126e-88 5.294665721487948e-130 8.876501628509989e-87 1.504932238266974e-126 9.11282599254494e-139 2.353044025775681e-128 1.670668592818778e-57 5.5362479675470725e-121 1.029717404070326e-123 1.3678599204918588e-85 56
4.7095688731132355e-139 2.1104688363200486e-17 4.681969193205171e-69 3.0157242386072895e-132 1.81880837877025e-39 1.2513237100234649e-98 2.7471474205009048e-129 9.011700638397898e-17 9.181466288114126e-88 5.294665721487948e-130 8.876501628509989e-87 1.504932238266974e-126 9.11282599254494e-139 2.353044025775681e-128 1.670668592818778e-57 5.5362479675470725e-121 1.029717404070326e-123 1.3678599204918588e-85 56
4.7095688731132355e-139 2.2809517316354832e-142 4.976117279914217e-85 3.0157242386072895e-132 1.81880837877025e-39 1.2513237100234649e-98 2.7471474205009048e-129 3.197027397945315e-133 9.181466288114126e-88 5.294665721487948e-130 8.876501628509989e-87 1.504932238266974e-126 9.11282599254494e-139 2.353044025775681e-128 1.670668592818778e-57 1.0288025293512178e-11 1.029717404070326e-123 7.267508869304595e-63 1.3678599204918588e-85 56
4.7095688731132355e-139 2.2809517316354832e-142 4.681969193205171e-69 3.0157242386072895e-132 9.830676398338615e-120 1.9235140788136575e-60 1.134834908722692e-29 3.197027397945315e-133 1.087940563085645e-56 5.294665721487948e-130 8.876501628509989e-87 1.504932238266974e-126 9.11282599254494e-139 2.353044025775681e-128 1.670668592818778e-57 5.5362479675470725e-121 1.029717404070326e-123 7.267508869304595e-63 1.3678599204918588e-85 56
4.7095688731132355e-139 2.1104688363200486e-17 4.681969193205171e-69 4.1806788451815546e-27 1.81880837877025e-39 1.2513237100234649e-98 2.7471474205009048e-129 3.197027397945315e-133 9.181466288114126e-88 5.294665721487948e-130 8.876501628509989e-87 1.504932238266974e-126 9.11282599254494e-139 2.353044025775681e-128 1.670668592818778e-57 5.5362479675470725e-121 1.029717404070326e-123 7.267508869304595e-63 1.3678599204918588e-85 56
4.7095688731132355e-139 2.1104688363200486e-17 4.976117279914217e-85 4.1806788451815546e-27 9.830676398338615e-120 1.9235140788136575e-60 1.134834908722692e-29 3.197027397945315e-133 9.181466288114126e-88 5.294665721487948e-130 8.876501628509989e-87 1.504932238266974e-126 9.11282599254494e-139 2.353044025775681e-128 1.670668592818778e-57 5.5362479675470725e-121 1.029717404070326e-123 7.267508869304595e-63 1.3678599204918588e-85 56
4.7095688731132355e-139 2.2809517316354832e-142 4.976117279914217e-85 3.0157242386072895e-132 1.81880837877025e-39 1.2513237100234649e-98 2.7471474205009048e-129 3.197027397945315e-133 1.087940563085645e-56 2.440782812878008e-23 8.876501628509989e-87 1.504932238266974e-126 9.11282599254494e-139 2.353044025775681e-128 1.6101640477916582e-31 5.5362479675470725e-121 1.029717404070326e-123 2.398135694001422e-72 56
4.7095688731132355e-139 2.2809517316354832e-142 4.681969193205171e-69 4.1806788451815546e-27 9.830676398338615e-120 1.9235140788136575e-60 1.134834908722692e-29 9.011700638397898e-17 1.087940563085645e-56 5.294665721487948e-130 8.876501628509989e-87 1.504932238266974e-126 9.11282599254494e-139 2.353044025775681e-128 1.670668592818778e-57 5.5362479675470725e-121 1.029717404070326e-123 7.267508869304595e-63 2.398135694001422e-72 56
0.1 2.1104688363200486e-17 4.976117279914217e-85 3.0157242386072895e-132 9.830676398338615e-120 1.2513237100234649e-98 2.7471474205009048e-129 3.197027397945315e-133 9.181466288114126e-88 5.294665721487948e-130 8.876501628509989e-87 1.504932238266974e-126 9.11282599254494e-139 1.2727421555034973e-05 1.670668592818778e-57 5.5362479675470725e-121 2.398135694001422e-72 56
4.7095688731132355e-139 2.2809517316354832e-142 4.681969193205171e-69 3.0157242386072895e-132 1.81880837877025e-39 1.2513237100234649e-98 2.7471474205009048e-129 3.197027397945315e-133 1.087940563085645e-56 5.294665721487948e-130 8.876501628509989e-87 1.504932238266974e-126 9.11282599254494e-139 2.353044025775681e-128 1.6101640477916582e-31 5.5362479675470725e-121 1.029717404070326e-123 7.267508869304595e-63 2.398135694001422e-72 55
4.7095688731132355e-139 2.1104688363200486e-17 4.976117279914217e-85 3.0157242386072895e-132 9.830676398338615e-120 1.9235140788136575e-60 2.7471474205009048e-129 3.197027397945315e-133 1.087940563085645e-56 5.294665721487948e-130 8.876501628509989e-87 1.504932238266974e-126 9.11282599254494e-139 2.353044025775681e-128 1.6101640477916582e-31 1.084993763441455e-10 1.029717404070326e-123 7.267508869304595e-63 1.3678599204918588e-85 56
4.7095688731132355e-139 2.2809517316354832e-142 4.976117279914217e-85 3.0157242386072895e-132 1.81880837877025e-39 1.2513237100234649e-98 2.7471474205009048e-129 3.197027397945315e-133 9.181466288114126e-88 5.294665721487948e-130 8.876501628509989e-87 1.504932238266974e-126 9.11282599254494e-139 2.353044025775681e-128 5.5362479675470725e-121 2.398135694001422e-72 56
4.7095688731132355e-139 2.2809517316354832e-142 4.976117279914217e-85 3.0157242386072895e-132 1.81880837877025e-39 1.2513237100234649e-98 2.7471474205009048e-129 3.197027397945315e-133 9.181466288114126e-88 5.294665721487948e-130 8.876501628509989e-87 1.504932238266974e-126 9.11282599254494e-139 2.353044025775681e-128 1.239954236052162e-19 5.5362479675470725e-121 1.029717404070326e-123 7.267508869304595e-63 2.398135694001422e-72 56
4.7095688731132355e-139 2.2809517316354832e-142 4.681969193205171e-69 3.0157242386072895e-132 9.830676398338615e-120 1.9235140788136575e-60 1.134834908722692e-29 3.197027397945315e-133 9.181466288114126e-88 5.294665721487948e-130 1.7263409765438145e-66 1.1913444125259966e-26 9.11282599254494e-139 2.353044025775681e-128 1.239954236052162e-19 5.5362479675470725e-121 1.029717404070326e-123 0.96 2.398135694001422e-72 56
4.7095688731132355e-139 2.2809517316354832e-142 4.976117279914217e-85 3.0157242386072895e-132 1.81880837877025e-39 1.2513237100234649e-98 2.7471474205009048e-129 3.197027397945315e-133 1.087940563085645e-56 2.440782812878008e-23 8.876501628509989e-87 1.504932238266974e-126 9.11282599254494e-139 2.353044025775681e-128 1.6101640477916582e-31 5.5362479675470725e-121 1.029717404070326e-123 2.398135694001422e-72 56
4.7095688731132355e-139 2.2809517316354832e-142 4.681969193205171e-69 3.0157242386072895e-132 1.81880837877025e-39 1.2513237100234649e-98 2.7471474205009048e-129 3.197027397945315e-133 9.181466288114126e-88 5.294665721487948e-130 8.876501628509989e-87 1.504932238266974e-126 9.11282599254494e-139 2.353044025775681e-128 5.5362479675470725e-121 1.029717404070326e-123 2.398135694001422e-72 56
4.7095688731132355e-139 2.2809517316354832e-142 4.681969193205171e-69 3.0157242386072895e-132 9.830676398338615e-120 1.9235140788136575e-60 1.134834908722692e-29 3.197027397945315e-133 9.181466288114126e-88 5.294665721487948e-130 8.876501628509989e-87 1.1913444125259966e-26 9.11282599254494e-139 2.353044025775681e-128 1.670668592818778e-57 5.5362479675470725e-121 1.029717404070326e-123 7.267508869304595e-63 1.3678599204918588e-85 56
4.7095688731132355e-139 2.2809517316354832e-142 4.976117279914217e-85 3.0157242386072895e-132 9.830676398338615e-120 1.9235140788136575e-60 1.134834908722692e-29 3.197027397945315e-133 9.181466288114126e-88 5.294665721487948e-130 1.7263409765438145e-66 1.1913444125259966e-26 9.11282599254494e-139 2.353044025775681e-128 5.5362479675470725e-121 9.012976172786476e-05 2.398135694001422e-72 55
4.7095688731132355e-139 2.2809517316354832e-142 4.681969193205171e-69 3.0157242386072895e-132 9.830676398338615e-120 1.9235140788136575e-60 2.7471474205009048e-129 3.197027397945315e-133 9.181466288114126e-88 2.440782812878008e-23 1.7263409765438145e-66 1.504932238266974e-126 9.11282599254494e-139 2.353044025775681e-128 1.670668592818778e-57 5.5362479675470725e-121 1.029717404070326e-123 9.673049534990849e-06 2.398135694001422e-72 55
5.0948236668595707e-17 2.2809517316354832e-142 4.976117279914217e-85 3.0157242386072895e-132 9.830676398338615e-120 1.2513237100234649e-98 2.7471474205009048e-129 3.197027397945315e-133 9.181466288114126e-88 5.294665721487948e-130 8.876501628509989e-87 1.504932238266974e-126 9.11282599254494e-139 2.353044025775681e-128 1.670668592818778e-57 5.5362479675470725e-121 1.029717404070326e-123 1.3678599204918588e-85 56
5.732138619647802e-07 2.2809517316354832e-142 4.681969193205171e-69 3.0157242386072895e-132 1.81880837877025e-39 1.2513237100234649e-98 2.7471474205009048e-129 3.197027397945315e-133 9.181466288114126e-88 5.294665721487948e-130 8.876501628509989e-87 1.504932238266974e-126 9.11282599254494e-139 2.353044025775681e-128 1.670668592818778e-57 5.5362479675470725e-121 1.029717404070326e-123 1.3678599204918588e-85 56
4.7095688731132355e-139 2.2809517316354832e-142 4.681969193205171e-69 4.1806788451815546e-27 9.830676398338615e-120 1.9235140788136575e-60 2.7471474205009048e-129 3.197027397945315e-133 9.181466288114126e-88 5.294665721487948e-130 8.876501628509989e-87 1.504932238266974e-126 9.11282599254494e-139 2.353044025775681e-128 1.670668592818778e-57 5.5362479675470725e-121 1.029717404070326e-123 7.267508869304595e-63 1.3678599204918588e-85 56
4.7095688731132355e-139 2.1104688363200486e-17 4.681969193205171e-69 4.1806788451815546e-27 1.81880837877025e-39 1.2513237100234649e-98 2.7471474205009048e-129 3.197027397945315e-133 1.087940563085645e-56 5.294665721487948e-130 8.876501628509989e-87 1.504932238266974e-126 9.11282599254494e-139 2.353044025775681e-128 1.670668592818778e-57 5.5362479675470725e-121 1.029717404070326e-123 7.267508869304595e-63 1.3678599204918588e-85 56
5.732138619647802e-07 2.2809517316354832e-142 4.681969193205171e-69 3.0157242386072895e-132 9.830676398338615e-120 1.2513237100234649e-98 2.7471474205009048e-129 3.197027397945315e-133 9.181466288114126e-88 5.294665721487948e-130 8.876501628509989e-87 1.504932238266974e-126 9.11282599254494e-139 2.353044025775681e-128 1.670668592818778e-57 5.5362479675470725e-121 1.029717404070326e-123 7.267508869304595e-63 1.3678599204918588e-85 56
4.7095688731132355e-139 2.2809517316354832e-142 4.976117279914217e-85 3.0157242386072895e-132 1.81880837877025e-39 1.2513237100234649e-98 2.7471474205009048e-129 3.197027397945315e-133 9.181466288114126e-88 5.294665721487948e-130 8.876501628509989e-87 1.504932238266974e-126 9.11282599254494e-139 2.353044025775681e-128 1.670668592818778e-57 5.5362479675470725e-121 1.029717404070326e-123 1.3678599204918588e-85 56
4.7095688731132355e-139 2.2809517316354832e-142 4.681969193205171e-69 3.0157242386072895e-132 1.81880837877025e-39 1.2513237100234649e-98 2.7471474205009048e-129 3.197027397945315e-133 9.181466288114126e-88 5.294665721487948e-130 8.876501628509989e-87 1.504932238266974e-126 9.11282599254494e-139 2.353044025775681e-128 1.670668592818778e-57 5.5362479675470725e-121 1.029717404070326e-123 1.3678599204918588e-85 56
4.7095688731132355e-139 2.2809517316354832e-142 4.976117279914217e-85 3.0157242386072895e-132 1.81880837877025e-39 1.2513237100234649e-98 2.7471474205009048e-129 3.197027397945315e-133 9.181466288114126e-88 5.294665721487948e-130 8.876501628509989e-87 1.504932238266974e-126 9.11282599254494e-139 2.353044025775681e-128 1.670668592818778e-57 5.5362479675470725e-121 1.029717404070326e-123 1.3678599204918588e-85 56
4.7095688731132355e-139 2.2809517316354832e-142 4.976117279914217e-85 3.0157242386072895e-132 9.830676398338615e-120 1.9235140788136575e-60 2.7471474205009048e-129 3.197027397945315e-133 9.181466288114126e-88 5.294665721487948e-130 8.876501628509989e-87 1.504932238266974e-126 9.11282599254494e-139 2.353044025775681e-128 1.670668592818778e-57 5.5362479675470725e-121 1.029717404070326e-123 1.3678599204918588e-85 56
4.7095688731132355e-139 2.2809517316354832e-142 4.681969193205171e-69 3.0157242386072895e-132 9.830676398338615e-120 1.9235140788136575e-60 1.134834908722692e-29 3.197027397945315e-133 9.181466288114126e-88 5.294665721487948e-130 8.876501628509989e-87 1.504932238266974e-126 9.11282599254494e-139 2.353044025775681e-128 1.670668592818778e-57 5.5362479675470725e-121 1.3678599204918588e-85 56
4.7095688731132355e-139 2.2809517316354832e-142 4.976117279914217e-85 3.0157242386072895e-132 9.830676398338615e-120 1.9235140788136575e-60 1.134834908722692e-29 9.011700638397898e-17 1.087940563085645e-56 2.440782812878008e-23 1.7263409765438145e-66 1.504932238266974e-126 9.11282599254494e-139 2.353044025775681e-128 1.239954236052162e-19 5.5362479675470725e-121 1.029717404070326e-123 7.267508869304595e-63 1.3678599204918588e-85 56
5.732138619647802e-07 2.2809517316354832e-142 4.681969193205171e-69 3.0157242386072895e-132 9.830676398338615e-120 1.9235140788136575e-60 2.7471474205009048e-129 3.197027397945315e-133 9.181466288114126e-88 5.294665721487948e-130 1.7263409765438145e-66 1.1913444125259966e-26 9.11282599254494e-139 9.458028722418874e-06 1.670668592818778e-57 5.5362479675470725e-121 1.029717404070326e-123 1.938745810145084e-18 2.398135694001422e-72 55
4.7095688731132355e-139 2.2809517316354832e-142 4.976117279914217e-85 3.0157242386072895e-132 1.81880837877025e-39 1.2513237100234649e-98 2.7471474205009048e-129 9.011700638397898e-17 1.087940563085645e-56 5.294665721487948e-130 1.7263409765438145e-66 1.504932238266974e-126 9.11282599254494e-139 2.353044025775681e-128 5.5362479675470725e-121 1.029717404070326e-123 2.398135694001422e-72 56
4.7095688731132355e-139 2.2809517316354832e-142 4.976117279914217e-85 3.0157242386072895e-132 1.81880837877025e-39 1.2513237100234649e-98 2.7471474205009048e-129 3.197027397945315e-133 9.181466288114126e-88 5.294665721487948e-130 8.876501628509989e-87 1.504932238266974e-126 9.11282599254494e-139 2.353044025775681e-128 1.670668592818778e-57 1.0288025293512178e-11 1.029717404070326e-123 7.267508869304595e-63 1.3678599204918588e-85 56
4.7095688731132355e-139 2.2809517316354832e-142 4.976117279914217e-85 4.1806788451815546e-27 9.830676398338615e-120 1.2513237100234649e-98 2.7471474205009048e-129 3.197027397945315e-133 1.087940563085645e-56 5.294665721487948e-130 8.876501628509989e-87 1.504932238266974e-126 9.11282599254494e-139 2.353044025775681e-128 1.670668592818778e-57 5.5362479675470725e-121 1.029717404070326e-123 7.267508869304595e-63 1.3678599204918588e-85 56
5.732138619647802e-07 2.2809517316354832e-142 4.681969193205171e-69 3.0157242386072895e-132 9.830676398338615e-120 1.9235140788136575e-60 2.7471474205009048e-129 3.197027397945315e-133 9.181466288114126e-88 5.294665721487948e-130 1.7263409765438145e-66 1.1913444125259966e-26 9.11282599254494e-139 9.458028722418874e-06 1.670668592818778e-57 5.5362479675470725e-121 1.029717404070326e-123 1.938745810145084e-18 2.398135694001422e-72 55
4.7095688731132355e-139 2.2809517316354832e-142 4.681969193205171e-69 3.0157242386072895e-132 9.830676398338615e-120 1.9235140788136575e-60 2.7471474205009048e-129 3.197027397945315e-133 1.087940563085645e-56 5.294665721487948e-130 1.7263409765438145e-66 1.1913444125259966e-26 2.275726765729062e-14 9.458028722418874e-06 6.763552861665785e-06 1.0288025293512178e-11 3.2524254139492965e-20 1.938745810145084e-18 2.398135694001422e-72 55
4.7095688731132355e-139 2.2809517316354832e-142 4.681969193205171e-69 3.0157242386072895e-132 1.81880837877025e-39 1.2513237100234649e-98 2.7471474205009048e-129 3.197027397945315e-133 9.181466288114126e-88 5.294665721487948e-130 8.876501628509989e-87 1.504932238266974e-126 9.11282599254494e-139 2.353044025775681e-128 1.239954236052162e-19 5.5362479675470725e-121 1.029717404070326e-123 2.398135694001422e-72 56
4.7095688731132355e-139 2.2809517316354832e-142 4.681969193205171e-69 3.0157242386072895e-132 1.81880837877025e-39 1.2513237100234649e-98 2.7471474205009048e-129 3.197027397945315e-133 9.181466288114126e-88 5.294665721487948e-130 8.876501628509989e-87 1.504932238266974e-126 9.11282599254494e-139 2.353044025775681e-128 1.670668592818778e-57 5.5362479675470725e-121 1.029717404070326e-123 7.267508869304595e-63 1.3678599204918588e-85 56
4.7095688731132355e-139 2.2809517316354832e-142 4.681969193205171e-69 3.0157242386072895e-132 1.81880837877025e-39 1.2513237100234649e-98 2.7471474205009048e-129 3.197027397945315e-133 9.181466288114126e-88 2.440782812878008e-23 8.876501628509989e-87 1.504932238266974e-126 9.11282599254494e-139 2.353044025775681e-128 1.670668592818778e-57 5.5362479675470725e-121 1.029717404070326e-123 7.267508869304595e-63 1.3678599204918588e-85 56
4.7095688731132355e-139 2.2809517316354832e-142 4.681969193205171e-69 3.0157242386072895e-132 9.830676398338615e-120 1.9235140788136575e-60 2.7471474205009048e-129 3.197027397945315e-133 1.087940563085645e-56 5.294665721487948e-130 1.7263409765438145e-66 1.1913444125259966e-26 2.275726765729062e-14 9.458028722418874e-06 6.763552861665785e-06 1.0288025293512178e-11 3.2524254139492965e-20 1.938745810145084e-18 2.398135694001422e-72 55
4.7095688731132355e-139 2.2809517316354832e-142 4.681969193205171e-69 3.0157242386072895e-132 9.830676398338615e-120 1.9235140788136575e-60 1.134834908722692e-29 3.197027397945315e-133 9.181466288114126e-88 5.294665721487948e-130 8.876501628509989e-87 1.504932238266974e-126 9.11282599254494e-139 2.353044025775681e-128 1.670668592818778e-57 5.5362479675470725e-121 1.3678599204918588e-85 56
5.0948236668595707e-17 2.2809517316354832e-142 4.681969193205171e-69 3.0157242386072895e-132 9.830676398338615e-120 1.9235140788136575e-60 2.7471474205009048e-129 3.197027397945315e-133 1.087940563085645e-56 2.440782812878008e-23 1.7263409765438145e-66 1.504932238266974e-126 9.11282599254494e-139 2.353044025775681e-128 1.670668592818778e-57 1.0288025293512178e-11 1.029717404070326e-123 7.267508869304595e-63 2.398135694001422e-72 55
4.7095688731132355e-139 2.2809517316354832e-142 4.976117279914217e-85 3.0157242386072895e-132 9.830676398338615e-120 1.9235140788136575e-60 1.134834908722692e-29 3.197027397945315e-133 1.087940563085645e-56 5.294665721487948e-130 1.7263409765438145e-66 1.1913444125259966e-26 2.275726765729062e-14 2.2492427316943364e-10 1.6101640477916582e-31 5.5362479675470725e-121 1.029717404070326e-123 2.398135694001422e-72 55
4.7095688731132355e-139 2.2809517316354832e-142 4.681969193205171e-69 3.0157242386072895e-132 9.830676398338615e-120 1.9235140788136575e-60 2.7471474205009048e-129 9.011700638397898e-17 1.087940563085645e-56 5.294665721487948e-130 1.7263409765438145e-66 1.504932238266974e-126 9.11282599254494e-139 2.2492427316943364e-10 1.239954236052162e-19 1.0288025293512178e-11 1.3678599204918588e-85 55
4.7095688731132355e-139 2.2809517316354832e-142 4.976117279914217e-85 3.0157242386072895e-132 1.81880837877025e-39 1.2513237100234649e-98 2.7471474205009048e-129 3.197027397945315e-133 9.181466288114126e-88 5.294665721487948e-130 1.7263409765438145e-66 1.504932238266974e-126 2.275726765729062e-14 2.353044025775681e-128 1.670668592818778e-57 5.5362479675470725e-121 1.029717404070326e-123 7.267508869304595e-63 2.398135694001422e-72 55
4.7095688731132355e-139 2.2809517316354832e-142 4.681969193205171e-69 3.0157242386072895e-132 1.81880837877025e-39 1.2513237100234649e-98 2.7471474205009048e-129 3.197027397945315e-133 1.087940563085645e-56 5.294665721487948e-130 1.7263409765438145e-66 1.504932238266974e-126 9.11282599254494e-139 2.353044025775681e-128 1.670668592818778e-57 5.5362479675470725e-121 1.029717404070326e-123 1.3678599204918588e-85 56
4.7095688731132355e-139 2.2809517316354832e-142 4.976117279914217e-85 3.0157242386072895e-132 1.81880837877025e-39 1.2513237100234649e-98 2.7471474205009048e-129 3.197027397945315e-133 9.181466288114126e-88 5.294665721487948e-130 8.876501628509989e-87 1.504932238266974e-126 9.11282599254494e-139 2.353044025775681e-128 1.670668592818778e-57 5.5362479675470725e-121 1.029717404070326e-123 2.398135694001422e-72 56
4.7095688731132355e-139 2.2809517316354832e-142 4.681969193205171e-69 3.0157242386072895e-132 9.830676398338615e-120 1.2513237100234649e-98 2.7471474205009048e-129 3.197027397945315e-133 9.181466288114126e-88 5.294665721487948e-130 8.876501628509989e-87 1.504932238266974e-126 9.11282599254494e-139 2.353044025775681e-128 1.670668592818778e-57 1.0288025293512178e-11 1.029717404070326e-123 7.267508869304595e-63 2.398135694001422e-72 56
4.7095688731132355e-139 2.2809517316354832e-142 4.976117279914217e-85 3.0157242386072895e-132 9.830676398338615e-120 1.9235140788136575e-60 1.134834908722692e-29 9.011700638397898e-17 1.087940563085645e-56 2.440782812878008e-23 1.7263409765438145e-66 1.504932238266974e-126 9.11282599254494e-139 2.353044025775681e-128 1.239954236052162e-19 5.5362479675470725e-121 1.029717404070326e-123 7.267508869304595e-63 1.3678599204918588e-85 56
4.7095688731132355e-139 2.2809517316354832e-142 4.976117279914217e-85 3.0157242386072895e-132 9.830676398338615e-120 1.9235140788136575e-60 1.134834908722692e-29 9.011700638397898e-17 1.087940563085645e-56 2.440782812878008e-23 1.7263409765438145e-66 1.504932238266974e-126 9.11282599254494e-139 2.353044025775681e-128 1.239954236052162e-19 5.5362479675470725e-121 1.029717404070326e-123 7.267508869304595e-63 1.3678599204918588e-85 56
4.7095688731132355e-139 2.2809517316354832e-142 4.976117279914217e-85 3.0157242386072895e-132 1.81880837877025e-39 1.2513237100234649e-98 2.7471474205009048e-129 3.197027397945315e-133 9.181466288114126e-88 5.294665721487948e-130 8.876501628509989e-87 1.504932238266974e-126 9.11282599254494e-139 2.353044025775681e-128 1.670668592818778e-57 5.5362479675470725e-121 1.029717404070326e-123 0.96 2.398135694001422e-72 56
4.7095688731132355e-139 2.2809517316354832e-142 4.976117279914217e-85 3.0157242386072895e-132 1.81880837877025e-39 1.2513237100234649e-98 2.7471474205009048e-129 3.197027397945315e-133 9.181466288114126e-88 5.294665721487948e-130 8.876501628509989e-87 1.504932238266974e-126 9.11282599254494e-139 2.353044025775681e-128 1.670668592818778e-57 5.5362479675470725e-121 1.029717404070326e-123 7.267508869304595e-63 1.3678599204918588e-85 56
4.7095688731132355e-139 2.2809517316354832e-142 4.976117279914217e-85 3.0157242386072895e-132 1.81880837877025e-39 1.2513237100234649e-98 2.7471474205009048e-129 3.197027397945315e-133 9.181466288114126e-88 5.294665721487948e-130 8.876501628509989e-87 1.504932238266974e-126 9.11282599254494e-139 2.353044025775681e-128 1.670668592818778e-57 5.5362479675470725e-121 1.029717404070326e-123 7.267508869304595e-63 1.3678599204918588e-85 56
4.7095688731132355e-139 2.2809517316354832e-142 4.976117279914217e-85 3.0157242386072895e-132 1.81880837877025e-39 1.2513237100234649e-98 2.7471474205009048e-129 3.197027397945315e-133 9.181466288114126e-88 5.294665721487948e-130 8.876501628509989e-87 1.504932238266974e-126 9.11282599254494e-139 2.353044025775681e-128 1.3678599204918588e-85 56
5.0948236668595707e-17 2.2809517316354832e-142 4.681969193205171e-69 3.0157242386072895e-132 9.830676398338615e-120 1.9235140788136575e-60 2.7471474205009048e-129 3.197027397945315e-133 1.087940563085645e-56 2.440782812878008e-23 1.7263409765438145e-66 1.504932238266974e-126 9.11282599254494e-139 2.353044025775681e-128 1.670668592818778e-57 1.0288025293512178e-11 1.029717404070326e-123 7.267508869304595e-63 2.398135694001422e-72 55
4.7095688731132355e-139 2.2809517316354832e-142 4.681969193205171e-69 3.0157242386072895e-132 9.830676398338615e-120 1.2513237100234649e-98 2.7471474205009048e-129 9.011700638397898e-17 1.087940563085645e-56 5.294665721487948e-130 1.7263409765438145e-66 1.504932238266974e-126 9.11282599254494e-139 2.353044025775681e-128 1.670668592818778e-57 5.5362479675470725e-121 1.029717404070326e-123 7.267508869304595e-63 1.3678599204918588e-85 56
4.7095688731132355e-139 2.2809517316354832e-142 4.976117279914217e-85 3.0157242386072895e-132 1.81880837877025e-39 1.2513237100234649e-98 2.7471474205009048e-129 3.197027397945315e-133 9.181466288114126e-88 5.294665721487948e-130 8.876501628509989e-87 1.504932238266974e-126 9.11282599254494e-139 2.353044025775681e-128 1.670668592818778e-57 5.5362479675470725e-121 1.029717404070326e-123 1.3678599204918588e-85 56
4.7095688731132355e-139 2.2809517316354832e-142 4.681969193205171e-69 4.1806788451815546e-27 9.830676398338615e-120 1.9235140788136575e-60 2.7471474205009048e-129 3.197027397945315e-133 1.087940563085645e-56 5.294665721487948e-130 8.876501628509989e-87 1.504932238266974e-126 9.11282599254494e-139 2.353044025775681e-128 1.6101640477916582e-31 5.5362479675470725e-121 1.029717404070326e-123 7.267508869304595e-63 1.3678599204918588e-85 55
4.7095688731132355e-139 2.1104688363200486e-17 4.976117279914217e-85 4.1806788451815546e-27 9.830676398338615e-120 1.9235140788136575e-60 1.134834908722692e-29 3.197027397945315e-133 9.181466288114126e-88 5.294665721487948e-130 8.876501628509989e-87 1.504932238266974e-126 9.11282599254494e-139 2.353044025775681e-128 1.670668592818778e-57 5.5362479675470725e-121 1.029717404070326e-123 7.267508869304595e-63 1.3678599204918588e-85 56
4.7095688731132355e-139 2.2809517316354832e-142 4.976117279914217e-85 3.0157242386072895e-132 1.81880837877025e-39 1.2513237100234649e-98 2.7471474205009048e-129 9.458028722418874e-06 1.670668592818778e-57 5.5362479675470725e-121 1.029717404070326e-123 1.3678599204918588e-85 56
4.7095688731132355e-139 2.2809517316354832e-142 4.976117279914217e-85 3.0157242386072895e-132 1.81880837877025e-39 1.2513237100234649e-98 2.7471474205009048e-129 3.197027397945315e-133 9.181466288114126e-88 5.294665721487948e-130 8.876501628509989e-87 1.504932238266974e-126 9.11282599254494e-139 2.353044025775681e-128 1.670668592818778e-57 5.5362479675470725e-121 1.029717404070326e-123 0.96 2.398135694001422e-72 56
4.7095688731132355e-139 2.2809517316354832e-142 4.976117279914217e-85 3.0157242386072895e-132 9.830676398338615e-120 1.9235140788136575e-60 1.134834908722692e-29 2.353044025775681e-128 1.670668592818778e-57 1.084993763441455e-10 1.029717404070326e-123 1.3678599204918588e-85 56
