0.02 0.04 0.06 0.09 0.16 0.2 0.21 0.25 0.3 0.35000000000000003 0.38 0.45 0.48 0.53 0.5700000000000001 0.58 0.62 0.71 0.72 0.77 85
0.01 0.03 0.05 0.07 0.16 0.2 0.21 0.29 0.35000000000000003 0.42 0.45 0.47000000000000003 0.54 0.7000000000000001 0.74 0.78 0.81 84
0.01 0.03 0.06 0.11 0.16 0.2 0.22 0.27 0.29 0.35000000000000003 0.45 0.47000000000000003 0.51 0.55 0.71 0.72 84
0.01 0.04 0.05 0.1 0.16 0.2 0.43 0.52 0.58 0.7000000000000001 0.72 0.77 0.81 84
0.01 0.04 0.06 0.09 0.16 0.2 0.24 0.28 0.34 0.4 0.45 0.49 0.58 0.71 0.72 0.79 0.81 84
0.02 0.03 0.05 0.09 0.15 0.2 0.21 0.25 0.29 0.35000000000000003 0.38 0.45 0.47000000000000003 0.52 0.54 0.6 0.63 0.71 0.72 0.77 85
0.02 0.03 0.05 0.16 0.24 0.27 0.32 0.36 0.42 0.46 0.5 0.51 0.54 0.61 0.66 0.71 0.72 0.79 84
0.01 0.03 0.06 0.07 0.16 0.2 0.21 0.25 0.3 0.35000000000000003 0.39 0.45 0.47000000000000003 0.51 0.54 0.59 0.66 0.71 0.72 0.77 84
0.01 0.03 0.05 0.09 0.16 0.18 0.23 0.27 0.33 0.35000000000000003 0.4 0.45 0.47000000000000003 0.52 0.54 0.5700000000000001 0.59 0.66 0.71 0.72 0.78 0.81 84
0.02 0.03 0.05 0.07 0.12 0.18 0.21 0.25 0.29 0.35000000000000003 0.39 0.45 0.47000000000000003 0.52 0.54 0.61 0.62 0.7000000000000001 0.72 85
0.01 0.03 0.05 0.11 0.23 0.25 0.31 0.35000000000000003 0.42 0.46 0.48 0.7000000000000001 0.72 0.78 84
0.01 0.03 0.05 0.09 0.16 0.23 0.27 0.32 0.36 0.42 0.46 0.49 0.52 0.54 0.61 0.65 0.71 0.72 0.78 0.81 84
0.01 0.03 0.05 0.09 0.13 0.2 0.23 0.25 0.3 0.35000000000000003 0.4 0.45 0.49 0.52 0.54 0.58 0.66 0.71 0.72 0.78 0.81 84
0.01 0.03 0.05 0.1 0.16 0.2 0.23 0.27 0.31 0.35000000000000003 0.39 0.46 0.49 0.51 0.56 0.5700000000000001 0.71 0.74 0.79 0.81 84
0.02 0.03 0.05 0.16 0.2 0.23 0.28 0.31 0.35000000000000003 0.41000000000000003 0.46 0.5 0.52 0.54 0.6 0.66 0.71 0.72 84
0.01 0.03 0.05 0.09 0.16 0.2 0.23 0.27 0.31 0.35000000000000003 0.41000000000000003 0.46 0.49 0.52 0.54 0.6 0.66 0.71 0.72 0.79 0.81 84
0.01 0.03 0.05 0.16 0.2 0.23 0.27 0.31 0.35000000000000003 0.45 0.52 0.54 0.65 0.71 0.73 0.81 85
0.01 0.03 0.06 0.09 0.2 0.23 0.27 0.34 0.36 0.42 0.5 0.51 0.54 0.71 0.72 84
0.01 0.03 0.05 0.16 0.23 0.27 0.31 0.35000000000000003 0.41000000000000003 0.46 0.5 0.61 0.66 0.71 0.74 84
0.02 0.04 0.06 0.11 0.16 0.2 0.35000000000000003 0.67 0.72 85
0.02 0.03 0.05 0.09 0.16 0.2 0.23 0.27 0.31 0.43 0.47000000000000003 0.52 0.54 0.61 0.71 0.74 0.78 0.81 85
0.01 0.03 0.05 0.09 0.13 0.2 0.29 0.35000000000000003 0.45 0.6 0.71 0.73 85
0.01 0.03 0.05 0.09 0.15 0.2 0.21 0.25 0.33 0.35000000000000003 0.41000000000000003 0.45 0.47000000000000003 0.52 0.56 0.5700000000000001 0.58 0.71 0.72 0.78 0.81 84
0.02 0.03 0.05 0.11 0.13 0.2 0.35000000000000003 0.71 0.72 85
0.01 0.03 0.05 0.09 0.15 0.29 0.35000000000000003 0.47000000000000003 0.52 0.54 0.71 0.72 84
0.01 0.03 0.05 0.11 0.15 0.2 0.21 0.25 0.3 0.35000000000000003 0.39 0.45 0.48 0.51 0.54 0.6 0.65 0.71 0.72 0.78 84
0.01 0.03 0.05 0.16 0.23 0.27 0.32 0.36 0.46 0.5 0.52 0.54 0.5700000000000001 0.71 0.74 0.79 0.81 84
0.01 0.03 0.05 0.07 0.16 0.2 0.23 0.27 0.32 0.35000000000000003 0.41000000000000003 0.45 0.48 0.61 0.65 0.71 0.72 0.79 0.81 84
0.01 0.03 0.05 0.11 0.16 0.21 0.25 0.33 0.36 0.4 0.45 0.48 0.52 0.55 0.61 0.65 0.71 0.72 84
0.02 0.03 0.05 0.11 0.16 0.2 0.21 0.25 0.31 0.35000000000000003 0.41000000000000003 0.44 0.48 0.51 0.54 0.71 0.72 0.77 84
0.02 0.03 0.05 0.23 0.28 0.34 0.41000000000000003 0.5 84
0.01 0.03 0.05 0.16 0.2 0.23 0.25 0.31 0.35000000000000003 0.4 0.45 0.48 0.51 0.54 0.6 0.65 0.67 0.74 0.78 0.81 84
0.01 0.03 0.05 0.11 0.15 0.2 0.23 0.25 0.29 0.35000000000000003 0.41000000000000003 0.45 0.47000000000000003 0.6 0.71 0.74 84
0.02 0.03 0.05 0.11 0.13 0.2 0.22 0.25 0.3 0.35000000000000003 0.38 0.43 0.58 0.62 0.71 0.73 85
0.01 0.03 0.06 0.09 0.2 0.23 0.27 0.34 0.36 0.42 0.5 0.51 0.54 0.71 0.72 84
0.01 0.03 0.05 0.09 0.16 0.2 0.23 0.25 0.33 0.36 0.41000000000000003 0.45 0.49 0.52 0.56 0.5700000000000001 0.61 0.65 0.71 0.72 0.79 84
0.01 0.03 0.05 0.1 0.16 0.2 0.24 0.27 0.35000000000000003 0.39 0.46 0.49 0.61 0.71 0.74 0.78 0.81 84
0.01 0.03 0.05 0.07 0.16 0.2 0.22 0.32 0.35000000000000003 0.4 0.49 0.55 0.5700000000000001 0.6 0.65 0.71 0.72 0.78 84
0.01 0.03 0.05 0.07 0.16 0.2 0.21 0.27 0.3 0.35000000000000003 0.41000000000000003 0.45 0.49 0.51 0.58 0.66 0.7000000000000001 0.72 0.78 84
0.01 0.03 0.05 0.07 0.16 0.2 0.23 0.27 0.34 0.35000000000000003 0.39 0.46 0.5 0.53 0.55 0.5700000000000001 0.61 0.66 0.71 0.75 85
0.01 0.03 0.05 0.07 0.13 0.27 0.29 0.35000000000000003 0.39 0.45 0.48 0.53 0.54 0.6 0.66 0.7000000000000001 0.79 0.81 84
0.01 0.03 0.05 0.07 0.16 0.2 0.23 0.31 0.35000000000000003 0.41000000000000003 0.44 0.5 0.52 0.55 0.5700000000000001 0.58 0.66 0.71 0.72 0.77 84
0.02 0.03 0.05 0.07 0.16 0.2 0.34 0.36 0.71 0.72 85
0.02 0.03 0.05 0.09 0.16 0.2 0.21 0.25 0.31 0.35000000000000003 0.4 0.48 0.52 0.54 0.6 0.66 0.71 0.72 0.78 0.81 85
0.02 0.03 0.05 0.07 0.16 0.2 0.23 0.31 0.36 0.39 0.44 0.47000000000000003 0.64 0.6900000000000001 0.79 0.8300000000000001 85
0.02 0.03 0.05 0.07 0.15 0.2 0.21 0.25 0.31 0.35000000000000003 0.38 0.45 0.48 0.58 0.71 0.72 85
0.02 0.03 0.05 0.09 0.13 0.18 0.23 0.31 0.35000000000000003 0.38 0.47000000000000003 0.63 0.71 0.72 85
0.02 0.03 0.05 0.08 0.13 0.2 0.22 0.25 0.31 0.35000000000000003 0.38 0.45 0.48 0.51 0.54 0.58 0.66 0.71 0.73 85
0.01 0.03 0.05 0.09 0.15 0.2 0.25 0.29 0.35000000000000003 0.4 0.44 0.48 0.6 0.71 0.72 0.77 0.8200000000000001 84
0.01 0.03 0.05 0.09 0.16 0.18 0.21 0.25 0.3 0.35000000000000003 0.39 0.43 0.47000000000000003 0.51 0.54 0.58 0.65 0.71 0.74 0.79 0.81 84
0.02 0.03 0.05 0.1 0.16 0.2 0.23 0.27 0.36 0.42 0.46 0.5 0.6 0.66 0.71 0.72 85
0.02 0.03 0.05 0.11 0.13 0.2 0.22 0.25 0.29 0.35000000000000003 0.4 0.43 0.47000000000000003 0.58 0.71 0.73 0.77 0.81 85
0.02 0.03 0.05 0.1 0.16 0.2 0.21 0.25 0.33 0.36 0.39 0.44 0.47000000000000003 0.52 0.54 0.59 0.64 0.71 0.72 0.78 0.81 85
0.02 0.03 0.05 0.09 0.13 0.18 0.23 0.25 0.29 0.43 0.48 0.58 0.71 0.74 85
0.02 0.03 0.05 0.08 0.13 0.2 0.21 0.25 0.29 0.4 0.44 0.47000000000000003 0.51 0.54 0.6 0.64 0.7000000000000001 0.72 85
0.01 0.04 0.06 0.11 0.16 0.2 0.23 0.25 0.3 0.35000000000000003 0.39 0.45 0.5 0.51 0.54 0.61 0.65 0.71 0.72 0.79 84
0.01 0.04 0.06 0.11 0.16 0.2 84
0.01 0.03 0.05 0.16 0.2 0.23 0.25 0.32 0.35000000000000003 0.39 0.45 0.49 0.56 0.61 0.65 0.71 0.74 0.79 0.81 84
0.02 0.03 0.05 0.09 0.16 0.2 0.21 0.25 0.35000000000000003 0.4 0.45 0.51 0.54 0.71 0.72 0.77 0.81 85
0.01 0.03 0.05 0.07 0.16 0.2 0.23 0.31 0.35000000000000003 0.41000000000000003 0.44 0.5 0.52 0.55 0.5700000000000001 0.58 0.66 0.71 0.72 0.77 84
0.02 0.03 0.05 0.18 0.21 0.25 0.3 0.35000000000000003 0.39 0.43 0.48 0.53 0.54 0.58 0.64 0.71 0.72 0.78 85
0.01 0.03 0.06 85
0.01 0.03 0.05 0.11 0.15 0.2 0.21 0.25 0.3 0.35000000000000003 0.39 0.45 0.48 0.51 0.54 0.6 0.65 0.71 0.72 0.78 84
0.02 0.03 0.05 0.11 0.15 0.21 0.25 0.29 0.35000000000000003 0.38 0.45 0.47000000000000003 0.58 0.64 0.67 0.74 85
0.01 0.03 0.06 0.07 0.13 0.18 0.23 0.25 0.29 0.36 0.38 0.43 0.47000000000000003 0.61 0.63 0.71 0.72 0.79 0.8300000000000001 84
0.02 0.03 0.05 0.1 0.16 0.2 0.23 0.27 0.36 0.42 0.46 0.5 0.6 0.66 0.71 0.72 85
0.01 0.03 0.05 0.16 0.23 0.27 0.32 0.36 0.46 0.5 0.52 0.54 0.5700000000000001 0.71 0.74 0.79 0.81 84
0.02 0.03 0.05 0.09 0.16 0.2 0.23 0.26 0.3 0.35000000000000003 0.4 0.44 0.47000000000000003 0.52 0.55 0.58 0.62 0.71 0.72 85
0.02 0.03 0.05 0.16 0.2 0.31 0.35000000000000003 0.45 0.47000000000000003 0.52 0.54 0.6 0.63 0.71 0.72 84
0.01 0.03 0.05 0.16 0.2 0.23 0.28 0.33 0.36 0.39 0.45 0.48 0.52 0.54 0.61 0.66 0.71 0.72 84
0.02 0.03 0.05 0.1 0.16 0.2 0.23 0.25 0.3 0.35000000000000003 0.39 0.43 0.48 0.6 0.63 0.71 0.73 85
0.02 0.03 0.05 0.22 0.25 0.31 0.35000000000000003 0.39 0.45 0.48 0.52 0.54 0.6 0.64 85
0.02 0.03 0.05 0.09 0.13 0.18 0.23 0.31 0.35000000000000003 0.38 0.47000000000000003 0.63 0.71 0.72 85
0.02 0.03 0.05 0.09 0.15 0.18 0.21 0.25 0.29 0.35000000000000003 0.38 0.45 0.51 0.54 0.6 0.63 0.71 0.72 0.78 0.81 85
0.02 0.03 0.05 0.07 0.13 0.2 0.23 0.27 0.3 0.35000000000000003 0.38 0.46 0.47000000000000003 0.51 0.54 0.66 0.71 0.72 84
0.02 0.03 0.05 0.11 0.13 0.2 0.22 0.25 0.29 0.35000000000000003 0.4 0.43 0.47000000000000003 0.58 0.71 0.73 0.77 0.81 85
0.02 0.03 0.05 0.11 0.13 0.2 0.22 0.25 0.3 0.35000000000000003 0.38 0.43 0.58 0.62 0.71 0.73 85
0.01 0.04 0.05 0.09 0.16 0.2 0.27 0.35000000000000003 0.39 0.46 0.71 0.74 84
0.02 0.03 0.05 0.09 0.13 0.2 0.29 0.35000000000000003 0.67 0.72 84
0.01 0.03 0.05 0.24 0.27 0.36 0.39 0.46 0.47000000000000003 0.71 0.74 0.79 0.81 84
0.02 0.03 0.05 0.07 0.16 0.18 0.23 0.27 0.32 0.36 0.39 0.46 0.48 0.56 0.5700000000000001 0.6 0.64 0.71 0.72 0.79 0.8300000000000001 84
0.01 0.03 0.05 0.09 0.16 0.2 0.22 0.27 0.29 0.35000000000000003 0.39 0.46 0.49 0.53 0.55 0.5700000000000001 0.61 0.66 0.71 0.72 84
0.01 0.03 0.05 0.16 0.27 0.46 0.5 0.66 84
0.02 0.03 0.05 0.09 0.13 0.2 0.22 0.25 0.31 0.35000000000000003 0.4 0.45 0.47000000000000003 0.58 0.64 0.7000000000000001 0.72 85
0.01 0.03 0.05 0.16 0.2 0.23 0.29 0.35000000000000003 0.46 0.53 0.55 0.66 0.71 0.74 84
0.01 0.04 0.05 0.11 0.16 0.23 0.27 0.33 0.36 0.39 0.45 0.71 0.72 0.78 0.81 84
0.02 0.03 0.05 0.07 0.13 0.2 0.21 0.25 0.31 0.35000000000000003 0.43 0.47000000000000003 0.58 0.7000000000000001 0.72 85
0.01 0.04 0.06 0.11 0.16 0.2 84
0.01 0.04 0.06 0.09 0.16 0.2 0.23 0.27 0.31 0.35000000000000003 0.42 0.43 0.49 0.52 0.55 0.5700000000000001 0.59 0.7000000000000001 0.72 0.78 0.81 84
0.01 0.03 0.05 0.09 0.16 0.2 0.34 0.36 0.41000000000000003 0.45 0.47000000000000003 0.55 0.58 0.65 0.71 0.72 0.78 0.81 84
0.02 0.03 0.05 0.11 0.16 0.2 0.21 0.25 0.31 0.35000000000000003 0.41000000000000003 0.44 0.48 0.51 0.54 0.71 0.72 0.77 84
0.01 0.03 0.05 0.09 0.13 0.2 0.23 0.25 0.3 0.35000000000000003 0.4 0.45 0.49 0.52 0.54 0.58 0.66 0.71 0.72 0.78 0.81 84
0.02 0.03 0.05 0.09 0.16 0.2 0.21 0.25 0.35000000000000003 0.4 0.45 0.51 0.54 0.71 0.72 0.77 0.81 85
0.01 0.03 0.05 0.16 0.19 0.32 0.35000000000000003 0.41000000000000003 0.54 0.5700000000000001 0.78 0.81 84
0.02 0.03 0.05 0.07 0.15 0.2 0.23 0.29 0.35000000000000003 0.4 0.46 0.49 0.52 0.55 0.61 0.66 0.68 0.72 0.78 84
0.01 0.03 0.05 0.07 0.16 0.2 0.23 0.27 0.32 0.35000000000000003 0.41000000000000003 0.45 0.48 0.61 0.65 0.71 0.72 0.79 0.81 84
0.02 0.03 0.05 0.21 0.25 0.31 0.35000000000000003 0.38 0.45 0.47000000000000003 0.59 0.63 0.71 0.72 85
0.02 0.03 0.05 0.09 0.13 0.2 0.21 0.25 0.29 0.35000000000000003 0.4 0.43 0.48 0.58 0.7000000000000001 0.72 85
0.01 0.03 0.05 0.09 0.16 0.2 0.21 0.25 0.29 0.35000000000000003 0.4 0.43 0.61 0.65 0.71 0.72 0.78 0.8300000000000001 84
0.01 0.03 0.05 0.16 0.2 0.23 0.27 0.32 0.36 0.42 0.46 0.5 0.53 0.56 0.61 0.65 0.71 0.72 84
0.01 0.03 0.05 0.09 0.15 0.29 0.35000000000000003 0.47000000000000003 0.52 0.54 0.71 0.72 84
0.02 0.03 0.05 0.09 0.13 0.2 0.22 0.25 0.31 0.35000000000000003 0.4 0.45 0.47000000000000003 0.58 0.64 0.7000000000000001 0.72 85
0.01 0.03 0.05 0.09 0.16 0.27 0.35000000000000003 0.42 0.45 0.47000000000000003 0.54 0.58 0.62 0.71 0.75 0.77 0.81 84
0.01 0.03 0.05 0.09 0.16 0.2 0.22 0.27 0.29 0.35000000000000003 0.39 0.46 0.49 0.53 0.55 0.5700000000000001 0.61 0.66 0.71 0.72 84
0.01 0.04 0.06 0.11 0.16 0.2 0.24 0.25 0.34 0.36 0.39 0.46 0.5 0.51 0.55 0.5700000000000001 0.6 0.71 0.72 0.79 0.8200000000000001 84
0.02 0.03 0.05 0.09 0.13 0.2 0.21 0.25 0.29 0.35000000000000003 0.4 0.43 0.48 0.58 0.7000000000000001 0.72 85
0.02 0.03 0.05 0.1 0.16 0.2 0.23 0.27 0.36 0.39 0.46 0.48 0.51 0.55 0.61 0.66 0.71 0.72 84
0.02 0.03 0.05 0.09 0.13 0.2 0.21 0.25 0.31 0.35000000000000003 0.4 0.45 0.47000000000000003 0.58 0.62 0.7000000000000001 0.72 85
0.02 0.03 0.05 0.07 0.15 0.2 0.23 0.29 0.35000000000000003 0.4 0.46 0.49 0.52 0.55 0.61 0.66 0.68 0.72 0.78 84
0.02 0.04 0.06 0.09 0.16 0.21 0.29 0.35000000000000003 0.42 0.45 0.47000000000000003 0.52 0.54 0.6 0.71 0.72 0.77 0.81 85
0.01 0.03 0.05 0.09 0.16 0.2 0.24 0.27 0.32 0.35000000000000003 0.39 0.46 0.5 0.51 0.54 0.61 0.66 0.71 0.72 0.77 0.8300000000000001 84
0.01 0.03 0.05 0.07 0.16 0.2 0.23 0.34 0.36 0.42 0.46 0.49 0.52 0.55 0.58 0.66 0.71 0.72 0.79 0.81 84
0.01 0.03 0.05 0.09 0.15 0.2 0.21 0.25 0.29 0.36 0.38 0.44 0.47000000000000003 0.52 0.58 0.62 0.71 0.72 0.78 0.8300000000000001 85
0.02 0.03 0.05 0.11 0.16 0.2 0.23 0.27 0.29 0.36 0.39 0.45 0.49 0.52 0.54 0.5700000000000001 0.58 0.66 0.71 0.72 0.79 0.81 84
0.01 0.04 0.06 0.09 0.16 0.2 0.23 0.27 0.31 0.35000000000000003 0.42 0.43 0.49 0.52 0.55 0.5700000000000001 0.59 0.7000000000000001 0.72 0.78 0.81 84
0.01 0.04 0.06 0.16 0.2 0.23 0.27 0.32 0.36 0.41000000000000003 0.46 0.49 0.53 0.61 0.66 0.71 0.72 0.79 0.81 85
0.01 0.03 0.05 0.11 0.16 0.2 0.24 0.28 0.36 0.42 0.46 0.78 0.81 85
0.01 0.03 0.05 0.09 0.16 0.2 0.23 0.25 0.33 0.36 0.41000000000000003 0.45 0.49 0.52 0.56 0.5700000000000001 0.61 0.65 0.71 0.72 0.79 84
0.01 0.03 0.05 0.12 0.2 0.21 0.25 0.32 0.35000000000000003 0.42 0.45 0.49 0.52 0.56 0.5700000000000001 0.65 0.71 0.72 84
0.02 0.04 0.06 0.11 0.16 0.2 0.71 0.72 0.81 84
0.02 0.03 0.05 0.16 0.2 0.23 0.28 0.31 0.35000000000000003 0.41000000000000003 0.46 0.5 0.52 0.54 0.6 0.66 0.71 0.72 84
0.01 0.03 0.05 0.09 0.15 0.2 0.21 0.25 0.29 0.35000000000000003 0.38 0.44 0.47000000000000003 0.52 0.58 0.62 0.71 0.72 0.78 0.8300000000000001 85
0.01 0.03 0.05 0.07 0.13 0.2 0.61 0.62 0.7000000000000001 0.73 0.77 0.81 85
0.02 0.03 0.05 0.09 0.15 0.2 0.22 0.25 0.31 0.35000000000000003 0.38 0.45 0.48 0.52 0.54 0.6 0.66 0.71 0.73 0.77 0.81 85
0.02 0.03 0.06 0.09 0.16 0.18 0.23 0.25 0.29 0.36 0.41000000000000003 0.49 0.51 0.56 0.71 0.72 84
0.01 0.03 0.05 0.2 0.24 0.27 0.31 0.42 0.46 0.49 0.52 0.61 0.65 0.71 0.72 0.79 84
0.01 0.03 0.06 0.07 0.13 0.21 0.25 0.29 0.35000000000000003 0.38 0.43 0.47000000000000003 0.58 0.62 0.78 0.81 84
0.01 0.03 0.05 0.07 0.15 0.2 0.25 0.3 0.35000000000000003 0.4 0.45 0.49 0.52 0.54 0.6 0.66 0.71 0.74 84
0.02 0.04 0.06 0.09 0.16 0.2 0.21 0.25 0.3 0.35000000000000003 0.38 0.45 0.48 0.53 0.5700000000000001 0.58 0.62 0.71 0.72 0.77 85
0.01 0.03 0.05 0.07 0.13 0.18 0.22 0.25 0.29 0.35000000000000003 0.4 0.45 0.49 0.53 0.54 0.61 0.66 0.72 85
0.02 0.03 0.05 0.09 0.13 0.2 0.23 0.27 0.3 0.36 0.39 0.46 0.47000000000000003 0.52 0.61 85
0.01 0.03 0.05 0.09 0.16 0.2 0.21 0.25 0.29 0.35000000000000003 0.4 0.43 0.61 0.65 0.71 0.72 0.78 0.8300000000000001 84
0.01 0.03 0.05 0.11 0.16 0.2 0.24 0.27 0.33 0.36 0.39 0.45 0.49 0.51 0.56 0.65 0.71 0.72 0.79 84
0.01 0.03 0.05 0.09 0.15 0.2 0.21 0.27 0.31 0.35000000000000003 0.41000000000000003 0.46 0.47000000000000003 0.52 0.56 0.5700000000000001 0.59 0.66 0.71 0.72 0.77 0.81 84
0.01 0.03 0.05 0.09 0.16 0.18 0.21 0.25 0.3 0.35000000000000003 0.39 0.43 0.47000000000000003 0.51 0.54 0.58 0.65 0.71 0.74 0.79 0.81 84
0.01 0.03 0.05 0.16 0.23 0.32 0.36 0.42 0.46 0.52 0.59 0.71 0.72 84
0.02 0.03 0.05 0.21 0.25 0.31 0.35000000000000003 0.38 0.45 0.47000000000000003 0.59 0.63 0.71 0.72 85
0.01 0.03 0.05 0.07 0.16 0.2 0.24 0.27 0.32 0.35000000000000003 0.41000000000000003 0.46 0.49 0.52 0.54 0.6 0.66 0.71 0.72 84
0.01 0.03 0.05 0.09 0.15 0.2 0.21 0.25 0.29 0.35000000000000003 0.38 0.44 0.47000000000000003 0.52 0.58 0.62 0.71 0.72 0.78 0.8300000000000001 85
0.02 0.03 0.05 0.21 0.25 0.31 0.35000000000000003 0.38 0.45 0.47000000000000003 0.59 0.63 0.71 0.72 85
0.01 0.03 0.05 0.16 0.23 0.28 0.32 0.35000000000000003 0.41000000000000003 0.46 0.5 0.51 0.54 0.66 0.71 0.74 0.78 0.81 84
0.01 0.03 0.05 0.11 0.12 0.2 0.22 0.31 0.35000000000000003 0.39 0.45 0.7000000000000001 0.74 0.81 84
0.01 0.04 0.06 0.09 0.16 0.2 0.23 0.27 0.3 0.35000000000000003 0.4 0.45 0.49 0.51 0.54 0.7000000000000001 0.72 0.78 0.81 84
0.02 0.03 0.06 0.09 0.13 0.2 0.23 0.27 0.31 0.36 0.39 0.45 0.47000000000000003 0.52 0.54 0.6 0.7000000000000001 0.72 0.79 84
0.02 0.03 0.05 0.11 0.16 0.2 0.23 0.27 0.29 0.36 0.39 0.45 0.49 0.52 0.54 0.5700000000000001 0.58 0.66 0.71 0.72 0.79 0.81 84
0.02 0.03 0.05 0.07 0.16 0.18 0.23 0.27 0.32 0.36 0.39 0.46 0.48 0.56 0.5700000000000001 0.6 0.64 0.71 0.72 0.79 0.8300000000000001 84
0.01 0.03 0.05 0.09 0.16 0.2 0.23 0.25 0.33 0.36 0.41000000000000003 0.45 0.49 0.52 0.56 0.5700000000000001 0.61 0.65 0.71 0.72 0.79 84
0.01 0.03 0.05 0.09 0.16 0.2 0.23 0.27 0.31 0.35000000000000003 0.41000000000000003 0.46 0.49 0.52 0.54 0.6 0.66 0.71 0.72 0.79 0.81 84
0.01 0.03 0.05 0.11 0.15 0.18 0.29 0.38 0.43 0.7000000000000001 0.74 85
0.02 0.03 0.05 0.11 0.16 0.23 0.27 0.33 0.35000000000000003 0.39 0.45 0.47000000000000003 0.51 0.54 0.61 0.62 0.71 0.72 84
0.02 0.03 0.05 0.13 0.2 0.35000000000000003 0.71 0.72 0.78 0.81 84
0.01 0.03 0.05 0.11 0.16 0.2 0.32 0.35000000000000003 0.4 0.46 0.48 0.61 0.63 0.71 0.76 0.78 0.81 85
0.02 0.03 0.06 0.09 0.15 0.18 0.22 0.25 0.3 0.35000000000000003 0.4 0.47000000000000003 0.52 0.59 0.71 0.72 0.77 85
0.01 0.03 0.05 0.07 0.13 0.18 0.22 0.25 0.29 0.35000000000000003 0.4 0.45 0.49 0.53 0.54 0.61 0.66 0.72 85
0.01 0.04 0.06 0.11 0.16 0.2 0.23 0.25 0.3 0.35000000000000003 0.39 0.45 0.5 0.51 0.54 0.61 0.65 0.71 0.72 0.79 84
0.02 0.03 0.05 0.11 0.13 0.2 0.22 0.25 0.3 0.35000000000000003 0.38 0.43 0.58 0.62 0.71 0.73 85
0.01 0.04 0.06 0.11 0.16 0.2 0.23 0.25 0.3 0.35000000000000003 0.39 0.45 0.5 0.51 0.54 0.61 0.65 0.71 0.72 0.79 84
0.01 0.04 0.06 0.71 0.72 0.78 84
0.01 0.03 0.05 0.09 0.16 0.2 0.23 0.27 0.33 0.36 0.45 0.49 0.52 0.56 0.61 0.66 0.71 0.76 84
0.01 0.03 0.05 0.1 0.16 0.2 0.22 0.27 0.32 0.36 0.41000000000000003 0.46 0.49 0.52 0.54 0.6 0.66 0.71 0.74 84
0.01 0.04 0.06 0.09 0.16 0.2 0.23 0.27 0.3 0.35000000000000003 0.4 0.45 0.49 0.51 0.54 0.7000000000000001 0.72 0.78 0.81 84
0.02 0.03 0.05 0.16 0.2 0.31 0.35000000000000003 0.45 0.47000000000000003 0.52 0.54 0.6 0.63 0.71 0.72 84
0.02 0.03 0.05 0.1 0.16 0.22 0.26 0.29 0.35000000000000003 0.38 0.44 0.48 0.52 0.54 0.58 0.62 0.71 0.72 85
0.02 0.03 0.05 0.09 0.13 0.2 0.21 0.25 0.29 0.35000000000000003 0.39 0.45 0.47000000000000003 0.64 0.71 0.72 84
0.01 0.03 0.05 0.16 0.23 0.32 0.36 0.42 0.46 0.52 0.59 0.71 0.72 84
0.02 0.03 0.05 0.21 0.25 0.31 0.35000000000000003 0.38 0.45 0.47000000000000003 0.59 0.63 0.71 0.72 85
0.01 0.03 0.05 0.16 0.19 0.32 0.35000000000000003 0.41000000000000003 0.54 0.5700000000000001 0.78 0.81 84
0.01 0.03 0.05 0.16 0.23 0.27 0.34 0.36 0.42 0.45 0.49 0.51 0.56 0.61 0.66 0.71 0.72 0.79 84
0.01 0.03 0.05 0.09 0.16 0.18 0.21 0.25 0.3 0.35000000000000003 0.39 0.43 0.47000000000000003 0.51 0.54 0.58 0.65 0.71 0.74 0.79 0.81 84
0.02 0.03 0.05 0.09 0.16 0.2 0.22 0.26 0.3 0.35000000000000003 0.38 0.43 0.47000000000000003 0.53 0.54 0.58 0.62 0.71 0.74 85
0.01 0.03 0.05 0.07 0.16 0.22 0.25 0.29 0.35000000000000003 0.4 0.45 0.49 0.52 0.54 0.61 0.66 0.71 0.72 84
0.01 0.03 0.05 0.09 0.15 0.2 0.21 0.25 0.29 0.35000000000000003 0.38 0.44 0.47000000000000003 0.52 0.58 0.62 0.71 0.72 0.78 0.8300000000000001 85
0.02 0.03 0.05 0.11 0.13 0.2 0.22 0.25 0.29 0.35000000000000003 0.4 0.43 0.47000000000000003 0.58 0.71 0.73 0.77 0.81 85
0.02 0.03 0.05 0.07 0.15 0.2 0.22 0.27 0.31 0.35000000000000003 0.38 0.45 0.48 0.53 0.54 0.5700000000000001 0.71 0.72 85
0.01 0.03 0.05 0.16 0.23 0.27 0.33 0.36 0.39 0.46 0.49 0.56 0.61 0.65 0.71 0.72 0.78 0.81 84
0.02 0.03 0.05 0.2 0.23 0.25 0.29 0.35000000000000003 0.4 0.45 0.48 0.71 0.74 85
0.01 0.04 0.05 0.11 0.16 0.23 0.27 0.33 0.36 0.39 0.45 0.71 0.72 0.78 0.81 84
0.01 0.03 0.05 0.07 0.13 0.27 0.29 0.35000000000000003 0.39 0.45 0.48 0.53 0.54 0.6 0.66 0.7000000000000001 0.79 0.81 84
0.01 0.03 0.05 0.09 0.15 0.21 0.25 0.29 0.35000000000000003 0.38 0.44 0.5 0.52 0.55 0.61 0.66 84
0.01 0.03 0.05 0.11 0.16 0.2 0.24 0.27 0.33 0.36 0.39 0.45 0.49 0.51 0.56 0.65 0.71 0.72 0.79 84
0.01 0.03 0.05 0.11 0.2 0.23 0.25 0.31 0.35000000000000003 0.41000000000000003 0.46 0.48 0.52 0.7000000000000001 0.72 0.77 0.81 84
0.02 0.03 0.05 0.11 0.15 0.2 0.21 0.25 0.31 0.35000000000000003 0.4 0.45 0.5 0.52 0.66 0.71 0.74 84
0.01 0.03 0.05 0.11 0.16 0.2 0.24 0.27 0.33 0.36 0.39 0.45 0.49 0.51 0.56 0.65 0.71 0.72 0.79 84
0.01 0.03 0.05 0.07 0.16 0.2 0.31 0.36 0.41000000000000003 0.46 0.48 0.52 0.56 0.5700000000000001 0.61 0.65 0.71 0.72 0.79 0.81 84
0.01 0.03 0.05 0.1 0.16 0.2 0.24 0.27 0.35000000000000003 0.39 0.46 0.49 0.61 0.71 0.74 0.78 0.81 84
0.01 0.03 0.05 0.09 0.16 0.2 0.25 0.3 0.35000000000000003 0.39 0.46 0.48 0.58 0.66 0.71 0.72 0.79 0.81 84
0.01 0.03 0.05 0.11 0.16 0.18 0.25 0.29 0.39 0.45 0.61 0.65 84
0.01 0.03 0.05 0.1 0.16 0.2 0.23 0.27 0.31 0.35000000000000003 0.39 0.46 0.49 0.51 0.56 0.5700000000000001 0.71 0.74 0.79 0.81 84
0.01 0.03 0.05 0.11 0.16 0.21 0.25 0.33 0.36 0.4 0.45 0.48 0.52 0.55 0.61 0.65 0.71 0.72 84
0.01 0.03 0.05 0.1 0.16 0.2 0.22 0.27 0.32 0.36 0.41000000000000003 0.46 0.49 0.52 0.54 0.6 0.66 0.71 0.74 84
0.01 0.03 0.05 0.11 0.15 0.2 0.23 0.25 0.29 0.35000000000000003 0.41000000000000003 0.45 0.47000000000000003 0.6 0.71 0.74 84
0.02 0.03 0.05 0.09 0.15 0.2 0.22 0.25 0.31 0.35000000000000003 0.38 0.45 0.48 0.52 0.54 0.6 0.66 0.71 0.73 0.77 0.81 85
0.01 0.03 0.05 0.09 0.16 0.2 0.23 0.27 0.31 0.35000000000000003 0.41000000000000003 0.46 0.49 0.52 0.54 0.6 0.66 0.71 0.72 0.79 0.81 84
0.01 0.03 0.05 0.11 0.23 0.25 0.31 0.35000000000000003 0.42 0.46 0.48 0.7000000000000001 0.72 0.78 84
0.02 0.03 0.05 0.07 0.16 0.2 0.34 0.36 0.71 0.72 85
0.01 0.03 0.05 0.09 0.16 0.2 0.21 0.25 0.31 0.35000000000000003 0.39 0.46 0.48 0.52 0.56 0.5700000000000001 0.65 0.71 0.72 84
0.01 0.03 0.05 0.11 0.24 0.27 0.34 0.36 0.41000000000000003 0.46 0.48 0.51 0.56 0.5700000000000001 0.61 0.65 0.71 0.79 0.81 84
0.02 0.03 0.05 0.09 0.13 0.2 0.21 0.25 0.31 0.35000000000000003 0.4 0.45 0.47000000000000003 0.58 0.62 0.7000000000000001 0.72 85
0.02 0.03 0.05 0.08 0.16 0.2 0.23 0.27 0.32 0.36 0.42 0.46 0.5 0.53 0.55 0.5700000000000001 0.61 0.66 0.71 0.72 84
0.01 0.03 0.05 0.09 0.12 0.2 0.23 0.25 0.29 0.35000000000000003 0.41000000000000003 0.44 0.48 0.53 0.56 0.5700000000000001 0.6 0.71 0.74 0.78 0.81 85
0.01 0.03 0.05 0.09 0.12 0.2 0.23 0.25 0.29 0.35000000000000003 0.41000000000000003 0.44 0.48 0.53 0.56 0.5700000000000001 0.6 0.71 0.74 0.78 0.81 85
0.01 0.03 0.05 0.08 0.16 0.18 0.21 0.25 0.31 0.35000000000000003 0.4 0.45 0.48 0.52 0.61 0.65 0.6900000000000001 0.72 0.78 0.81 84
0.02 0.03 0.05 0.1 0.16 0.2 0.23 0.27 0.36 0.39 0.46 0.48 0.51 0.55 0.61 0.66 0.71 0.72 84
0.01 0.03 0.06 0.1 0.12 0.2 0.71 0.72 84
0.01 0.03 0.05 0.11 0.16 0.2 0.32 0.35000000000000003 0.4 0.46 0.48 0.61 0.63 0.71 0.76 0.78 0.81 85
0.01 0.03 0.05 0.09 0.16 0.23 0.27 0.32 0.36 0.42 0.46 0.49 0.52 0.54 0.61 0.65 0.71 0.72 0.78 0.81 84
0.02 0.03 0.05 0.16 0.2 0.23 0.27 0.3 0.35000000000000003 0.39 0.45 0.49 0.52 0.54 0.6 0.71 0.75 84
0.01 0.03 0.05 0.07 0.16 0.2 0.23 0.27 0.34 0.35000000000000003 0.39 0.46 0.5 0.53 0.55 0.5700000000000001 0.61 0.66 0.71 0.75 85
0.02 0.03 0.05 0.09 0.13 0.2 0.22 0.25 0.31 0.35000000000000003 0.4 0.45 0.47000000000000003 0.58 0.64 0.7000000000000001 0.72 85
0.02 0.03 0.05 0.11 0.16 0.2 0.23 0.27 0.29 0.36 0.39 0.45 0.49 0.52 0.54 0.5700000000000001 0.58 0.66 0.71 0.72 0.79 0.81 84
0.01 0.03 0.05 0.07 0.16 0.2 0.21 0.27 0.34 0.36 0.4 0.46 0.48 0.52 0.56 0.5700000000000001 0.65 0.71 0.72 0.79 84
0.01 0.03 0.05 84
0.02 0.03 0.05 0.16 0.2 0.23 0.28 0.31 0.35000000000000003 0.41000000000000003 0.46 0.5 0.52 0.54 0.6 0.66 0.71 0.72 84
0.01 0.03 0.05 0.09 0.16 0.2 0.25 0.35000000000000003 0.42 0.45 0.66 0.7000000000000001 0.74 84
0.01 0.04 0.06 0.09 0.16 0.2 0.23 0.27 0.31 0.35000000000000003 0.42 0.43 0.49 0.52 0.55 0.5700000000000001 0.59 0.7000000000000001 0.72 0.78 0.81 84
0.02 0.03 0.05 0.09 0.15 0.2 0.21 0.25 0.29 0.35000000000000003 0.38 0.45 0.47000000000000003 0.52 0.54 0.6 0.63 0.71 0.72 0.77 85
0.03 0.05 0.09 0.16 0.2 0.25 0.32 0.36 0.39 0.66 84
0.01 0.03 0.05 0.07 0.16 0.2 0.24 0.27 0.32 0.35000000000000003 0.41000000000000003 0.46 0.49 0.52 0.54 0.6 0.66 0.71 0.72 84
0.01 0.03 0.05 0.09 0.16 0.22 0.27 0.3 0.35000000000000003 0.42 0.45 0.49 0.51 0.55 0.5700000000000001 0.58 0.66 0.7000000000000001 0.72 0.78 0.81 84
0.01 0.03 0.05 0.11 0.13 0.2 0.22 0.25 0.32 0.39 0.45 0.47000000000000003 0.58 0.71 0.72 84
0.01 0.03 0.05 0.09 0.16 0.2 0.24 0.32 0.36 0.42 0.45 0.47000000000000003 0.51 0.56 0.5700000000000001 0.65 0.71 0.72 0.8200000000000001 84
0.02 0.04 0.06 0.09 0.16 0.2 0.21 0.25 0.3 0.35000000000000003 0.38 0.45 0.48 0.53 0.5700000000000001 0.71 0.72 0.77 0.81 85
0.02 0.03 0.05 0.09 0.15 0.2 0.21 0.29 0.35000000000000003 0.38 0.45 0.47000000000000003 0.52 0.56 0.5700000000000001 0.61 0.64 0.71 0.72 85
0.02 0.03 0.05 0.11 0.13 0.2 0.22 0.25 0.3 0.35000000000000003 0.38 0.43 0.58 0.62 0.71 0.73 85
0.02 0.03 0.05 0.07 0.16 0.18 0.23 0.27 0.32 0.36 0.39 0.46 0.48 0.56 0.5700000000000001 0.6 0.64 0.71 0.72 0.79 0.8300000000000001 84
0.01 0.03 0.05 0.09 0.16 0.2 0.21 0.27 0.3 0.36 0.39 0.45 0.49 0.55 0.5700000000000001 0.61 0.71 0.72 0.78 84
0.01 0.03 0.05 0.11 0.16 0.2 0.24 0.27 0.3 0.36 0.41000000000000003 0.46 0.5 0.61 0.66 0.71 0.74 0.79 0.81 84
0.01 0.03 0.05 0.11 0.15 0.2 0.21 0.25 0.3 0.35000000000000003 0.39 0.45 0.48 0.51 0.54 0.6 0.65 0.71 0.72 0.78 84
0.01 0.03 0.05 0.07 0.13 0.27 0.29 0.35000000000000003 0.39 0.45 0.48 0.53 0.54 0.6 0.66 0.7000000000000001 0.79 0.81 84
0.01 0.03 0.05 0.08 0.13 0.2 0.28 0.31 0.36 0.42 0.46 0.5 0.51 0.54 0.6 0.66 0.71 0.74 0.79 0.81 84
0.02 0.03 0.05 0.11 0.15 0.2 0.21 0.25 0.31 0.35000000000000003 0.4 0.45 0.5 0.52 0.66 0.71 0.74 84
0.01 0.04 0.05 0.11 0.16 0.23 0.27 0.33 0.36 0.39 0.45 0.71 0.72 0.78 0.81 84
0.02 0.03 0.05 0.11 0.13 0.21 0.25 0.3 0.35000000000000003 0.38 0.45 0.48 0.51 0.54 0.63 0.71 0.72 0.77 0.81 85
0.02 0.03 0.05 0.09 0.15 0.2 0.21 0.29 0.35000000000000003 0.38 0.45 0.47000000000000003 0.52 0.56 0.5700000000000001 0.61 0.64 0.71 0.72 85
0.01 0.03 0.05 0.09 0.16 0.2 0.22 0.27 0.29 0.35000000000000003 0.39 0.46 0.49 0.53 0.55 0.5700000000000001 0.61 0.66 0.71 0.72 84
