2.7120259847960126e+27 8.345628746072596e+72 8.875029335484789e+70 1.9526589531354776e+25 1.2517232263347736e-195 1.925168902904857e+53 4748617939962663.0 8.678485320968248e+22 6.305519879573206e-288 1.4087989547525077e+40 2268119728167978.5 6.050156621342717e+25 4.2382614260014424e+16 2.1154118523975487e-229 3.0779404197344675e-122 1.4278434364939144e-126 5.536079675478033e+52 85
3.1494153964135746e+42 8.345628746072596e+72 8.875029335484789e+70 3.0234431708527238e-179 3.1957719249423194e+45 1.925168902904857e+53 1.0204289957071081e+19 1.866038476352147e+25 1.9465890863512134e-278 1.4087989547525077e+40 3.8135855069066586e-108 6.050156621342717e+25 1.6035532852742662e-250 4.33016880131513e+16 5.2873475133078145e-126 6.792991213550305e+57 5.536079675478033e+52 7.225236740400645e-230 1.0616379393723581e-277 84
2.7120259847960126e+27 8.345628746072596e+72 8.875029335484789e+70 3.0234431708527238e-179 8.793732783043738e-233 2.9480314621755727e-125 4748617939962663.0 8.678485320968248e+22 41841564840081.7 1.4087989547525077e+40 1.0642109525535037e-261 6.050156621342717e+25 1.6035532852742662e-250 4.526529121828424e+22 2.298712555416994e+29 1.661162181925064e-180 2.9281875528986583e+19 1.4278434364939144e-126 8.082560025826025e-19 6.271744242146586e-173 1.0616379393723581e-277 85
3.1494153964135746e+42 8.345628746072596e+72 8.875029335484789e+70 3.1957719249423194e+45 1.0204289957071081e+19 1.866038476352147e+25 1.9465890863512134e-278 6.330868119645567e+23 5.269417473382512e+16 1.9827865606706087e-158 4.526529121828424e+22 2.298712555416994e+29 7.338041840376709e-298 6.792991213550305e+57 4.9863008079981014e-176 7.225236740400645e-230 1.0616379393723581e-277 84
3.1494153964135746e+42 8.345628746072596e+72 8.875029335484789e+70 3.0234431708527238e-179 3.1957719249423194e+45 1.925168902904857e+53 4748617939962663.0 1.866038476352147e+25 9.546557421846118e-125 1.4087989547525077e+40 3.8135855069066586e-108 6.050156621342717e+25 8.027400790325023e-260 921189763757225.2 2.1154118523975487e-229 2.9281875528986583e+19 1.4278434364939144e-126 5.536079675478033e+52 2.8478387842946783e-141 84
3.1494153964135746e+42 1.149633597223292e-107 1.6379880843419705e-142 1.9526589531354776e+25 3.1957719249423194e+45 1.925168902904857e+53 4.587858482124187e-155 3.1001600099058726e-19 2.1390269782942855e-72 2268119728167978.5 6.050156621342717e+25 8.027400790325023e-260 2.1154118523975487e-229 6.792991213550305e+57 5.536079675478033e+52 7.225236740400645e-230 1.0616379393723581e-277 84
3.1494153964135746e+42 8.345628746072596e+72 8.875029335484789e+70 1.9526589531354776e+25 3.1957719249423194e+45 2.9480314621755727e-125 1.0204289957071081e+19 1.866038476352147e+25 6.305519879573206e-288 1.4087989547525077e+40 5.269417473382512e+16 8.027400790325023e-260 4.4754740099510485e-52 3.901659921775895e-141 7.338041840376709e-298 6.792991213550305e+57 4.9863008079981014e-176 84
3.1494153964135746e+42 8.345628746072596e+72 8.875029335484789e+70 1.9526589531354776e+25 1.2517232263347736e-195 1.925168902904857e+53 1.0204289957071081e+19 1.4087989547525077e+40 1.190250431417194e-158 6.050156621342717e+25 1.6035532852742662e-250 6.792991213550305e+57 8.082560025826025e-19 6.271744242146586e-173 1.0616379393723581e-277 84
2.7120259847960126e+27 8.345628746072596e+72 8.875029335484789e+70 2.9480314621755727e-125 4748617939962663.0 8.678485320968248e+22 9.546557421846118e-125 1.4087989547525077e+40 1.0642109525535037e-261 2.616912079885173e-158 1.6035532852742662e-250 4.4754740099510485e-52 2.298712555416994e+29 2.1154118523975487e-229 7.086080022641995e-19 6.792991213550305e+57 5.536079675478033e+52 2.8478387842946783e-141 85
3.1494153964135746e+42 8.345628746072596e+72 8.875029335484789e+70 3.1957719249423194e+45 2.9480314621755727e-125 4.587858482124187e-155 3.1001600099058726e-19 1.9465890863512134e-278 1.4087989547525077e+40 1.0642109525535037e-261 6.050156621342717e+25 4.2382614260014424e+16 4.526529121828424e+22 2.298712555416994e+29 7.338041840376709e-298 4.33016880131513e+16 5.2873475133078145e-126 6.792991213550305e+57 5.536079675478033e+52 7.225236740400645e-230 84
3.1494153964135746e+42 8.345628746072596e+72 1.6379880843419705e-142 3.0234431708527238e-179 3.1957719249423194e+45 1.925168902904857e+53 4748617939962663.0 8.678485320968248e+22 9.546557421846118e-125 1.4087989547525077e+40 1.0642109525535037e-261 6.050156621342717e+25 4.2382614260014424e+16 921189763757225.2 2.298712555416994e+29 1.1283586266608183e-34 2.9281875528986583e+19 6.792991213550305e+57 5.536079675478033e+52 6.271744242146586e-173 84
3.1494153964135746e+42 8.345628746072596e+72 1.6379880843419705e-142 7.587478521909976e-73 5.866449715440115e-37 1.925168902904857e+53 6.792991213550305e+57 5.536079675478033e+52 84
3.1494153964135746e+42 1.149633597223292e-107 1.6379880843419705e-142 3.795639823103406e-300 3.1957719249423194e+45 1.925168902904857e+53 84
2.7120259847960126e+27 8.345628746072596e+72 8.875029335484789e+70 1.9526589531354776e+25 3.1957719249423194e+45 1.925168902904857e+53 4.0530237797396617e-109 8.678485320968248e+22 9.546557421846118e-125 1.4087989547525077e+40 1.190250431417194e-158 6.050156621342717e+25 4.2382614260014424e+16 921189763757225.2 2.298712555416994e+29 6.792991213550305e+57 4.9863008079981014e-176 85
2.7120259847960126e+27 8.345628746072596e+72 8.875029335484789e+70 3.795639823103406e-300 1.2517232263347736e-195 1.925168902904857e+53 4.0530237797396617e-109 8.678485320968248e+22 9.546557421846118e-125 1.4087989547525077e+40 1.190250431417194e-158 2.616912079885173e-158 2.1154118523975487e-229 3.0779404197344675e-122 6.792991213550305e+57 8.082560025826025e-19 85
2.7120259847960126e+27 8.345628746072596e+72 1.6379880843419705e-142 1.9526589531354776e+25 1.2517232263347736e-195 1.925168902904857e+53 1.0204289957071081e+19 1.866038476352147e+25 6.305519879573206e-288 6.330868119645567e+23 1.0642109525535037e-261 6.050156621342717e+25 4.2382614260014424e+16 4.526529121828424e+22 2.298712555416994e+29 1.661162181925064e-180 1.4278434364939144e-126 5.536079675478033e+52 7.225236740400645e-230 84
2.7120259847960126e+27 8.345628746072596e+72 8.875029335484789e+70 7.587478521909976e-73 3.1957719249423194e+45 1.0204289957071081e+19 1.866038476352147e+25 7.864833077572284e-69 6.330868119645567e+23 3.8135855069066586e-108 6.050156621342717e+25 1.9827865606706087e-158 4.526529121828424e+22 2.298712555416994e+29 4.33016880131513e+16 2.9281875528986583e+19 85
3.1494153964135746e+42 8.345628746072596e+72 8.875029335484789e+70 3.1957719249423194e+45 1.925168902904857e+53 1.0204289957071081e+19 1.866038476352147e+25 1.9465890863512134e-278 6.330868119645567e+23 1.5290482903678463e-176 5.269417473382512e+16 1.9827865606706087e-158 4.4754740099510485e-52 3.835542587243204e-212 4.33016880131513e+16 5.2873475133078145e-126 6.792991213550305e+57 5.536079675478033e+52 84
3.1494153964135746e+42 8.345628746072596e+72 1.6379880843419705e-142 85
3.1494153964135746e+42 8.345628746072596e+72 8.875029335484789e+70 1.9526589531354776e+25 8.793732783043738e-233 4748617939962663.0 8.678485320968248e+22 41841564840081.7 1.4087989547525077e+40 1.190250431417194e-158 6.508579395535031e-107 1.9827865606706087e-158 4.526529121828424e+22 3.901659921775895e-141 4.33016880131513e+16 2.9281875528986583e+19 84
3.1494153964135746e+42 8.345628746072596e+72 8.875029335484789e+70 3.1957719249423194e+45 1.0204289957071081e+19 1.866038476352147e+25 1.9465890863512134e-278 6.330868119645567e+23 5.269417473382512e+16 1.9827865606706087e-158 4.526529121828424e+22 2.298712555416994e+29 7.338041840376709e-298 6.792991213550305e+57 4.9863008079981014e-176 7.225236740400645e-230 1.0616379393723581e-277 84
3.1494153964135746e+42 1.149633597223292e-107 1.6379880843419705e-142 3.795639823103406e-300 3.1957719249423194e+45 1.925168902904857e+53 1.0204289957071081e+19 8.678485320968248e+22 9.546557421846118e-125 1.4087989547525077e+40 1.0642109525535037e-261 6.050156621342717e+25 1.9827865606706087e-158 921189763757225.2 2.298712555416994e+29 4.33016880131513e+16 5.2873475133078145e-126 6.792991213550305e+57 5.536079675478033e+52 7.225236740400645e-230 84
3.1494153964135746e+42 8.345628746072596e+72 8.875029335484789e+70 1.9526589531354776e+25 3.1957719249423194e+45 1.925168902904857e+53 4748617939962663.0 1.866038476352147e+25 6.305519879573206e-288 1.4087989547525077e+40 1.5290482903678463e-176 6.050156621342717e+25 4.2382614260014424e+16 921189763757225.2 2.298712555416994e+29 1.661162181925064e-180 6.792991213550305e+57 5.536079675478033e+52 7.225236740400645e-230 1.0616379393723581e-277 84
3.1494153964135746e+42 8.345628746072596e+72 8.875029335484789e+70 1.9526589531354776e+25 1.2517232263347736e-195 1.925168902904857e+53 41841564840081.7 1.4087989547525077e+40 6.050156621342717e+25 1.661162181925064e-180 6.792991213550305e+57 8.082560025826025e-19 85
3.1494153964135746e+42 8.345628746072596e+72 8.875029335484789e+70 3.795639823103406e-300 8.793732783043738e-233 1.925168902904857e+53 4748617939962663.0 8.678485320968248e+22 9.546557421846118e-125 1.4087989547525077e+40 1.0642109525535037e-261 6.050156621342717e+25 1.6035532852742662e-250 921189763757225.2 2.298712555416994e+29 1.661162181925064e-180 5.2873475133078145e-126 6.792991213550305e+57 5.536079675478033e+52 2.8478387842946783e-141 84
3.1494153964135746e+42 8.345628746072596e+72 8.875029335484789e+70 1.9526589531354776e+25 8.793732783043738e-233 1.925168902904857e+53 4748617939962663.0 8.678485320968248e+22 7.864833077572284e-69 1.4087989547525077e+40 3.8135855069066586e-108 6.050156621342717e+25 4.2382614260014424e+16 4.526529121828424e+22 3.835542587243204e-212 7.338041840376709e-298 2.1154118523975487e-229 6.792991213550305e+57 5.536079675478033e+52 2.8478387842946783e-141 1.0616379393723581e-277 84
3.1494153964135746e+42 8.345628746072596e+72 8.875029335484789e+70 3.0234431708527238e-179 3.1957719249423194e+45 4.0530237797396617e-109 8.678485320968248e+22 41841564840081.7 1.4087989547525077e+40 1.0642109525535037e-261 2.616912079885173e-158 4.2382614260014424e+16 921189763757225.2 2.298712555416994e+29 2.1154118523975487e-229 1.4278434364939144e-126 4.9863008079981014e-176 2.8478387842946783e-141 1.0616379393723581e-277 84
3.1494153964135746e+42 1.149633597223292e-107 1.6379880843419705e-142 3.795639823103406e-300 3.1957719249423194e+45 1.925168902904857e+53 1.0204289957071081e+19 7.864833077572284e-69 1.4087989547525077e+40 2268119728167978.5 6.050156621342717e+25 1.9827865606706087e-158 4.4754740099510485e-52 4.33016880131513e+16 6.792991213550305e+57 2.8478387842946783e-141 84
2.7120259847960126e+27 8.345628746072596e+72 8.875029335484789e+70 3.1957719249423194e+45 1.925168902904857e+53 4.587858482124187e-155 1.866038476352147e+25 6.305519879573206e-288 6.330868119645567e+23 3.8135855069066586e-108 5.269417473382512e+16 8.027400790325023e-260 3.835542587243204e-212 2.3368569638277548e-107 6.792991213550305e+57 5.536079675478033e+52 84
3.1494153964135746e+42 8.345628746072596e+72 8.875029335484789e+70 3.1957719249423194e+45 2.9480314621755727e-125 4.587858482124187e-155 3.1001600099058726e-19 1.9465890863512134e-278 1.4087989547525077e+40 1.0642109525535037e-261 6.050156621342717e+25 4.2382614260014424e+16 4.526529121828424e+22 2.298712555416994e+29 7.338041840376709e-298 4.33016880131513e+16 5.2873475133078145e-126 6.792991213550305e+57 5.536079675478033e+52 7.225236740400645e-230 84
3.1494153964135746e+42 8.345628746072596e+72 8.875029335484789e+70 3.0234431708527238e-179 3.1957719249423194e+45 1.925168902904857e+53 4748617939962663.0 1.866038476352147e+25 9.546557421846118e-125 1.4087989547525077e+40 3.8135855069066586e-108 6.050156621342717e+25 8.027400790325023e-260 921189763757225.2 2.1154118523975487e-229 2.9281875528986583e+19 1.4278434364939144e-126 5.536079675478033e+52 2.8478387842946783e-141 84
3.1494153964135746e+42 8.345628746072596e+72 8.875029335484789e+70 1.9526589531354776e+25 3.1957719249423194e+45 1.925168902904857e+53 1.0204289957071081e+19 1.866038476352147e+25 6.305519879573206e-288 1.4087989547525077e+40 3.8135855069066586e-108 5.269417473382512e+16 8.027400790325023e-260 4.526529121828424e+22 2.298712555416994e+29 1.661162181925064e-180 2.9281875528986583e+19 6.792991213550305e+57 5.536079675478033e+52 7.225236740400645e-230 1.0616379393723581e-277 84
3.1494153964135746e+42 8.345628746072596e+72 1.6379880843419705e-142 8.793732783043738e-233 1.925168902904857e+53 4748617939962663.0 8.678485320968248e+22 6.305519879573206e-288 1.4087989547525077e+40 5.269417473382512e+16 4.2382614260014424e+16 4.526529121828424e+22 2.298712555416994e+29 2.1154118523975487e-229 5.2873475133078145e-126 6.792991213550305e+57 5.536079675478033e+52 6.271744242146586e-173 84
3.1494153964135746e+42 8.345628746072596e+72 8.875029335484789e+70 3.0234431708527238e-179 1.2517232263347736e-195 1.925168902904857e+53 4.33016880131513e+16 3.0779404197344675e-122 1.4278434364939144e-126 8.082560025826025e-19 6.271744242146586e-173 1.0616379393723581e-277 85
3.1494153964135746e+42 1.149633597223292e-107 1.6379880843419705e-142 6.792991213550305e+57 5.536079675478033e+52 2.8478387842946783e-141 84
3.1494153964135746e+42 8.345628746072596e+72 8.875029335484789e+70 1.9526589531354776e+25 8.793732783043738e-233 1.925168902904857e+53 8.678485320968248e+22 41841564840081.7 1.4087989547525077e+40 2268119728167978.5 6.508579395535031e-107 1.6035532852742662e-250 1.661162181925064e-180 6.792991213550305e+57 5.536079675478033e+52 6.271744242146586e-173 1.1129921157723177e-54 84
2.7120259847960126e+27 8.345628746072596e+72 8.875029335484789e+70 1.9526589531354776e+25 8.793732783043738e-233 1.925168902904857e+53 4.0530237797396617e-109 8.678485320968248e+22 6.305519879573206e-288 1.4087989547525077e+40 1.190250431417194e-158 6.050156621342717e+25 1.6035532852742662e-250 4.526529121828424e+22 2.298712555416994e+29 1.661162181925064e-180 2.9281875528986583e+19 6.792991213550305e+57 8.082560025826025e-19 6.271744242146586e-173 1.0616379393723581e-277 85
3.1494153964135746e+42 8.345628746072596e+72 8.875029335484789e+70 3.1957719249423194e+45 2.9480314621755727e-125 4.587858482124187e-155 3.1001600099058726e-19 1.9465890863512134e-278 1.4087989547525077e+40 1.0642109525535037e-261 6.050156621342717e+25 4.2382614260014424e+16 4.526529121828424e+22 2.298712555416994e+29 7.338041840376709e-298 4.33016880131513e+16 5.2873475133078145e-126 6.792991213550305e+57 5.536079675478033e+52 7.225236740400645e-230 84
2.7120259847960126e+27 8.345628746072596e+72 8.875029335484789e+70 1.9526589531354776e+25 3.1957719249423194e+45 1.925168902904857e+53 4.0530237797396617e-109 3.1873188043687393e-37 9.546557421846118e-125 1.4087989547525077e+40 1.190250431417194e-158 2.616912079885173e-158 4.2382614260014424e+16 4.4754740099510485e-52 2.298712555416994e+29 2.1154118523975487e-229 3.0779404197344675e-122 6.792991213550305e+57 4.9863008079981014e-176 85
2.7120259847960126e+27 8.345628746072596e+72 8.875029335484789e+70 7.587478521909976e-73 3.1957719249423194e+45 1.925168902904857e+53 1.0204289957071081e+19 1.866038476352147e+25 6.330868119645567e+23 1.5290482903678463e-176 5.269417473382512e+16 1.9827865606706087e-158 1.661162181925064e-180 2.9281875528986583e+19 6.792991213550305e+57 5.536079675478033e+52 85
3.1494153964135746e+42 1.149633597223292e-107 1.6379880843419705e-142 3.1957719249423194e+45 1.925168902904857e+53 1.0204289957071081e+19 1.866038476352147e+25 1.9465890863512134e-278 6.330868119645567e+23 3.8135855069066586e-108 5.269417473382512e+16 8.027400790325023e-260 4.4754740099510485e-52 4.33016880131513e+16 2.9281875528986583e+19 6.792991213550305e+57 5.536079675478033e+52 7.225236740400645e-230 1.0616379393723581e-277 85
3.1494153964135746e+42 8.345628746072596e+72 1.6379880843419705e-142 3.0234431708527238e-179 3.1957719249423194e+45 1.925168902904857e+53 4748617939962663.0 8.678485320968248e+22 9.546557421846118e-125 1.4087989547525077e+40 1.0642109525535037e-261 6.050156621342717e+25 4.2382614260014424e+16 921189763757225.2 2.298712555416994e+29 1.1283586266608183e-34 2.9281875528986583e+19 6.792991213550305e+57 5.536079675478033e+52 6.271744242146586e-173 84
3.1494153964135746e+42 8.345628746072596e+72 8.875029335484789e+70 3.1957719249423194e+45 1.925168902904857e+53 1.0204289957071081e+19 1.866038476352147e+25 1.9465890863512134e-278 6.330868119645567e+23 1.5290482903678463e-176 5.269417473382512e+16 1.9827865606706087e-158 4.4754740099510485e-52 3.835542587243204e-212 4.33016880131513e+16 5.2873475133078145e-126 6.792991213550305e+57 5.536079675478033e+52 84
3.1494153964135746e+42 8.345628746072596e+72 8.875029335484789e+70 1.9526589531354776e+25 8.793732783043738e-233 41841564840081.7 1.4087989547525077e+40 4.2382614260014424e+16 4.526529121828424e+22 2.298712555416994e+29 6.792991213550305e+57 5.536079675478033e+52 84
3.1494153964135746e+42 8.345628746072596e+72 8.875029335484789e+70 3.0234431708527238e-179 3.1957719249423194e+45 1.925168902904857e+53 6.305519879573206e-288 1.4087989547525077e+40 1.0642109525535037e-261 6.050156621342717e+25 8.027400790325023e-260 0.6900000000000001 8.082560025826025e-19 1.0616379393723581e-277 85
3.1494153964135746e+42 8.345628746072596e+72 8.875029335484789e+70 1.9526589531354776e+25 8.793732783043738e-233 41841564840081.7 1.4087989547525077e+40 4.2382614260014424e+16 4.526529121828424e+22 2.298712555416994e+29 6.792991213550305e+57 5.536079675478033e+52 84
2.7120259847960126e+27 8.345628746072596e+72 8.875029335484789e+70 1.9526589531354776e+25 8.793732783043738e-233 1.925168902904857e+53 4748617939962663.0 8.678485320968248e+22 6.305519879573206e-288 1.4087989547525077e+40 1.0642109525535037e-261 2.616912079885173e-158 921189763757225.2 2.298712555416994e+29 4.33016880131513e+16 2.9281875528986583e+19 6.792991213550305e+57 5.536079675478033e+52 85
3.1494153964135746e+42 8.345628746072596e+72 8.875029335484789e+70 3.0234431708527238e-179 3.1957719249423194e+45 1.925168902904857e+53 4.587858482124187e-155 1.866038476352147e+25 1.9465890863512134e-278 1.4087989547525077e+40 3.8135855069066586e-108 5.269417473382512e+16 8.027400790325023e-260 4.526529121828424e+22 2.298712555416994e+29 1.661162181925064e-180 2.9281875528986583e+19 6.792991213550305e+57 5.536079675478033e+52 84
3.1494153964135746e+42 8.345628746072596e+72 8.875029335484789e+70 1.9526589531354776e+25 3.1957719249423194e+45 1.925168902904857e+53 4748617939962663.0 1.866038476352147e+25 9.546557421846118e-125 6.330868119645567e+23 1.0642109525535037e-261 6.050156621342717e+25 8.027400790325023e-260 3.901659921775895e-141 7.338041840376709e-298 4.33016880131513e+16 6.792991213550305e+57 5.536079675478033e+52 2.8478387842946783e-141 84
3.1494153964135746e+42 8.345628746072596e+72 8.875029335484789e+70 1.9526589531354776e+25 1.2517232263347736e-195 1.925168902904857e+53 41841564840081.7 1.4087989547525077e+40 6.050156621342717e+25 1.661162181925064e-180 6.792991213550305e+57 8.082560025826025e-19 85
3.1494153964135746e+42 1.149633597223292e-107 1.6379880843419705e-142 3.795639823103406e-300 3.1957719249423194e+45 1.925168902904857e+53 84
3.1494153964135746e+42 8.345628746072596e+72 8.875029335484789e+70 3.1957719249423194e+45 1.925168902904857e+53 1.0204289957071081e+19 41841564840081.7 1.4087989547525077e+40 5.269417473382512e+16 4.4754740099510485e-52 3.901659921775895e-141 2.9281875528986583e+19 6.792991213550305e+57 4.9863008079981014e-176 84
2.7120259847960126e+27 8.345628746072596e+72 8.875029335484789e+70 3.0234431708527238e-179 3.1957719249423194e+45 1.925168902904857e+53 1.0204289957071081e+19 6.305519879573206e-288 6.330868119645567e+23 1.0642109525535037e-261 6.508579395535031e-107 4.2382614260014424e+16 7.086080022641995e-19 0.6900000000000001 7.225236740400645e-230 0.8300000000000001 85
3.1494153964135746e+42 8.345628746072596e+72 8.875029335484789e+70 7.587478521909976e-73 3.1957719249423194e+45 4748617939962663.0 8.678485320968248e+22 1.4087989547525077e+40 2.616912079885173e-158 4.2382614260014424e+16 1.4278434364939144e-126 5.536079675478033e+52 6.271744242146586e-173 84
2.7120259847960126e+27 8.345628746072596e+72 1.6379880843419705e-142 3.795639823103406e-300 3.1957719249423194e+45 2.9480314621755727e-125 1.0204289957071081e+19 8.678485320968248e+22 7.864833077572284e-69 1.4087989547525077e+40 1.0642109525535037e-261 5.269417473382512e+16 1.6035532852742662e-250 921189763757225.2 3.901659921775895e-141 7.338041840376709e-298 5.2873475133078145e-126 6.792991213550305e+57 5.536079675478033e+52 2.8478387842946783e-141 1.0616379393723581e-277 84
3.1494153964135746e+42 8.345628746072596e+72 8.875029335484789e+70 3.795639823103406e-300 8.793732783043738e-233 1.925168902904857e+53 4748617939962663.0 8.678485320968248e+22 9.546557421846118e-125 1.4087989547525077e+40 1.0642109525535037e-261 6.050156621342717e+25 1.6035532852742662e-250 921189763757225.2 2.298712555416994e+29 1.661162181925064e-180 5.2873475133078145e-126 6.792991213550305e+57 5.536079675478033e+52 2.8478387842946783e-141 84
3.1494153964135746e+42 1.149633597223292e-107 8.875029335484789e+70 7.587478521909976e-73 3.1957719249423194e+45 1.925168902904857e+53 2.616912079885173e-158 4.526529121828424e+22 2.1154118523975487e-229 1.4278434364939144e-126 5.536079675478033e+52 6.271744242146586e-173 1.0616379393723581e-277 84
2.7120259847960126e+27 8.345628746072596e+72 8.875029335484789e+70 1.9526589531354776e+25 1.2517232263347736e-195 1.925168902904857e+53 4748617939962663.0 8.678485320968248e+22 41841564840081.7 1.4087989547525077e+40 1.190250431417194e-158 6.050156621342717e+25 4.2382614260014424e+16 1.661162181925064e-180 7.086080022641995e-19 1.4278434364939144e-126 5.536079675478033e+52 85
3.1494153964135746e+42 1.149633597223292e-107 1.6379880843419705e-142 1.9526589531354776e+25 3.1957719249423194e+45 1.925168902904857e+53 4.587858482124187e-155 3.1001600099058726e-19 2.1390269782942855e-72 2268119728167978.5 6.050156621342717e+25 8.027400790325023e-260 2.1154118523975487e-229 6.792991213550305e+57 5.536079675478033e+52 7.225236740400645e-230 1.0616379393723581e-277 84
2.7120259847960126e+27 8.345628746072596e+72 8.875029335484789e+70 2.9480314621755727e-125 4748617939962663.0 8.678485320968248e+22 9.546557421846118e-125 1.4087989547525077e+40 1.0642109525535037e-261 2.616912079885173e-158 1.6035532852742662e-250 4.4754740099510485e-52 2.298712555416994e+29 2.1154118523975487e-229 7.086080022641995e-19 6.792991213550305e+57 5.536079675478033e+52 2.8478387842946783e-141 85
3.1494153964135746e+42 1.149633597223292e-107 1.6379880843419705e-142 1.9526589531354776e+25 3.1957719249423194e+45 1.925168902904857e+53 4.587858482124187e-155 3.1001600099058726e-19 2.1390269782942855e-72 2268119728167978.5 6.050156621342717e+25 8.027400790325023e-260 2.1154118523975487e-229 6.792991213550305e+57 5.536079675478033e+52 7.225236740400645e-230 1.0616379393723581e-277 84
3.1494153964135746e+42 8.345628746072596e+72 8.875029335484789e+70 3.0234431708527238e-179 3.1957719249423194e+45 1.925168902904857e+53 4748617939962663.0 1.866038476352147e+25 2.1390269782942855e-72 6.330868119645567e+23 2268119728167978.5 5.269417473382512e+16 1.6035532852742662e-250 4.526529121828424e+22 3.835542587243204e-212 7.338041840376709e-298 5.2873475133078145e-126 6.792991213550305e+57 5.536079675478033e+52 7.225236740400645e-230 84
2.7120259847960126e+27 8.345628746072596e+72 8.875029335484789e+70 1.9526589531354776e+25 3.1957719249423194e+45 1.925168902904857e+53 4748617939962663.0 8.678485320968248e+22 41841564840081.7 6.330868119645567e+23 1.190250431417194e-158 6.050156621342717e+25 4.2382614260014424e+16 1.661162181925064e-180 1.4278434364939144e-126 4.9863008079981014e-176 85
2.7120259847960126e+27 8.345628746072596e+72 8.875029335484789e+70 9.807134782673043e-38 1.2517232263347736e-195 1.925168902904857e+53 4748617939962663.0 8.678485320968248e+22 41841564840081.7 2268119728167978.5 6.508579395535031e-107 4.2382614260014424e+16 921189763757225.2 2.298712555416994e+29 1.661162181925064e-180 7.086080022641995e-19 1.4278434364939144e-126 5.536079675478033e+52 85
3.1494153964135746e+42 8.345628746072596e+72 8.875029335484789e+70 3.1957719249423194e+45 1.0204289957071081e+19 1.866038476352147e+25 1.9465890863512134e-278 6.330868119645567e+23 5.269417473382512e+16 1.9827865606706087e-158 4.526529121828424e+22 2.298712555416994e+29 7.338041840376709e-298 6.792991213550305e+57 4.9863008079981014e-176 7.225236740400645e-230 1.0616379393723581e-277 84
2.7120259847960126e+27 8.345628746072596e+72 8.875029335484789e+70 7.587478521909976e-73 3.1957719249423194e+45 1.925168902904857e+53 1.0204289957071081e+19 8.678485320968248e+22 9.546557421846118e-125 1.4087989547525077e+40 1.0642109525535037e-261 2.616912079885173e-158 1.6035532852742662e-250 1.661162181925064e-180 2.3368569638277548e-107 6.792991213550305e+57 8.082560025826025e-19 85
3.1494153964135746e+42 8.345628746072596e+72 8.875029335484789e+70 3.1957719249423194e+45 2.9480314621755727e-125 4.587858482124187e-155 3.1001600099058726e-19 1.9465890863512134e-278 1.4087989547525077e+40 1.0642109525535037e-261 6.050156621342717e+25 4.2382614260014424e+16 4.526529121828424e+22 2.298712555416994e+29 7.338041840376709e-298 4.33016880131513e+16 5.2873475133078145e-126 6.792991213550305e+57 5.536079675478033e+52 7.225236740400645e-230 84
3.1494153964135746e+42 8.345628746072596e+72 8.875029335484789e+70 1.9526589531354776e+25 3.1957719249423194e+45 1.925168902904857e+53 1.0204289957071081e+19 1.866038476352147e+25 1.9465890863512134e-278 1.4087989547525077e+40 1.5290482903678463e-176 5.269417473382512e+16 8.027400790325023e-260 4.526529121828424e+22 2.298712555416994e+29 1.661162181925064e-180 5.2873475133078145e-126 6.792991213550305e+57 5.536079675478033e+52 84
3.1494153964135746e+42 8.345628746072596e+72 8.875029335484789e+70 1.9526589531354776e+25 3.1957719249423194e+45 1.925168902904857e+53 1.0204289957071081e+19 1.866038476352147e+25 6.305519879573206e-288 1.4087989547525077e+40 7.338041840376709e-298 6.792991213550305e+57 5.536079675478033e+52 1.0616379393723581e-277 84
3.1494153964135746e+42 8.345628746072596e+72 8.875029335484789e+70 3.0234431708527238e-179 8.793732783043738e-233 2.9480314621755727e-125 4748617939962663.0 6.305519879573206e-288 1.4087989547525077e+40 2268119728167978.5 2.616912079885173e-158 8.027400790325023e-260 4.526529121828424e+22 2.298712555416994e+29 1.661162181925064e-180 7.086080022641995e-19 6.792991213550305e+57 5.536079675478033e+52 2.8478387842946783e-141 84
3.1494153964135746e+42 8.345628746072596e+72 8.875029335484789e+70 3.0234431708527238e-179 3.1957719249423194e+45 1.925168902904857e+53 6.305519879573206e-288 6.330868119645567e+23 3.8135855069066586e-108 5.269417473382512e+16 1.6035532852742662e-250 4.526529121828424e+22 3.835542587243204e-212 7.338041840376709e-298 4.33016880131513e+16 5.2873475133078145e-126 6.792991213550305e+57 5.536079675478033e+52 7.225236740400645e-230 1.0616379393723581e-277 84
2.7120259847960126e+27 8.345628746072596e+72 8.875029335484789e+70 3.1957719249423194e+45 1.925168902904857e+53 1.0204289957071081e+19 8.678485320968248e+22 41841564840081.7 1.4087989547525077e+40 2268119728167978.5 6.050156621342717e+25 4.2382614260014424e+16 4.526529121828424e+22 2.298712555416994e+29 2.1154118523975487e-229 6.792991213550305e+57 5.536079675478033e+52 84
2.7120259847960126e+27 8.345628746072596e+72 1.6379880843419705e-142 1.9526589531354776e+25 8.793732783043738e-233 2.9480314621755727e-125 4.0530237797396617e-109 8.678485320968248e+22 9.546557421846118e-125 1.4087989547525077e+40 2268119728167978.5 4.2382614260014424e+16 4.526529121828424e+22 1.1283586266608183e-34 6.792991213550305e+57 5.536079675478033e+52 6.271744242146586e-173 85
2.7120259847960126e+27 8.345628746072596e+72 8.875029335484789e+70 1.9526589531354776e+25 8.793732783043738e-233 1.925168902904857e+53 4748617939962663.0 8.678485320968248e+22 41841564840081.7 1.4087989547525077e+40 2.616912079885173e-158 4.2382614260014424e+16 4.526529121828424e+22 2.298712555416994e+29 4.33016880131513e+16 7.086080022641995e-19 6.792991213550305e+57 5.536079675478033e+52 85
3.1494153964135746e+42 8.345628746072596e+72 8.875029335484789e+70 3.0234431708527238e-179 1.2517232263347736e-195 1.925168902904857e+53 1.0204289957071081e+19 1.866038476352147e+25 41841564840081.7 1.4087989547525077e+40 2268119728167978.5 6.050156621342717e+25 1.6035532852742662e-250 1.661162181925064e-180 6.792991213550305e+57 4.9863008079981014e-176 84
3.1494153964135746e+42 8.345628746072596e+72 8.875029335484789e+70 7.418240023703339e-19 5.536079675478033e+52 84
2.7120259847960126e+27 8.345628746072596e+72 8.875029335484789e+70 1.9526589531354776e+25 1.2517232263347736e-195 2.9480314621755727e-125 1.0204289957071081e+19 6.305519879573206e-288 1.4087989547525077e+40 1.190250431417194e-158 4.2382614260014424e+16 2.3368569638277548e-107 6.792991213550305e+57 5.536079675478033e+52 85
2.7120259847960126e+27 8.345628746072596e+72 8.875029335484789e+70 2.9480314621755727e-125 4748617939962663.0 8.678485320968248e+22 9.546557421846118e-125 1.4087989547525077e+40 1.0642109525535037e-261 2.616912079885173e-158 1.6035532852742662e-250 4.4754740099510485e-52 2.298712555416994e+29 2.1154118523975487e-229 7.086080022641995e-19 6.792991213550305e+57 5.536079675478033e+52 2.8478387842946783e-141 85
3.1494153964135746e+42 8.345628746072596e+72 8.875029335484789e+70 3.795639823103406e-300 8.793732783043738e-233 1.925168902904857e+53 4748617939962663.0 8.678485320968248e+22 9.546557421846118e-125 1.4087989547525077e+40 1.0642109525535037e-261 6.050156621342717e+25 1.6035532852742662e-250 921189763757225.2 2.298712555416994e+29 1.661162181925064e-180 5.2873475133078145e-126 6.792991213550305e+57 5.536079675478033e+52 2.8478387842946783e-141 84
3.1494153964135746e+42 8.345628746072596e+72 8.875029335484789e+70 9.807134782673043e-38 1.2517232263347736e-195 1.925168902904857e+53 3.1001600099058726e-19 6.305519879573206e-288 6.330868119645567e+23 1.5290482903678463e-176 5.269417473382512e+16 1.9827865606706087e-158 921189763757225.2 2.298712555416994e+29 1.661162181925064e-180 2.9281875528986583e+19 6.792991213550305e+57 4.9863008079981014e-176 7.225236740400645e-230 1.0616379393723581e-277 84
3.1494153964135746e+42 8.345628746072596e+72 8.875029335484789e+70 3.0234431708527238e-179 1.2517232263347736e-195 1.925168902904857e+53 4.33016880131513e+16 3.0779404197344675e-122 1.4278434364939144e-126 8.082560025826025e-19 6.271744242146586e-173 1.0616379393723581e-277 85
2.7120259847960126e+27 8.345628746072596e+72 8.875029335484789e+70 1.9526589531354776e+25 8.793732783043738e-233 1.925168902904857e+53 4.0530237797396617e-109 8.678485320968248e+22 7.864833077572284e-69 1.4087989547525077e+40 2268119728167978.5 2.616912079885173e-158 4.2382614260014424e+16 2.298712555416994e+29 2.3368569638277548e-107 6.792991213550305e+57 5.536079675478033e+52 7.225236740400645e-230 1.0616379393723581e-277 85
3.1494153964135746e+42 8.345628746072596e+72 8.875029335484789e+70 3.1957719249423194e+45 1.0204289957071081e+19 1.4087989547525077e+40 5.269417473382512e+16 1.6035532852742662e-250 4.526529121828424e+22 2.298712555416994e+29 1.661162181925064e-180 5.2873475133078145e-126 6.792991213550305e+57 5.536079675478033e+52 84
2.7120259847960126e+27 8.345628746072596e+72 8.875029335484789e+70 1.9526589531354776e+25 3.1957719249423194e+45 1.925168902904857e+53 1.0204289957071081e+19 1.866038476352147e+25 6.305519879573206e-288 2.616912079885173e-158 4.2382614260014424e+16 4.526529121828424e+22 2.298712555416994e+29 4.33016880131513e+16 6.792991213550305e+57 4.9863008079981014e-176 2.8478387842946783e-141 1.0616379393723581e-277 85
3.1494153964135746e+42 8.345628746072596e+72 8.875029335484789e+70 3.0234431708527238e-179 3.1957719249423194e+45 1.925168902904857e+53 1.0204289957071081e+19 1.866038476352147e+25 1.9465890863512134e-278 1.4087989547525077e+40 3.8135855069066586e-108 6.050156621342717e+25 1.6035532852742662e-250 4.33016880131513e+16 5.2873475133078145e-126 6.792991213550305e+57 5.536079675478033e+52 7.225236740400645e-230 1.0616379393723581e-277 84
2.7120259847960126e+27 8.345628746072596e+72 8.875029335484789e+70 1.9526589531354776e+25 1.2517232263347736e-195 1.925168902904857e+53 4.0530237797396617e-109 8.678485320968248e+22 6.305519879573206e-288 1.4087989547525077e+40 2268119728167978.5 6.050156621342717e+25 4.2382614260014424e+16 2.1154118523975487e-229 7.086080022641995e-19 1.4278434364939144e-126 5.536079675478033e+52 85
3.1494153964135746e+42 8.345628746072596e+72 8.875029335484789e+70 1.9526589531354776e+25 1.2517232263347736e-195 1.925168902904857e+53 41841564840081.7 1.4087989547525077e+40 6.050156621342717e+25 1.661162181925064e-180 6.792991213550305e+57 8.082560025826025e-19 85
3.1494153964135746e+42 8.345628746072596e+72 8.875029335484789e+70 1.9526589531354776e+25 3.1957719249423194e+45 1.0204289957071081e+19 1.866038476352147e+25 1.9465890863512134e-278 6.330868119645567e+23 1.5290482903678463e-176 5.269417473382512e+16 8.027400790325023e-260 4.526529121828424e+22 2.298712555416994e+29 4.33016880131513e+16 5.2873475133078145e-126 6.792991213550305e+57 5.536079675478033e+52 2.8478387842946783e-141 1.0616379393723581e-277 84
2.7120259847960126e+27 8.345628746072596e+72 8.875029335484789e+70 3.795639823103406e-300 8.793732783043738e-233 1.925168902904857e+53 4748617939962663.0 8.678485320968248e+22 41841564840081.7 1.4087989547525077e+40 2268119728167978.5 6.050156621342717e+25 1.6035532852742662e-250 921189763757225.2 2.298712555416994e+29 2.1154118523975487e-229 7.086080022641995e-19 1.4278434364939144e-126 5.536079675478033e+52 6.271744242146586e-173 1.1129921157723177e-54 85
3.1494153964135746e+42 8.345628746072596e+72 8.875029335484789e+70 3.0234431708527238e-179 3.1957719249423194e+45 1.925168902904857e+53 6.305519879573206e-288 6.330868119645567e+23 3.8135855069066586e-108 5.269417473382512e+16 1.6035532852742662e-250 4.526529121828424e+22 3.835542587243204e-212 7.338041840376709e-298 4.33016880131513e+16 5.2873475133078145e-126 6.792991213550305e+57 5.536079675478033e+52 7.225236740400645e-230 1.0616379393723581e-277 84
3.1494153964135746e+42 8.345628746072596e+72 8.875029335484789e+70 3.1957719249423194e+45 1.925168902904857e+53 6.330868119645567e+23 1.5290482903678463e-176 1.9827865606706087e-158 4.4754740099510485e-52 2.298712555416994e+29 2.9281875528986583e+19 84
2.7120259847960126e+27 8.345628746072596e+72 8.875029335484789e+70 1.9526589531354776e+25 3.1957719249423194e+45 1.925168902904857e+53 4.0530237797396617e-109 8.678485320968248e+22 9.546557421846118e-125 1.4087989547525077e+40 1.190250431417194e-158 6.050156621342717e+25 4.2382614260014424e+16 921189763757225.2 2.298712555416994e+29 6.792991213550305e+57 4.9863008079981014e-176 85
2.7120259847960126e+27 8.345628746072596e+72 8.875029335484789e+70 3.795639823103406e-300 1.2517232263347736e-195 4748617939962663.0 8.678485320968248e+22 9.546557421846118e-125 1.4087989547525077e+40 1.190250431417194e-158 6.050156621342717e+25 1.6035532852742662e-250 921189763757225.2 2.298712555416994e+29 2.3368569638277548e-107 6.792991213550305e+57 5.536079675478033e+52 6.271744242146586e-173 1.0616379393723581e-277 85
2.7120259847960126e+27 8.345628746072596e+72 8.875029335484789e+70 3.0234431708527238e-179 3.1957719249423194e+45 1.925168902904857e+53 1.0204289957071081e+19 3.1873188043687393e-37 1.9465890863512134e-278 6.330868119645567e+23 3.8135855069066586e-108 6.050156621342717e+25 8.027400790325023e-260 4.4754740099510485e-52 2.298712555416994e+29 4.33016880131513e+16 5.2873475133078145e-126 6.792991213550305e+57 7.225236740400645e-230 1.0616379393723581e-277 84
2.7120259847960126e+27 8.345628746072596e+72 8.875029335484789e+70 1.9526589531354776e+25 1.2517232263347736e-195 1.925168902904857e+53 4748617939962663.0 8.678485320968248e+22 41841564840081.7 1.4087989547525077e+40 1.190250431417194e-158 6.050156621342717e+25 4.2382614260014424e+16 1.661162181925064e-180 7.086080022641995e-19 1.4278434364939144e-126 5.536079675478033e+52 85
3.1494153964135746e+42 8.345628746072596e+72 8.875029335484789e+70 3.795639823103406e-300 3.1957719249423194e+45 1.925168902904857e+53 7.864833077572284e-69 1.4087989547525077e+40 6.050156621342717e+25 8.027400790325023e-260 921189763757225.2 4.33016880131513e+16 6.792991213550305e+57 4.9863008079981014e-176 6.271744242146586e-173 1.0616379393723581e-277 85
3.1494153964135746e+42 8.345628746072596e+72 8.875029335484789e+70 3.1957719249423194e+45 1.925168902904857e+53 4.0530237797396617e-109 9.546557421846118e-125 1.4087989547525077e+40 1.5290482903678463e-176 6.050156621342717e+25 8.027400790325023e-260 4.526529121828424e+22 3.901659921775895e-141 6.792991213550305e+57 5.536079675478033e+52 84
3.1494153964135746e+42 8.345628746072596e+72 8.875029335484789e+70 1.9526589531354776e+25 3.1957719249423194e+45 1.925168902904857e+53 1.4278434364939144e-126 5.536079675478033e+52 84
3.1494153964135746e+42 8.345628746072596e+72 8.875029335484789e+70 1.9526589531354776e+25 3.1957719249423194e+45 2.9480314621755727e-125 4748617939962663.0 8.678485320968248e+22 9.546557421846118e-125 1.4087989547525077e+40 1.0642109525535037e-261 2.616912079885173e-158 4.2382614260014424e+16 921189763757225.2 2.298712555416994e+29 2.1154118523975487e-229 5.2873475133078145e-126 6.792991213550305e+57 4.9863008079981014e-176 7.225236740400645e-230 1.0616379393723581e-277 84
2.7120259847960126e+27 8.345628746072596e+72 8.875029335484789e+70 3.1957719249423194e+45 1.925168902904857e+53 1.0204289957071081e+19 8.678485320968248e+22 41841564840081.7 1.4087989547525077e+40 2268119728167978.5 6.050156621342717e+25 4.2382614260014424e+16 4.526529121828424e+22 2.298712555416994e+29 2.1154118523975487e-229 6.792991213550305e+57 5.536079675478033e+52 84
3.1494153964135746e+42 8.345628746072596e+72 8.875029335484789e+70 1.9526589531354776e+25 3.1957719249423194e+45 1.925168902904857e+53 4748617939962663.0 6.305519879573206e-288 6.330868119645567e+23 5.269417473382512e+16 1.9827865606706087e-158 4.526529121828424e+22 3.835542587243204e-212 7.338041840376709e-298 2.9281875528986583e+19 6.792991213550305e+57 4.9863008079981014e-176 84
3.1494153964135746e+42 8.345628746072596e+72 8.875029335484789e+70 1.9526589531354776e+25 8.793732783043738e-233 1.925168902904857e+53 4748617939962663.0 8.678485320968248e+22 7.864833077572284e-69 1.4087989547525077e+40 3.8135855069066586e-108 6.050156621342717e+25 4.2382614260014424e+16 4.526529121828424e+22 3.835542587243204e-212 7.338041840376709e-298 2.1154118523975487e-229 6.792991213550305e+57 5.536079675478033e+52 2.8478387842946783e-141 1.0616379393723581e-277 84
8.345628746072596e+72 8.875029335484789e+70 1.9526589531354776e+25 8.793732783043738e-233 1.925168902904857e+53 1.0204289957071081e+19 8.678485320968248e+22 6.305519879573206e-288 1.4087989547525077e+40 3.8135855069066586e-108 6.050156621342717e+25 4.2382614260014424e+16 4.526529121828424e+22 2.298712555416994e+29 1.661162181925064e-180 2.9281875528986583e+19 6.792991213550305e+57 4.9863008079981014e-176 2.8478387842946783e-141 1.0616379393723581e-277 84
3.1494153964135746e+42 8.345628746072596e+72 8.875029335484789e+70 1.9526589531354776e+25 8.793732783043738e-233 4748617939962663.0 8.678485320968248e+22 41841564840081.7 1.4087989547525077e+40 1.190250431417194e-158 6.508579395535031e-107 1.9827865606706087e-158 4.526529121828424e+22 3.901659921775895e-141 4.33016880131513e+16 2.9281875528986583e+19 84
2.7120259847960126e+27 8.345628746072596e+72 8.875029335484789e+70 3.0234431708527238e-179 3.1957719249423194e+45 1.925168902904857e+53 4.587858482124187e-155 1.866038476352147e+25 2.1390269782942855e-72 6.330868119645567e+23 1.0642109525535037e-261 5.269417473382512e+16 8.027400790325023e-260 921189763757225.2 2.298712555416994e+29 4.33016880131513e+16 2.9281875528986583e+19 6.792991213550305e+57 5.536079675478033e+52 2.8478387842946783e-141 1.0616379393723581e-277 84
2.7120259847960126e+27 8.345628746072596e+72 8.875029335484789e+70 1.0204289957071081e+19 1.866038476352147e+25 41841564840081.7 1.4087989547525077e+40 1.5290482903678463e-176 6.050156621342717e+25 8.027400790325023e-260 921189763757225.2 2.298712555416994e+29 4.33016880131513e+16 2.9281875528986583e+19 6.792991213550305e+57 5.536079675478033e+52 84
3.1494153964135746e+42 8.345628746072596e+72 8.875029335484789e+70 1.9526589531354776e+25 3.1957719249423194e+45 1.925168902904857e+53 4.587858482124187e-155 1.9465890863512134e-278 6.330868119645567e+23 1.5290482903678463e-176 6.050156621342717e+25 4.2382614260014424e+16 921189763757225.2 3.835542587243204e-212 7.338041840376709e-298 5.2873475133078145e-126 6.792991213550305e+57 5.536079675478033e+52 1.1129921157723177e-54 84
2.7120259847960126e+27 8.345628746072596e+72 8.875029335484789e+70 7.587478521909976e-73 3.1957719249423194e+45 1.925168902904857e+53 1.0204289957071081e+19 1.866038476352147e+25 6.330868119645567e+23 1.0642109525535037e-261 5.269417473382512e+16 1.6035532852742662e-250 921189763757225.2 3.901659921775895e-141 4.33016880131513e+16 2.9281875528986583e+19 6.792991213550305e+57 5.536079675478033e+52 84
3.1494153964135746e+42 8.345628746072596e+72 8.875029335484789e+70 1.9526589531354776e+25 1.2517232263347736e-195 1.925168902904857e+53 1.0204289957071081e+19 1.4087989547525077e+40 1.190250431417194e-158 6.050156621342717e+25 1.6035532852742662e-250 6.792991213550305e+57 8.082560025826025e-19 6.271744242146586e-173 1.0616379393723581e-277 84
3.1494153964135746e+42 8.345628746072596e+72 8.875029335484789e+70 1.9526589531354776e+25 3.1957719249423194e+45 1.925168902904857e+53 4748617939962663.0 8.678485320968248e+22 41841564840081.7 1.4087989547525077e+40 2268119728167978.5 2.616912079885173e-158 4.33016880131513e+16 5.2873475133078145e-126 6.792991213550305e+57 5.536079675478033e+52 2.8478387842946783e-141 0.8300000000000001 84
3.1494153964135746e+42 8.345628746072596e+72 8.875029335484789e+70 1.9526589531354776e+25 3.1957719249423194e+45 1.925168902904857e+53 4.587858482124187e-155 1.9465890863512134e-278 6.330868119645567e+23 1.5290482903678463e-176 6.050156621342717e+25 4.2382614260014424e+16 921189763757225.2 3.835542587243204e-212 7.338041840376709e-298 5.2873475133078145e-126 6.792991213550305e+57 5.536079675478033e+52 1.1129921157723177e-54 84
3.1494153964135746e+42 8.345628746072596e+72 8.875029335484789e+70 1.9526589531354776e+25 8.793732783043738e-233 41841564840081.7 1.4087989547525077e+40 4.2382614260014424e+16 4.526529121828424e+22 2.298712555416994e+29 6.792991213550305e+57 5.536079675478033e+52 84
2.7120259847960126e+27 8.345628746072596e+72 8.875029335484789e+70 3.0234431708527238e-179 3.1957719249423194e+45 1.925168902904857e+53 1.0204289957071081e+19 8.678485320968248e+22 41841564840081.7 1.4087989547525077e+40 2268119728167978.5 6.050156621342717e+25 1.6035532852742662e-250 921189763757225.2 3.835542587243204e-212 7.338041840376709e-298 6.792991213550305e+57 5.536079675478033e+52 84
2.7120259847960126e+27 8.345628746072596e+72 8.875029335484789e+70 1.9526589531354776e+25 1.2517232263347736e-195 1.925168902904857e+53 4748617939962663.0 8.678485320968248e+22 6.305519879573206e-288 1.4087989547525077e+40 2268119728167978.5 6.050156621342717e+25 4.2382614260014424e+16 2.1154118523975487e-229 3.0779404197344675e-122 1.4278434364939144e-126 5.536079675478033e+52 85
3.1494153964135746e+42 8.345628746072596e+72 8.875029335484789e+70 1.9526589531354776e+25 3.1957719249423194e+45 1.925168902904857e+53 1.0204289957071081e+19 8.678485320968248e+22 7.864833077572284e-69 6.330868119645567e+23 3.8135855069066586e-108 6.050156621342717e+25 8.027400790325023e-260 4.526529121828424e+22 3.835542587243204e-212 7.338041840376709e-298 4.33016880131513e+16 5.2873475133078145e-126 6.792991213550305e+57 5.536079675478033e+52 7.225236740400645e-230 84
3.1494153964135746e+42 8.345628746072596e+72 8.875029335484789e+70 1.9526589531354776e+25 1.2517232263347736e-195 1.925168902904857e+53 1.0204289957071081e+19 1.866038476352147e+25 41841564840081.7 1.4087989547525077e+40 1.190250431417194e-158 6.050156621342717e+25 2.1154118523975487e-229 3.0779404197344675e-122 1.4278434364939144e-126 4.9863008079981014e-176 85
3.1494153964135746e+42 8.345628746072596e+72 8.875029335484789e+70 3.1957719249423194e+45 1.925168902904857e+53 4.0530237797396617e-109 9.546557421846118e-125 1.4087989547525077e+40 1.5290482903678463e-176 6.050156621342717e+25 8.027400790325023e-260 4.526529121828424e+22 3.901659921775895e-141 6.792991213550305e+57 5.536079675478033e+52 84
2.7120259847960126e+27 8.345628746072596e+72 8.875029335484789e+70 3.1957719249423194e+45 1.925168902904857e+53 4.587858482124187e-155 1.866038476352147e+25 6.305519879573206e-288 6.330868119645567e+23 3.8135855069066586e-108 5.269417473382512e+16 8.027400790325023e-260 3.835542587243204e-212 2.3368569638277548e-107 6.792991213550305e+57 5.536079675478033e+52 84
3.1494153964135746e+42 1.149633597223292e-107 1.6379880843419705e-142 3.795639823103406e-300 3.1957719249423194e+45 1.925168902904857e+53 84
2.7120259847960126e+27 8.345628746072596e+72 8.875029335484789e+70 7.587478521909976e-73 3.1957719249423194e+45 1.0204289957071081e+19 1.866038476352147e+25 7.864833077572284e-69 6.330868119645567e+23 3.8135855069066586e-108 6.050156621342717e+25 1.9827865606706087e-158 4.526529121828424e+22 2.298712555416994e+29 4.33016880131513e+16 2.9281875528986583e+19 85
3.1494153964135746e+42 8.345628746072596e+72 8.875029335484789e+70 3.1957719249423194e+45 1.925168902904857e+53 1.0204289957071081e+19 8.678485320968248e+22 6.305519879573206e-288 1.4087989547525077e+40 2268119728167978.5 6.050156621342717e+25 1.6035532852742662e-250 921189763757225.2 2.298712555416994e+29 1.661162181925064e-180 5.2873475133078145e-126 7.418240023703339e-19 4.9863008079981014e-176 2.8478387842946783e-141 1.0616379393723581e-277 84
3.1494153964135746e+42 1.149633597223292e-107 1.6379880843419705e-142 6.792991213550305e+57 5.536079675478033e+52 84
3.1494153964135746e+42 8.345628746072596e+72 8.875029335484789e+70 3.795639823103406e-300 3.1957719249423194e+45 1.925168902904857e+53 4.587858482124187e-155 3.1001600099058726e-19 6.330868119645567e+23 1.5290482903678463e-176 5.269417473382512e+16 2.8478387842946783e-141 1.0616379393723581e-277 85
2.7120259847960126e+27 8.345628746072596e+72 8.875029335484789e+70 1.9526589531354776e+25 3.1957719249423194e+45 1.925168902904857e+53 1.0204289957071081e+19 1.866038476352147e+25 6.305519879573206e-288 2.616912079885173e-158 4.2382614260014424e+16 4.526529121828424e+22 2.298712555416994e+29 4.33016880131513e+16 6.792991213550305e+57 4.9863008079981014e-176 2.8478387842946783e-141 1.0616379393723581e-277 85
3.1494153964135746e+42 8.345628746072596e+72 8.875029335484789e+70 9.807134782673043e-38 3.1957719249423194e+45 1.0204289957071081e+19 1.866038476352147e+25 2.1390269782942855e-72 1.4087989547525077e+40 1.5290482903678463e-176 5.269417473382512e+16 4.2382614260014424e+16 4.526529121828424e+22 3.835542587243204e-212 1.661162181925064e-180 3.0779404197344675e-122 6.792991213550305e+57 5.536079675478033e+52 7.225236740400645e-230 1.0616379393723581e-277 84
3.1494153964135746e+42 8.345628746072596e+72 8.875029335484789e+70 1.2517232263347736e-195 4.0530237797396617e-109 8.678485320968248e+22 41841564840081.7 1.4087989547525077e+40 1.190250431417194e-158 6.050156621342717e+25 4.2382614260014424e+16 921189763757225.2 2.298712555416994e+29 2.9281875528986583e+19 6.792991213550305e+57 5.536079675478033e+52 84
3.1494153964135746e+42 8.345628746072596e+72 8.875029335484789e+70 3.795639823103406e-300 1.0204289957071081e+19 8.678485320968248e+22 6.305519879573206e-288 1.4087989547525077e+40 1.5290482903678463e-176 5.269417473382512e+16 1.6035532852742662e-250 1.4278434364939144e-126 5.536079675478033e+52 2.8478387842946783e-141 84
2.7120259847960126e+27 8.345628746072596e+72 8.875029335484789e+70 1.9526589531354776e+25 3.1957719249423194e+45 1.925168902904857e+53 4748617939962663.0 8.678485320968248e+22 1.4087989547525077e+40 2268119728167978.5 6.050156621342717e+25 921189763757225.2 2.298712555416994e+29 6.792991213550305e+57 5.536079675478033e+52 6.271744242146586e-173 1.0616379393723581e-277 85
3.1494153964135746e+42 8.345628746072596e+72 8.875029335484789e+70 3.0234431708527238e-179 8.793732783043738e-233 1.925168902904857e+53 8.678485320968248e+22 9.546557421846118e-125 1.4087989547525077e+40 2268119728167978.5 6.050156621342717e+25 8.027400790325023e-260 4.526529121828424e+22 2.298712555416994e+29 1.661162181925064e-180 2.9281875528986583e+19 6.792991213550305e+57 4.9863008079981014e-176 84
3.1494153964135746e+42 8.345628746072596e+72 8.875029335484789e+70 3.1957719249423194e+45 1.0204289957071081e+19 1.9465890863512134e-278 6.330868119645567e+23 1.5290482903678463e-176 5.269417473382512e+16 4.526529121828424e+22 1.1283586266608183e-34 6.792991213550305e+57 5.536079675478033e+52 84
2.7120259847960126e+27 8.345628746072596e+72 8.875029335484789e+70 1.9526589531354776e+25 3.1957719249423194e+45 1.925168902904857e+53 4748617939962663.0 8.678485320968248e+22 9.546557421846118e-125 1.4087989547525077e+40 1.0642109525535037e-261 2.616912079885173e-158 4.2382614260014424e+16 4.526529121828424e+22 2.298712555416994e+29 2.1154118523975487e-229 6.792991213550305e+57 4.9863008079981014e-176 6.271744242146586e-173 1.0616379393723581e-277 85
2.7120259847960126e+27 8.345628746072596e+72 8.875029335484789e+70 1.9526589531354776e+25 1.2517232263347736e-195 2.9480314621755727e-125 4.0530237797396617e-109 8.678485320968248e+22 6.305519879573206e-288 1.4087989547525077e+40 2268119728167978.5 5.269417473382512e+16 8.027400790325023e-260 921189763757225.2 3.901659921775895e-141 7.338041840376709e-298 2.1154118523975487e-229 5.2873475133078145e-126 1.4278434364939144e-126 5.536079675478033e+52 84
3.1494153964135746e+42 8.345628746072596e+72 8.875029335484789e+70 3.1957719249423194e+45 1.925168902904857e+53 4.0530237797396617e-109 9.546557421846118e-125 1.4087989547525077e+40 1.5290482903678463e-176 6.050156621342717e+25 8.027400790325023e-260 4.526529121828424e+22 3.901659921775895e-141 6.792991213550305e+57 5.536079675478033e+52 84
3.1494153964135746e+42 8.345628746072596e+72 8.875029335484789e+70 1.9526589531354776e+25 8.793732783043738e-233 1.925168902904857e+53 4748617939962663.0 8.678485320968248e+22 41841564840081.7 1.4087989547525077e+40 1.190250431417194e-158 6.508579395535031e-107 4.2382614260014424e+16 4.526529121828424e+22 2.1154118523975487e-229 3.0779404197344675e-122 6.792991213550305e+57 5.536079675478033e+52 2.8478387842946783e-141 0.8300000000000001 85
2.7120259847960126e+27 8.345628746072596e+72 8.875029335484789e+70 3.0234431708527238e-179 3.1957719249423194e+45 1.925168902904857e+53 1.0204289957071081e+19 1.4087989547525077e+40 2268119728167978.5 8.027400790325023e-260 4.526529121828424e+22 3.901659921775895e-141 7.338041840376709e-298 4.33016880131513e+16 5.2873475133078145e-126 6.792991213550305e+57 5.536079675478033e+52 84
2.7120259847960126e+27 8.345628746072596e+72 8.875029335484789e+70 1.9526589531354776e+25 8.793732783043738e-233 1.925168902904857e+53 4.0530237797396617e-109 8.678485320968248e+22 41841564840081.7 1.4087989547525077e+40 1.190250431417194e-158 1.6035532852742662e-250 4.526529121828424e+22 2.298712555416994e+29 2.3368569638277548e-107 6.792991213550305e+57 5.536079675478033e+52 85
3.1494153964135746e+42 8.345628746072596e+72 8.875029335484789e+70 3.0234431708527238e-179 8.793732783043738e-233 1.925168902904857e+53 1.0204289957071081e+19 8.678485320968248e+22 6.305519879573206e-288 1.4087989547525077e+40 3.8135855069066586e-108 2.616912079885173e-158 4.2382614260014424e+16 921189763757225.2 2.298712555416994e+29 7.418240023703339e-19 5.536079675478033e+52 84
3.1494153964135746e+42 8.345628746072596e+72 8.875029335484789e+70 1.9526589531354776e+25 3.1957719249423194e+45 1.925168902904857e+53 4.0530237797396617e-109 1.866038476352147e+25 41841564840081.7 1.4087989547525077e+40 1.0642109525535037e-261 5.269417473382512e+16 8.027400790325023e-260 4.4754740099510485e-52 3.901659921775895e-141 7.338041840376709e-298 4.33016880131513e+16 2.9281875528986583e+19 6.792991213550305e+57 5.536079675478033e+52 84
2.7120259847960126e+27 8.345628746072596e+72 8.875029335484789e+70 3.1957719249423194e+45 4.587858482124187e-155 1.866038476352147e+25 1.9465890863512134e-278 6.330868119645567e+23 1.5290482903678463e-176 5.269417473382512e+16 1.9827865606706087e-158 921189763757225.2 2.298712555416994e+29 4.33016880131513e+16 2.9281875528986583e+19 6.792991213550305e+57 5.536079675478033e+52 7.225236740400645e-230 84
2.7120259847960126e+27 8.345628746072596e+72 8.875029335484789e+70 4748617939962663.0 8.678485320968248e+22 6.305519879573206e-288 1.4087989547525077e+40 1.190250431417194e-158 6.050156621342717e+25 4.2382614260014424e+16 1.1283586266608183e-34 2.3368569638277548e-107 6.792991213550305e+57 5.536079675478033e+52 85
2.7120259847960126e+27 8.345628746072596e+72 8.875029335484789e+70 3.0234431708527238e-179 3.1957719249423194e+45 1.925168902904857e+53 1.0204289957071081e+19 6.305519879573206e-288 6.330868119645567e+23 1.0642109525535037e-261 6.508579395535031e-107 4.2382614260014424e+16 7.086080022641995e-19 0.6900000000000001 7.225236740400645e-230 0.8300000000000001 85
2.7120259847960126e+27 8.345628746072596e+72 8.875029335484789e+70 9.807134782673043e-38 1.2517232263347736e-195 1.925168902904857e+53 4748617939962663.0 8.678485320968248e+22 41841564840081.7 2268119728167978.5 6.508579395535031e-107 4.2382614260014424e+16 921189763757225.2 2.298712555416994e+29 1.661162181925064e-180 7.086080022641995e-19 1.4278434364939144e-126 5.536079675478033e+52 85
2.7120259847960126e+27 8.345628746072596e+72 8.875029335484789e+70 3.0234431708527238e-179 1.2517232263347736e-195 1.925168902904857e+53 4748617939962663.0 8.678485320968248e+22 6.305519879573206e-288 1.4087989547525077e+40 2.616912079885173e-158 4.2382614260014424e+16 2.1154118523975487e-229 1.4278434364939144e-126 5.536079675478033e+52 85
3.1494153964135746e+42 8.345628746072596e+72 8.875029335484789e+70 3.795639823103406e-300 3.1957719249423194e+45 2.9480314621755727e-125 8.678485320968248e+22 41841564840081.7 1.0642109525535037e-261 6.050156621342717e+25 4.33016880131513e+16 5.2873475133078145e-126 84
2.7120259847960126e+27 8.345628746072596e+72 8.875029335484789e+70 1.9526589531354776e+25 1.2517232263347736e-195 1.925168902904857e+53 41841564840081.7 1.4087989547525077e+40 7.418240023703339e-19 5.536079675478033e+52 84
3.1494153964135746e+42 8.345628746072596e+72 8.875029335484789e+70 1.9526589531354776e+25 8.793732783043738e-233 1.925168902904857e+53 4748617939962663.0 8.678485320968248e+22 41841564840081.7 1.4087989547525077e+40 2268119728167978.5 6.050156621342717e+25 8.027400790325023e-260 921189763757225.2 3.901659921775895e-141 4.33016880131513e+16 6.792991213550305e+57 4.9863008079981014e-176 6.271744242146586e-173 1.0616379393723581e-277 84
2.7120259847960126e+27 8.345628746072596e+72 8.875029335484789e+70 1.0204289957071081e+19 3.1001600099058726e-19 2.1390269782942855e-72 3.8135855069066586e-108 1.9827865606706087e-158 84
3.1494153964135746e+42 8.345628746072596e+72 8.875029335484789e+70 3.1957719249423194e+45 1.0204289957071081e+19 1.9465890863512134e-278 6.330868119645567e+23 1.5290482903678463e-176 5.269417473382512e+16 4.526529121828424e+22 1.1283586266608183e-34 6.792991213550305e+57 5.536079675478033e+52 84
3.1494153964135746e+42 8.345628746072596e+72 1.6379880843419705e-142 3.0234431708527238e-179 1.2517232263347736e-195 4748617939962663.0 8.678485320968248e+22 41841564840081.7 1.4087989547525077e+40 1.190250431417194e-158 2.616912079885173e-158 4.2382614260014424e+16 2.1154118523975487e-229 3.0779404197344675e-122 2.8478387842946783e-141 1.0616379393723581e-277 84
3.1494153964135746e+42 8.345628746072596e+72 8.875029335484789e+70 3.1957719249423194e+45 1.0204289957071081e+19 1.866038476352147e+25 6.305519879573206e-288 1.4087989547525077e+40 3.8135855069066586e-108 5.269417473382512e+16 1.9827865606706087e-158 4.33016880131513e+16 2.9281875528986583e+19 6.792991213550305e+57 4.9863008079981014e-176 84
3.1494153964135746e+42 8.345628746072596e+72 8.875029335484789e+70 1.9526589531354776e+25 3.1957719249423194e+45 1.866038476352147e+25 1.4087989547525077e+40 1.5290482903678463e-176 6.050156621342717e+25 4.2382614260014424e+16 2.298712555416994e+29 2.1154118523975487e-229 3.0779404197344675e-122 6.792991213550305e+57 1.6719467906936915e-17 6.271744242146586e-173 1.0616379393723581e-277 84
3.1494153964135746e+42 8.345628746072596e+72 8.875029335484789e+70 3.0234431708527238e-179 3.1957719249423194e+45 1.925168902904857e+53 4748617939962663.0 41841564840081.7 1.4087989547525077e+40 1.5290482903678463e-176 6.050156621342717e+25 4.2382614260014424e+16 2.298712555416994e+29 1.4278434364939144e-126 4.9863008079981014e-176 2.8478387842946783e-141 1.0616379393723581e-277 84
3.1494153964135746e+42 8.345628746072596e+72 8.875029335484789e+70 1.9526589531354776e+25 1.2517232263347736e-195 1.925168902904857e+53 1.4087989547525077e+40 6.792991213550305e+57 5.536079675478033e+52 84
3.1494153964135746e+42 8.345628746072596e+72 8.875029335484789e+70 3.795639823103406e-300 3.1957719249423194e+45 1.925168902904857e+53 4748617939962663.0 8.678485320968248e+22 7.864833077572284e-69 6.330868119645567e+23 1.5290482903678463e-176 5.269417473382512e+16 1.9827865606706087e-158 4.4754740099510485e-52 2.298712555416994e+29 4.33016880131513e+16 5.2873475133078145e-126 6.792991213550305e+57 5.536079675478033e+52 2.8478387842946783e-141 84
3.1494153964135746e+42 8.345628746072596e+72 8.875029335484789e+70 3.1957719249423194e+45 1.0204289957071081e+19 1.9465890863512134e-278 6.330868119645567e+23 1.5290482903678463e-176 5.269417473382512e+16 4.526529121828424e+22 1.1283586266608183e-34 6.792991213550305e+57 5.536079675478033e+52 84
3.1494153964135746e+42 8.345628746072596e+72 8.875029335484789e+70 3.1957719249423194e+45 1.0204289957071081e+19 1.866038476352147e+25 7.864833077572284e-69 6.330868119645567e+23 1.0642109525535037e-261 5.269417473382512e+16 8.027400790325023e-260 3.835542587243204e-212 4.33016880131513e+16 5.2873475133078145e-126 6.792991213550305e+57 5.536079675478033e+52 2.8478387842946783e-141 1.0616379393723581e-277 84
2.7120259847960126e+27 8.345628746072596e+72 8.875029335484789e+70 1.9526589531354776e+25 8.793732783043738e-233 1.925168902904857e+53 4.0530237797396617e-109 8.678485320968248e+22 6.305519879573206e-288 1.4087989547525077e+40 1.190250431417194e-158 6.050156621342717e+25 1.6035532852742662e-250 4.526529121828424e+22 2.298712555416994e+29 1.661162181925064e-180 2.9281875528986583e+19 6.792991213550305e+57 8.082560025826025e-19 6.271744242146586e-173 1.0616379393723581e-277 85
2.7120259847960126e+27 8.345628746072596e+72 8.875029335484789e+70 7.587478521909976e-73 1.2517232263347736e-195 1.925168902904857e+53 4748617939962663.0 8.678485320968248e+22 41841564840081.7 1.4087989547525077e+40 1.0642109525535037e-261 2.616912079885173e-158 4.2382614260014424e+16 1.661162181925064e-180 2.3368569638277548e-107 6.792991213550305e+57 4.9863008079981014e-176 85
3.1494153964135746e+42 8.345628746072596e+72 8.875029335484789e+70 3.795639823103406e-300 8.793732783043738e-233 1.925168902904857e+53 1.0204289957071081e+19 8.678485320968248e+22 41841564840081.7 1.4087989547525077e+40 3.8135855069066586e-108 6.050156621342717e+25 4.2382614260014424e+16 1.661162181925064e-180 6.792991213550305e+57 4.9863008079981014e-176 84
3.1494153964135746e+42 8.345628746072596e+72 8.875029335484789e+70 3.0234431708527238e-179 3.1957719249423194e+45 1.925168902904857e+53 1.0204289957071081e+19 8.678485320968248e+22 1.9465890863512134e-278 1.4087989547525077e+40 1.5290482903678463e-176 6.050156621342717e+25 8.027400790325023e-260 4.526529121828424e+22 3.835542587243204e-212 7.338041840376709e-298 4.33016880131513e+16 6.792991213550305e+57 5.536079675478033e+52 84
3.1494153964135746e+42 8.345628746072596e+72 8.875029335484789e+70 3.1957719249423194e+45 4.587858482124187e-155 1.866038476352147e+25 2.1390269782942855e-72 6.330868119645567e+23 1.5290482903678463e-176 5.269417473382512e+16 1.9827865606706087e-158 4.33016880131513e+16 2.9281875528986583e+19 6.792991213550305e+57 5.536079675478033e+52 7.225236740400645e-230 1.0616379393723581e-277 84
3.1494153964135746e+42 1.149633597223292e-107 1.6379880843419705e-142 3.795639823103406e-300 3.1957719249423194e+45 1.925168902904857e+53 1.0204289957071081e+19 8.678485320968248e+22 9.546557421846118e-125 1.4087989547525077e+40 1.0642109525535037e-261 6.050156621342717e+25 1.9827865606706087e-158 921189763757225.2 2.298712555416994e+29 4.33016880131513e+16 5.2873475133078145e-126 6.792991213550305e+57 5.536079675478033e+52 7.225236740400645e-230 84
3.1494153964135746e+42 8.345628746072596e+72 8.875029335484789e+70 3.1957719249423194e+45 1.0204289957071081e+19 3.1001600099058726e-19 1.9465890863512134e-278 1.4087989547525077e+40 3.8135855069066586e-108 5.269417473382512e+16 1.9827865606706087e-158 921189763757225.2 2.298712555416994e+29 2.9281875528986583e+19 6.792991213550305e+57 4.9863008079981014e-176 2.8478387842946783e-141 1.0616379393723581e-277 84
3.1494153964135746e+42 8.345628746072596e+72 8.875029335484789e+70 3.1957719249423194e+45 1.925168902904857e+53 1.0204289957071081e+19 1.866038476352147e+25 1.9465890863512134e-278 6.330868119645567e+23 1.5290482903678463e-176 5.269417473382512e+16 1.9827865606706087e-158 4.4754740099510485e-52 3.835542587243204e-212 4.33016880131513e+16 5.2873475133078145e-126 6.792991213550305e+57 5.536079675478033e+52 84
2.7120259847960126e+27 8.345628746072596e+72 8.875029335484789e+70 3.0234431708527238e-179 8.793732783043738e-233 1.925168902904857e+53 4748617939962663.0 8.678485320968248e+22 41841564840081.7 1.4087989547525077e+40 1.190250431417194e-158 2.616912079885173e-158 4.2382614260014424e+16 921189763757225.2 2.298712555416994e+29 2.1154118523975487e-229 6.792991213550305e+57 5.536079675478033e+52 85
3.1494153964135746e+42 1.149633597223292e-107 1.6379880843419705e-142 3.795639823103406e-300 3.1957719249423194e+45 1.925168902904857e+53 1.0204289957071081e+19 8.678485320968248e+22 9.546557421846118e-125 1.4087989547525077e+40 1.0642109525535037e-261 6.050156621342717e+25 1.9827865606706087e-158 921189763757225.2 2.298712555416994e+29 4.33016880131513e+16 5.2873475133078145e-126 6.792991213550305e+57 5.536079675478033e+52 7.225236740400645e-230 84
3.1494153964135746e+42 8.345628746072596e+72 8.875029335484789e+70 1.2517232263347736e-195 4.0530237797396617e-109 8.678485320968248e+22 41841564840081.7 1.4087989547525077e+40 1.190250431417194e-158 6.050156621342717e+25 4.2382614260014424e+16 921189763757225.2 2.298712555416994e+29 2.9281875528986583e+19 6.792991213550305e+57 5.536079675478033e+52 84
2.7120259847960126e+27 8.345628746072596e+72 8.875029335484789e+70 9.807134782673043e-38 1.2517232263347736e-195 1.925168902904857e+53 4.0530237797396617e-109 8.678485320968248e+22 6.305519879573206e-288 1.4087989547525077e+40 1.190250431417194e-158 6.050156621342717e+25 1.6035532852742662e-250 921189763757225.2 2.298712555416994e+29 2.1154118523975487e-229 2.9281875528986583e+19 6.792991213550305e+57 8.082560025826025e-19 85
3.1494153964135746e+42 8.345628746072596e+72 8.875029335484789e+70 1.9526589531354776e+25 8.793732783043738e-233 1.925168902904857e+53 4748617939962663.0 8.678485320968248e+22 9.546557421846118e-125 1.4087989547525077e+40 1.190250431417194e-158 6.508579395535031e-107 4.2382614260014424e+16 921189763757225.2 2.298712555416994e+29 2.1154118523975487e-229 6.792991213550305e+57 5.536079675478033e+52 85
2.7120259847960126e+27 8.345628746072596e+72 8.875029335484789e+70 4748617939962663.0 8.678485320968248e+22 6.305519879573206e-288 1.4087989547525077e+40 1.190250431417194e-158 6.050156621342717e+25 4.2382614260014424e+16 1.1283586266608183e-34 2.3368569638277548e-107 6.792991213550305e+57 5.536079675478033e+52 85
3.1494153964135746e+42 8.345628746072596e+72 8.875029335484789e+70 3.795639823103406e-300 3.1957719249423194e+45 1.925168902904857e+53 4.587858482124187e-155 1.866038476352147e+25 7.864833077572284e-69 6.330868119645567e+23 1.0642109525535037e-261 6.050156621342717e+25 8.027400790325023e-260 921189763757225.2 3.835542587243204e-212 5.2873475133078145e-126 6.792991213550305e+57 5.536079675478033e+52 7.225236740400645e-230 84
2.7120259847960126e+27 8.345628746072596e+72 8.875029335484789e+70 4.0530237797396617e-109 8.678485320968248e+22 6.305519879573206e-288 1.4087989547525077e+40 1.0642109525535037e-261 6.050156621342717e+25 1.6035532852742662e-250 4.526529121828424e+22 2.298712555416994e+29 1.661162181925064e-180 7.086080022641995e-19 85
2.7120259847960126e+27 8.345628746072596e+72 8.875029335484789e+70 1.9526589531354776e+25 3.1957719249423194e+45 1.925168902904857e+53 1.4087989547525077e+40 85
3.1494153964135746e+42 8.345628746072596e+72 8.875029335484789e+70 1.9526589531354776e+25 8.793732783043738e-233 1.925168902904857e+53 4748617939962663.0 8.678485320968248e+22 41841564840081.7 1.4087989547525077e+40 2268119728167978.5 6.050156621342717e+25 8.027400790325023e-260 921189763757225.2 3.901659921775895e-141 4.33016880131513e+16 6.792991213550305e+57 4.9863008079981014e-176 6.271744242146586e-173 1.0616379393723581e-277 84
2.7120259847960126e+27 8.345628746072596e+72 8.875029335484789e+70 3.795639823103406e-300 3.1957719249423194e+45 1.0204289957071081e+19 1.866038476352147e+25 7.864833077572284e-69 1.4087989547525077e+40 1.0642109525535037e-261 6.050156621342717e+25 4.2382614260014424e+16 921189763757225.2 2.298712555416994e+29 4.33016880131513e+16 3.0779404197344675e-122 6.792991213550305e+57 5.536079675478033e+52 84
2.7120259847960126e+27 8.345628746072596e+72 8.875029335484789e+70 1.9526589531354776e+25 3.1957719249423194e+45 1.925168902904857e+53 4748617939962663.0 8.678485320968248e+22 1.4087989547525077e+40 2268119728167978.5 6.050156621342717e+25 921189763757225.2 2.298712555416994e+29 6.792991213550305e+57 5.536079675478033e+52 6.271744242146586e-173 1.0616379393723581e-277 85
2.7120259847960126e+27 8.345628746072596e+72 8.875029335484789e+70 3.0234431708527238e-179 8.793732783043738e-233 1.925168902904857e+53 4748617939962663.0 8.678485320968248e+22 6.305519879573206e-288 1.4087989547525077e+40 1.190250431417194e-158 6.050156621342717e+25 1.6035532852742662e-250 2.1154118523975487e-229 6.792991213550305e+57 5.536079675478033e+52 85
3.1494153964135746e+42 8.345628746072596e+72 8.875029335484789e+70 1.9526589531354776e+25 3.1957719249423194e+45 1.925168902904857e+53 4.0530237797396617e-109 1.866038476352147e+25 41841564840081.7 1.4087989547525077e+40 1.0642109525535037e-261 5.269417473382512e+16 8.027400790325023e-260 4.4754740099510485e-52 3.901659921775895e-141 7.338041840376709e-298 4.33016880131513e+16 2.9281875528986583e+19 6.792991213550305e+57 5.536079675478033e+52 84
3.1494153964135746e+42 8.345628746072596e+72 8.875029335484789e+70 1.9526589531354776e+25 3.1957719249423194e+45 1.925168902904857e+53 4748617939962663.0 8.678485320968248e+22 41841564840081.7 1.4087989547525077e+40 2268119728167978.5 2.616912079885173e-158 4.33016880131513e+16 5.2873475133078145e-126 6.792991213550305e+57 5.536079675478033e+52 2.8478387842946783e-141 0.8300000000000001 84
3.1494153964135746e+42 1.149633597223292e-107 1.6379880843419705e-142 1.9526589531354776e+25 3.1957719249423194e+45 1.925168902904857e+53 4748617939962663.0 8.678485320968248e+22 41841564840081.7 1.4087989547525077e+40 2268119728167978.5 6.050156621342717e+25 1.6035532852742662e-250 1.1283586266608183e-34 3.0779404197344675e-122 6.792991213550305e+57 5.536079675478033e+52 84
3.1494153964135746e+42 8.345628746072596e+72 8.875029335484789e+70 7.587478521909976e-73 3.1957719249423194e+45 1.925168902904857e+53 4.587858482124187e-155 1.866038476352147e+25 1.4087989547525077e+40 1.0642109525535037e-261 5.269417473382512e+16 8.027400790325023e-260 4.33016880131513e+16 6.792991213550305e+57 4.9863008079981014e-176 2.8478387842946783e-141 1.0616379393723581e-277 84
3.1494153964135746e+42 8.345628746072596e+72 8.875029335484789e+70 1.9526589531354776e+25 8.793732783043738e-233 1.925168902904857e+53 4748617939962663.0 8.678485320968248e+22 41841564840081.7 1.4087989547525077e+40 1.190250431417194e-158 6.508579395535031e-107 4.2382614260014424e+16 4.526529121828424e+22 2.1154118523975487e-229 3.0779404197344675e-122 6.792991213550305e+57 5.536079675478033e+52 2.8478387842946783e-141 0.8300000000000001 85
2.7120259847960126e+27 1.149633597223292e-107 1.6379880843419705e-142 1.9526589531354776e+25 3.1957719249423194e+45 4748617939962663.0 41841564840081.7 1.4087989547525077e+40 1.5290482903678463e-176 6.050156621342717e+25 4.2382614260014424e+16 4.526529121828424e+22 2.298712555416994e+29 1.661162181925064e-180 6.792991213550305e+57 5.536079675478033e+52 6.271744242146586e-173 1.0616379393723581e-277 85
3.1494153964135746e+42 8.345628746072596e+72 8.875029335484789e+70 1.9526589531354776e+25 3.1957719249423194e+45 1.925168902904857e+53 1.0204289957071081e+19 1.866038476352147e+25 1.9465890863512134e-278 1.4087989547525077e+40 1.0642109525535037e-261 6.050156621342717e+25 8.027400790325023e-260 3.835542587243204e-212 7.338041840376709e-298 4.33016880131513e+16 2.9281875528986583e+19 6.792991213550305e+57 8.082560025826025e-19 85
3.1494153964135746e+42 8.345628746072596e+72 1.6379880843419705e-142 7.587478521909976e-73 5.866449715440115e-37 1.925168902904857e+53 6.792991213550305e+57 5.536079675478033e+52 84
2.7120259847960126e+27 8.345628746072596e+72 8.875029335484789e+70 7.587478521909976e-73 8.793732783043738e-233 4748617939962663.0 8.678485320968248e+22 41841564840081.7 1.4087989547525077e+40 2268119728167978.5 2.616912079885173e-158 4.2382614260014424e+16 4.526529121828424e+22 2.298712555416994e+29 2.1154118523975487e-229 6.792991213550305e+57 5.536079675478033e+52 2.8478387842946783e-141 0.8300000000000001 85
2.7120259847960126e+27 8.345628746072596e+72 8.875029335484789e+70 1.9526589531354776e+25 8.793732783043738e-233 1.925168902904857e+53 4748617939962663.0 8.678485320968248e+22 41841564840081.7 1.4087989547525077e+40 1.190250431417194e-158 6.050156621342717e+25 4.2382614260014424e+16 4.526529121828424e+22 2.298712555416994e+29 1.661162181925064e-180 2.3368569638277548e-107 6.792991213550305e+57 5.536079675478033e+52 6.271744242146586e-173 0.8300000000000001 85
2.7120259847960126e+27 8.345628746072596e+72 8.875029335484789e+70 1.9526589531354776e+25 3.1957719249423194e+45 1.925168902904857e+53 1.0204289957071081e+19 1.866038476352147e+25 6.305519879573206e-288 2.616912079885173e-158 4.2382614260014424e+16 4.526529121828424e+22 2.298712555416994e+29 4.33016880131513e+16 6.792991213550305e+57 4.9863008079981014e-176 2.8478387842946783e-141 1.0616379393723581e-277 85
2.7120259847960126e+27 8.345628746072596e+72 8.875029335484789e+70 3.0234431708527238e-179 3.1957719249423194e+45 1.925168902904857e+53 1.0204289957071081e+19 1.866038476352147e+25 7.864833077572284e-69 6.330868119645567e+23 3.8135855069066586e-108 2.616912079885173e-158 1.6035532852742662e-250 921189763757225.2 3.901659921775895e-141 1.1283586266608183e-34 3.0779404197344675e-122 6.792991213550305e+57 5.536079675478033e+52 2.8478387842946783e-141 1.0616379393723581e-277 85
3.1494153964135746e+42 8.345628746072596e+72 8.875029335484789e+70 3.1957719249423194e+45 1.0204289957071081e+19 1.866038476352147e+25 1.9465890863512134e-278 6.330868119645567e+23 5.269417473382512e+16 1.9827865606706087e-158 4.526529121828424e+22 2.298712555416994e+29 7.338041840376709e-298 6.792991213550305e+57 4.9863008079981014e-176 7.225236740400645e-230 1.0616379393723581e-277 84
3.1494153964135746e+42 8.345628746072596e+72 8.875029335484789e+70 9.807134782673043e-38 3.1957719249423194e+45 1.0204289957071081e+19 1.866038476352147e+25 2.1390269782942855e-72 1.4087989547525077e+40 1.5290482903678463e-176 5.269417473382512e+16 4.2382614260014424e+16 4.526529121828424e+22 3.835542587243204e-212 1.661162181925064e-180 3.0779404197344675e-122 6.792991213550305e+57 5.536079675478033e+52 7.225236740400645e-230 1.0616379393723581e-277 84
3.1494153964135746e+42 8.345628746072596e+72 8.875029335484789e+70 3.1957719249423194e+45 1.866038476352147e+25 5.269417473382512e+16 1.9827865606706087e-158 2.9281875528986583e+19 84
3.1494153964135746e+42 8.345628746072596e+72 1.6379880843419705e-142 7.587478521909976e-73 3.1957719249423194e+45 1.925168902904857e+53 4748617939962663.0 8.678485320968248e+22 41841564840081.7 1.4087989547525077e+40 2268119728167978.5 6.050156621342717e+25 4.2382614260014424e+16 4.526529121828424e+22 2.298712555416994e+29 4.33016880131513e+16 2.9281875528986583e+19 6.792991213550305e+57 5.536079675478033e+52 6.271744242146586e-173 84
3.1494153964135746e+42 8.345628746072596e+72 8.875029335484789e+70 1.9526589531354776e+25 3.1957719249423194e+45 1.925168902904857e+53 4.587858482124187e-155 1.866038476352147e+25 1.9465890863512134e-278 1.4087989547525077e+40 1.0642109525535037e-261 5.269417473382512e+16 1.9827865606706087e-158 921189763757225.2 2.298712555416994e+29 4.33016880131513e+16 2.9281875528986583e+19 6.792991213550305e+57 5.536079675478033e+52 6.271744242146586e-173 0.8300000000000001 84
2.7120259847960126e+27 8.345628746072596e+72 8.875029335484789e+70 3.0234431708527238e-179 1.2517232263347736e-195 2.9480314621755727e-125 1.0204289957071081e+19 8.678485320968248e+22 41841564840081.7 1.4087989547525077e+40 2268119728167978.5 2.616912079885173e-158 1.6035532852742662e-250 4.526529121828424e+22 1.661162181925064e-180 7.086080022641995e-19 6.792991213550305e+57 5.536079675478033e+52 6.271744242146586e-173 1.0616379393723581e-277 85
3.1494153964135746e+42 8.345628746072596e+72 8.875029335484789e+70 1.9526589531354776e+25 1.2517232263347736e-195 1.925168902904857e+53 4.587858482124187e-155 8.678485320968248e+22 41841564840081.7 1.4087989547525077e+40 2268119728167978.5 6.050156621342717e+25 1.6035532852742662e-250 4.526529121828424e+22 3.901659921775895e-141 4.33016880131513e+16 5.2873475133078145e-126 6.792991213550305e+57 5.536079675478033e+52 84
2.7120259847960126e+27 8.345628746072596e+72 8.875029335484789e+70 3.0234431708527238e-179 1.2517232263347736e-195 1.925168902904857e+53 1.0204289957071081e+19 8.678485320968248e+22 6.305519879573206e-288 1.4087989547525077e+40 2268119728167978.5 6.508579395535031e-107 8.027400790325023e-260 4.526529121828424e+22 2.298712555416994e+29 2.9281875528986583e+19 0.6900000000000001 5.536079675478033e+52 6.271744242146586e-173 1.0616379393723581e-277 84
2.7120259847960126e+27 8.345628746072596e+72 8.875029335484789e+70 1.9526589531354776e+25 3.1957719249423194e+45 1.925168902904857e+53 4.0530237797396617e-109 3.1873188043687393e-37 9.546557421846118e-125 1.4087989547525077e+40 1.190250431417194e-158 2.616912079885173e-158 4.2382614260014424e+16 4.4754740099510485e-52 2.298712555416994e+29 2.1154118523975487e-229 3.0779404197344675e-122 6.792991213550305e+57 4.9863008079981014e-176 85
3.1494153964135746e+42 1.149633597223292e-107 1.6379880843419705e-142 1.9526589531354776e+25 3.1957719249423194e+45 1.925168902904857e+53 1.0204289957071081e+19 1.866038476352147e+25 6.305519879573206e-288 1.4087989547525077e+40 1.5290482903678463e-176 2.616912079885173e-158 8.027400790325023e-260 4.526529121828424e+22 3.901659921775895e-141 7.338041840376709e-298 1.1283586266608183e-34 1.4278434364939144e-126 5.536079675478033e+52 2.8478387842946783e-141 1.0616379393723581e-277 84
3.1494153964135746e+42 8.345628746072596e+72 8.875029335484789e+70 3.795639823103406e-300 8.793732783043738e-233 2.9480314621755727e-125 41841564840081.7 1.190250431417194e-158 2.616912079885173e-158 1.4278434364939144e-126 4.9863008079981014e-176 85
3.1494153964135746e+42 8.345628746072596e+72 1.6379880843419705e-142 8.793732783043738e-233 1.925168902904857e+53 4748617939962663.0 8.678485320968248e+22 6.305519879573206e-288 1.4087989547525077e+40 5.269417473382512e+16 4.2382614260014424e+16 4.526529121828424e+22 2.298712555416994e+29 2.1154118523975487e-229 5.2873475133078145e-126 6.792991213550305e+57 5.536079675478033e+52 6.271744242146586e-173 84
2.7120259847960126e+27 8.345628746072596e+72 8.875029335484789e+70 3.0234431708527238e-179 8.793732783043738e-233 1.925168902904857e+53 1.0204289957071081e+19 41841564840081.7 1.4087989547525077e+40 2268119728167978.5 5.269417473382512e+16 8.027400790325023e-260 4.526529121828424e+22 3.901659921775895e-141 4.33016880131513e+16 2.9281875528986583e+19 1.174567489954307e-16 5.536079675478033e+52 2.8478387842946783e-141 84
3.1494153964135746e+42 8.345628746072596e+72 1.6379880843419705e-142 1.9526589531354776e+25 1.925168902904857e+53 1.0204289957071081e+19 1.866038476352147e+25 2.1390269782942855e-72 6.330868119645567e+23 1.5290482903678463e-176 1.9827865606706087e-158 921189763757225.2 2.298712555416994e+29 6.792991213550305e+57 5.536079675478033e+52 84
3.1494153964135746e+42 8.345628746072596e+72 8.875029335484789e+70 3.1957719249423194e+45 1.866038476352147e+25 5.269417473382512e+16 1.9827865606706087e-158 2.9281875528986583e+19 84
3.1494153964135746e+42 8.345628746072596e+72 1.6379880843419705e-142 3.0234431708527238e-179 1.2517232263347736e-195 2.9480314621755727e-125 1.0204289957071081e+19 8.678485320968248e+22 41841564840081.7 6.330868119645567e+23 1.190250431417194e-158 2.616912079885173e-158 4.2382614260014424e+16 4.33016880131513e+16 2.3368569638277548e-107 6.792991213550305e+57 5.536079675478033e+52 7.225236740400645e-230 0.8300000000000001 84
3.1494153964135746e+42 8.345628746072596e+72 8.875029335484789e+70 3.0234431708527238e-179 3.1957719249423194e+45 1.925168902904857e+53 1.0204289957071081e+19 8.678485320968248e+22 1.9465890863512134e-278 6.330868119645567e+23 3.8135855069066586e-108 5.269417473382512e+16 8.027400790325023e-260 921189763757225.2 2.298712555416994e+29 1.4278434364939144e-126 8.082560025826025e-19 7.225236740400645e-230 1.0616379393723581e-277 85
2.7120259847960126e+27 8.345628746072596e+72 8.875029335484789e+70 3.1957719249423194e+45 1.0204289957071081e+19 1.866038476352147e+25 6.305519879573206e-288 6.330868119645567e+23 1.5290482903678463e-176 5.269417473382512e+16 1.9827865606706087e-158 2.298712555416994e+29 4.33016880131513e+16 2.9281875528986583e+19 6.792991213550305e+57 84
3.1494153964135746e+42 8.345628746072596e+72 8.875029335484789e+70 1.9526589531354776e+25 8.793732783043738e-233 1.925168902904857e+53 4748617939962663.0 8.678485320968248e+22 7.864833077572284e-69 1.4087989547525077e+40 3.8135855069066586e-108 6.050156621342717e+25 4.2382614260014424e+16 4.526529121828424e+22 3.835542587243204e-212 7.338041840376709e-298 2.1154118523975487e-229 6.792991213550305e+57 5.536079675478033e+52 2.8478387842946783e-141 1.0616379393723581e-277 84
3.1494153964135746e+42 8.345628746072596e+72 8.875029335484789e+70 1.9526589531354776e+25 3.1957719249423194e+45 1.0204289957071081e+19 1.866038476352147e+25 1.9465890863512134e-278 6.330868119645567e+23 1.5290482903678463e-176 5.269417473382512e+16 8.027400790325023e-260 4.526529121828424e+22 2.298712555416994e+29 4.33016880131513e+16 5.2873475133078145e-126 6.792991213550305e+57 5.536079675478033e+52 2.8478387842946783e-141 1.0616379393723581e-277 84
3.1494153964135746e+42 8.345628746072596e+72 8.875029335484789e+70 1.9526589531354776e+25 8.793732783043738e-233 1.925168902904857e+53 4748617939962663.0 8.678485320968248e+22 9.546557421846118e-125 1.4087989547525077e+40 1.190250431417194e-158 6.508579395535031e-107 4.2382614260014424e+16 921189763757225.2 2.298712555416994e+29 2.1154118523975487e-229 6.792991213550305e+57 5.536079675478033e+52 85
2.7120259847960126e+27 8.345628746072596e+72 8.875029335484789e+70 3.1957719249423194e+45 1.925168902904857e+53 1.0204289957071081e+19 1.866038476352147e+25 9.546557421846118e-125 1.4087989547525077e+40 1.0642109525535037e-261 6.050156621342717e+25 8.027400790325023e-260 4.526529121828424e+22 2.298712555416994e+29 1.661162181925064e-180 6.792991213550305e+57 1.6719467906936915e-17 84
3.1494153964135746e+42 8.345628746072596e+72 8.875029335484789e+70 3.795639823103406e-300 3.1957719249423194e+45 1.925168902904857e+53 2.1390269782942855e-72 6.330868119645567e+23 3.8135855069066586e-108 5.269417473382512e+16 8.027400790325023e-260 921189763757225.2 4.33016880131513e+16 2.9281875528986583e+19 6.792991213550305e+57 4.9863008079981014e-176 84
2.7120259847960126e+27 8.345628746072596e+72 8.875029335484789e+70 3.0234431708527238e-179 3.1957719249423194e+45 1.925168902904857e+53 2.1390269782942855e-72 6.330868119645567e+23 6.792991213550305e+57 5.536079675478033e+52 85
2.7120259847960126e+27 8.345628746072596e+72 8.875029335484789e+70 1.9526589531354776e+25 1.2517232263347736e-195 1.925168902904857e+53 1.0204289957071081e+19 1.866038476352147e+25 9.546557421846118e-125 6.330868119645567e+23 1.0642109525535037e-261 5.269417473382512e+16 4.2382614260014424e+16 4.526529121828424e+22 4.33016880131513e+16 85
2.7120259847960126e+27 8.345628746072596e+72 8.875029335484789e+70 3.1957719249423194e+45 1.0204289957071081e+19 1.866038476352147e+25 6.305519879573206e-288 6.330868119645567e+23 1.5290482903678463e-176 5.269417473382512e+16 1.9827865606706087e-158 921189763757225.2 3.901659921775895e-141 4.33016880131513e+16 2.9281875528986583e+19 6.792991213550305e+57 84
2.7120259847960126e+27 8.345628746072596e+72 8.875029335484789e+70 3.0234431708527238e-179 8.793732783043738e-233 1.925168902904857e+53 4748617939962663.0 8.678485320968248e+22 41841564840081.7 1.4087989547525077e+40 1.190250431417194e-158 2.616912079885173e-158 4.2382614260014424e+16 921189763757225.2 2.298712555416994e+29 2.1154118523975487e-229 6.792991213550305e+57 5.536079675478033e+52 85
3.1494153964135746e+42 8.345628746072596e+72 8.875029335484789e+70 3.795639823103406e-300 3.1957719249423194e+45 1.925168902904857e+53 4748617939962663.0 8.678485320968248e+22 7.864833077572284e-69 6.330868119645567e+23 1.5290482903678463e-176 5.269417473382512e+16 1.9827865606706087e-158 4.4754740099510485e-52 2.298712555416994e+29 4.33016880131513e+16 5.2873475133078145e-126 6.792991213550305e+57 5.536079675478033e+52 2.8478387842946783e-141 84
3.1494153964135746e+42 1.149633597223292e-107 1.6379880843419705e-142 6.792991213550305e+57 5.536079675478033e+52 2.8478387842946783e-141 84
3.1494153964135746e+42 8.345628746072596e+72 8.875029335484789e+70 1.9526589531354776e+25 1.2517232263347736e-195 1.925168902904857e+53 1.0204289957071081e+19 1.866038476352147e+25 41841564840081.7 1.4087989547525077e+40 1.190250431417194e-158 6.050156621342717e+25 2.1154118523975487e-229 3.0779404197344675e-122 1.4278434364939144e-126 4.9863008079981014e-176 85
2.7120259847960126e+27 8.345628746072596e+72 8.875029335484789e+70 1.9526589531354776e+25 3.1957719249423194e+45 1.925168902904857e+53 4.0530237797396617e-109 8.678485320968248e+22 9.546557421846118e-125 1.4087989547525077e+40 1.190250431417194e-158 6.050156621342717e+25 4.2382614260014424e+16 921189763757225.2 2.298712555416994e+29 6.792991213550305e+57 4.9863008079981014e-176 85
2.7120259847960126e+27 8.345628746072596e+72 8.875029335484789e+70 3.795639823103406e-300 8.793732783043738e-233 4748617939962663.0 8.678485320968248e+22 41841564840081.7 1.4087989547525077e+40 1.190250431417194e-158 6.050156621342717e+25 4.2382614260014424e+16 2.1154118523975487e-229 7.086080022641995e-19 7.418240023703339e-19 4.9863008079981014e-176 85
3.1494153964135746e+42 8.345628746072596e+72 8.875029335484789e+70 3.0234431708527238e-179 3.1957719249423194e+45 1.925168902904857e+53 4748617939962663.0 1.866038476352147e+25 2.1390269782942855e-72 6.330868119645567e+23 2268119728167978.5 5.269417473382512e+16 1.6035532852742662e-250 4.526529121828424e+22 3.835542587243204e-212 7.338041840376709e-298 5.2873475133078145e-126 6.792991213550305e+57 5.536079675478033e+52 7.225236740400645e-230 84
2.7120259847960126e+27 8.345628746072596e+72 8.875029335484789e+70 3.1957719249423194e+45 1.0204289957071081e+19 1.866038476352147e+25 6.305519879573206e-288 6.330868119645567e+23 1.5290482903678463e-176 5.269417473382512e+16 1.9827865606706087e-158 2.298712555416994e+29 4.33016880131513e+16 2.9281875528986583e+19 6.792991213550305e+57 84
3.1494153964135746e+42 8.345628746072596e+72 8.875029335484789e+70 1.9526589531354776e+25 1.2517232263347736e-195 2.9480314621755727e-125 1.0204289957071081e+19 8.678485320968248e+22 41841564840081.7 1.4087989547525077e+40 1.0642109525535037e-261 6.508579395535031e-107 4.2382614260014424e+16 921189763757225.2 2.298712555416994e+29 4.33016880131513e+16 2.9281875528986583e+19 0.6900000000000001 5.536079675478033e+52 85
3.1494153964135746e+42 8.345628746072596e+72 8.875029335484789e+70 1.9526589531354776e+25 8.793732783043738e-233 4748617939962663.0 8.678485320968248e+22 41841564840081.7 1.4087989547525077e+40 1.190250431417194e-158 6.508579395535031e-107 1.9827865606706087e-158 4.526529121828424e+22 3.901659921775895e-141 4.33016880131513e+16 2.9281875528986583e+19 84
3.1494153964135746e+42 8.345628746072596e+72 8.875029335484789e+70 3.795639823103406e-300 3.1957719249423194e+45 1.925168902904857e+53 4.587858482124187e-155 1.866038476352147e+25 9.546557421846118e-125 6.330868119645567e+23 3.8135855069066586e-108 5.269417473382512e+16 1.9827865606706087e-158 4.33016880131513e+16 2.9281875528986583e+19 6.792991213550305e+57 4.9863008079981014e-176 7.225236740400645e-230 1.0616379393723581e-277 84
2.7120259847960126e+27 8.345628746072596e+72 8.875029335484789e+70 3.0234431708527238e-179 8.793732783043738e-233 1.925168902904857e+53 1.0204289957071081e+19 8.678485320968248e+22 41841564840081.7 1.4087989547525077e+40 1.0642109525535037e-261 2.616912079885173e-158 921189763757225.2 2.298712555416994e+29 1.661162181925064e-180 2.3368569638277548e-107 6.792991213550305e+57 5.536079675478033e+52 6.271744242146586e-173 1.0616379393723581e-277 85
3.1494153964135746e+42 8.345628746072596e+72 8.875029335484789e+70 1.9526589531354776e+25 3.1957719249423194e+45 2.9480314621755727e-125 4748617939962663.0 8.678485320968248e+22 9.546557421846118e-125 1.4087989547525077e+40 1.0642109525535037e-261 2.616912079885173e-158 4.2382614260014424e+16 921189763757225.2 2.298712555416994e+29 2.1154118523975487e-229 5.2873475133078145e-126 6.792991213550305e+57 4.9863008079981014e-176 7.225236740400645e-230 1.0616379393723581e-277 84
2.7120259847960126e+27 8.345628746072596e+72 8.875029335484789e+70 1.9526589531354776e+25 3.1957719249423194e+45 2.9480314621755727e-125 1.0204289957071081e+19 8.678485320968248e+22 6.305519879573206e-288 1.4087989547525077e+40 2268119728167978.5 6.050156621342717e+25 4.2382614260014424e+16 921189763757225.2 2.298712555416994e+29 1.1283586266608183e-34 2.3368569638277548e-107 6.792991213550305e+57 5.536079675478033e+52 85
3.1494153964135746e+42 8.345628746072596e+72 8.875029335484789e+70 3.0234431708527238e-179 3.1957719249423194e+45 1.925168902904857e+53 1.0204289957071081e+19 8.678485320968248e+22 1.9465890863512134e-278 1.4087989547525077e+40 1.5290482903678463e-176 6.050156621342717e+25 8.027400790325023e-260 4.526529121828424e+22 3.835542587243204e-212 7.338041840376709e-298 4.33016880131513e+16 6.792991213550305e+57 5.536079675478033e+52 84
3.1494153964135746e+42 8.345628746072596e+72 8.875029335484789e+70 3.1957719249423194e+45 1.925168902904857e+53 1.0204289957071081e+19 41841564840081.7 1.4087989547525077e+40 5.269417473382512e+16 4.4754740099510485e-52 3.901659921775895e-141 2.9281875528986583e+19 6.792991213550305e+57 4.9863008079981014e-176 84
2.7120259847960126e+27 8.345628746072596e+72 8.875029335484789e+70 1.9526589531354776e+25 1.2517232263347736e-195 2.9480314621755727e-125 4.0530237797396617e-109 8.678485320968248e+22 6.305519879573206e-288 1.4087989547525077e+40 2268119728167978.5 5.269417473382512e+16 8.027400790325023e-260 921189763757225.2 3.901659921775895e-141 7.338041840376709e-298 2.1154118523975487e-229 5.2873475133078145e-126 1.4278434364939144e-126 5.536079675478033e+52 84
3.1494153964135746e+42 8.345628746072596e+72 8.875029335484789e+70 1.9526589531354776e+25 1.2517232263347736e-195 1.925168902904857e+53 1.0204289957071081e+19 1.866038476352147e+25 41841564840081.7 1.4087989547525077e+40 1.190250431417194e-158 6.050156621342717e+25 2.1154118523975487e-229 3.0779404197344675e-122 1.4278434364939144e-126 4.9863008079981014e-176 85
3.1494153964135746e+42 8.345628746072596e+72 8.875029335484789e+70 3.0234431708527238e-179 1.2517232263347736e-195 1.866038476352147e+25 41841564840081.7 1.4087989547525077e+40 1.0642109525535037e-261 6.050156621342717e+25 1.6035532852742662e-250 4.4754740099510485e-52 2.298712555416994e+29 1.661162181925064e-180 2.9281875528986583e+19 1.4278434364939144e-126 7.225236740400645e-230 1.0616379393723581e-277 84
3.1494153964135746e+42 1.149633597223292e-107 1.6379880843419705e-142 3.795639823103406e-300 3.1957719249423194e+45 1.925168902904857e+53 4.587858482124187e-155 8.678485320968248e+22 2.1390269782942855e-72 6.330868119645567e+23 1.0642109525535037e-261 5.269417473382512e+16 1.9827865606706087e-158 921189763757225.2 3.901659921775895e-141 7.338041840376709e-298 1.661162181925064e-180 6.792991213550305e+57 5.536079675478033e+52 7.225236740400645e-230 1.1129921157723177e-54 84
