2e-10 3e-10 5e-10 1.909087609479236e-183 1.3e-09 2e-09 2.2000000000000003e-09 2.5e-09 3.1e-09 3.5000000000000003e-09 3.8e-09 4.5e-09 4.8e-09 5.1e-09 5.4e-09 5.8e-09 6.6e-09 7.1e-09 1.1276927701569944e-91 85
1e-10 3e-10 5e-10 1.1000000000000001e-09 1.6e-09 2e-09 2.4e-09 4.3253969266295675e-92 3.6e-09 4.2e-09 4.6e-09 7.8e-09 8.1e-09 85
2e-10 3e-10 5e-10 1e-09 1.6e-09 2e-09 2.3e-09 2.5e-09 3e-09 3.5000000000000003e-09 3.9e-09 4.3000000000000005e-09 4.8e-09 6e-09 6.3e-09 7.1e-09 1.1276927701569944e-91 85
1e-10 3e-10 5e-10 9e-10 1.6e-09 2e-09 2.3e-09 2.5e-09 2.9e-09 3.5000000000000003e-09 4e-09 4.6e-09 4.7e-09 5.2e-09 5.5000000000000004e-09 6.1e-09 6.5e-09 7.1e-09 1.5289048660742763e-89 7.7e-09 8.1e-09 84
1e-10 3e-10 5e-10 7.000000000000001e-10 1.6e-09 2e-09 2.2000000000000003e-09 2.7e-09 3.1e-09 3.5000000000000003e-09 4.1e-09 4.5e-09 4.9e-09 7.000000000000001e-09 7.2e-09 7.7e-09 84
1e-10 4e-10 6e-10 9e-10 1.6e-09 2e-09 2.3e-09 2.7e-09 3.1e-09 3.5000000000000003e-09 4.2e-09 4.3000000000000005e-09 4.9e-09 5.2e-09 5.5000000000000004e-09 5.7000000000000006e-09 1.4396171839150769e-179 7.000000000000001e-09 7.2e-09 7.8e-09 8.1e-09 84
1e-10 3e-10 5e-10 9e-10 1.5e-09 1.8e-09 2.3e-09 2.5e-09 2.9e-09 3.5000000000000003e-09 4.5e-09 4.8e-09 5.1e-09 5.4e-09 5.8e-09 9.886621546581869e-92 7.1e-09 7.2e-09 7.8e-09 8.1e-09 85
2e-10 3e-10 5e-10 7.000000000000001e-10 1.3e-09 2.1e-09 2.5e-09 2.9e-09 3.5000000000000003e-09 4e-09 4.5e-09 4.8e-09 7.1e-09 7.2e-09 7.8e-09 8.1e-09 85
1e-10 3e-10 5e-10 9e-10 1.6e-09 2e-09 2.1e-09 2.5e-09 3.1e-09 3.5000000000000003e-09 3.9e-09 4.6e-09 4.8e-09 5.2e-09 5.6000000000000005e-09 5.7000000000000006e-09 6.5e-09 7.1e-09 7.2e-09 84
2e-10 3e-10 5e-10 7.000000000000001e-10 1.3e-09 2e-09 2.3e-09 2.5e-09 3.1e-09 3.5000000000000003e-09 4e-09 4.4000000000000005e-09 4.9e-09 5.2e-09 5.4e-09 6.6e-09 0.6900000000000001 7.2e-09 7.7e-09 8.1e-09 84
1e-10 3e-10 5e-10 7.000000000000001e-10 1.5e-09 1.8e-09 2.1e-09 3.1e-09 3.5000000000000003e-09 4e-09 4.3000000000000005e-09 4.9e-09 5.2e-09 5.4e-09 6e-09 9.886621546581869e-92 7.1e-09 7.2e-09 7.8e-09 84
1e-10 3e-10 5e-10 7.000000000000001e-10 1.5e-09 2e-09 2.3e-09 2.5e-09 3.1e-09 3.5000000000000003e-09 4.1e-09 4.3000000000000005e-09 4.7e-09 5.1e-09 5.4e-09 1.0350056931577894e-91 7.2e-09 84
2e-10 3e-10 5e-10 1.6e-09 2.3e-09 2.7e-09 3.1e-09 3.6e-09 4.2e-09 4.6e-09 5e-09 5.1e-09 5.5000000000000004e-09 6.1e-09 6.6e-09 7.1e-09 84
1e-10 3e-10 5e-10 9e-10 1.3e-09 2e-09 2.3e-09 3.2e-09 4.2e-09 4.6e-09 4.9e-09 5.2e-09 5.4e-09 6.1e-09 6.6e-09 7.1e-09 7.4e-09 84
2e-10 3e-10 5e-10 7.000000000000001e-10 1.6e-09 2e-09 2.3e-09 2.5e-09 2.9e-09 3.5000000000000003e-09 4e-09 4.5e-09 4.8e-09 5.1e-09 5.6000000000000005e-09 5.7000000000000006e-09 7.1e-09 7.2e-09 84
1e-10 3e-10 5e-10 1.1000000000000001e-09 1.5e-09 2e-09 2.3e-09 2.5e-09 2.9e-09 3.5000000000000003e-09 4.1e-09 4.5e-09 4.7e-09 6e-09 7.1e-09 7.4e-09 84
2e-10 3e-10 5e-10 1e-09 1.6e-09 2e-09 2.3e-09 2.7e-09 3.6e-09 3.9e-09 4.6e-09 4.8e-09 5.1e-09 5.5000000000000004e-09 6.1e-09 6.6e-09 7.1e-09 7.2e-09 84
1e-10 3e-10 5e-10 9e-10 1.5e-09 2e-09 2.1e-09 2.5e-09 3.3e-09 3.5000000000000003e-09 4.1e-09 4.5e-09 4.7e-09 5.2e-09 5.6000000000000005e-09 5.7000000000000006e-09 5.8e-09 7.1e-09 7.2e-09 7.8e-09 8.1e-09 84
1e-10 3e-10 5e-10 1e-09 1.6e-09 2.1e-09 2.5e-09 3.5000000000000003e-09 4.3000000000000005e-09 4.7e-09 7.000000000000001e-09 7.2e-09 7.7e-09 84
2e-10 3e-10 5e-10 9e-10 1.6e-09 2.1e-09 2.5e-09 3.3e-09 3.6e-09 4e-09 4.5e-09 4.7e-09 5.1e-09 5.6000000000000005e-09 5.7000000000000006e-09 6e-09 6.5e-09 7.1e-09 7.4e-09 7.7e-09 8.1e-09 84
2e-10 3e-10 5e-10 1.1000000000000001e-09 1.5e-09 2.1e-09 2.5e-09 2.9e-09 3.5000000000000003e-09 3.8e-09 4.5e-09 4.7e-09 5.8e-09 9.886621546581869e-92 1.0350056931577894e-91 7.4e-09 85
2e-10 3e-10 5e-10 9e-10 1.5e-09 2e-09 2.1e-09 2.5e-09 2.9e-09 3.5000000000000003e-09 3.8e-09 4.5e-09 4.7e-09 5.2e-09 5.4e-09 6e-09 6.3e-09 7.1e-09 7.2e-09 7.7e-09 85
2e-10 3e-10 5e-10 7.000000000000001e-10 1.6e-09 2e-09 2.3e-09 2.5e-09 2.9e-09 3.5000000000000003e-09 4e-09 4.5e-09 4.8e-09 5.1e-09 5.6000000000000005e-09 5.7000000000000006e-09 7.1e-09 7.2e-09 84
1e-10 3e-10 5e-10 7.000000000000001e-10 1.3e-09 2e-09 2.3e-09 2.7e-09 2.9e-09 3.5000000000000003e-09 4e-09 4.5e-09 4.8e-09 6e-09 7.1e-09 7.4e-09 84
2e-10 3e-10 5e-10 9e-10 1.5e-09 2e-09 2.1e-09 2.5e-09 2.9e-09 3.5000000000000003e-09 4.3000000000000005e-09 4.7e-09 5.2e-09 5.4e-09 6.1e-09 9.886621546581869e-92 7.1e-09 7.2e-09 85
1e-10 3e-10 6e-10 1.1000000000000001e-09 1.6e-09 2e-09 2.2000000000000003e-09 2.7e-09 2.9e-09 3.5000000000000003e-09 4.5e-09 4.7e-09 5.1e-09 5.5000000000000004e-09 7.1e-09 7.2e-09 84
1e-10 4e-10 6e-10 1.1000000000000001e-09 1.6e-09 2e-09 2.3e-09 3.3e-09 3.5000000000000003e-09 4e-09 4.5e-09 5e-09 7.966742226683399e-270 6.1e-09 7.1e-09 7.8e-09 84
1e-10 3e-10 5e-10 9e-10 1.5e-09 2e-09 2.1e-09 2.5e-09 2.9e-09 3.5000000000000003e-09 3.8e-09 4.4000000000000005e-09 4.7e-09 5.2e-09 5.8e-09 6.2e-09 7.1e-09 7.2e-09 7.8e-09 0.8300000000000001 85
1e-10 3e-10 5e-10 1.1000000000000001e-09 1.3e-09 2e-09 2.2000000000000003e-09 2.5e-09 3.2e-09 3.9e-09 4.5e-09 4.7e-09 5.8e-09 7.1e-09 7.2e-09 84
1e-10 3e-10 5e-10 7.000000000000001e-10 1.6e-09 2e-09 0.8300000000000001 84
1e-10 3e-10 5e-10 7.000000000000001e-10 1.6e-09 2.2000000000000003e-09 2.5e-09 2.9e-09 3.5000000000000003e-09 4e-09 4.5e-09 4.9e-09 5.2e-09 5.4e-09 6.1e-09 6.6e-09 7.1e-09 7.2e-09 84
1e-10 4e-10 6e-10 9e-10 1.6e-09 2e-09 2.4e-09 4.3253969266295675e-92 3.4000000000000003e-09 4e-09 4.5e-09 4.9e-09 5.8e-09 7.1e-09 7.2e-09 7.9e-09 8.1e-09 84
1e-10 3e-10 6e-10 9e-10 2e-09 2.3e-09 2.7e-09 3.4000000000000003e-09 3.6e-09 4.2e-09 5e-09 5.1e-09 5.4e-09 7.1e-09 7.2e-09 84
1e-10 3e-10 5e-10 1.6e-09 0.19 3.2e-09 3.5000000000000003e-09 4.1e-09 5.4e-09 5.7000000000000006e-09 7.8e-09 8.1e-09 84
1e-10 3e-10 5e-10 7.000000000000001e-10 1.6e-09 2e-09 2.2000000000000003e-09 3.2e-09 3.5000000000000003e-09 4e-09 4.9e-09 5.5000000000000004e-09 5.7000000000000006e-09 6e-09 6.5e-09 7.1e-09 7.2e-09 7.8e-09 84
2e-10 3e-10 5e-10 7.000000000000001e-10 1.5e-09 2e-09 2.1e-09 2.5e-09 2.9e-09 3.5000000000000003e-09 3.8e-09 4.3000000000000005e-09 4.7e-09 5.1e-09 5.4e-09 5.8e-09 7.1e-09 7.2e-09 85
1e-10 3e-10 5e-10 7.000000000000001e-10 1.3e-09 2.7e-09 2.9e-09 3.5000000000000003e-09 3.9e-09 4.5e-09 4.8e-09 7.966742226683399e-270 5.4e-09 6e-09 6.6e-09 7.000000000000001e-09 7.9e-09 8.1e-09 84
1e-10 3e-10 5e-10 7.000000000000001e-10 1.3e-09 2.7e-09 2.9e-09 3.5000000000000003e-09 3.9e-09 4.5e-09 4.8e-09 7.966742226683399e-270 5.4e-09 6e-09 6.6e-09 7.000000000000001e-09 7.9e-09 8.1e-09 84
1e-10 3e-10 5e-10 9e-10 1.6e-09 2e-09 2.5e-09 3e-09 3.5000000000000003e-09 3.9e-09 4.6e-09 4.8e-09 5.8e-09 6.6e-09 7.1e-09 7.2e-09 7.9e-09 8.1e-09 84
1e-10 3e-10 5e-10 9e-10 1.6e-09 2e-09 2.3e-09 2.5e-09 2.9e-09 3.5000000000000003e-09 4e-09 4.6e-09 4.7e-09 5.2e-09 5.5000000000000004e-09 6.1e-09 6.5e-09 7.1e-09 1.5289048660742763e-89 7.7e-09 8.1e-09 84
2e-10 3e-10 5e-10 9e-10 1.5e-09 2e-09 2.1e-09 2.9e-09 3.5000000000000003e-09 3.8e-09 4.5e-09 4.7e-09 5.2e-09 5.6000000000000005e-09 5.7000000000000006e-09 6.1e-09 9.886621546581869e-92 7.1e-09 7.2e-09 85
2e-10 3e-10 5e-10 1.1000000000000001e-09 1.6e-09 2e-09 2.1e-09 2.5e-09 3.1e-09 3.5000000000000003e-09 4.1e-09 4.4000000000000005e-09 4.8e-09 5.1e-09 5.4e-09 7.1e-09 7.2e-09 7.7e-09 84
2e-10 3e-10 5e-10 1.6e-09 2e-09 2.3e-09 2.5e-09 2.9e-09 3.5000000000000003e-09 4e-09 4.5e-09 4.7e-09 5.2e-09 5.4e-09 5.8e-09 7.1e-09 7.2e-09 84
3e-10 5e-10 9e-10 1.6e-09 2e-09 2.5e-09 3.2e-09 3.6e-09 3.9e-09 6.6e-09 84
1e-10 3e-10 5e-10 9e-10 1.6e-09 2e-09 2.4e-09 2.7e-09 2.9e-09 3.5000000000000003e-09 4e-09 4.5e-09 4.9e-09 7.966742226683399e-270 5.6000000000000005e-09 6.1e-09 6.6e-09 0.6900000000000001 7.2e-09 7.9e-09 8.1e-09 84
1e-10 3e-10 6e-10 1.5e-09 2e-09 2.1e-09 2.5e-09 3.1e-09 3.5000000000000003e-09 4.6e-09 4.7e-09 5.2e-09 5.4e-09 5.8e-09 6.5e-09 7.1e-09 7.2e-09 7.7e-09 84
1e-10 4e-10 6e-10 1.1000000000000001e-09 1.6e-09 2e-09 2.3e-09 3.3e-09 3.5000000000000003e-09 4e-09 4.5e-09 5e-09 7.966742226683399e-270 6.1e-09 7.1e-09 7.8e-09 84
1e-10 3e-10 5e-10 1.3e-09 2.2000000000000003e-09 2.5e-09 2.9e-09 3.5000000000000003e-09 3.8e-09 4.5e-09 4.7e-09 5.1e-09 5.4e-09 6.6e-09 7.1e-09 7.2e-09 84
2e-10 3e-10 5e-10 7.000000000000001e-10 1.5e-09 2e-09 2.3e-09 2.5e-09 2.9e-09 3.5000000000000003e-09 3.9e-09 4.3000000000000005e-09 5.1e-09 5.4e-09 6e-09 6.3e-09 7.1e-09 7.2e-09 7.7e-09 8.1e-09 85
2e-10 3e-10 5e-10 9e-10 1.3e-09 1.8e-09 2.2000000000000003e-09 2.5e-09 3.1e-09 3.5000000000000003e-09 4e-09 4.6e-09 4.9e-09 5.1e-09 5.5000000000000004e-09 5.7000000000000006e-09 5.8e-09 6.5e-09 7.000000000000001e-09 7.2e-09 84
2e-10 3e-10 5e-10 9e-10 1.3e-09 2e-09 2.1e-09 2.5e-09 2.9e-09 3.5000000000000003e-09 3.8e-09 4.5e-09 4.7e-09 6e-09 9.886621546581869e-92 7.000000000000001e-09 7.2e-09 85
1e-10 3e-10 5e-10 1.6e-09 2e-09 2.3e-09 2.7e-09 3.1e-09 3.5000000000000003e-09 4.5e-09 5.2e-09 5.4e-09 6.5e-09 7.1e-09 1.1276927701569944e-91 8.1e-09 85
1e-10 3e-10 5e-10 7.000000000000001e-10 1.5e-09 1.8e-09 2.1e-09 3.1e-09 3.5000000000000003e-09 4e-09 4.3000000000000005e-09 4.9e-09 5.2e-09 5.4e-09 6e-09 9.886621546581869e-92 7.1e-09 7.2e-09 7.8e-09 84
1e-10 3e-10 5e-10 9e-10 1.6e-09 2e-09 2.3e-09 2.5e-09 3.3e-09 3.6e-09 4.1e-09 4.5e-09 4.9e-09 5.2e-09 5.6000000000000005e-09 5.7000000000000006e-09 6.1e-09 6.5e-09 7.1e-09 7.2e-09 7.9e-09 84
2e-10 3e-10 5e-10 1.909087609479236e-183 1.3e-09 2e-09 2.2000000000000003e-09 2.5e-09 3.1e-09 3.5000000000000003e-09 3.8e-09 4.5e-09 4.8e-09 5.1e-09 5.4e-09 5.8e-09 6.6e-09 7.1e-09 1.1276927701569944e-91 85
1e-10 3e-10 5e-10 1e-09 1.6e-09 2.1e-09 2.5e-09 3.1e-09 3.5000000000000003e-09 4.1e-09 4.6e-09 4.9e-09 5.2e-09 5.4e-09 6e-09 6.6e-09 7.1e-09 7.2e-09 7.7e-09 8.1e-09 84
2e-10 3e-10 5e-10 1.6e-09 2.3e-09 2.7e-09 3.1e-09 3.6e-09 4.2e-09 4.6e-09 5e-09 5.1e-09 5.5000000000000004e-09 6.1e-09 6.6e-09 7.1e-09 84
2e-10 3e-10 5e-10 9e-10 1.5e-09 2e-09 2.3e-09 2.5e-09 3e-09 3.5000000000000003e-09 3.9e-09 4.5e-09 4.8e-09 5.6000000000000005e-09 5.7000000000000006e-09 6.5e-09 7.1e-09 7.2e-09 7.9e-09 85
2e-10 3e-10 5e-10 9e-10 1.5e-09 1.8e-09 2.1e-09 2.5e-09 2.9e-09 3.5000000000000003e-09 3.8e-09 4.5e-09 5.1e-09 5.4e-09 6e-09 6.3e-09 7.1e-09 7.2e-09 7.8e-09 8.1e-09 85
1e-10 4e-10 6e-10 7.1e-09 7.2e-09 7.8e-09 84
1e-10 3e-10 6e-10 7.000000000000001e-10 1.5e-09 2e-09 2.3e-09 2.7e-09 3.5000000000000003e-09 4.1e-09 4.6e-09 4.7e-09 5.2e-09 5.4e-09 5.8e-09 7.1e-09 7.2e-09 7.8e-09 8.1e-09 84
2e-10 3e-10 5e-10 9e-10 1.3e-09 2e-09 2.9e-09 3.5000000000000003e-09 1.0350056931577894e-91 7.2e-09 84
2e-10 3e-10 5e-10 9e-10 1.3e-09 2e-09 2.2000000000000003e-09 2.5e-09 3.1e-09 3.5000000000000003e-09 4e-09 4.5e-09 4.7e-09 5.8e-09 9.886621546581869e-92 7.000000000000001e-09 7.2e-09 85
1e-10 3e-10 5e-10 9e-10 1.3e-09 2e-09 2.3e-09 2.7e-09 2.9e-09 3.5000000000000003e-09 3.8e-09 4.5e-09 5.8e-09 6.2e-09 7.000000000000001e-09 7.4e-09 85
2e-10 3e-10 5e-10 9e-10 1.3e-09 1.8e-09 2.2000000000000003e-09 2.5e-09 3.1e-09 3.5000000000000003e-09 4e-09 4.6e-09 4.9e-09 5.1e-09 5.5000000000000004e-09 5.7000000000000006e-09 5.8e-09 6.5e-09 7.000000000000001e-09 7.2e-09 84
1e-10 3e-10 5e-10 7.000000000000001e-10 1.6e-09 2e-09 0.8300000000000001 84
2e-10 3e-10 5e-10 9e-10 1.6e-09 2e-09 2.1e-09 2.5e-09 3.5000000000000003e-09 4e-09 4.5e-09 5.1e-09 5.4e-09 7.1e-09 7.2e-09 7.7e-09 8.1e-09 85
1e-10 3e-10 5e-10 1.1000000000000001e-09 1.6e-09 1.8e-09 2.5e-09 2.9e-09 3.9e-09 4.5e-09 6.1e-09 6.5e-09 84
1e-10 3e-10 5e-10 9e-10 1.6e-09 2e-09 2.3e-09 2.7e-09 3.2e-09 3.5000000000000003e-09 3.9e-09 4.5e-09 4.9e-09 5.6000000000000005e-09 5.7000000000000006e-09 6.1e-09 6.6e-09 7.1e-09 1.1276927701569944e-91 85
2e-10 3e-10 5e-10 9e-10 1.5e-09 2e-09 2.2000000000000003e-09 2.5e-09 3.3e-09 3.5000000000000003e-09 4e-09 4.3000000000000005e-09 4.7e-09 5.4e-09 6.3e-09 7.1e-09 7.2e-09 7.9e-09 8.1e-09 85
1e-10 3e-10 5e-10 7.000000000000001e-10 1.3e-09 1.8e-09 2.2000000000000003e-09 2.5e-09 2.9e-09 3.5000000000000003e-09 4e-09 4.5e-09 4.9e-09 7.966742226683399e-270 5.4e-09 6.1e-09 6.6e-09 7.2e-09 85
1e-10 3e-10 5e-10 7.000000000000001e-10 1.6e-09 2e-09 3.1e-09 3.6e-09 4.1e-09 4.6e-09 4.8e-09 5.2e-09 5.6000000000000005e-09 5.7000000000000006e-09 6.1e-09 6.5e-09 7.1e-09 7.2e-09 7.9e-09 8.1e-09 84
1e-10 3e-10 5e-10 9e-10 1.5e-09 2e-09 2.5e-09 2.9e-09 3.5000000000000003e-09 4e-09 4.4000000000000005e-09 4.8e-09 6e-09 7.1e-09 7.2e-09 7.7e-09 3.0228574002413497e-273 84
1e-10 3e-10 5e-10 1.1000000000000001e-09 1.1419814973040625e-182 2e-09 2.2000000000000003e-09 3.1e-09 3.5000000000000003e-09 3.9e-09 4.5e-09 7.000000000000001e-09 7.4e-09 8.1e-09 84
2e-10 3e-10 5e-10 7.000000000000001e-10 1.6e-09 2e-09 2.3e-09 3.1e-09 3.6e-09 3.9e-09 4.4000000000000005e-09 4.7e-09 9.886621546581869e-92 0.6900000000000001 7.9e-09 0.8300000000000001 85
2e-10 3e-10 5e-10 1.1000000000000001e-09 1.3e-09 2e-09 2.2000000000000003e-09 2.5e-09 3e-09 3.5000000000000003e-09 3.8e-09 4.3000000000000005e-09 5.8e-09 6.2e-09 7.1e-09 1.1276927701569944e-91 85
2e-10 3e-10 5e-10 1.6e-09 2.4e-09 2.7e-09 3.2e-09 3.6e-09 4.2e-09 4.6e-09 5e-09 5.1e-09 5.4e-09 6.1e-09 6.6e-09 7.1e-09 7.2e-09 7.9e-09 84
1e-10 3e-10 5e-10 1.6e-09 2e-09 2.3e-09 4.3253969266295675e-92 3.3e-09 3.6e-09 3.9e-09 4.5e-09 4.8e-09 5.2e-09 5.4e-09 6.1e-09 6.6e-09 7.1e-09 7.2e-09 84
1e-10 3e-10 5e-10 1.909087609479236e-183 1.3e-09 2e-09 4.3253969266295675e-92 3.1e-09 3.6e-09 4.2e-09 4.6e-09 5e-09 5.1e-09 5.4e-09 6e-09 6.6e-09 7.1e-09 7.4e-09 7.9e-09 8.1e-09 84
1e-10 3e-10 5e-10 1.6e-09 2e-09 2.3e-09 2.7e-09 3.2e-09 3.6e-09 4.1e-09 4.5e-09 5e-09 7.1e-09 7.2e-09 84
1e-10 3e-10 5e-10 1.1000000000000001e-09 1.6e-09 2e-09 2.3e-09 2.7e-09 3.1e-09 3.6e-09 3.9e-09 4.5e-09 4.9e-09 5.2e-09 5.5000000000000004e-09 5.7000000000000006e-09 6e-09 6.2e-09 7.1e-09 7.2e-09 7.9e-09 84
1e-10 4e-10 6e-10 1.1000000000000001e-09 1.6e-09 2e-09 84
2e-10 3e-10 5e-10 1.909087609479236e-183 1.6e-09 2e-09 2.3e-09 2.7e-09 3.2e-09 3.6e-09 4.2e-09 4.6e-09 5e-09 7.966742226683399e-270 5.5000000000000004e-09 5.7000000000000006e-09 6.1e-09 6.6e-09 7.1e-09 7.2e-09 84
2e-10 3e-10 5e-10 9e-10 1.5e-09 0.19 2.9e-09 3.5000000000000003e-09 4e-09 4.8e-09 5.1e-09 5.6000000000000005e-09 5.7000000000000006e-09 5.8e-09 7.000000000000001e-09 7.2e-09 85
1e-10 3e-10 5e-10 2.3e-09 2.5e-09 2.9e-09 3.5000000000000003e-09 3.9e-09 4.5e-09 4.9e-09 5.1e-09 5.6000000000000005e-09 5.7000000000000006e-09 6.1e-09 6.5e-09 7.8e-09 84
1e-10 3e-10 5e-10 1e-09 1.6e-09 2e-09 2.4e-09 2.7e-09 3.5000000000000003e-09 3.9e-09 4.6e-09 4.9e-09 6.1e-09 7.1e-09 7.4e-09 7.8e-09 8.1e-09 84
1e-10 3e-10 5e-10 9e-10 1.6e-09 2e-09 2.5e-09 3.5000000000000003e-09 4.2e-09 4.5e-09 6.6e-09 7.000000000000001e-09 7.4e-09 84
1e-10 3e-10 5e-10 7.000000000000001e-10 1.6e-09 2e-09 2.3e-09 2.7e-09 3.4000000000000003e-09 3.5000000000000003e-09 3.9e-09 4.6e-09 5e-09 7.966742226683399e-270 5.5000000000000004e-09 5.7000000000000006e-09 6.1e-09 6.6e-09 7.1e-09 1.5289048660742763e-89 85
1e-10 3e-10 5e-10 9e-10 1.3e-09 2e-09 2.3e-09 2.5e-09 3e-09 3.5000000000000003e-09 4e-09 4.5e-09 4.9e-09 5.2e-09 5.4e-09 5.8e-09 6.6e-09 7.1e-09 7.2e-09 7.8e-09 8.1e-09 84
1e-10 3e-10 5e-10 1.1000000000000001e-09 1.6e-09 2.1e-09 2.5e-09 3.3e-09 3.6e-09 4e-09 4.5e-09 4.8e-09 5.2e-09 5.5000000000000004e-09 6.1e-09 6.5e-09 7.1e-09 7.2e-09 84
1e-10 3e-10 5e-10 9e-10 1.6e-09 2e-09 2.1e-09 2.7e-09 3.1e-09 3.5000000000000003e-09 4.2e-09 4.5e-09 4.7e-09 5.1e-09 5.4e-09 6e-09 7.1e-09 7.2e-09 7.9e-09 8.1e-09 84
1e-10 3e-10 5e-10 2.4e-09 2.7e-09 3.6e-09 3.9e-09 4.6e-09 4.7e-09 7.1e-09 7.4e-09 7.9e-09 8.1e-09 84
1e-10 3e-10 5e-10 1.1000000000000001e-09 1.6e-09 2e-09 2.4e-09 2.7e-09 3.3e-09 3.6e-09 3.9e-09 4.5e-09 4.9e-09 5.1e-09 5.6000000000000005e-09 6.5e-09 7.1e-09 7.2e-09 7.9e-09 84
1e-10 3e-10 5e-10 1.1000000000000001e-09 1.6e-09 2e-09 2.4e-09 2.7e-09 3.3e-09 3.6e-09 3.9e-09 4.5e-09 4.9e-09 5.1e-09 5.6000000000000005e-09 6.5e-09 7.1e-09 7.2e-09 7.9e-09 84
1e-10 3e-10 5e-10 9e-10 1.6e-09 2e-09 2.3e-09 2.5e-09 2.9e-09 3.5000000000000003e-09 4e-09 4.6e-09 4.7e-09 5.2e-09 5.5000000000000004e-09 6.1e-09 6.5e-09 7.1e-09 1.5289048660742763e-89 7.7e-09 8.1e-09 84
2e-10 3e-10 6e-10 9e-10 1.3e-09 2e-09 2.3e-09 2.7e-09 3.1e-09 3.6e-09 3.9e-09 4.5e-09 4.7e-09 5.2e-09 5.4e-09 6e-09 7.000000000000001e-09 7.2e-09 7.9e-09 84
2e-10 3e-10 5e-10 1.1000000000000001e-09 1.5e-09 2.1e-09 2.5e-09 2.9e-09 3.5000000000000003e-09 3.8e-09 4.5e-09 4.7e-09 5.8e-09 9.886621546581869e-92 1.0350056931577894e-91 7.4e-09 85
2e-10 3e-10 5e-10 7.000000000000001e-10 1.6e-09 2e-09 2.3e-09 3.5000000000000003e-09 4e-09 4.9e-09 5.2e-09 5.5000000000000004e-09 5.7000000000000006e-09 6.1e-09 6.5e-09 7.1e-09 7.2e-09 84
2e-10 3e-10 5e-10 1.6e-09 2e-09 2.4e-09 2.7e-09 3.1e-09 3.6e-09 4.1e-09 4.6e-09 4.9e-09 5.6000000000000005e-09 6.3e-09 7.1e-09 7.2e-09 84
1e-10 3e-10 5e-10 1.1000000000000001e-09 1.5e-09 2e-09 2.3e-09 2.5e-09 2.9e-09 3.5000000000000003e-09 4.1e-09 4.5e-09 4.7e-09 6e-09 7.1e-09 7.4e-09 84
1e-10 3e-10 5e-10 1.6e-09 2e-09 2.3e-09 2.7e-09 3.2e-09 3.6e-09 4.2e-09 4.6e-09 5e-09 7.966742226683399e-270 5.6000000000000005e-09 6.1e-09 6.5e-09 7.1e-09 7.2e-09 84
2e-10 3e-10 5e-10 7.000000000000001e-10 1.3e-09 1.8e-09 2.3e-09 2.5e-09 2.9e-09 3.5000000000000003e-09 4e-09 4.3000000000000005e-09 4.8e-09 5.2e-09 6e-09 9.886621546581869e-92 7.1e-09 7.2e-09 7.7e-09 8.1e-09 85
1e-10 3e-10 5e-10 1.1000000000000001e-09 1.6e-09 2e-09 2.3e-09 2.7e-09 3.1e-09 3.6e-09 3.9e-09 4.5e-09 4.9e-09 5.2e-09 5.5000000000000004e-09 5.7000000000000006e-09 6e-09 6.2e-09 7.1e-09 7.2e-09 7.9e-09 84
1e-10 3e-10 6e-10 7.000000000000001e-10 1.6e-09 2e-09 2.1e-09 2.5e-09 3e-09 3.5000000000000003e-09 3.9e-09 4.5e-09 4.7e-09 5.1e-09 5.4e-09 1.4396171839150769e-179 6.6e-09 7.1e-09 7.2e-09 7.7e-09 84
2e-10 3e-10 5e-10 1.1000000000000001e-09 1.3e-09 0.19 2.3e-09 2.5e-09 2.9e-09 3.5000000000000003e-09 3.9e-09 4.5e-09 4.8e-09 6.3e-09 7.000000000000001e-09 7.4e-09 85
1e-10 3e-10 5e-10 7.000000000000001e-10 1.6e-09 2.2000000000000003e-09 2.5e-09 2.9e-09 3.5000000000000003e-09 4e-09 4.5e-09 4.9e-09 5.2e-09 5.4e-09 6.1e-09 6.6e-09 7.1e-09 7.2e-09 84
1e-10 3e-10 5e-10 9e-10 1.6e-09 2e-09 2.1e-09 2.7e-09 3.1e-09 3.5000000000000003e-09 4.2e-09 4.5e-09 4.7e-09 5.1e-09 5.4e-09 6e-09 7.1e-09 7.2e-09 7.9e-09 8.1e-09 84
2e-10 3e-10 5e-10 9e-10 1.5e-09 2e-09 2.1e-09 2.9e-09 3.5000000000000003e-09 3.8e-09 4.5e-09 4.7e-09 5.2e-09 5.6000000000000005e-09 5.7000000000000006e-09 6.1e-09 9.886621546581869e-92 7.1e-09 7.2e-09 85
1e-10 3e-10 5e-10 1.1000000000000001e-09 1.3e-09 2e-09 2.2000000000000003e-09 2.5e-09 3.2e-09 3.9e-09 4.5e-09 4.7e-09 5.8e-09 7.1e-09 7.2e-09 84
2e-10 3e-10 5e-10 7.000000000000001e-10 1.6e-09 2e-09 2.3e-09 2.7e-09 3.3e-09 3.6e-09 4.1e-09 4.3000000000000005e-09 4.8e-09 5.1e-09 5.5000000000000004e-09 1.4396171839150769e-179 6.2e-09 7.1e-09 7.2e-09 7.8e-09 8.1e-09 85
1e-10 3e-10 5e-10 1.1000000000000001e-09 1.5e-09 2e-09 2.3e-09 2.5e-09 2.9e-09 3.5000000000000003e-09 4.1e-09 4.5e-09 4.7e-09 6e-09 7.1e-09 7.4e-09 84
2e-10 3e-10 5e-10 1e-09 1.3e-09 2e-09 2.1e-09 2.5e-09 2.9e-09 3.5000000000000003e-09 3.9e-09 4.3000000000000005e-09 4.7e-09 6e-09 6.3e-09 7.1e-09 7.4e-09 85
1e-10 4e-10 5e-10 1.1000000000000001e-09 1.6e-09 2.3e-09 2.7e-09 3.3e-09 3.6e-09 3.9e-09 4.5e-09 7.1e-09 7.2e-09 7.8e-09 8.1e-09 84
1e-10 3e-10 5e-10 9e-10 1.5e-09 1.8e-09 2.3e-09 2.5e-09 2.9e-09 3.5000000000000003e-09 4.5e-09 4.8e-09 5.1e-09 5.4e-09 5.8e-09 9.886621546581869e-92 7.1e-09 7.2e-09 7.8e-09 8.1e-09 85
1e-10 3e-10 5e-10 7.000000000000001e-10 1.5e-09 2e-09 2.3e-09 2.5e-09 3.1e-09 3.5000000000000003e-09 4.1e-09 4.3000000000000005e-09 4.7e-09 5.1e-09 5.4e-09 1.0350056931577894e-91 7.2e-09 84
1e-10 3e-10 5e-10 1.1000000000000001e-09 1.5e-09 1.8e-09 2.9e-09 3.8e-09 4.3000000000000005e-09 7.000000000000001e-09 7.4e-09 85
2e-10 3e-10 5e-10 7.000000000000001e-10 1.6e-09 2e-09 2.3e-09 2.5e-09 2.9e-09 3.5000000000000003e-09 4e-09 4.5e-09 4.8e-09 5.1e-09 5.6000000000000005e-09 5.7000000000000006e-09 7.1e-09 7.2e-09 84
1e-10 3e-10 5e-10 1.909087609479236e-183 1.6e-09 1.8e-09 2.1e-09 2.5e-09 3.1e-09 3.5000000000000003e-09 4e-09 4.5e-09 4.8e-09 5.2e-09 6.1e-09 6.5e-09 0.6900000000000001 7.2e-09 7.8e-09 8.1e-09 84
1e-10 3e-10 5e-10 7.000000000000001e-10 1.6e-09 2e-09 2.3e-09 2.5e-09 3.2e-09 3.5000000000000003e-09 4.2e-09 4.5e-09 4.9e-09 5.2e-09 5.6000000000000005e-09 5.7000000000000006e-09 6.1e-09 7.1e-09 7.2e-09 84
1e-10 3e-10 5e-10 7.000000000000001e-10 1.5e-09 2e-09 2.3e-09 2.5e-09 3.1e-09 3.5000000000000003e-09 4.1e-09 4.3000000000000005e-09 4.7e-09 5.1e-09 5.4e-09 1.0350056931577894e-91 7.2e-09 84
1e-10 3e-10 5e-10 9e-10 1.6e-09 1.8e-09 2.1e-09 2.5e-09 3e-09 3.5000000000000003e-09 3.9e-09 4.3000000000000005e-09 4.7e-09 5.1e-09 5.4e-09 5.8e-09 6.5e-09 7.1e-09 7.4e-09 7.9e-09 8.1e-09 84
2e-10 3e-10 5e-10 1.1000000000000001e-09 1.5e-09 2e-09 2.1e-09 2.5e-09 2.9e-09 3.5000000000000003e-09 4e-09 4.5e-09 4.8e-09 5.1e-09 5.4e-09 5.8e-09 9.886621546581869e-92 7.000000000000001e-09 7.2e-09 7.7e-09 3.0228574002413497e-273 85
2e-10 3e-10 5e-10 1.6e-09 2.4e-09 2.7e-09 3.2e-09 3.6e-09 4.2e-09 4.6e-09 5e-09 5.1e-09 5.4e-09 6.1e-09 6.6e-09 7.1e-09 7.2e-09 7.9e-09 84
1e-10 3e-10 5e-10 1.1000000000000001e-09 1.6e-09 2.1e-09 2.5e-09 3.3e-09 3.6e-09 4e-09 4.5e-09 4.8e-09 5.2e-09 5.5000000000000004e-09 6.1e-09 6.5e-09 7.1e-09 7.2e-09 84
2e-10 3e-10 5e-10 2e-09 2.3e-09 2.5e-09 2.9e-09 3.5000000000000003e-09 4e-09 4.5e-09 4.8e-09 7.1e-09 7.4e-09 85
2e-10 3e-10 5e-10 9e-10 1.6e-09 1.8e-09 2.3e-09 2.5e-09 3.1e-09 3.5000000000000003e-09 4e-09 4.5e-09 4.7e-09 5.1e-09 5.4e-09 1.4396171839150769e-179 6.3e-09 7.1e-09 7.2e-09 85
2e-10 3e-10 6e-10 1.1000000000000001e-09 1.6e-09 1.8e-09 2.3e-09 2.5e-09 3.3e-09 3.5000000000000003e-09 3.9e-09 4.6e-09 4.8e-09 5.1e-09 5.5000000000000004e-09 5.7000000000000006e-09 6.5e-09 7.1e-09 7.2e-09 7.8e-09 8.1e-09 84
1e-10 3e-10 5e-10 9e-10 1.6e-09 2.2000000000000003e-09 2.7e-09 3e-09 3.5000000000000003e-09 4.2e-09 4.5e-09 4.9e-09 5.1e-09 5.5000000000000004e-09 5.7000000000000006e-09 5.8e-09 6.6e-09 7.000000000000001e-09 7.2e-09 7.8e-09 8.1e-09 84
1e-10 3e-10 5e-10 7.000000000000001e-10 1.6e-09 2e-09 0.8300000000000001 84
2e-10 3e-10 5e-10 9e-10 1.6e-09 2e-09 3.5000000000000003e-09 85
1e-10 3e-10 5e-10 1.1000000000000001e-09 1.1419814973040625e-182 2e-09 2.2000000000000003e-09 3.1e-09 3.5000000000000003e-09 3.9e-09 4.5e-09 7.000000000000001e-09 7.4e-09 8.1e-09 84
1e-10 3e-10 5e-10 1.6e-09 2e-09 2.3e-09 2.7e-09 3.2e-09 3.6e-09 4.1e-09 4.5e-09 5e-09 7.1e-09 7.2e-09 84
1e-10 3e-10 6e-10 9e-10 2e-09 2.3e-09 2.7e-09 3.4000000000000003e-09 3.6e-09 4.2e-09 5e-09 5.1e-09 5.4e-09 7.1e-09 7.2e-09 84
1e-10 3e-10 5e-10 7.000000000000001e-10 1.3e-09 2.7e-09 2.9e-09 3.5000000000000003e-09 3.9e-09 4.5e-09 4.8e-09 7.966742226683399e-270 5.4e-09 6e-09 6.6e-09 7.000000000000001e-09 7.9e-09 8.1e-09 84
1e-10 3e-10 5e-10 7.000000000000001e-10 1.5e-09 1.8e-09 2.1e-09 3.1e-09 3.5000000000000003e-09 4e-09 4.3000000000000005e-09 4.9e-09 5.2e-09 5.4e-09 6e-09 9.886621546581869e-92 7.1e-09 7.2e-09 7.8e-09 84
1e-10 3e-10 5e-10 1.1000000000000001e-09 1.6e-09 2e-09 3.3e-09 3.5000000000000003e-09 4.5e-09 4.9e-09 5.1e-09 6.1e-09 7.1e-09 7.4e-09 7.7e-09 8.1e-09 85
1e-10 3e-10 5e-10 2.3e-09 2.7e-09 3.1e-09 3.6e-09 4.2e-09 4.5e-09 4.9e-09 7.966742226683399e-270 5.5000000000000004e-09 6.1e-09 6.6e-09 7.1e-09 7.2e-09 84
1e-10 3e-10 5e-10 7.000000000000001e-10 1.6e-09 2e-09 2.1e-09 2.7e-09 3e-09 3.5000000000000003e-09 4.1e-09 4.5e-09 4.9e-09 5.1e-09 5.8e-09 6.6e-09 7.000000000000001e-09 7.2e-09 7.8e-09 84
2e-10 4e-10 6e-10 1.1000000000000001e-09 1.6e-09 2e-09 7.1e-09 7.2e-09 8.1e-09 84
1e-10 3e-10 5e-10 7.000000000000001e-10 1.6e-09 2e-09 2.3e-09 2.7e-09 3.4000000000000003e-09 3.5000000000000003e-09 3.9e-09 4.6e-09 5e-09 7.966742226683399e-270 5.5000000000000004e-09 5.7000000000000006e-09 6.1e-09 6.6e-09 7.1e-09 1.5289048660742763e-89 85
1e-10 3e-10 5e-10 9e-10 1.3e-09 2e-09 2.3e-09 3.2e-09 4.2e-09 4.6e-09 4.9e-09 5.2e-09 5.4e-09 6.1e-09 6.6e-09 7.1e-09 7.4e-09 84
1e-10 3e-10 5e-10 9e-10 1.6e-09 2e-09 2.3e-09 2.5e-09 3.3e-09 3.6e-09 4.1e-09 4.5e-09 4.9e-09 5.2e-09 5.6000000000000005e-09 5.7000000000000006e-09 6.1e-09 6.5e-09 7.1e-09 7.2e-09 7.9e-09 84
1e-10 3e-10 5e-10 1.1000000000000001e-09 1.6e-09 2e-09 2.4e-09 2.7e-09 3.3e-09 3.6e-09 3.9e-09 4.5e-09 4.9e-09 5.1e-09 5.6000000000000005e-09 6.5e-09 7.1e-09 7.2e-09 7.9e-09 84
1e-10 3e-10 5e-10 1e-09 1.6e-09 2e-09 2.3e-09 2.7e-09 3.1e-09 3.5000000000000003e-09 3.9e-09 4.6e-09 4.9e-09 5.1e-09 5.6000000000000005e-09 5.7000000000000006e-09 7.1e-09 7.4e-09 7.9e-09 8.1e-09 84
1e-10 3e-10 6e-10 7.000000000000001e-10 1.6e-09 2e-09 2.1e-09 2.5e-09 3e-09 3.5000000000000003e-09 3.9e-09 4.5e-09 4.7e-09 5.1e-09 5.4e-09 1.4396171839150769e-179 6.6e-09 7.1e-09 7.2e-09 7.7e-09 84
1e-10 3e-10 5e-10 84
2e-10 3e-10 5e-10 1e-09 1.6e-09 2e-09 2.1e-09 2.5e-09 3.3e-09 3.6e-09 3.9e-09 4.4000000000000005e-09 4.7e-09 5.2e-09 5.4e-09 1.4396171839150769e-179 9.886621546581869e-92 7.1e-09 7.2e-09 7.8e-09 8.1e-09 85
2e-10 3e-10 5e-10 9e-10 1.3e-09 2e-09 2.3e-09 2.7e-09 3e-09 3.6e-09 3.9e-09 4.6e-09 4.7e-09 5.2e-09 6.1e-09 85
1e-10 3e-10 5e-10 7.000000000000001e-10 1.6e-09 2e-09 2.2000000000000003e-09 2.7e-09 3.1e-09 3.5000000000000003e-09 4.1e-09 4.5e-09 4.9e-09 7.000000000000001e-09 7.2e-09 7.7e-09 84
2e-10 3e-10 5e-10 9e-10 1.6e-09 2e-09 2.1e-09 2.5e-09 2.9e-09 3.6e-09 3.8e-09 4.5e-09 4.7e-09 6e-09 7.000000000000001e-09 7.4e-09 85
1e-10 3e-10 5e-10 1.6e-09 2.3e-09 2.7e-09 3.2e-09 3.6e-09 4.6e-09 5e-09 5.2e-09 5.4e-09 5.7000000000000006e-09 7.1e-09 7.4e-09 7.9e-09 8.1e-09 84
1e-10 3e-10 5e-10 1e-09 1.6e-09 2.1e-09 2.5e-09 3.5000000000000003e-09 4.3000000000000005e-09 4.7e-09 7.000000000000001e-09 7.2e-09 7.7e-09 84
2e-10 3e-10 6e-10 9e-10 1.5e-09 1.8e-09 2.2000000000000003e-09 2.5e-09 3e-09 3.5000000000000003e-09 4e-09 4.7e-09 5.2e-09 1.4396171839150769e-179 7.1e-09 7.2e-09 7.7e-09 85
2e-10 3e-10 5e-10 7.000000000000001e-10 1.5e-09 2e-09 2.1e-09 2.5e-09 3.1e-09 3.5000000000000003e-09 3.8e-09 4.5e-09 4.8e-09 5.8e-09 7.1e-09 7.2e-09 85
2e-10 3e-10 5e-10 9e-10 1.3e-09 2e-09 2.3e-09 2.9e-09 3.5000000000000003e-09 3.9e-09 7.1e-09 7.2e-09 85
1e-10 3e-10 5e-10 7.000000000000001e-10 1.6e-09 2.2000000000000003e-09 2.5e-09 2.9e-09 3.5000000000000003e-09 4e-09 4.5e-09 4.9e-09 5.2e-09 5.4e-09 6.1e-09 6.6e-09 7.1e-09 7.2e-09 84
2e-10 3e-10 5e-10 1.6e-09 2e-09 2.4e-09 2.7e-09 3.1e-09 3.6e-09 4.1e-09 4.6e-09 4.9e-09 5.6000000000000005e-09 6.3e-09 7.1e-09 7.2e-09 84
1e-10 3e-10 5e-10 7.000000000000001e-10 1.6e-09 2e-09 2.3e-09 2.5e-09 3.2e-09 3.5000000000000003e-09 4.2e-09 4.5e-09 4.9e-09 5.2e-09 5.6000000000000005e-09 5.7000000000000006e-09 6.1e-09 7.1e-09 7.2e-09 84
2e-10 3e-10 5e-10 9e-10 1.3e-09 2e-09 2.3e-09 2.9e-09 3.5000000000000003e-09 3.9e-09 7.1e-09 7.2e-09 85
2e-10 3e-10 5e-10 9e-10 1.5e-09 2e-09 2.1e-09 2.9e-09 3.5000000000000003e-09 3.8e-09 4.5e-09 4.7e-09 5.2e-09 5.6000000000000005e-09 5.7000000000000006e-09 6.1e-09 9.886621546581869e-92 7.1e-09 7.2e-09 85
2e-10 3e-10 5e-10 1.1000000000000001e-09 1.6e-09 2e-09 2.3e-09 2.7e-09 3.3e-09 4e-09 4.5e-09 4.9e-09 5.5000000000000004e-09 7.1e-09 7.2e-09 7.9e-09 0.8300000000000001 84
2e-10 3e-10 5e-10 9e-10 1.5e-09 2e-09 2.1e-09 2.5e-09 2.9e-09 3.5000000000000003e-09 3.8e-09 4.5e-09 4.7e-09 5.2e-09 5.4e-09 6e-09 6.3e-09 7.1e-09 7.2e-09 7.7e-09 0.8300000000000001 85
2e-10 3e-10 5e-10 7.000000000000001e-10 1.1419814973040625e-182 1.8e-09 2.1e-09 2.5e-09 2.9e-09 3.5000000000000003e-09 3.9e-09 4.5e-09 4.7e-09 5.2e-09 5.4e-09 6.1e-09 6.2e-09 7.000000000000001e-09 7.2e-09 85
2e-10 3e-10 5e-10 7.000000000000001e-10 1.5e-09 1.8e-09 2.1e-09 2.5e-09 2.9e-09 3.5000000000000003e-09 3.9e-09 4.5e-09 4.8e-09 5.2e-09 5.4e-09 6e-09 6.6e-09 7.000000000000001e-09 1.1276927701569944e-91 7.7e-09 8.1e-09 85
2e-10 3e-10 5e-10 1.1000000000000001e-09 1.5e-09 2e-09 2.1e-09 2.5e-09 2.9e-09 3.5000000000000003e-09 4e-09 4.5e-09 4.8e-09 5.1e-09 5.4e-09 5.8e-09 9.886621546581869e-92 7.000000000000001e-09 7.2e-09 7.7e-09 3.0228574002413497e-273 85
1e-10 3e-10 5e-10 1.6e-09 2.7e-09 4.6e-09 5e-09 6.6e-09 84
1e-10 3e-10 5e-10 9e-10 1.6e-09 2e-09 2.1e-09 2.7e-09 3e-09 3.6e-09 3.9e-09 4.5e-09 4.9e-09 5.5000000000000004e-09 5.7000000000000006e-09 6.1e-09 7.1e-09 7.2e-09 7.8e-09 84
1e-10 4e-10 6e-10 1.1000000000000001e-09 1.6e-09 2e-09 2.1e-09 2.9e-09 3.5000000000000003e-09 4.1e-09 4.3000000000000005e-09 4.9e-09 1.4396171839150769e-179 7.000000000000001e-09 7.2e-09 84
2e-10 3e-10 5e-10 1.8e-09 2.1e-09 2.5e-09 3e-09 3.5000000000000003e-09 3.9e-09 4.3000000000000005e-09 4.8e-09 7.966742226683399e-270 5.4e-09 5.8e-09 9.886621546581869e-92 7.1e-09 7.2e-09 7.8e-09 85
1e-10 3e-10 5e-10 9e-10 1.6e-09 2.3e-09 2.7e-09 3.2e-09 3.6e-09 4.2e-09 4.6e-09 4.9e-09 5.2e-09 5.4e-09 6.1e-09 6.5e-09 7.1e-09 7.2e-09 7.8e-09 8.1e-09 84
2e-10 3e-10 5e-10 1.1000000000000001e-09 1.5e-09 2.1e-09 2.5e-09 2.9e-09 3.5000000000000003e-09 3.8e-09 4.5e-09 4.7e-09 5.8e-09 9.886621546581869e-92 1.0350056931577894e-91 7.4e-09 85
2e-10 3e-10 5e-10 9e-10 1.3e-09 1.8e-09 2.1e-09 2.5e-09 2.9e-09 3.5000000000000003e-09 3.8e-09 4.3000000000000005e-09 4.7e-09 7.1e-09 1.1276927701569944e-91 85
2e-10 3e-10 5e-10 7.000000000000001e-10 1.3e-09 2e-09 2.3e-09 2.7e-09 3e-09 3.5000000000000003e-09 3.8e-09 4.6e-09 4.7e-09 5.1e-09 5.4e-09 6.6e-09 7.1e-09 7.2e-09 84
2e-10 3e-10 5e-10 7.000000000000001e-10 1.5e-09 2e-09 2.3e-09 2.5e-09 2.9e-09 3.5000000000000003e-09 3.9e-09 4.3000000000000005e-09 5.1e-09 5.4e-09 6e-09 6.3e-09 7.1e-09 7.2e-09 7.7e-09 8.1e-09 85
1e-10 3e-10 5e-10 9e-10 1.6e-09 2.7e-09 3.5000000000000003e-09 4.2e-09 4.5e-09 4.7e-09 5.4e-09 5.8e-09 6.2e-09 7.1e-09 1.5289048660742763e-89 7.7e-09 8.1e-09 84
1e-10 3e-10 6e-10 7.000000000000001e-10 1.5e-09 2e-09 2.3e-09 2.7e-09 3.5000000000000003e-09 4.1e-09 4.6e-09 4.7e-09 5.2e-09 5.4e-09 5.8e-09 7.1e-09 7.2e-09 7.8e-09 8.1e-09 84
2e-10 3e-10 5e-10 7.000000000000001e-10 1.3e-09 2e-09 2.3e-09 2.7e-09 3e-09 3.5000000000000003e-09 3.8e-09 4.6e-09 4.7e-09 5.1e-09 5.4e-09 6.6e-09 7.1e-09 7.2e-09 84
1e-10 3e-10 5e-10 9e-10 1.6e-09 2e-09 2.5e-09 3e-09 3.5000000000000003e-09 3.9e-09 4.6e-09 4.8e-09 5.8e-09 6.6e-09 7.1e-09 7.2e-09 7.9e-09 8.1e-09 84
2e-10 3e-10 5e-10 7.000000000000001e-10 1.3e-09 1.8e-09 2.3e-09 2.5e-09 2.9e-09 3.5000000000000003e-09 4e-09 4.3000000000000005e-09 4.8e-09 5.2e-09 6e-09 9.886621546581869e-92 7.1e-09 7.2e-09 7.7e-09 8.1e-09 85
2e-10 3e-10 5e-10 7.000000000000001e-10 1.6e-09 2e-09 2.3e-09 2.5e-09 2.9e-09 3.5000000000000003e-09 4e-09 4.5e-09 4.8e-09 5.1e-09 5.6000000000000005e-09 5.7000000000000006e-09 7.1e-09 7.2e-09 84
1e-10 3e-10 5e-10 9e-10 1.6e-09 2e-09 7.000000000000001e-09 7.2e-09 84
1e-10 3e-10 5e-10 1e-09 1.6e-09 2e-09 2.2000000000000003e-09 2.7e-09 3.2e-09 3.6e-09 4.1e-09 4.6e-09 4.9e-09 5.2e-09 5.4e-09 6e-09 6.6e-09 7.1e-09 7.4e-09 84
1e-10 3e-10 6e-10 7.000000000000001e-10 1.3e-09 1.8e-09 2.3e-09 2.5e-09 2.9e-09 3.6e-09 3.8e-09 4.3000000000000005e-09 4.7e-09 6.1e-09 6.3e-09 7.1e-09 7.2e-09 7.9e-09 0.8300000000000001 84
1e-10 3e-10 5e-10 9e-10 1.6e-09 2e-09 2.5e-09 3.5000000000000003e-09 4.2e-09 4.5e-09 6.6e-09 7.000000000000001e-09 7.4e-09 84
2e-10 3e-10 5e-10 9e-10 1.5e-09 2e-09 3.9e-09 5.6000000000000005e-09 5.7000000000000006e-09 5.8e-09 6.2e-09 7.1e-09 0.76 84
2e-10 3e-10 5e-10 1.1000000000000001e-09 1.6e-09 2e-09 2.1e-09 2.5e-09 3.1e-09 3.5000000000000003e-09 4.1e-09 4.4000000000000005e-09 4.8e-09 5.1e-09 5.4e-09 7.1e-09 7.2e-09 7.7e-09 84
2e-10 3e-10 5e-10 7.000000000000001e-10 1.3e-09 2.1e-09 2.5e-09 2.9e-09 3.5000000000000003e-09 4e-09 4.5e-09 4.8e-09 7.1e-09 7.2e-09 7.8e-09 8.1e-09 85
1e-10 3e-10 5e-10 1.6e-09 2e-09 2.2000000000000003e-09 3e-09 3.5000000000000003e-09 4.2e-09 4.5e-09 4.9e-09 5.2e-09 5.5000000000000004e-09 7.1e-09 7.2e-09 84
1e-10 3e-10 5e-10 9e-10 1.6e-09 2e-09 2.4e-09 2.7e-09 2.9e-09 3.5000000000000003e-09 4e-09 4.5e-09 4.9e-09 7.966742226683399e-270 5.6000000000000005e-09 6.1e-09 6.6e-09 0.6900000000000001 7.2e-09 7.9e-09 8.1e-09 84
2e-10 3e-10 5e-10 7.000000000000001e-10 1.6e-09 2e-09 2.3e-09 2.5e-09 2.9e-09 3.5000000000000003e-09 4e-09 4.5e-09 4.8e-09 5.1e-09 5.6000000000000005e-09 5.7000000000000006e-09 7.1e-09 7.2e-09 84
1e-10 3e-10 5e-10 7.000000000000001e-10 1.5e-09 2e-09 2.5e-09 3e-09 3.5000000000000003e-09 4e-09 4.5e-09 4.9e-09 5.2e-09 5.4e-09 6e-09 6.6e-09 7.1e-09 7.4e-09 84
1e-10 3e-10 5e-10 1.909087609479236e-183 1.6e-09 1.8e-09 2.1e-09 2.5e-09 3.1e-09 3.5000000000000003e-09 4e-09 4.5e-09 4.8e-09 5.2e-09 6.1e-09 6.5e-09 0.6900000000000001 7.2e-09 7.8e-09 8.1e-09 84
2e-10 3e-10 5e-10 9e-10 1.5e-09 0.19 2.9e-09 3.5000000000000003e-09 4e-09 4.8e-09 5.1e-09 5.6000000000000005e-09 5.7000000000000006e-09 5.8e-09 7.000000000000001e-09 7.2e-09 85
2e-10 3e-10 5e-10 1.1000000000000001e-09 1.6e-09 2e-09 2.3e-09 2.7e-09 3.3e-09 4e-09 4.5e-09 4.9e-09 5.5000000000000004e-09 7.1e-09 7.2e-09 7.9e-09 0.8300000000000001 84
2e-10 3e-10 5e-10 9e-10 1.5e-09 2e-09 2.2000000000000003e-09 2.7e-09 3.1e-09 5.715703081617643e-92 4e-09 4.3000000000000005e-09 4.8e-09 5.2e-09 5.5000000000000004e-09 6.5e-09 7.1e-09 7.2e-09 85
2e-10 3e-10 5e-10 1.6e-09 2.4e-09 2.7e-09 3.2e-09 3.6e-09 4.2e-09 4.6e-09 5e-09 5.1e-09 5.4e-09 6.1e-09 6.6e-09 7.1e-09 7.2e-09 7.9e-09 84
1e-10 3e-10 5e-10 9e-10 1.6e-09 2e-09 2.1e-09 2.5e-09 3.1e-09 3.5000000000000003e-09 3.9e-09 4.6e-09 4.8e-09 5.2e-09 5.6000000000000005e-09 5.7000000000000006e-09 6.5e-09 7.1e-09 7.2e-09 84
1e-10 3e-10 5e-10 1.1419814973040625e-182 2e-09 2.1e-09 2.5e-09 3.2e-09 3.5000000000000003e-09 4.2e-09 4.5e-09 4.9e-09 5.2e-09 5.6000000000000005e-09 5.7000000000000006e-09 6.5e-09 7.1e-09 7.2e-09 84
1e-10 3e-10 6e-10 7.000000000000001e-10 1.6e-09 2e-09 2.1e-09 2.5e-09 3e-09 3.5000000000000003e-09 3.9e-09 4.5e-09 4.7e-09 5.1e-09 5.4e-09 1.4396171839150769e-179 6.6e-09 7.1e-09 7.2e-09 7.7e-09 84
1e-10 3e-10 5e-10 9e-10 1.5e-09 2e-09 2.1e-09 2.7e-09 3.1e-09 3.5000000000000003e-09 4.1e-09 4.6e-09 4.7e-09 5.2e-09 5.6000000000000005e-09 5.7000000000000006e-09 1.4396171839150769e-179 6.6e-09 7.1e-09 7.2e-09 7.7e-09 8.1e-09 84
1e-10 3e-10 5e-10 1.1000000000000001e-09 1.5e-09 2e-09 2.1e-09 2.5e-09 3e-09 3.5000000000000003e-09 3.9e-09 4.5e-09 4.8e-09 5.1e-09 5.4e-09 6e-09 6.5e-09 7.1e-09 7.2e-09 7.8e-09 84
1e-10 3e-10 5e-10 7.000000000000001e-10 1.6e-09 2e-09 0.8300000000000001 84
2e-10 3e-10 5e-10 9e-10 1.5e-09 2e-09 2.2000000000000003e-09 2.7e-09 3.1e-09 5.715703081617643e-92 4e-09 4.3000000000000005e-09 4.8e-09 5.2e-09 5.5000000000000004e-09 6.5e-09 7.1e-09 7.2e-09 85
1e-10 3e-10 5e-10 9e-10 1.6e-09 2e-09 2.1e-09 2.5e-09 3.1e-09 3.5000000000000003e-09 4.1e-09 4.6e-09 4.9e-09 5.2e-09 5.4e-09 6.1e-09 6.5e-09 7.1e-09 7.2e-09 7.7e-09 8.1e-09 84
2e-10 3e-10 5e-10 1.1000000000000001e-09 1.6e-09 2e-09 2.1e-09 2.5e-09 3.1e-09 3.5000000000000003e-09 4.1e-09 4.4000000000000005e-09 4.8e-09 5.1e-09 5.4e-09 7.1e-09 7.2e-09 7.7e-09 84
2e-10 3e-10 5e-10 1.8e-09 2.1e-09 2.5e-09 3e-09 3.5000000000000003e-09 3.9e-09 4.3000000000000005e-09 4.8e-09 7.966742226683399e-270 5.4e-09 5.8e-09 9.886621546581869e-92 7.1e-09 7.2e-09 7.8e-09 85
1e-10 3e-10 5e-10 7.000000000000001e-10 1.3e-09 2e-09 2.3e-09 2.7e-09 2.9e-09 3.5000000000000003e-09 4e-09 4.5e-09 4.8e-09 6e-09 7.1e-09 7.4e-09 84
1e-10 3e-10 5e-10 1.0350056931577894e-91 7.2e-09 84
2e-10 3e-10 5e-10 1.1000000000000001e-09 1.5e-09 2e-09 2.1e-09 2.5e-09 2.9e-09 3.5000000000000003e-09 4e-09 4.5e-09 4.8e-09 5.1e-09 5.4e-09 5.8e-09 9.886621546581869e-92 7.000000000000001e-09 7.2e-09 7.7e-09 3.0228574002413497e-273 85
1e-10 3e-10 5e-10 1.3e-09 2.2000000000000003e-09 2.5e-09 2.9e-09 3.5000000000000003e-09 3.8e-09 4.5e-09 4.7e-09 5.1e-09 5.4e-09 6.6e-09 7.1e-09 7.2e-09 84
2e-10 4e-10 6e-10 1.6e-09 2e-09 2.4e-09 4.3253969266295675e-92 3.2e-09 3.6e-09 4.2e-09 4.6e-09 5e-09 84
1e-10 3e-10 5e-10 9e-10 1.6e-09 2e-09 2.1e-09 3.1e-09 3.6e-09 4.6e-09 5e-09 5.2e-09 5.6000000000000005e-09 5.7000000000000006e-09 6.6e-09 7.1e-09 7.4e-09 84
1e-10 3e-10 5e-10 9e-10 1.5e-09 2e-09 2.5e-09 2.9e-09 3.5000000000000003e-09 4e-09 4.4000000000000005e-09 4.8e-09 6e-09 7.1e-09 7.2e-09 7.7e-09 3.0228574002413497e-273 84
1e-10 3e-10 5e-10 9e-10 1.6e-09 2e-09 2.4e-09 3.2e-09 3.6e-09 4.2e-09 4.5e-09 4.7e-09 5.1e-09 5.6000000000000005e-09 5.7000000000000006e-09 6.5e-09 7.1e-09 7.2e-09 3.0228574002413497e-273 84
2e-10 3e-10 5e-10 9e-10 1.5e-09 2e-09 2.2000000000000003e-09 2.5e-09 3.1e-09 3.5000000000000003e-09 3.8e-09 4.5e-09 4.8e-09 5.2e-09 5.4e-09 6e-09 6.6e-09 7.1e-09 1.1276927701569944e-91 7.7e-09 8.1e-09 85
1e-10 3e-10 5e-10 7.000000000000001e-10 1.6e-09 2e-09 2.2000000000000003e-09 2.7e-09 3.1e-09 3.5000000000000003e-09 4.1e-09 4.5e-09 4.9e-09 7.000000000000001e-09 7.2e-09 7.7e-09 84
2e-10 3e-10 5e-10 2.3e-09 2.7e-09 2.9e-09 3.5000000000000003e-09 4.2e-09 4.5e-09 4.9e-09 5.1e-09 5.4e-09 6.1e-09 6.6e-09 7.1e-09 7.2e-09 84
1e-10 3e-10 5e-10 1.6e-09 2.3e-09 2.7e-09 3.2e-09 3.6e-09 4.6e-09 5e-09 5.2e-09 5.4e-09 5.7000000000000006e-09 7.1e-09 7.4e-09 7.9e-09 8.1e-09 84
2e-10 3e-10 5e-10 1.1000000000000001e-09 1.6e-09 2e-09 2.3e-09 2.7e-09 3.3e-09 4e-09 4.5e-09 4.9e-09 5.5000000000000004e-09 7.1e-09 7.2e-09 7.9e-09 0.8300000000000001 84
1e-10 3e-10 5e-10 9e-10 1.5e-09 2e-09 2.1e-09 2.5e-09 2.9e-09 3.5000000000000003e-09 4e-09 4.5e-09 4.9e-09 5.1e-09 5.5000000000000004e-09 6.1e-09 7.1e-09 7.4e-09 7.7e-09 8.1e-09 84
1e-10 3e-10 5e-10 7.000000000000001e-10 1.6e-09 2e-09 2.3e-09 2.7e-09 3.4000000000000003e-09 3.5000000000000003e-09 3.9e-09 4.6e-09 5e-09 7.966742226683399e-270 5.5000000000000004e-09 5.7000000000000006e-09 6.1e-09 6.6e-09 7.1e-09 1.5289048660742763e-89 85
2e-10 3e-10 5e-10 1.1000000000000001e-09 1.6e-09 2e-09 2.4e-09 2.7e-09 3.4000000000000003e-09 4.5e-09 4.9e-09 7.1e-09 7.2e-09 85
1e-10 3e-10 5e-10 1.6e-09 2.3e-09 2.7e-09 3.3e-09 3.6e-09 3.9e-09 4.6e-09 4.9e-09 5.6000000000000005e-09 6.1e-09 6.5e-09 7.1e-09 7.2e-09 7.8e-09 8.1e-09 84
2e-10 3e-10 5e-10 9e-10 1.6e-09 2e-09 2.1e-09 2.5e-09 3e-09 3.5000000000000003e-09 3.9e-09 4.3000000000000005e-09 4.7e-09 5.2e-09 5.4e-09 5.8e-09 7.1e-09 7.4e-09 7.7e-09 8.1e-09 85
1e-10 3e-10 5e-10 2.4e-09 2.7e-09 3.6e-09 3.9e-09 4.6e-09 4.7e-09 7.1e-09 7.4e-09 7.9e-09 8.1e-09 84
1e-10 3e-10 6e-10 1.5e-09 2e-09 2.1e-09 2.5e-09 3.1e-09 3.5000000000000003e-09 4.6e-09 4.7e-09 5.2e-09 5.4e-09 5.8e-09 6.5e-09 7.1e-09 7.2e-09 7.7e-09 84
1e-10 3e-10 5e-10 1.6e-09 2e-09 2.3e-09 2.9e-09 3.5000000000000003e-09 4.6e-09 7.966742226683399e-270 5.5000000000000004e-09 6.6e-09 7.1e-09 7.4e-09 84
2e-10 4e-10 6e-10 9e-10 1.6e-09 2e-09 2.1e-09 2.5e-09 3e-09 3.5000000000000003e-09 3.8e-09 4.5e-09 4.8e-09 7.966742226683399e-270 5.7000000000000006e-09 5.8e-09 6.2e-09 7.1e-09 7.2e-09 7.7e-09 85
2e-10 3e-10 5e-10 1e-09 1.6e-09 2e-09 2.3e-09 2.7e-09 3.6e-09 3.9e-09 4.6e-09 4.8e-09 5.1e-09 5.5000000000000004e-09 6.1e-09 6.6e-09 7.1e-09 7.2e-09 84
1e-10 3e-10 5e-10 9e-10 1.6e-09 2e-09 2.4e-09 3.2e-09 3.6e-09 4.2e-09 4.5e-09 4.7e-09 5.1e-09 5.6000000000000005e-09 5.7000000000000006e-09 6.5e-09 7.1e-09 7.2e-09 3.0228574002413497e-273 84
1e-10 3e-10 5e-10 7.000000000000001e-10 1.6e-09 2e-09 2.3e-09 2.7e-09 3.1e-09 3.5000000000000003e-09 4e-09 4.5e-09 4.9e-09 7.966742226683399e-270 5.4e-09 6.1e-09 6.5e-09 7.1e-09 7.2e-09 7.9e-09 8.1e-09 84
2e-10 3e-10 5e-10 1e-09 1.5e-09 2.1e-09 2.5e-09 2.9e-09 3.5000000000000003e-09 4e-09 4.3000000000000005e-09 4.7e-09 5.2e-09 5.4e-09 5.8e-09 7.1e-09 7.2e-09 7.8e-09 0.8300000000000001 85
2e-10 3e-10 5e-10 9e-10 1.5e-09 2e-09 2.1e-09 2.5e-09 3.1e-09 3.5000000000000003e-09 3.9e-09 4.3000000000000005e-09 5.1e-09 5.4e-09 6.1e-09 6.6e-09 7.1e-09 7.2e-09 85
1e-10 3e-10 5e-10 9e-10 1.6e-09 2e-09 2.3e-09 2.7e-09 3.3e-09 3.6e-09 4.5e-09 4.9e-09 5.2e-09 5.6000000000000005e-09 6.1e-09 6.6e-09 7.1e-09 0.76 84
1e-10 3e-10 5e-10 1.6e-09 2e-09 2.3e-09 2.9e-09 3.5000000000000003e-09 4.6e-09 7.966742226683399e-270 5.5000000000000004e-09 6.6e-09 7.1e-09 7.4e-09 84
