169132337.12925324 1.3296869819659684e+19 9.25696011729119e+18 27.793297122031333 403.22126724771636 167146.20321761162 2730276.000142049 96415.18638786928 14128372406.779783 63058.56040110334 5578859.751934783 1092.3022177023631 8.937582134954498e+16 959871752698031.1 653.1305823131988 3010094.2582619544 85
36308975095.72717 1.3296869819659684e+19 9.25696011729119e+18 59982580.790636785 220.61139972875486 412549055853282.44 167146.20321761162 2730276.000142049 96415.18638786928 14128372406.779783 63058.56040110334 5578859.751934783 222045.52608152694 262350.87095269456 460.5407952208453 156195.98423735076 8.937582134954498e+16 1483.4294978624746 7793.258409032382 3010094.2582619544 84
36308975095.72717 1.3296869819659684e+19 9.25696011729119e+18 78488230223351.02 412549055853282.44 711853.7868493976 3112138516.2857966 1132801.9113074471 8336235216.579296 883.8438879730692 31969859.650503986 222045.52608152694 9.912054725666604 156195.98423735076 9824466.548940128 8.937582134954498e+16 959871752698031.1 5866.201046992629 3010094.2582619544 84
169132337.12925324 2.7710379510350163 9.9509262310161 4914.430146649171 78488230223351.02 412549055853282.44 8.937582134954498e+16 959871752698031.1 3010094.2582619544 84
36308975095.72717 2.7710379510350163 9.9509262310161 4914.430146649171 78488230223351.02 412549055853282.44 711853.7868493976 2730276.000142049 32.15648898400724 14128372406.779783 176730.11259550098 5578859.751934783 3270.6454611421 262350.87095269456 6730761774.152952 156195.98423735076 13.799633914084316 8.937582134954498e+16 959871752698031.1 5866.201046992629 84
36308975095.72717 1.3296869819659684e+19 9.25696011729119e+18 59982580.790636785 220.61139972875486 412549055853282.44 167146.20321761162 2730276.000142049 96415.18638786928 14128372406.779783 492.3272797486836 30.481417461385178 392704.75579338893 144762544.4352752 4306.831148424968 335.5306665357364 8.937582134954498e+16 959871752698031.1 653.1305823131988 0.8300000000000001 85
36308975095.72717 1.3296869819659684e+19 9.9509262310161 59982580.790636785 412549055853282.44 711853.7868493976 3112138516.2857966 2.045641598239347 8336235216.579296 883.8438879730692 3270.6454611421 262350.87095269456 6730761774.152952 8.937582134954498e+16 959871752698031.1 84
36308975095.72717 1.3296869819659684e+19 9.25696011729119e+18 78488230223351.02 711853.7868493976 3112138516.2857966 2.045641598239347 8336235216.579296 883.8438879730692 5578859.751934783 222045.52608152694 262350.87095269456 558.7929430362484 156195.98423735076 9824466.548940128 8.937582134954498e+16 959871752698031.1 5866.201046992629 84
169132337.12925324 1.3296869819659684e+19 9.25696011729119e+18 4914.430146649171 78488230223351.02 711853.7868493976 3112138516.2857966 243.41815695027498 14128372406.779783 176730.11259550098 5578859.751934783 392704.75579338893 262350.87095269456 6730761774.152952 156195.98423735076 335.5306665357364 8.937582134954498e+16 959871752698031.1 84
36308975095.72717 1.3296869819659684e+19 9.25696011729119e+18 4914.430146649171 78488230223351.02 19.29389339040435 2730276.000142049 96415.18638786928 176730.11259550098 5578859.751934783 156195.98423735076 13.799633914084316 84
169132337.12925324 1.3296869819659684e+19 9.25696011729119e+18 4914.430146649171 220.61139972875486 412549055853282.44 167146.20321761162 2730276.000142049 334.5028982888944 14128372406.779783 63058.56040110334 5578859.751934783 3270.6454611421 144762544.4352752 9824466.548940128 8.937582134954498e+16 1483.4294978624746 84
36308975095.72717 2.7710379510350163 9.9509262310161 4914.430146649171 78488230223351.02 412549055853282.44 711853.7868493976 2730276.000142049 32.15648898400724 14128372406.779783 176730.11259550098 5578859.751934783 3270.6454611421 262350.87095269456 6730761774.152952 156195.98423735076 13.799633914084316 8.937582134954498e+16 959871752698031.1 5866.201046992629 84
169132337.12925324 1.3296869819659684e+19 9.25696011729119e+18 4914.430146649171 220.61139972875486 167146.20321761162 2730276.000142049 96415.18638786928 14128372406.779783 492.3272797486836 5578859.751934783 392704.75579338893 4306.831148424968 0.9902500224787709 1.0366679922824633 1483.4294978624746 85
36308975095.72717 1.3296869819659684e+19 9.25696011729119e+18 59982580.790636785 78488230223351.02 412549055853282.44 167146.20321761162 2730276.000142049 334.5028982888944 14128372406.779783 176730.11259550098 31969859.650503986 1092.3022177023631 144762544.4352752 558.7929430362484 122477.81105739946 13.799633914084316 8.937582134954498e+16 959871752698031.1 84
36308975095.72717 1.3296869819659684e+19 9.25696011729119e+18 59982580.790636785 78488230223351.02 412549055853282.44 7926.251842075738 3112138516.2857966 96415.18638786928 14128372406.779783 63058.56040110334 5578859.751934783 222045.52608152694 9.912054725666604 558.7929430362484 156195.98423735076 9824466.548940128 0.6900000000000001 959871752698031.1 5866.201046992629 3010094.2582619544 84
36308975095.72717 1.3296869819659684e+19 9.25696011729119e+18 59982580.790636785 78488230223351.02 412549055853282.44 7926.251842075738 1132801.9113074471 8336235216.579296 883.8438879730692 5578859.751934783 392704.75579338893 262350.87095269456 558.7929430362484 122477.81105739946 13.799633914084316 8.937582134954498e+16 959871752698031.1 3.0374456327439896 84
36308975095.72717 1.3296869819659684e+19 9.25696011729119e+18 27.793297122031333 403.22126724771636 412549055853282.44 711853.7868493976 3112138516.2857966 96415.18638786928 14128372406.779783 63058.56040110334 5578859.751934783 1092.3022177023631 47.18458285080814 8.937582134954498e+16 1483.4294978624746 84
36308975095.72717 1.3296869819659684e+19 9.25696011729119e+18 78488230223351.02 412549055853282.44 711853.7868493976 3112138516.2857966 1132801.9113074471 8336235216.579296 883.8438879730692 31969859.650503986 222045.52608152694 9.912054725666604 156195.98423735076 9824466.548940128 8.937582134954498e+16 959871752698031.1 5866.201046992629 3010094.2582619544 84
36308975095.72717 1.3296869819659684e+19 9.25696011729119e+18 59982580.790636785 78488230223351.02 412549055853282.44 2730276.000142049 14128372406.779783 883.8438879730692 5578859.751934783 9824466.548940128 14.861144215167723 1483.4294978624746 84
36308975095.72717 1.3296869819659684e+19 9.25696011729119e+18 59982580.790636785 78488230223351.02 412549055853282.44 167146.20321761162 334.5028982888944 8336235216.579296 31969859.650503986 3270.6454611421 144762544.4352752 558.7929430362484 122477.81105739946 9824466.548940128 8.937582134954498e+16 1483.4294978624746 84
36308975095.72717 1.3296869819659684e+19 9.25696011729119e+18 0.19152248183968879 78488230223351.02 412549055853282.44 711853.7868493976 3112138516.2857966 334.5028982888944 14128372406.779783 883.8438879730692 5578859.751934783 222045.52608152694 262350.87095269456 6730761774.152952 8.937582134954498e+16 959871752698031.1 5866.201046992629 84
36308975095.72717 1.3296869819659684e+19 9.25696011729119e+18 2.893694697789553 78488230223351.02 167146.20321761162 2730276.000142049 14128372406.779783 557.1071849787734 392704.75579338893 14.861144215167723 959871752698031.1 7793.258409032382 84
36308975095.72717 1.3296869819659684e+19 9.25696011729119e+18 27.793297122031333 78488230223351.02 412549055853282.44 167146.20321761162 3112138516.2857966 2.045641598239347 8336235216.579296 63058.56040110334 31969859.650503986 1092.3022177023631 144762544.4352752 558.7929430362484 122477.81105739946 13.799633914084316 8.937582134954498e+16 959871752698031.1 5866.201046992629 84
169132337.12925324 1.3296869819659684e+19 9.25696011729119e+18 27.793297122031333 220.61139972875486 412549055853282.44 167146.20321761162 2730276.000142049 96415.18638786928 14128372406.779783 492.3272797486836 557.1071849787734 392704.75579338893 262350.87095269456 6730761774.152952 4306.831148424968 8.937582134954498e+16 959871752698031.1 85
169132337.12925324 1.3296869819659684e+19 9.25696011729119e+18 2.893694697789553 78488230223351.02 412549055853282.44 711853.7868493976 2730276.000142049 32.15648898400724 14128372406.779783 176730.11259550098 557.1071849787734 1092.3022177023631 47.18458285080814 43.643847728801504 8.937582134954498e+16 1.129503931889848 85
169132337.12925324 1.3296869819659684e+19 9.25696011729119e+18 27.793297122031333 403.22126724771636 412549055853282.44 711853.7868493976 3112138516.2857966 32.15648898400724 14128372406.779783 492.3272797486836 31969859.650503986 392704.75579338893 262350.87095269456 6730761774.152952 9824466.548940128 8.937582134954498e+16 959871752698031.1 84
169132337.12925324 1.3296869819659684e+19 9.25696011729119e+18 78488230223351.02 711853.7868493976 3112138516.2857966 334.5028982888944 8336235216.579296 883.8438879730692 31969859.650503986 3270.6454611421 262350.87095269456 460.5407952208453 156195.98423735076 9824466.548940128 8.937582134954498e+16 84
36308975095.72717 1.3296869819659684e+19 9.25696011729119e+18 59982580.790636785 220.61139972875486 96415.18638786928 14128372406.779783 392704.75579338893 144762544.4352752 6730761774.152952 8.937582134954498e+16 959871752698031.1 84
169132337.12925324 1.3296869819659684e+19 9.25696011729119e+18 59982580.790636785 78488230223351.02 412549055853282.44 3.018644726074684 2730276.000142049 32.15648898400724 14128372406.779783 492.3272797486836 5578859.751934783 392704.75579338893 262350.87095269456 6730761774.152952 8.937582134954498e+16 1483.4294978624746 85
169132337.12925324 1.3296869819659684e+19 9.25696011729119e+18 2.893694697789553 78488230223351.02 412549055853282.44 711853.7868493976 3112138516.2857966 8336235216.579296 883.8438879730692 31969859.650503986 3270.6454611421 47.18458285080814 9824466.548940128 8.937582134954498e+16 959871752698031.1 85
169132337.12925324 1.3296869819659684e+19 9.25696011729119e+18 4914.430146649171 403.22126724771636 167146.20321761162 2730276.000142049 32.15648898400724 14128372406.779783 492.3272797486836 5578859.751934783 1092.3022177023631 262350.87095269456 6730761774.152952 43.643847728801504 8.937582134954498e+16 959871752698031.1 7793.258409032382 3010094.2582619544 85
36308975095.72717 1.3296869819659684e+19 9.25696011729119e+18 59982580.790636785 220.61139972875486 412549055853282.44 167146.20321761162 2730276.000142049 96415.18638786928 14128372406.779783 492.3272797486836 30.481417461385178 392704.75579338893 144762544.4352752 4306.831148424968 335.5306665357364 8.937582134954498e+16 959871752698031.1 653.1305823131988 0.8300000000000001 85
36308975095.72717 1.3296869819659684e+19 9.25696011729119e+18 59982580.790636785 220.61139972875486 412549055853282.44 167146.20321761162 2730276.000142049 243.41815695027498 14128372406.779783 28.40313899810892 5578859.751934783 392704.75579338893 144762544.4352752 558.7929430362484 122477.81105739946 4306.831148424968 8.937582134954498e+16 959871752698031.1 653.1305823131988 3010094.2582619544 84
36308975095.72717 1.3296869819659684e+19 9.25696011729119e+18 27.793297122031333 78488230223351.02 412549055853282.44 3.018644726074684 1132801.9113074471 14128372406.779783 63058.56040110334 222045.52608152694 460.5407952208453 122477.81105739946 47.18458285080814 13.799633914084316 8.937582134954498e+16 959871752698031.1 653.1305823131988 84
36308975095.72717 1.3296869819659684e+19 9.25696011729119e+18 27.793297122031333 78488230223351.02 412549055853282.44 711853.7868493976 2.045641598239347 8336235216.579296 883.8438879730692 31969859.650503986 222045.52608152694 144762544.4352752 460.5407952208453 4306.831148424968 9824466.548940128 8.937582134954498e+16 959871752698031.1 5866.201046992629 3010094.2582619544 84
36308975095.72717 1.3296869819659684e+19 9.25696011729119e+18 59982580.790636785 78488230223351.02 412549055853282.44 167146.20321761162 3112138516.2857966 334.5028982888944 14128372406.779783 883.8438879730692 5578859.751934783 392704.75579338893 262350.87095269456 6730761774.152952 47.18458285080814 8.937582134954498e+16 959871752698031.1 5866.201046992629 3010094.2582619544 84
169132337.12925324 1.3296869819659684e+19 9.25696011729119e+18 59982580.790636785 220.61139972875486 0.19 96415.18638786928 14128372406.779783 63058.56040110334 1092.3022177023631 262350.87095269456 558.7929430362484 122477.81105739946 4306.831148424968 14.861144215167723 959871752698031.1 85
169132337.12925324 1.3296869819659684e+19 9.25696011729119e+18 27.793297122031333 220.61139972875486 19.29389339040435 167146.20321761162 2730276.000142049 96415.18638786928 14128372406.779783 176730.11259550098 5578859.751934783 1092.3022177023631 144762544.4352752 6730761774.152952 47.18458285080814 9824466.548940128 14.861144215167723 1.129503931889848 7793.258409032382 3010094.2582619544 85
36308975095.72717 1.3296869819659684e+19 9.25696011729119e+18 59982580.790636785 78488230223351.02 412549055853282.44 3.018644726074684 2730276.000142049 32.15648898400724 14128372406.779783 63058.56040110334 144762544.4352752 156195.98423735076 8.937582134954498e+16 959871752698031.1 7793.258409032382 0.8300000000000001 84
36308975095.72717 1.3296869819659684e+19 9.25696011729119e+18 78488230223351.02 0.19 1132801.9113074471 14128372406.779783 28.40313899810892 6730761774.152952 122477.81105739946 653.1305823131988 3010094.2582619544 84
36308975095.72717 1.3296869819659684e+19 9.9509262310161 220.61139972875486 412549055853282.44 167146.20321761162 2730276.000142049 334.5028982888944 14128372406.779783 31969859.650503986 392704.75579338893 144762544.4352752 6730761774.152952 4306.831148424968 13.799633914084316 8.937582134954498e+16 959871752698031.1 7793.258409032382 84
36308975095.72717 1.3296869819659684e+19 9.9509262310161 27.793297122031333 403.22126724771636 19.29389339040435 711853.7868493976 2730276.000142049 96415.18638786928 8336235216.579296 492.3272797486836 557.1071849787734 392704.75579338893 156195.98423735076 43.643847728801504 8.937582134954498e+16 959871752698031.1 5866.201046992629 0.8300000000000001 84
36308975095.72717 1.3296869819659684e+19 9.25696011729119e+18 2.893694697789553 78488230223351.02 412549055853282.44 3.018644726074684 3112138516.2857966 1132801.9113074471 8336235216.579296 28.40313899810892 31969859.650503986 222045.52608152694 144762544.4352752 6730761774.152952 47.18458285080814 9824466.548940128 8.937582134954498e+16 1483.4294978624746 84
36308975095.72717 1.3296869819659684e+19 9.25696011729119e+18 27.793297122031333 78488230223351.02 412549055853282.44 711853.7868493976 3112138516.2857966 1132801.9113074471 14128372406.779783 28.40313899810892 5578859.751934783 1092.3022177023631 156195.98423735076 13.799633914084316 8.937582134954498e+16 959871752698031.1 5866.201046992629 3010094.2582619544 84
169132337.12925324 1.3296869819659684e+19 9.25696011729119e+18 0.19152248183968879 403.22126724771636 412549055853282.44 167146.20321761162 2730276.000142049 96415.18638786928 63058.56040110334 30.481417461385178 392704.75579338893 262350.87095269456 6730761774.152952 47.18458285080814 0.9902500224787709 14.861144215167723 959871752698031.1 85
169132337.12925324 1.3296869819659684e+19 9.25696011729119e+18 59982580.790636785 220.61139972875486 412549055853282.44 167146.20321761162 2730276.000142049 96415.18638786928 14128372406.779783 557.1071849787734 392704.75579338893 144762544.4352752 6730761774.152952 156195.98423735076 0.9902500224787709 8.937582134954498e+16 959871752698031.1 85
36308975095.72717 1.3296869819659684e+19 9.9509262310161 4914.430146649171 78488230223351.02 412549055853282.44 3.018644726074684 3112138516.2857966 96415.18638786928 14128372406.779783 5578859.751934783 392704.75579338893 262350.87095269456 460.5407952208453 8.937582134954498e+16 959871752698031.1 84
169132337.12925324 1.3296869819659684e+19 9.25696011729119e+18 2.893694697789553 78488230223351.02 3.018644726074684 0.6224480659789886 96415.18638786928 14128372406.779783 492.3272797486836 30.481417461385178 1092.3022177023631 144762544.4352752 6730761774.152952 4306.831148424968 335.5306665357364 8.937582134954498e+16 959871752698031.1 85
169132337.12925324 1.3296869819659684e+19 9.25696011729119e+18 78488230223351.02 412549055853282.44 711853.7868493976 2730276.000142049 96415.18638786928 14128372406.779783 63058.56040110334 5578859.751934783 392704.75579338893 144762544.4352752 6730761774.152952 4306.831148424968 8.937582134954498e+16 959871752698031.1 84
36308975095.72717 1.3296869819659684e+19 9.25696011729119e+18 78488230223351.02 711853.7868493976 0.4332343848344623 1132801.9113074471 14128372406.779783 28.40313899810892 31969859.650503986 3270.6454611421 262350.87095269456 6730761774.152952 9824466.548940128 8.937582134954498e+16 1483.4294978624746 653.1305823131988 3010094.2582619544 84
169132337.12925324 2.7710379510350163 9.9509262310161 59982580.790636785 78488230223351.02 412549055853282.44 167146.20321761162 2730276.000142049 32.15648898400724 14128372406.779783 492.3272797486836 5578859.751934783 1092.3022177023631 9.912054725666604 122477.81105739946 4306.831148424968 335.5306665357364 8.937582134954498e+16 959871752698031.1 7793.258409032382 85
169132337.12925324 1.3296869819659684e+19 9.25696011729119e+18 78488230223351.02 412549055853282.44 7926.251842075738 3112138516.2857966 334.5028982888944 8336235216.579296 28.40313899810892 31969859.650503986 222045.52608152694 558.7929430362484 43.643847728801504 8.937582134954498e+16 959871752698031.1 84
36308975095.72717 1.3296869819659684e+19 9.25696011729119e+18 2.893694697789553 78488230223351.02 167146.20321761162 2730276.000142049 334.5028982888944 14128372406.779783 28.40313899810892 31969859.650503986 222045.52608152694 144762544.4352752 6730761774.152952 47.18458285080814 9824466.548940128 8.937582134954498e+16 959871752698031.1 7793.258409032382 3010094.2582619544 84
169132337.12925324 1.3296869819659684e+19 9.25696011729119e+18 59982580.790636785 78488230223351.02 2.045641598239347 85
169132337.12925324 1.3296869819659684e+19 9.25696011729119e+18 59982580.790636785 78488230223351.02 412549055853282.44 3.018644726074684 0.6224480659789886 32.15648898400724 14128372406.779783 492.3272797486836 557.1071849787734 392704.75579338893 9.912054725666604 6730761774.152952 4306.831148424968 335.5306665357364 8.937582134954498e+16 1483.4294978624746 85
169132337.12925324 1.3296869819659684e+19 9.25696011729119e+18 59982580.790636785 220.61139972875486 412549055853282.44 167146.20321761162 2730276.000142049 96415.18638786928 14128372406.779783 557.1071849787734 392704.75579338893 144762544.4352752 6730761774.152952 156195.98423735076 0.9902500224787709 8.937582134954498e+16 959871752698031.1 85
36308975095.72717 1.3296869819659684e+19 9.25696011729119e+18 59982580.790636785 78488230223351.02 412549055853282.44 167146.20321761162 3112138516.2857966 32.15648898400724 8336235216.579296 176730.11259550098 5578859.751934783 222045.52608152694 460.5407952208453 122477.81105739946 156195.98423735076 8.937582134954498e+16 959871752698031.1 653.1305823131988 84
36308975095.72717 1.3296869819659684e+19 9.9509262310161 59982580.790636785 78488230223351.02 412549055853282.44 167146.20321761162 8336235216.579296 5578859.751934783 222045.52608152694 4306.831148424968 84
169132337.12925324 1.3296869819659684e+19 9.9509262310161 59982580.790636785 78488230223351.02 19.29389339040435 711853.7868493976 2730276.000142049 96415.18638786928 8336235216.579296 28.40313899810892 222045.52608152694 262350.87095269456 558.7929430362484 8.937582134954498e+16 959871752698031.1 84
36308975095.72717 1.3296869819659684e+19 9.9509262310161 59982580.790636785 78488230223351.02 412549055853282.44 167146.20321761162 8336235216.579296 5578859.751934783 222045.52608152694 4306.831148424968 84
169132337.12925324 1.3296869819659684e+19 9.25696011729119e+18 4914.430146649171 220.61139972875486 412549055853282.44 3.018644726074684 96415.18638786928 14128372406.779783 492.3272797486836 557.1071849787734 392704.75579338893 262350.87095269456 6730761774.152952 4306.831148424968 335.5306665357364 14.861144215167723 1483.4294978624746 85
36308975095.72717 1.3296869819659684e+19 9.25696011729119e+18 27.793297122031333 78488230223351.02 412549055853282.44 711853.7868493976 2730276.000142049 1132801.9113074471 14128372406.779783 883.8438879730692 5578859.751934783 222045.52608152694 144762544.4352752 558.7929430362484 122477.81105739946 156195.98423735076 8.937582134954498e+16 959871752698031.1 84
169132337.12925324 1.3296869819659684e+19 9.25696011729119e+18 59982580.790636785 220.61139972875486 412549055853282.44 167146.20321761162 2730276.000142049 96415.18638786928 14128372406.779783 492.3272797486836 5578859.751934783 392704.75579338893 144762544.4352752 6730761774.152952 47.18458285080814 43.643847728801504 8.937582134954498e+16 959871752698031.1 7793.258409032382 0.8300000000000001 85
36308975095.72717 1.3296869819659684e+19 9.25696011729119e+18 0.19152248183968879 78488230223351.02 19.29389339040435 167146.20321761162 2730276.000142049 334.5028982888944 14128372406.779783 63058.56040110334 5578859.751934783 1092.3022177023631 144762544.4352752 156195.98423735076 13.799633914084316 0.6900000000000001 959871752698031.1 653.1305823131988 3010094.2582619544 84
169132337.12925324 1.3296869819659684e+19 9.25696011729119e+18 403.22126724771636 412549055853282.44 167146.20321761162 2730276.000142049 96415.18638786928 14128372406.779783 63058.56040110334 5578859.751934783 392704.75579338893 144762544.4352752 6730761774.152952 335.5306665357364 959871752698031.1 85
169132337.12925324 1.3296869819659684e+19 9.25696011729119e+18 59982580.790636785 403.22126724771636 19.29389339040435 711853.7868493976 334.5028982888944 14128372406.779783 492.3272797486836 392704.75579338893 43.643847728801504 8.937582134954498e+16 959871752698031.1 85
36308975095.72717 1.3296869819659684e+19 9.25696011729119e+18 4914.430146649171 78488230223351.02 412549055853282.44 7926.251842075738 0.4332343848344623 8336235216.579296 883.8438879730692 31969859.650503986 653.1305823131988 3010094.2582619544 85
169132337.12925324 1.3296869819659684e+19 9.25696011729119e+18 2.893694697789553 403.22126724771636 412549055853282.44 167146.20321761162 2730276.000142049 96415.18638786928 14128372406.779783 176730.11259550098 557.1071849787734 392704.75579338893 47.18458285080814 43.643847728801504 8.937582134954498e+16 1483.4294978624746 85
36308975095.72717 1.3296869819659684e+19 9.25696011729119e+18 2.893694697789553 78488230223351.02 412549055853282.44 7926.251842075738 3112138516.2857966 14128372406.779783 176730.11259550098 31969859.650503986 222045.52608152694 156195.98423735076 8.937582134954498e+16 1483.4294978624746 653.1305823131988 3010094.2582619544 84
36308975095.72717 1.3296869819659684e+19 9.25696011729119e+18 78488230223351.02 412549055853282.44 3.018644726074684 32.15648898400724 14128372406.779783 883.8438879730692 5578859.751934783 222045.52608152694 144762544.4352752 460.5407952208453 8.937582134954498e+16 959871752698031.1 84
36308975095.72717 1.3296869819659684e+19 9.25696011729119e+18 59982580.790636785 78488230223351.02 412549055853282.44 2730276.000142049 14128372406.779783 883.8438879730692 5578859.751934783 9824466.548940128 14.861144215167723 1483.4294978624746 84
36308975095.72717 1.3296869819659684e+19 9.25696011729119e+18 59982580.790636785 78488230223351.02 412549055853282.44 711853.7868493976 3112138516.2857966 334.5028982888944 14128372406.779783 883.8438879730692 31969859.650503986 3270.6454611421 144762544.4352752 460.5407952208453 122477.81105739946 156195.98423735076 9824466.548940128 8.937582134954498e+16 959871752698031.1 5866.201046992629 3010094.2582619544 84
36308975095.72717 1.3296869819659684e+19 9.25696011729119e+18 59982580.790636785 220.61139972875486 96415.18638786928 14128372406.779783 392704.75579338893 144762544.4352752 6730761774.152952 8.937582134954498e+16 959871752698031.1 84
169132337.12925324 2.7710379510350163 9.9509262310161 59982580.790636785 78488230223351.02 412549055853282.44 167146.20321761162 2730276.000142049 32.15648898400724 14128372406.779783 492.3272797486836 5578859.751934783 1092.3022177023631 9.912054725666604 122477.81105739946 4306.831148424968 335.5306665357364 8.937582134954498e+16 959871752698031.1 7793.258409032382 85
36308975095.72717 1.3296869819659684e+19 9.25696011729119e+18 4914.430146649171 220.61139972875486 412549055853282.44 167146.20321761162 2730276.000142049 32.15648898400724 14128372406.779783 176730.11259550098 5578859.751934783 1092.3022177023631 262350.87095269456 6730761774.152952 47.18458285080814 13.799633914084316 8.937582134954498e+16 959871752698031.1 653.1305823131988 84
36308975095.72717 1.3296869819659684e+19 9.9509262310161 27.793297122031333 403.22126724771636 19.29389339040435 711853.7868493976 2730276.000142049 96415.18638786928 8336235216.579296 492.3272797486836 557.1071849787734 392704.75579338893 156195.98423735076 43.643847728801504 8.937582134954498e+16 959871752698031.1 5866.201046992629 0.8300000000000001 84
169132337.12925324 1.3296869819659684e+19 9.25696011729119e+18 59982580.790636785 403.22126724771636 19.29389339040435 711853.7868493976 334.5028982888944 14128372406.779783 492.3272797486836 557.1071849787734 392704.75579338893 335.5306665357364 8.937582134954498e+16 959871752698031.1 85
169132337.12925324 1.3296869819659684e+19 9.25696011729119e+18 27.793297122031333 78488230223351.02 412549055853282.44 711853.7868493976 0.6224480659789886 1132801.9113074471 8336235216.579296 28.40313899810892 5578859.751934783 222045.52608152694 9.912054725666604 6730761774.152952 156195.98423735076 13.799633914084316 8.937582134954498e+16 5866.201046992629 3010094.2582619544 84
36308975095.72717 1.3296869819659684e+19 9.25696011729119e+18 59982580.790636785 78488230223351.02 412549055853282.44 711853.7868493976 3112138516.2857966 1132801.9113074471 14128372406.779783 176730.11259550098 5578859.751934783 222045.52608152694 558.7929430362484 122477.81105739946 156195.98423735076 9824466.548940128 8.937582134954498e+16 1.129503931889848 85
36308975095.72717 1.3296869819659684e+19 9.25696011729119e+18 4914.430146649171 0.2872837227595332 412549055853282.44 3.018644726074684 334.5028982888944 14128372406.779783 176730.11259550098 5578859.751934783 14.861144215167723 1483.4294978624746 3010094.2582619544 84
169132337.12925324 1.3296869819659684e+19 9.25696011729119e+18 59982580.790636785 220.61139972875486 412549055853282.44 176730.11259550098 558.7929430362484 122477.81105739946 4306.831148424968 335.5306665357364 8.937582134954498e+16 0.76 84
36308975095.72717 1.3296869819659684e+19 9.25696011729119e+18 78488230223351.02 412549055853282.44 711853.7868493976 0.4332343848344623 243.41815695027498 8336235216.579296 176730.11259550098 5578859.751934783 1092.3022177023631 144762544.4352752 6730761774.152952 156195.98423735076 9824466.548940128 8.937582134954498e+16 959871752698031.1 84
36308975095.72717 1.3296869819659684e+19 9.25696011729119e+18 78488230223351.02 711853.7868493976 0.4332343848344623 1132801.9113074471 14128372406.779783 28.40313899810892 31969859.650503986 3270.6454611421 262350.87095269456 6730761774.152952 9824466.548940128 8.937582134954498e+16 1483.4294978624746 653.1305823131988 3010094.2582619544 84
36308975095.72717 1.3296869819659684e+19 9.25696011729119e+18 27.793297122031333 78488230223351.02 412549055853282.44 711853.7868493976 3112138516.2857966 2.045641598239347 14128372406.779783 176730.11259550098 31969859.650503986 3270.6454611421 9.912054725666604 460.5407952208453 122477.81105739946 156195.98423735076 9824466.548940128 8.937582134954498e+16 5.858943514761405 85
36308975095.72717 1.3296869819659684e+19 9.25696011729119e+18 59982580.790636785 78488230223351.02 412549055853282.44 3.018644726074684 3112138516.2857966 96415.18638786928 14128372406.779783 176730.11259550098 31969859.650503986 222045.52608152694 9.912054725666604 460.5407952208453 122477.81105739946 156195.98423735076 9824466.548940128 8.937582134954498e+16 959871752698031.1 84
169132337.12925324 1.3296869819659684e+19 9.25696011729119e+18 2.893694697789553 78488230223351.02 412549055853282.44 711853.7868493976 3112138516.2857966 8336235216.579296 176730.11259550098 31969859.650503986 1092.3022177023631 262350.87095269456 460.5407952208453 156195.98423735076 9824466.548940128 8.937582134954498e+16 959871752698031.1 84
169132337.12925324 2.7710379510350163 9.9509262310161 59982580.790636785 78488230223351.02 412549055853282.44 167146.20321761162 2730276.000142049 32.15648898400724 14128372406.779783 492.3272797486836 5578859.751934783 1092.3022177023631 9.912054725666604 122477.81105739946 4306.831148424968 335.5306665357364 8.937582134954498e+16 959871752698031.1 7793.258409032382 85
169132337.12925324 1.3296869819659684e+19 9.25696011729119e+18 59982580.790636785 403.22126724771636 412549055853282.44 711853.7868493976 3112138516.2857966 32.15648898400724 8336235216.579296 176730.11259550098 31969859.650503986 392704.75579338893 144762544.4352752 156195.98423735076 85
169132337.12925324 1.3296869819659684e+19 9.25696011729119e+18 27.793297122031333 78488230223351.02 412549055853282.44 2.045641598239347 8336235216.579296 8.937582134954498e+16 959871752698031.1 85
169132337.12925324 1.3296869819659684e+19 9.25696011729119e+18 167146.20321761162 2730276.000142049 334.5028982888944 14128372406.779783 492.3272797486836 5578859.751934783 392704.75579338893 7.131402455926366 43.643847728801504 8.937582134954498e+16 959871752698031.1 85
36308975095.72717 1.3296869819659684e+19 9.25696011729119e+18 4914.430146649171 78488230223351.02 412549055853282.44 167146.20321761162 2730276.000142049 243.41815695027498 8336235216.579296 883.8438879730692 31969859.650503986 3270.6454611421 9.912054725666604 6730761774.152952 156195.98423735076 13.799633914084316 8.937582134954498e+16 959871752698031.1 653.1305823131988 84
36308975095.72717 1.3296869819659684e+19 9.25696011729119e+18 4914.430146649171 7926.251842075738 3112138516.2857966 2.045641598239347 8336235216.579296 28.40313899810892 31969859.650503986 1092.3022177023631 262350.87095269456 558.7929430362484 122477.81105739946 156195.98423735076 13.799633914084316 8.937582134954498e+16 5866.201046992629 3010094.2582619544 84
36308975095.72717 1.3296869819659684e+19 9.25696011729119e+18 4914.430146649171 78488230223351.02 412549055853282.44 2.045641598239347 8336235216.579296 28.40313899810892 31969859.650503986 222045.52608152694 262350.87095269456 156195.98423735076 9824466.548940128 8.937582134954498e+16 1483.4294978624746 84
36308975095.72717 1.3296869819659684e+19 9.25696011729119e+18 78488230223351.02 412549055853282.44 711853.7868493976 0.4332343848344623 243.41815695027498 8336235216.579296 176730.11259550098 5578859.751934783 1092.3022177023631 144762544.4352752 6730761774.152952 156195.98423735076 9824466.548940128 8.937582134954498e+16 959871752698031.1 84
36308975095.72717 1.3296869819659684e+19 9.25696011729119e+18 59982580.790636785 220.61139972875486 96415.18638786928 14128372406.779783 392704.75579338893 144762544.4352752 6730761774.152952 8.937582134954498e+16 959871752698031.1 84
36308975095.72717 2.7710379510350163 9.9509262310161 59982580.790636785 78488230223351.02 412549055853282.44 711853.7868493976 3112138516.2857966 334.5028982888944 14128372406.779783 883.8438879730692 557.1071849787734 222045.52608152694 144762544.4352752 460.5407952208453 122477.81105739946 7.131402455926366 14.861144215167723 959871752698031.1 653.1305823131988 3010094.2582619544 84
36308975095.72717 1.3296869819659684e+19 9.25696011729119e+18 59982580.790636785 78488230223351.02 412549055853282.44 711853.7868493976 2730276.000142049 96415.18638786928 14128372406.779783 63058.56040110334 31969859.650503986 392704.75579338893 144762544.4352752 460.5407952208453 156195.98423735076 13.799633914084316 8.937582134954498e+16 5.858943514761405 7793.258409032382 3010094.2582619544 84
169132337.12925324 1.3296869819659684e+19 9.25696011729119e+18 2.893694697789553 78488230223351.02 711853.7868493976 3112138516.2857966 243.41815695027498 8336235216.579296 28.40313899810892 5578859.751934783 3270.6454611421 144762544.4352752 6730761774.152952 156195.98423735076 9824466.548940128 85
169132337.12925324 1.3296869819659684e+19 9.25696011729119e+18 59982580.790636785 78488230223351.02 19.29389339040435 711853.7868493976 2730276.000142049 334.5028982888944 14128372406.779783 63058.56040110334 5578859.751934783 392704.75579338893 262350.87095269456 6730761774.152952 7.131402455926366 43.643847728801504 8.937582134954498e+16 959871752698031.1 85
36308975095.72717 1.3296869819659684e+19 9.25696011729119e+18 59982580.790636785 220.61139972875486 412549055853282.44 167146.20321761162 2730276.000142049 96415.18638786928 8336235216.579296 492.3272797486836 30.481417461385178 392704.75579338893 144762544.4352752 4306.831148424968 335.5306665357364 8.937582134954498e+16 959871752698031.1 653.1305823131988 0.8300000000000001 85
36308975095.72717 1.3296869819659684e+19 9.25696011729119e+18 59982580.790636785 78488230223351.02 412549055853282.44 167146.20321761162 3112138516.2857966 334.5028982888944 14128372406.779783 883.8438879730692 5578859.751934783 392704.75579338893 262350.87095269456 6730761774.152952 47.18458285080814 8.937582134954498e+16 959871752698031.1 5866.201046992629 3010094.2582619544 84
169132337.12925324 1.3296869819659684e+19 9.25696011729119e+18 4914.430146649171 220.61139972875486 412549055853282.44 167146.20321761162 2730276.000142049 334.5028982888944 14128372406.779783 63058.56040110334 5578859.751934783 3270.6454611421 144762544.4352752 9824466.548940128 8.937582134954498e+16 1483.4294978624746 84
36308975095.72717 1.3296869819659684e+19 9.25696011729119e+18 4914.430146649171 78488230223351.02 19.29389339040435 2730276.000142049 96415.18638786928 176730.11259550098 5578859.751934783 156195.98423735076 13.799633914084316 84
36308975095.72717 1.3296869819659684e+19 9.25696011729119e+18 59982580.790636785 403.22126724771636 412549055853282.44 711853.7868493976 14128372406.779783 492.3272797486836 5578859.751934783 1092.3022177023631 8.937582134954498e+16 1.129503931889848 7793.258409032382 3010094.2582619544 84
36308975095.72717 1.3296869819659684e+19 9.25696011729119e+18 27.793297122031333 78488230223351.02 412549055853282.44 167146.20321761162 3112138516.2857966 2.045641598239347 8336235216.579296 63058.56040110334 31969859.650503986 1092.3022177023631 144762544.4352752 558.7929430362484 122477.81105739946 13.799633914084316 8.937582134954498e+16 959871752698031.1 5866.201046992629 84
169132337.12925324 1.3296869819659684e+19 9.25696011729119e+18 27.793297122031333 78488230223351.02 412549055853282.44 711853.7868493976 14128372406.779783 63058.56040110334 222045.52608152694 144762544.4352752 460.5407952208453 122477.81105739946 156195.98423735076 13.799633914084316 8.937582134954498e+16 959871752698031.1 84
169132337.12925324 1.3296869819659684e+19 9.25696011729119e+18 27.793297122031333 220.61139972875486 412549055853282.44 7926.251842075738 2730276.000142049 334.5028982888944 14128372406.779783 30.481417461385178 392704.75579338893 262350.87095269456 6730761774.152952 4306.831148424968 335.5306665357364 8.937582134954498e+16 959871752698031.1 85
36308975095.72717 1.3296869819659684e+19 9.25696011729119e+18 4914.430146649171 78488230223351.02 412549055853282.44 243.41815695027498 14128372406.779783 5578859.751934783 222045.52608152694 262350.87095269456 156195.98423735076 8.937582134954498e+16 1483.4294978624746 7793.258409032382 3010094.2582619544 85
36308975095.72717 1.3296869819659684e+19 9.25696011729119e+18 27.793297122031333 403.22126724771636 412549055853282.44 156195.98423735076 335.5306665357364 14.861144215167723 1.129503931889848 7793.258409032382 3010094.2582619544 85
36308975095.72717 1.3296869819659684e+19 9.25696011729119e+18 27.793297122031333 78488230223351.02 412549055853282.44 711853.7868493976 3112138516.2857966 1132801.9113074471 14128372406.779783 28.40313899810892 5578859.751934783 1092.3022177023631 156195.98423735076 13.799633914084316 8.937582134954498e+16 959871752698031.1 5866.201046992629 3010094.2582619544 84
169132337.12925324 1.3296869819659684e+19 9.25696011729119e+18 78488230223351.02 412549055853282.44 334.5028982888944 14128372406.779783 5578859.751934783 392704.75579338893 144762544.4352752 6730761774.152952 47.18458285080814 43.643847728801504 8.937582134954498e+16 959871752698031.1 84
36308975095.72717 1.3296869819659684e+19 9.25696011729119e+18 28.40313899810892 262350.87095269456 6730761774.152952 9824466.548940128 14.861144215167723 1.129503931889848 653.1305823131988 3010094.2582619544 84
36308975095.72717 1.3296869819659684e+19 9.25696011729119e+18 4914.430146649171 78488230223351.02 412549055853282.44 7926.251842075738 3112138516.2857966 32.15648898400724 8336235216.579296 28.40313899810892 31969859.650503986 3270.6454611421 156195.98423735076 9824466.548940128 8.937582134954498e+16 1483.4294978624746 5866.201046992629 3010094.2582619544 84
36308975095.72717 1.3296869819659684e+19 9.25696011729119e+18 27.793297122031333 78488230223351.02 412549055853282.44 3.018644726074684 1132801.9113074471 14128372406.779783 63058.56040110334 222045.52608152694 460.5407952208453 122477.81105739946 47.18458285080814 13.799633914084316 8.937582134954498e+16 959871752698031.1 653.1305823131988 84
169132337.12925324 1.3296869819659684e+19 9.25696011729119e+18 59982580.790636785 220.61139972875486 412549055853282.44 3.018644726074684 2730276.000142049 243.41815695027498 14128372406.779783 63058.56040110334 557.1071849787734 392704.75579338893 6730761774.152952 43.643847728801504 8.937582134954498e+16 959871752698031.1 5866.201046992629 3010094.2582619544 85
36308975095.72717 1.3296869819659684e+19 9.25696011729119e+18 711853.7868493976 3112138516.2857966 334.5028982888944 8336235216.579296 883.8438879730692 5578859.751934783 222045.52608152694 9.912054725666604 460.5407952208453 156195.98423735076 9824466.548940128 8.937582134954498e+16 959871752698031.1 84
169132337.12925324 1.3296869819659684e+19 9.25696011729119e+18 27.793297122031333 403.22126724771636 167146.20321761162 2730276.000142049 96415.18638786928 14128372406.779783 63058.56040110334 5578859.751934783 1092.3022177023631 8.937582134954498e+16 959871752698031.1 653.1305823131988 3010094.2582619544 85
169132337.12925324 1.3296869819659684e+19 9.25696011729119e+18 27.793297122031333 78488230223351.02 412549055853282.44 711853.7868493976 3112138516.2857966 243.41815695027498 8336235216.579296 28.40313899810892 557.1071849787734 1092.3022177023631 262350.87095269456 460.5407952208453 7.131402455926366 335.5306665357364 8.937582134954498e+16 959871752698031.1 653.1305823131988 3010094.2582619544 85
169132337.12925324 1.3296869819659684e+19 9.25696011729119e+18 27.793297122031333 220.61139972875486 412549055853282.44 3.018644726074684 3112138516.2857966 334.5028982888944 14128372406.779783 492.3272797486836 5578859.751934783 1092.3022177023631 9.912054725666604 6730761774.152952 122477.81105739946 8.937582134954498e+16 959871752698031.1 85
169132337.12925324 1.3296869819659684e+19 9.25696011729119e+18 27.793297122031333 220.61139972875486 412549055853282.44 85
36308975095.72717 1.3296869819659684e+19 9.25696011729119e+18 27.793297122031333 220.61139972875486 19.29389339040435 167146.20321761162 334.5028982888944 14128372406.779783 63058.56040110334 557.1071849787734 222045.52608152694 144762544.4352752 6730761774.152952 47.18458285080814 0.9902500224787709 8.937582134954498e+16 959871752698031.1 653.1305823131988 84
36308975095.72717 1.3296869819659684e+19 9.25696011729119e+18 2.893694697789553 78488230223351.02 412549055853282.44 711853.7868493976 3112138516.2857966 334.5028982888944 14128372406.779783 176730.11259550098 31969859.650503986 222045.52608152694 262350.87095269456 558.7929430362484 122477.81105739946 8.937582134954498e+16 1483.4294978624746 5866.201046992629 3010094.2582619544 84
169132337.12925324 1.3296869819659684e+19 9.25696011729119e+18 2.893694697789553 403.22126724771636 412549055853282.44 167146.20321761162 2730276.000142049 96415.18638786928 14128372406.779783 176730.11259550098 557.1071849787734 392704.75579338893 47.18458285080814 43.643847728801504 8.937582134954498e+16 1483.4294978624746 85
36308975095.72717 1.3296869819659684e+19 9.25696011729119e+18 84
169132337.12925324 1.3296869819659684e+19 9.25696011729119e+18 59982580.790636785 403.22126724771636 412549055853282.44 167146.20321761162 2730276.000142049 334.5028982888944 14128372406.779783 492.3272797486836 5578859.751934783 392704.75579338893 4306.831148424968 14.861144215167723 1.129503931889848 7793.258409032382 3010094.2582619544 85
36308975095.72717 1.3296869819659684e+19 9.25696011729119e+18 59982580.790636785 78488230223351.02 412549055853282.44 711853.7868493976 2730276.000142049 96415.18638786928 14128372406.779783 63058.56040110334 31969859.650503986 392704.75579338893 144762544.4352752 460.5407952208453 156195.98423735076 13.799633914084316 8.937582134954498e+16 5.858943514761405 7793.258409032382 3010094.2582619544 84
169132337.12925324 1.3296869819659684e+19 9.25696011729119e+18 4914.430146649171 220.61139972875486 412549055853282.44 167146.20321761162 2730276.000142049 96415.18638786928 14128372406.779783 63058.56040110334 5578859.751934783 1092.3022177023631 262350.87095269456 6730761774.152952 4306.831148424968 0.9902500224787709 14.861144215167723 959871752698031.1 7793.258409032382 3.0374456327439896 85
36308975095.72717 2.7710379510350163 9.9509262310161 59982580.790636785 78488230223351.02 412549055853282.44 167146.20321761162 2730276.000142049 96415.18638786928 14128372406.779783 63058.56040110334 5578859.751934783 1092.3022177023631 7.131402455926366 335.5306665357364 8.937582134954498e+16 959871752698031.1 84
36308975095.72717 2.7710379510350163 9.9509262310161 78488230223351.02 412549055853282.44 711853.7868493976 3112138516.2857966 1132801.9113074471 8336235216.579296 28.40313899810892 31969859.650503986 222045.52608152694 9.912054725666604 156195.98423735076 9824466.548940128 8.937582134954498e+16 959871752698031.1 5866.201046992629 3010094.2582619544 85
169132337.12925324 1.3296869819659684e+19 9.25696011729119e+18 4914.430146649171 78488230223351.02 711853.7868493976 3112138516.2857966 243.41815695027498 14128372406.779783 176730.11259550098 5578859.751934783 392704.75579338893 262350.87095269456 6730761774.152952 156195.98423735076 335.5306665357364 8.937582134954498e+16 959871752698031.1 84
36308975095.72717 1.3296869819659684e+19 9.25696011729119e+18 220.61139972875486 412549055853282.44 711853.7868493976 3112138516.2857966 1132801.9113074471 14128372406.779783 63058.56040110334 31969859.650503986 222045.52608152694 144762544.4352752 6730761774.152952 156195.98423735076 13.799633914084316 8.937582134954498e+16 959871752698031.1 84
169132337.12925324 1.3296869819659684e+19 9.25696011729119e+18 59982580.790636785 78488230223351.02 412549055853282.44 711853.7868493976 0.6224480659789886 32.15648898400724 14128372406.779783 63058.56040110334 30.481417461385178 392704.75579338893 144762544.4352752 460.5407952208453 4306.831148424968 335.5306665357364 8.937582134954498e+16 959871752698031.1 85
36308975095.72717 1.3296869819659684e+19 9.25696011729119e+18 0.19152248183968879 403.22126724771636 412549055853282.44 0.4332343848344623 334.5028982888944 8336235216.579296 883.8438879730692 31969859.650503986 3270.6454611421 262350.87095269456 6730761774.152952 47.18458285080814 9824466.548940128 8.937582134954498e+16 1483.4294978624746 5866.201046992629 3010094.2582619544 84
169132337.12925324 1.3296869819659684e+19 9.25696011729119e+18 59982580.790636785 78488230223351.02 2.045641598239347 85
36308975095.72717 1.3296869819659684e+19 9.25696011729119e+18 59982580.790636785 78488230223351.02 412549055853282.44 711853.7868493976 2730276.000142049 243.41815695027498 8336235216.579296 28.40313899810892 5578859.751934783 222045.52608152694 144762544.4352752 558.7929430362484 122477.81105739946 156195.98423735076 13.799633914084316 8.937582134954498e+16 959871752698031.1 5866.201046992629 84
36308975095.72717 1.3296869819659684e+19 9.25696011729119e+18 78488230223351.02 711853.7868493976 14128372406.779783 31969859.650503986 1092.3022177023631 144762544.4352752 6730761774.152952 47.18458285080814 13.799633914084316 8.937582134954498e+16 959871752698031.1 84
36308975095.72717 1.3296869819659684e+19 9.25696011729119e+18 27.793297122031333 78488230223351.02 3.018644726074684 2730276.000142049 96415.18638786928 14128372406.779783 176730.11259550098 557.1071849787734 392704.75579338893 262350.87095269456 6730761774.152952 4306.831148424968 14.861144215167723 1483.4294978624746 653.1305823131988 3010094.2582619544 84
36308975095.72717 1.3296869819659684e+19 9.25696011729119e+18 59982580.790636785 78488230223351.02 412549055853282.44 7926.251842075738 3112138516.2857966 334.5028982888944 8336235216.579296 63058.56040110334 5578859.751934783 222045.52608152694 144762544.4352752 6730761774.152952 47.18458285080814 9824466.548940128 8.937582134954498e+16 959871752698031.1 653.1305823131988 3010094.2582619544 84
36308975095.72717 1.3296869819659684e+19 9.25696011729119e+18 59982580.790636785 78488230223351.02 3112138516.2857966 14128372406.779783 883.8438879730692 5578859.751934783 392704.75579338893 6730761774.152952 4306.831148424968 335.5306665357364 8.937582134954498e+16 5.858943514761405 7793.258409032382 3010094.2582619544 84
36308975095.72717 1.3296869819659684e+19 9.25696011729119e+18 59982580.790636785 78488230223351.02 19.29389339040435 711853.7868493976 3112138516.2857966 243.41815695027498 14128372406.779783 63058.56040110334 5578859.751934783 392704.75579338893 144762544.4352752 6730761774.152952 122477.81105739946 7.131402455926366 9824466.548940128 8.937582134954498e+16 959871752698031.1 653.1305823131988 3010094.2582619544 84
36308975095.72717 1.3296869819659684e+19 9.9509262310161 27.793297122031333 220.61139972875486 412549055853282.44 711853.7868493976 3112138516.2857966 14128372406.779783 28.40313899810892 31969859.650503986 392704.75579338893 144762544.4352752 6730761774.152952 4306.831148424968 8.937582134954498e+16 959871752698031.1 653.1305823131988 3010094.2582619544 84
36308975095.72717 1.3296869819659684e+19 9.25696011729119e+18 2.893694697789553 78488230223351.02 412549055853282.44 7926.251842075738 3112138516.2857966 2.045641598239347 8336235216.579296 5578859.751934783 8.937582134954498e+16 84
36308975095.72717 1.3296869819659684e+19 9.25696011729119e+18 59982580.790636785 78488230223351.02 19.29389339040435 711853.7868493976 3112138516.2857966 243.41815695027498 14128372406.779783 63058.56040110334 5578859.751934783 392704.75579338893 144762544.4352752 6730761774.152952 122477.81105739946 7.131402455926366 9824466.548940128 8.937582134954498e+16 959871752698031.1 653.1305823131988 3010094.2582619544 84
36308975095.72717 1.3296869819659684e+19 9.25696011729119e+18 59982580.790636785 220.61139972875486 96415.18638786928 14128372406.779783 392704.75579338893 144762544.4352752 6730761774.152952 8.937582134954498e+16 959871752698031.1 84
36308975095.72717 1.3296869819659684e+19 9.25696011729119e+18 27.793297122031333 220.61139972875486 19.29389339040435 167146.20321761162 334.5028982888944 14128372406.779783 63058.56040110334 557.1071849787734 222045.52608152694 144762544.4352752 6730761774.152952 47.18458285080814 0.9902500224787709 8.937582134954498e+16 959871752698031.1 653.1305823131988 84
36308975095.72717 1.3296869819659684e+19 9.25696011729119e+18 59982580.790636785 78488230223351.02 412549055853282.44 7926.251842075738 3112138516.2857966 334.5028982888944 8336235216.579296 63058.56040110334 5578859.751934783 222045.52608152694 144762544.4352752 6730761774.152952 47.18458285080814 9824466.548940128 8.937582134954498e+16 959871752698031.1 653.1305823131988 3010094.2582619544 84
36308975095.72717 1.3296869819659684e+19 9.25696011729119e+18 78488230223351.02 0.19 1132801.9113074471 14128372406.779783 28.40313899810892 6730761774.152952 122477.81105739946 653.1305823131988 3010094.2582619544 84
36308975095.72717 1.3296869819659684e+19 9.9509262310161 27.793297122031333 403.22126724771636 19.29389339040435 711853.7868493976 2730276.000142049 96415.18638786928 8336235216.579296 492.3272797486836 557.1071849787734 392704.75579338893 156195.98423735076 43.643847728801504 8.937582134954498e+16 959871752698031.1 5866.201046992629 0.8300000000000001 84
36308975095.72717 1.3296869819659684e+19 9.25696011729119e+18 27.793297122031333 78488230223351.02 3.018644726074684 2730276.000142049 96415.18638786928 14128372406.779783 63058.56040110334 5578859.751934783 222045.52608152694 144762544.4352752 6730761774.152952 156195.98423735076 9824466.548940128 8.937582134954498e+16 959871752698031.1 84
169132337.12925324 1.3296869819659684e+19 9.25696011729119e+18 78488230223351.02 412549055853282.44 711853.7868493976 0.4332343848344623 334.5028982888944 14128372406.779783 28.40313899810892 31969859.650503986 3270.6454611421 144762544.4352752 6730761774.152952 47.18458285080814 9824466.548940128 8.937582134954498e+16 959871752698031.1 84
36308975095.72717 2.7710379510350163 9.9509262310161 59982580.790636785 78488230223351.02 412549055853282.44 167146.20321761162 2730276.000142049 96415.18638786928 14128372406.779783 63058.56040110334 5578859.751934783 1092.3022177023631 7.131402455926366 335.5306665357364 8.937582134954498e+16 959871752698031.1 84
36308975095.72717 1.3296869819659684e+19 9.25696011729119e+18 59982580.790636785 403.22126724771636 412549055853282.44 711853.7868493976 2730276.000142049 32.15648898400724 14128372406.779783 63058.56040110334 5578859.751934783 222045.52608152694 144762544.4352752 6730761774.152952 4306.831148424968 9824466.548940128 8.937582134954498e+16 959871752698031.1 653.1305823131988 3010094.2582619544 84
169132337.12925324 1.3296869819659684e+19 9.25696011729119e+18 4914.430146649171 78488230223351.02 412549055853282.44 711853.7868493976 3112138516.2857966 96415.18638786928 8336235216.579296 176730.11259550098 5578859.751934783 222045.52608152694 144762544.4352752 6730761774.152952 122477.81105739946 4306.831148424968 9824466.548940128 8.937582134954498e+16 959871752698031.1 5866.201046992629 3010094.2582619544 84
36308975095.72717 1.3296869819659684e+19 9.25696011729119e+18 27.793297122031333 78488230223351.02 412549055853282.44 711853.7868493976 3112138516.2857966 334.5028982888944 14128372406.779783 63058.56040110334 5578859.751934783 222045.52608152694 9.912054725666604 6730761774.152952 156195.98423735076 13.799633914084316 8.937582134954498e+16 959871752698031.1 5866.201046992629 3010094.2582619544 84
36308975095.72717 2.7710379510350163 9.9509262310161 78488230223351.02 412549055853282.44 711853.7868493976 3112138516.2857966 1132801.9113074471 8336235216.579296 28.40313899810892 31969859.650503986 222045.52608152694 9.912054725666604 156195.98423735076 9824466.548940128 8.937582134954498e+16 959871752698031.1 5866.201046992629 3010094.2582619544 85
169132337.12925324 1.3296869819659684e+19 9.25696011729119e+18 59982580.790636785 220.61139972875486 412549055853282.44 167146.20321761162 2730276.000142049 334.5028982888944 14128372406.779783 176730.11259550098 557.1071849787734 262350.87095269456 6730761774.152952 156195.98423735076 9824466.548940128 8.937582134954498e+16 959871752698031.1 85
36308975095.72717 1.3296869819659684e+19 9.25696011729119e+18 4914.430146649171 220.61139972875486 0.19 167146.20321761162 2730276.000142049 96415.18638786928 14128372406.779783 63058.56040110334 557.1071849787734 392704.75579338893 262350.87095269456 6730761774.152952 47.18458285080814 9824466.548940128 8.937582134954498e+16 1.129503931889848 84
36308975095.72717 1.3296869819659684e+19 9.25696011729119e+18 4914.430146649171 78488230223351.02 19.29389339040435 2730276.000142049 96415.18638786928 176730.11259550098 5578859.751934783 156195.98423735076 13.799633914084316 84
36308975095.72717 1.3296869819659684e+19 9.25696011729119e+18 711853.7868493976 3112138516.2857966 334.5028982888944 8336235216.579296 883.8438879730692 5578859.751934783 222045.52608152694 9.912054725666604 460.5407952208453 156195.98423735076 9824466.548940128 8.937582134954498e+16 959871752698031.1 84
169132337.12925324 1.3296869819659684e+19 9.25696011729119e+18 59982580.790636785 220.61139972875486 412549055853282.44 3.018644726074684 2730276.000142049 243.41815695027498 14128372406.779783 63058.56040110334 557.1071849787734 392704.75579338893 6730761774.152952 43.643847728801504 8.937582134954498e+16 959871752698031.1 5866.201046992629 3010094.2582619544 85
169132337.12925324 1.3296869819659684e+19 9.25696011729119e+18 59982580.790636785 78488230223351.02 412549055853282.44 167146.20321761162 2730276.000142049 14128372406.779783 63058.56040110334 5578859.751934783 262350.87095269456 6730761774.152952 8.937582134954498e+16 959871752698031.1 7793.258409032382 3010094.2582619544 85
36308975095.72717 1.3296869819659684e+19 9.25696011729119e+18 27.793297122031333 78488230223351.02 412549055853282.44 711853.7868493976 334.5028982888944 14128372406.779783 28.40313899810892 30.481417461385178 3270.6454611421 144762544.4352752 460.5407952208453 122477.81105739946 4306.831148424968 9824466.548940128 8.937582134954498e+16 959871752698031.1 7793.258409032382 84
36308975095.72717 2.7710379510350163 9.9509262310161 8.937582134954498e+16 959871752698031.1 84
36308975095.72717 1.3296869819659684e+19 9.25696011729119e+18 59982580.790636785 78488230223351.02 412549055853282.44 7926.251842075738 1132801.9113074471 8336235216.579296 883.8438879730692 5578859.751934783 392704.75579338893 262350.87095269456 558.7929430362484 122477.81105739946 13.799633914084316 8.937582134954498e+16 959871752698031.1 3.0374456327439896 84
36308975095.72717 1.3296869819659684e+19 9.25696011729119e+18 59982580.790636785 78488230223351.02 711853.7868493976 3112138516.2857966 1132801.9113074471 8336235216.579296 883.8438879730692 31969859.650503986 222045.52608152694 144762544.4352752 6730761774.152952 156195.98423735076 13.799633914084316 8.937582134954498e+16 959871752698031.1 653.1305823131988 3010094.2582619544 84
36308975095.72717 1.3296869819659684e+19 9.25696011729119e+18 27.793297122031333 220.61139972875486 19.29389339040435 167146.20321761162 334.5028982888944 14128372406.779783 63058.56040110334 557.1071849787734 222045.52608152694 144762544.4352752 6730761774.152952 47.18458285080814 0.9902500224787709 8.937582134954498e+16 959871752698031.1 653.1305823131988 84
36308975095.72717 1.3296869819659684e+19 9.25696011729119e+18 59982580.790636785 78488230223351.02 412549055853282.44 167146.20321761162 3112138516.2857966 334.5028982888944 14128372406.779783 883.8438879730692 5578859.751934783 392704.75579338893 262350.87095269456 6730761774.152952 47.18458285080814 8.937582134954498e+16 959871752698031.1 5866.201046992629 3010094.2582619544 84
169132337.12925324 1.3296869819659684e+19 9.25696011729119e+18 4914.430146649171 403.22126724771636 412549055853282.44 3.018644726074684 2730276.000142049 32.15648898400724 14128372406.779783 492.3272797486836 557.1071849787734 4306.831148424968 335.5306665357364 8.937582134954498e+16 1.129503931889848 85
36308975095.72717 1.3296869819659684e+19 9.25696011729119e+18 4914.430146649171 78488230223351.02 412549055853282.44 3.018644726074684 3112138516.2857966 96415.18638786928 14128372406.779783 5578859.751934783 392704.75579338893 262350.87095269456 460.5407952208453 122477.81105739946 4306.831148424968 9824466.548940128 8.937582134954498e+16 959871752698031.1 84
169132337.12925324 1.3296869819659684e+19 9.25696011729119e+18 3.018644726074684 2730276.000142049 334.5028982888944 14128372406.779783 176730.11259550098 5578859.751934783 1092.3022177023631 144762544.4352752 6730761774.152952 47.18458285080814 0.9902500224787709 85
169132337.12925324 2.7710379510350163 9.9509262310161 59982580.790636785 78488230223351.02 412549055853282.44 167146.20321761162 2730276.000142049 32.15648898400724 14128372406.779783 492.3272797486836 5578859.751934783 1092.3022177023631 9.912054725666604 122477.81105739946 4306.831148424968 335.5306665357364 8.937582134954498e+16 959871752698031.1 7793.258409032382 85
169132337.12925324 1.3296869819659684e+19 9.25696011729119e+18 167146.20321761162 2730276.000142049 334.5028982888944 14128372406.779783 492.3272797486836 5578859.751934783 392704.75579338893 7.131402455926366 43.643847728801504 8.937582134954498e+16 959871752698031.1 85
169132337.12925324 1.3296869819659684e+19 9.25696011729119e+18 0.19152248183968879 403.22126724771636 412549055853282.44 3.018644726074684 2730276.000142049 334.5028982888944 14128372406.779783 492.3272797486836 5578859.751934783 1092.3022177023631 262350.87095269456 6730761774.152952 4306.831148424968 9824466.548940128 8.937582134954498e+16 1.129503931889848 85
36308975095.72717 1.3296869819659684e+19 9.25696011729119e+18 78488230223351.02 412549055853282.44 8336235216.579296 883.8438879730692 3270.6454611421 9.912054725666604 6730761774.152952 9824466.548940128 84
36308975095.72717 1.3296869819659684e+19 9.25696011729119e+18 4914.430146649171 78488230223351.02 167146.20321761162 2730276.000142049 243.41815695027498 8336235216.579296 63058.56040110334 5578859.751934783 1092.3022177023631 144762544.4352752 460.5407952208453 156195.98423735076 13.799633914084316 8.937582134954498e+16 959871752698031.1 84
36308975095.72717 2.7710379510350163 9.9509262310161 59982580.790636785 78488230223351.02 412549055853282.44 711853.7868493976 3112138516.2857966 334.5028982888944 14128372406.779783 883.8438879730692 557.1071849787734 222045.52608152694 144762544.4352752 460.5407952208453 122477.81105739946 7.131402455926366 14.861144215167723 959871752698031.1 653.1305823131988 3010094.2582619544 84
36308975095.72717 2.7710379510350163 9.9509262310161 59982580.790636785 78488230223351.02 412549055853282.44 711853.7868493976 3112138516.2857966 32.15648898400724 14128372406.779783 63058.56040110334 5578859.751934783 222045.52608152694 262350.87095269456 6730761774.152952 14.861144215167723 959871752698031.1 653.1305823131988 3010094.2582619544 84
36308975095.72717 1.3296869819659684e+19 9.25696011729119e+18 27.793297122031333 403.22126724771636 3112138516.2857966 96415.18638786928 14128372406.779783 176730.11259550098 5578859.751934783 1092.3022177023631 9.912054725666604 6730761774.152952 47.18458285080814 9824466.548940128 14.861144215167723 5866.201046992629 3010094.2582619544 84
36308975095.72717 1.3296869819659684e+19 9.25696011729119e+18 59982580.790636785 78488230223351.02 412549055853282.44 2.045641598239347 8336235216.579296 28.40313899810892 5578859.751934783 392704.75579338893 460.5407952208453 4306.831148424968 13.799633914084316 8.937582134954498e+16 959871752698031.1 653.1305823131988 3010094.2582619544 84
169132337.12925324 1.3296869819659684e+19 9.25696011729119e+18 2.893694697789553 403.22126724771636 412549055853282.44 167146.20321761162 2730276.000142049 96415.18638786928 14128372406.779783 176730.11259550098 557.1071849787734 392704.75579338893 47.18458285080814 43.643847728801504 8.937582134954498e+16 1483.4294978624746 85
169132337.12925324 1.3296869819659684e+19 9.25696011729119e+18 59982580.790636785 78488230223351.02 167146.20321761162 2730276.000142049 243.41815695027498 8336235216.579296 63058.56040110334 5578859.751934783 392704.75579338893 262350.87095269456 558.7929430362484 122477.81105739946 47.18458285080814 13.799633914084316 8.937582134954498e+16 1483.4294978624746 7793.258409032382 3010094.2582619544 84
36308975095.72717 1.3296869819659684e+19 9.25696011729119e+18 27.793297122031333 78488230223351.02 412549055853282.44 7926.251842075738 3112138516.2857966 1132801.9113074471 14128372406.779783 28.40313899810892 31969859.650503986 222045.52608152694 144762544.4352752 6730761774.152952 47.18458285080814 9824466.548940128 8.937582134954498e+16 959871752698031.1 84
169132337.12925324 1.3296869819659684e+19 9.25696011729119e+18 59982580.790636785 78488230223351.02 2.045641598239347 85
36308975095.72717 1.3296869819659684e+19 9.9509262310161 59982580.790636785 78488230223351.02 412549055853282.44 711853.7868493976 2730276.000142049 96415.18638786928 14128372406.779783 176730.11259550098 557.1071849787734 392704.75579338893 144762544.4352752 460.5407952208453 122477.81105739946 4306.831148424968 13.799633914084316 5.312108786717007 959871752698031.1 7793.258409032382 3010094.2582619544 84
169132337.12925324 1.3296869819659684e+19 9.25696011729119e+18 4914.430146649171 220.61139972875486 412549055853282.44 3.018644726074684 96415.18638786928 14128372406.779783 492.3272797486836 557.1071849787734 392704.75579338893 262350.87095269456 6730761774.152952 4306.831148424968 335.5306665357364 14.861144215167723 1483.4294978624746 85
169132337.12925324 1.3296869819659684e+19 9.25696011729119e+18 59982580.790636785 78488230223351.02 412549055853282.44 711853.7868493976 0.6224480659789886 32.15648898400724 14128372406.779783 63058.56040110334 30.481417461385178 392704.75579338893 144762544.4352752 460.5407952208453 4306.831148424968 335.5306665357364 8.937582134954498e+16 959871752698031.1 85
169132337.12925324 1.3296869819659684e+19 9.25696011729119e+18 4914.430146649171 220.61139972875486 167146.20321761162 2730276.000142049 96415.18638786928 14128372406.779783 63058.56040110334 5578859.751934783 1092.3022177023631 262350.87095269456 6730761774.152952 4306.831148424968 0.9902500224787709 0.6900000000000001 959871752698031.1 7793.258409032382 3.0374456327439896 85
36308975095.72717 1.3296869819659684e+19 9.25696011729119e+18 0.19152248183968879 403.22126724771636 412549055853282.44 0.4332343848344623 334.5028982888944 8336235216.579296 883.8438879730692 31969859.650503986 3270.6454611421 262350.87095269456 6730761774.152952 47.18458285080814 9824466.548940128 8.937582134954498e+16 1483.4294978624746 5866.201046992629 3010094.2582619544 84
36308975095.72717 1.3296869819659684e+19 9.25696011729119e+18 59982580.790636785 220.61139972875486 412549055853282.44 167146.20321761162 2730276.000142049 96415.18638786928 14128372406.779783 492.3272797486836 30.481417461385178 392704.75579338893 144762544.4352752 4306.831148424968 335.5306665357364 8.937582134954498e+16 959871752698031.1 653.1305823131988 0.8300000000000001 85
36308975095.72717 1.3296869819659684e+19 9.25696011729119e+18 59982580.790636785 220.61139972875486 412549055853282.44 167146.20321761162 3112138516.2857966 334.5028982888944 14128372406.779783 28.40313899810892 31969859.650503986 392704.75579338893 144762544.4352752 558.7929430362484 122477.81105739946 7.131402455926366 9824466.548940128 8.937582134954498e+16 959871752698031.1 7793.258409032382 3010094.2582619544 84
169132337.12925324 2.7710379510350163 9.9509262310161 78488230223351.02 412549055853282.44 7926.251842075738 0.4332343848344623 1132801.9113074471 8336235216.579296 883.8438879730692 31969859.650503986 3270.6454611421 84
36308975095.72717 1.3296869819659684e+19 9.25696011729119e+18 59982580.790636785 78488230223351.02 412549055853282.44 167146.20321761162 2730276.000142049 96415.18638786928 14128372406.779783 63058.56040110334 557.1071849787734 156195.98423735076 13.799633914084316 8.937582134954498e+16 959871752698031.1 653.1305823131988 0.8300000000000001 84
36308975095.72717 1.3296869819659684e+19 9.25696011729119e+18 59982580.790636785 220.61139972875486 19.29389339040435 711853.7868493976 2730276.000142049 96415.18638786928 14128372406.779783 5578859.751934783 1092.3022177023631 262350.87095269456 6730761774.152952 4306.831148424968 0.9902500224787709 8.937582134954498e+16 959871752698031.1 653.1305823131988 3010094.2582619544 85
169132337.12925324 1.3296869819659684e+19 9.25696011729119e+18 59982580.790636785 220.61139972875486 19.29389339040435 167146.20321761162 2730276.000142049 96415.18638786928 14128372406.779783 492.3272797486836 5578859.751934783 262350.87095269456 6730761774.152952 47.18458285080814 43.643847728801504 8.937582134954498e+16 959871752698031.1 653.1305823131988 3010094.2582619544 85
169132337.12925324 1.3296869819659684e+19 9.25696011729119e+18 0.19152248183968879 220.61139972875486 3.018644726074684 2730276.000142049 96415.18638786928 14128372406.779783 492.3272797486836 557.1071849787734 392704.75579338893 262350.87095269456 6730761774.152952 8.937582134954498e+16 1483.4294978624746 85
36308975095.72717 1.3296869819659684e+19 9.25696011729119e+18 59982580.790636785 403.22126724771636 19.29389339040435 711853.7868493976 2730276.000142049 96415.18638786928 14128372406.779783 176730.11259550098 30.481417461385178 392704.75579338893 262350.87095269456 6730761774.152952 156195.98423735076 9824466.548940128 0.6900000000000001 959871752698031.1 85
36308975095.72717 1.3296869819659684e+19 9.25696011729119e+18 4914.430146649171 78488230223351.02 412549055853282.44 3.018644726074684 3112138516.2857966 96415.18638786928 14128372406.779783 5578859.751934783 392704.75579338893 262350.87095269456 460.5407952208453 122477.81105739946 4306.831148424968 9824466.548940128 8.937582134954498e+16 959871752698031.1 84
169132337.12925324 1.3296869819659684e+19 9.25696011729119e+18 2.893694697789553 220.61139972875486 167146.20321761162 2730276.000142049 96415.18638786928 14128372406.779783 63058.56040110334 557.1071849787734 392704.75579338893 144762544.4352752 6730761774.152952 4306.831148424968 8.937582134954498e+16 959871752698031.1 653.1305823131988 0.8300000000000001 85
169132337.12925324 1.3296869819659684e+19 9.25696011729119e+18 78488230223351.02 412549055853282.44 334.5028982888944 14128372406.779783 5578859.751934783 392704.75579338893 144762544.4352752 6730761774.152952 47.18458285080814 43.643847728801504 8.937582134954498e+16 959871752698031.1 84
36308975095.72717 1.3296869819659684e+19 9.25696011729119e+18 59982580.790636785 403.22126724771636 412549055853282.44 711853.7868493976 3112138516.2857966 96415.18638786928 14128372406.779783 492.3272797486836 5578859.751934783 4306.831148424968 335.5306665357364 14.861144215167723 1483.4294978624746 85
36308975095.72717 1.3296869819659684e+19 9.25696011729119e+18 78488230223351.02 412549055853282.44 711853.7868493976 2730276.000142049 334.5028982888944 14128372406.779783 63058.56040110334 5578859.751934783 1092.3022177023631 262350.87095269456 6730761774.152952 47.18458285080814 13.799633914084316 1.0366679922824633 1483.4294978624746 653.1305823131988 3010094.2582619544 84
169132337.12925324 1.3296869819659684e+19 9.25696011729119e+18 59982580.790636785 220.61139972875486 19.29389339040435 167146.20321761162 2730276.000142049 96415.18638786928 14128372406.779783 492.3272797486836 5578859.751934783 262350.87095269456 6730761774.152952 47.18458285080814 43.643847728801504 8.937582134954498e+16 959871752698031.1 653.1305823131988 3010094.2582619544 85
36308975095.72717 1.3296869819659684e+19 9.25696011729119e+18 59982580.790636785 78488230223351.02 412549055853282.44 2730276.000142049 14128372406.779783 883.8438879730692 5578859.751934783 9824466.548940128 14.861144215167723 1483.4294978624746 84
36308975095.72717 1.3296869819659684e+19 9.25696011729119e+18 78488230223351.02 19.29389339040435 7926.251842075738 0.4332343848344623 1132801.9113074471 14128372406.779783 176730.11259550098 5578859.751934783 392704.75579338893 144762544.4352752 6730761774.152952 122477.81105739946 156195.98423735076 13.799633914084316 8.937582134954498e+16 959871752698031.1 5866.201046992629 84
169132337.12925324 1.3296869819659684e+19 9.25696011729119e+18 59982580.790636785 78488230223351.02 167146.20321761162 2730276.000142049 243.41815695027498 8336235216.579296 63058.56040110334 5578859.751934783 392704.75579338893 262350.87095269456 558.7929430362484 122477.81105739946 47.18458285080814 13.799633914084316 8.937582134954498e+16 1483.4294978624746 7793.258409032382 3010094.2582619544 84
36308975095.72717 1.3296869819659684e+19 9.25696011729119e+18 59982580.790636785 78488230223351.02 412549055853282.44 167146.20321761162 2730276.000142049 96415.18638786928 14128372406.779783 63058.56040110334 557.1071849787734 156195.98423735076 13.799633914084316 8.937582134954498e+16 959871752698031.1 653.1305823131988 0.8300000000000001 84
36308975095.72717 1.3296869819659684e+19 9.25696011729119e+18 4914.430146649171 78488230223351.02 412549055853282.44 711853.7868493976 3112138516.2857966 334.5028982888944 8336235216.579296 176730.11259550098 5578859.751934783 222045.52608152694 144762544.4352752 460.5407952208453 122477.81105739946 47.18458285080814 335.5306665357364 8.937582134954498e+16 959871752698031.1 5866.201046992629 84
36308975095.72717 1.3296869819659684e+19 9.25696011729119e+18 59982580.790636785 403.22126724771636 412549055853282.44 96415.18638786928 14128372406.779783 5578859.751934783 47.18458285080814 8.937582134954498e+16 1.129503931889848 85
36308975095.72717 2.7710379510350163 9.9509262310161 78488230223351.02 412549055853282.44 711853.7868493976 3112138516.2857966 1132801.9113074471 8336235216.579296 28.40313899810892 31969859.650503986 222045.52608152694 9.912054725666604 156195.98423735076 9824466.548940128 8.937582134954498e+16 959871752698031.1 5866.201046992629 3010094.2582619544 85
169132337.12925324 1.3296869819659684e+19 9.25696011729119e+18 27.793297122031333 78488230223351.02 412549055853282.44 711853.7868493976 3112138516.2857966 243.41815695027498 8336235216.579296 28.40313899810892 557.1071849787734 1092.3022177023631 262350.87095269456 460.5407952208453 7.131402455926366 335.5306665357364 8.937582134954498e+16 959871752698031.1 653.1305823131988 3010094.2582619544 85
169132337.12925324 1.3296869819659684e+19 9.25696011729119e+18 27.793297122031333 0.2872837227595332 19.29389339040435 167146.20321761162 2730276.000142049 96415.18638786928 14128372406.779783 176730.11259550098 5578859.751934783 392704.75579338893 144762544.4352752 6730761774.152952 156195.98423735076 335.5306665357364 14.861144215167723 959871752698031.1 85
36308975095.72717 1.3296869819659684e+19 9.25696011729119e+18 59982580.790636785 78488230223351.02 412549055853282.44 7926.251842075738 3112138516.2857966 96415.18638786928 14128372406.779783 63058.56040110334 5578859.751934783 222045.52608152694 9.912054725666604 558.7929430362484 156195.98423735076 9824466.548940128 0.6900000000000001 959871752698031.1 5866.201046992629 3010094.2582619544 84
169132337.12925324 1.3296869819659684e+19 9.25696011729119e+18 4914.430146649171 78488230223351.02 412549055853282.44 167146.20321761162 2730276.000142049 243.41815695027498 14128372406.779783 63058.56040110334 5578859.751934783 1092.3022177023631 144762544.4352752 6730761774.152952 47.18458285080814 0.9902500224787709 8.937582134954498e+16 959871752698031.1 653.1305823131988 3010094.2582619544 85
169132337.12925324 1.3296869819659684e+19 9.25696011729119e+18 4914.430146649171 78488230223351.02 412549055853282.44 167146.20321761162 2730276.000142049 243.41815695027498 14128372406.779783 63058.56040110334 5578859.751934783 1092.3022177023631 144762544.4352752 6730761774.152952 47.18458285080814 0.9902500224787709 8.937582134954498e+16 959871752698031.1 653.1305823131988 3010094.2582619544 85
169132337.12925324 1.3296869819659684e+19 9.25696011729119e+18 3.018644726074684 2730276.000142049 334.5028982888944 14128372406.779783 176730.11259550098 5578859.751934783 1092.3022177023631 144762544.4352752 6730761774.152952 47.18458285080814 0.9902500224787709 85
169132337.12925324 1.3296869819659684e+19 9.25696011729119e+18 59982580.790636785 220.61139972875486 412549055853282.44 167146.20321761162 2730276.000142049 96415.18638786928 14128372406.779783 492.3272797486836 5578859.751934783 392704.75579338893 144762544.4352752 6730761774.152952 47.18458285080814 43.643847728801504 8.937582134954498e+16 959871752698031.1 7793.258409032382 85
36308975095.72717 1.3296869819659684e+19 9.25696011729119e+18 59982580.790636785 220.61139972875486 96415.18638786928 14128372406.779783 392704.75579338893 144762544.4352752 6730761774.152952 8.937582134954498e+16 959871752698031.1 84
169132337.12925324 1.3296869819659684e+19 9.9509262310161 4914.430146649171 78488230223351.02 19.29389339040435 711853.7868493976 2730276.000142049 243.41815695027498 14128372406.779783 176730.11259550098 31969859.650503986 1092.3022177023631 262350.87095269456 460.5407952208453 122477.81105739946 13.799633914084316 8.937582134954498e+16 959871752698031.1 653.1305823131988 3010094.2582619544 84
36308975095.72717 2.7710379510350163 9.25696011729119e+18 4914.430146649171 78488230223351.02 711853.7868493976 3112138516.2857966 243.41815695027498 8336235216.579296 176730.11259550098 5578859.751934783 8.937582134954498e+16 959871752698031.1 653.1305823131988 3010094.2582619544 84
36308975095.72717 1.3296869819659684e+19 9.25696011729119e+18 59982580.790636785 0.2872837227595332 412549055853282.44 711853.7868493976 2730276.000142049 96415.18638786928 14128372406.779783 28.40313899810892 30.481417461385178 1092.3022177023631 9.912054725666604 558.7929430362484 122477.81105739946 47.18458285080814 8.937582134954498e+16 1483.4294978624746 653.1305823131988 3010094.2582619544 85
36308975095.72717 1.3296869819659684e+19 9.25696011729119e+18 1.0366679922824633 959871752698031.1 84
36308975095.72717 2.7710379510350163 9.9509262310161 4914.430146649171 78488230223351.02 412549055853282.44 711853.7868493976 243.41815695027498 14128372406.779783 63058.56040110334 5578859.751934783 3270.6454611421 9.912054725666604 156195.98423735076 8.937582134954498e+16 653.1305823131988 84
36308975095.72717 1.3296869819659684e+19 9.25696011729119e+18 59982580.790636785 403.22126724771636 19.29389339040435 711853.7868493976 2730276.000142049 96415.18638786928 14128372406.779783 176730.11259550098 30.481417461385178 392704.75579338893 262350.87095269456 6730761774.152952 156195.98423735076 9824466.548940128 0.6900000000000001 959871752698031.1 85
36308975095.72717 1.3296869819659684e+19 9.25696011729119e+18 59982580.790636785 403.22126724771636 412549055853282.44 14128372406.779783 8.937582134954498e+16 959871752698031.1 84
36308975095.72717 1.3296869819659684e+19 9.25696011729119e+18 78488230223351.02 711853.7868493976 0.4332343848344623 1132801.9113074471 14128372406.779783 28.40313899810892 31969859.650503986 3270.6454611421 262350.87095269456 6730761774.152952 9824466.548940128 8.937582134954498e+16 1483.4294978624746 653.1305823131988 3010094.2582619544 84
169132337.12925324 1.3296869819659684e+19 9.25696011729119e+18 403.22126724771636 412549055853282.44 14128372406.779783 8.937582134954498e+16 959871752698031.1 653.1305823131988 3010094.2582619544 84
169132337.12925324 1.3296869819659684e+19 9.25696011729119e+18 78488230223351.02 711853.7868493976 3112138516.2857966 334.5028982888944 8336235216.579296 883.8438879730692 31969859.650503986 3270.6454611421 6730761774.152952 156195.98423735076 9824466.548940128 8.937582134954498e+16 84
36308975095.72717 1.3296869819659684e+19 9.25696011729119e+18 59982580.790636785 220.61139972875486 96415.18638786928 14128372406.779783 392704.75579338893 144762544.4352752 6730761774.152952 8.937582134954498e+16 959871752698031.1 84
169132337.12925324 1.3296869819659684e+19 9.25696011729119e+18 27.793297122031333 403.22126724771636 412549055853282.44 711853.7868493976 2730276.000142049 334.5028982888944 14128372406.779783 63058.56040110334 30.481417461385178 222045.52608152694 144762544.4352752 6730761774.152952 9824466.548940128 0.6900000000000001 959871752698031.1 7793.258409032382 3010094.2582619544 84
169132337.12925324 1.3296869819659684e+19 9.25696011729119e+18 4914.430146649171 220.61139972875486 412549055853282.44 3.018644726074684 96415.18638786928 14128372406.779783 492.3272797486836 557.1071849787734 392704.75579338893 262350.87095269456 6730761774.152952 4306.831148424968 335.5306665357364 14.861144215167723 1483.4294978624746 85
36308975095.72717 1.3296869819659684e+19 9.25696011729119e+18 78488230223351.02 412549055853282.44 711853.7868493976 0.4332343848344623 243.41815695027498 8336235216.579296 176730.11259550098 5578859.751934783 1092.3022177023631 144762544.4352752 6730761774.152952 156195.98423735076 9824466.548940128 8.937582134954498e+16 959871752698031.1 84
169132337.12925324 1.3296869819659684e+19 9.25696011729119e+18 78488230223351.02 412549055853282.44 7926.251842075738 3112138516.2857966 334.5028982888944 8336235216.579296 28.40313899810892 31969859.650503986 222045.52608152694 558.7929430362484 43.643847728801504 8.937582134954498e+16 959871752698031.1 84
36308975095.72717 1.3296869819659684e+19 9.25696011729119e+18 27.793297122031333 78488230223351.02 412549055853282.44 711853.7868493976 3112138516.2857966 2.045641598239347 14128372406.779783 176730.11259550098 31969859.650503986 3270.6454611421 9.912054725666604 460.5407952208453 122477.81105739946 156195.98423735076 9824466.548940128 8.937582134954498e+16 5.858943514761405 85
36308975095.72717 1.3296869819659684e+19 9.25696011729119e+18 0.19152248183968879 78488230223351.02 19.29389339040435 167146.20321761162 2730276.000142049 334.5028982888944 14128372406.779783 63058.56040110334 5578859.751934783 1092.3022177023631 144762544.4352752 156195.98423735076 13.799633914084316 0.6900000000000001 959871752698031.1 653.1305823131988 3010094.2582619544 84
36308975095.72717 1.3296869819659684e+19 9.25696011729119e+18 59982580.790636785 220.61139972875486 412549055853282.44 167146.20321761162 3112138516.2857966 334.5028982888944 14128372406.779783 28.40313899810892 31969859.650503986 392704.75579338893 144762544.4352752 558.7929430362484 122477.81105739946 7.131402455926366 9824466.548940128 8.937582134954498e+16 959871752698031.1 7793.258409032382 3010094.2582619544 84
