1.9091099973602846e+39 2.6913158000811697e+66 4.170771835693337e+64 4.891577298734621e+21 139879.64562614105 2.862419464650926e+48 85317435382498.38 1.2634249282490956e+20 1095517998053.3976 3.052493977921068e+35 178.04747056193722 0.03180727883954456 32857419395095.188 1.5271991749834357e+21 18266572.560785744 2.701138932706237 3.6908331823425153e+52 9.93658811259285e+47 6.06408696432401 0.8300000000000001 85
6.79385525325835e+23 2.6913158000811697e+66 4.170771835693337e+64 58.52829012918534 6550.77288012435 0.13494128267872982 1.0421777602134437e+17 1.2634249282490956e+20 1095517998053.3976 3.052493977921068e+35 27963761187315.047 201.4747693200869 4641977.071155754 1.5271991749834357e+21 86.32491169496346 8.693072615848785e-156 3.6908331823425153e+52 9.93658811259285e+47 3741.462752429699 165345531931.16312 85
6.79385525325835e+23 2.6913158000811697e+66 4.170771835693337e+64 40069665310.1234 1.7751450215455203e+41 2.862419464650926e+48 1.0421777602134437e+17 4.779005108647083e+22 7.944557651523287e-264 2.0009906594790777e+22 7676682209.351645 608616396568576.2 9645062263.031559 3438011144132.951 0.735784446860027 86.32491169496346 2.990597051047273e+17 3.6908331823425153e+52 9.93658811259285e+47 6.06408696432401 165345531931.16312 85
1.9091099973602846e+39 2.6913158000811697e+66 4.170771835693337e+64 1.7751450215455203e+41 653.5011521016198 4.779005108647083e+22 7.944557651523287e-264 2.0009906594790777e+22 2040.7978649616543 608616396568576.2 234.27298758149635 76099361560295.95 2.990597051047273e+17 3.6908331823425153e+52 9.93658811259285e+47 24880331.59141506 165345531931.16312 84
1.9091099973602846e+39 2.6913158000811697e+66 4.170771835693337e+64 40069665310.1234 1.7751450215455203e+41 85317435382498.38 1.2634249282490956e+20 2.9366889438430683e-262 2.0009906594790777e+22 27963761187315.047 4.526192278413785e+23 4641977.071155754 1.5271991749834357e+21 0.735784446860027 76099361560295.95 0.08384994485253738 3.6908331823425153e+52 9.93658811259285e+47 84
6.79385525325835e+23 2.6913158000811697e+66 4.170771835693337e+64 3.917165222055964e-265 1.7751450215455203e+41 2.862419464650926e+48 1.0421777602134437e+17 4.779005108647083e+22 2.0009906594790777e+22 7676682209.351645 608616396568576.2 4641977.071155754 3438011144132.951 0.735784446860027 76099361560295.95 2.990597051047273e+17 3.6908331823425153e+52 9.93658811259285e+47 84
6.79385525325835e+23 2.6913158000811697e+66 4.170771835693337e+64 3.917165222055964e-265 1.7751450215455203e+41 2.862419464650926e+48 1.0421777602134437e+17 4.779005108647083e+22 2.0009906594790777e+22 2040.7978649616543 608616396568576.2 234.27298758149635 86.32491169496346 2.990597051047273e+17 3.6908331823425153e+52 9.93658811259285e+47 85
6.79385525325835e+23 0.0028915708035949592 0.4664682280249238 40069665310.1234 1.7751450215455203e+41 2.862419464650926e+48 3.052493977921068e+35 9.100560394716697e-156 9.93658811259285e+47 85
1.9091099973602846e+39 0.0028915708035949592 0.4664682280249238 4.891577298734621e+21 1.7751450215455203e+41 2.862419464650926e+48 1.0421777602134437e+17 4.779005108647083e+22 55480136.593304425 3.052493977921068e+35 2040.7978649616543 201.4747693200869 9645062263.031559 1.5271991749834357e+21 0.735784446860027 207633720243.36655 3.8583323562085726e-306 0.09029994061042487 9.93658811259285e+47 6.06408696432401 165345531931.16312 84
6.79385525325835e+23 2.6913158000811697e+66 4.170771835693337e+64 4.891577298734621e+21 139879.64562614105 0.19 1095517998053.3976 3.052493977921068e+35 27963761187315.047 4641977.071155754 3438011144132.951 50356.18287831079 207633720243.36655 18266572.560785744 0.09029994061042487 9.93658811259285e+47 85
1.9091099973602846e+39 2.6913158000811697e+66 4.170771835693337e+64 4.891577298734621e+21 1.7751450215455203e+41 2.862419464650926e+48 653.5011521016198 4.779005108647083e+22 1095517998053.3976 3.052493977921068e+35 27963761187315.047 4.526192278413785e+23 9645062263.031559 3.435217516066346e-05 50356.18287831079 76099361560295.95 2.990597051047273e+17 0.6900000000000001 9.93658811259285e+47 24880331.59141506 165345531931.16312 84
1.9091099973602846e+39 2.6913158000811697e+66 4.170771835693337e+64 1.7751450215455203e+41 1.0421777602134437e+17 4.779005108647083e+22 2.9366889438430683e-262 2.0009906594790777e+22 7676682209.351645 608616396568576.2 9645062263.031559 50356.18287831079 76099361560295.95 0.08384994485253738 3.6908331823425153e+52 9.93658811259285e+47 6.06408696432401 165345531931.16312 84
1.9091099973602846e+39 2.6913158000811697e+66 0.4664682280249238 58.52829012918534 6550.77288012435 85317435382498.38 1.2634249282490956e+20 1095517998053.3976 3.052493977921068e+35 178.04747056193722 201.4747693200869 32857419395095.188 18266572.560785744 2.701138932706237 6.06408696432401 165345531931.16312 84
1.9091099973602846e+39 0.0028915708035949592 0.4664682280249238 4.891577298734621e+21 1.7751450215455203e+41 2.862419464650926e+48 1.0421777602134437e+17 4.779005108647083e+22 55480136.593304425 3.052493977921068e+35 2040.7978649616543 201.4747693200869 9645062263.031559 1.5271991749834357e+21 0.735784446860027 207633720243.36655 3.8583323562085726e-306 0.09029994061042487 9.93658811259285e+47 6.06408696432401 165345531931.16312 84
1.9091099973602846e+39 2.6913158000811697e+66 4.170771835693337e+64 4.891577298734621e+21 139879.64562614105 2.862419464650926e+48 1.2634249282490956e+20 1095517998053.3976 3.052493977921068e+35 27963761187315.047 0.03180727883954456 4641977.071155754 86.32491169496346 3.6908331823425153e+52 9.93658811259285e+47 3741.462752429699 9.145539295291736e-06 84
6.79385525325835e+23 2.6913158000811697e+66 4.170771835693337e+64 1.4759670220747e-311 6550.77288012435 2.862419464650926e+48 0.0027366144527631703 1.2634249282490956e+20 55480136.593304425 3.052493977921068e+35 178.04747056193722 4.526192278413785e+23 4641977.071155754 3438011144132.951 6.424574234047634e+27 18266572.560785744 2.990597051047273e+17 3.6908331823425153e+52 9.915535952452522e-156 85
1.9091099973602846e+39 0.0028915708035949592 0.4664682280249238 3.6908331823425153e+52 9.93658811259285e+47 84
6.79385525325835e+23 2.6913158000811697e+66 0.4664682280249238 4.891577298734621e+21 6550.77288012435 2.862419464650926e+48 1.0421777602134437e+17 4.779005108647083e+22 55480136.593304425 2.0009906594790777e+22 7676682209.351645 4.526192278413785e+23 32857419395095.188 1.5271991749834357e+21 6.424574234047634e+27 86.32491169496346 0.09029994061042487 9.93658811259285e+47 24880331.59141506 84
6.79385525325835e+23 2.6913158000811697e+66 4.170771835693337e+64 0.0027366144527631703 1.2634249282490956e+20 55480136.593304425 3.052493977921068e+35 7676682209.351645 4.526192278413785e+23 4641977.071155754 1.5271991749834357e+21 6.424574234047634e+27 86.32491169496346 8.693072615848785e-156 85
6.79385525325835e+23 0.0028915708035949592 0.4664682280249238 1.7751450215455203e+41 2.862419464650926e+48 653.5011521016198 3.8032192694338434e-156 379612345055.9279 2.0009906594790777e+22 2040.7978649616543 608616396568576.2 234.27298758149635 84
1.9091099973602846e+39 2.6913158000811697e+66 0.4664682280249238 4.891577298734621e+21 2.862419464650926e+48 1.0421777602134437e+17 4.779005108647083e+22 7.944557651523287e-264 2.0009906594790777e+22 2040.7978649616543 234.27298758149635 3438011144132.951 6.424574234047634e+27 3.6908331823425153e+52 9.93658811259285e+47 84
6.79385525325835e+23 2.6913158000811697e+66 0.4664682280249238 40069665310.1234 1.7751450215455203e+41 0.13494128267872982 1.0421777602134437e+17 1.2634249282490956e+20 2.9366889438430683e-262 3.052493977921068e+35 7676682209.351645 608616396568576.2 4641977.071155754 3438011144132.951 0.735784446860027 207633720243.36655 0.08384994485253738 3.6908331823425153e+52 9.93658811259285e+47 6.06408696432401 165345531931.16312 84
6.79385525325835e+23 2.6913158000811697e+66 4.170771835693337e+64 3.917165222055964e-265 1.7751450215455203e+41 2.862419464650926e+48 1.0421777602134437e+17 4.779005108647083e+22 2.0009906594790777e+22 7676682209.351645 608616396568576.2 4641977.071155754 3438011144132.951 0.735784446860027 76099361560295.95 2.990597051047273e+17 3.6908331823425153e+52 9.93658811259285e+47 84
1.9091099973602846e+39 0.0028915708035949592 0.4664682280249238 4.891577298734621e+21 1.7751450215455203e+41 2.862419464650926e+48 1.0421777602134437e+17 4.779005108647083e+22 0.22490213779788304 3.052493977921068e+35 27963761187315.047 4.526192278413785e+23 9645062263.031559 3438011144132.951 6.424574234047634e+27 0.09029994061042487 9.93658811259285e+47 6.06408696432401 165345531931.16312 84
6.79385525325835e+23 2.6913158000811697e+66 4.170771835693337e+64 4.891577298734621e+21 139879.64562614105 2.862419464650926e+48 0.0027366144527631703 1.2634249282490956e+20 2.9366889438430683e-262 3.052493977921068e+35 27963761187315.047 201.4747693200869 32857419395095.188 6.424574234047634e+27 0.045542240156620624 3.6908331823425153e+52 9.93658811259285e+47 24880331.59141506 165345531931.16312 85
1.9091099973602846e+39 2.6913158000811697e+66 4.170771835693337e+64 4.891577298734621e+21 1.7751450215455203e+41 2.862419464650926e+48 1.0421777602134437e+17 4.779005108647083e+22 379612345055.9279 3.052493977921068e+35 7676682209.351645 4.526192278413785e+23 9645062263.031559 50356.18287831079 207633720243.36655 76099361560295.95 2.990597051047273e+17 3.6908331823425153e+52 9.915535952452522e-156 85
6.79385525325835e+23 2.6913158000811697e+66 4.170771835693337e+64 4.891577298734621e+21 1.7751450215455203e+41 2.862419464650926e+48 85317435382498.38 1.2634249282490956e+20 0.22490213779788304 3.052493977921068e+35 7676682209.351645 201.4747693200869 32857419395095.188 1.5271991749834357e+21 6.424574234047634e+27 18266572.560785744 3.6908331823425153e+52 3595.69147636101 3741.462752429699 165345531931.16312 85
1.9091099973602846e+39 0.0028915708035949592 0.4664682280249238 40069665310.1234 1.7751450215455203e+41 2.862419464650926e+48 653.5011521016198 1.2634249282490956e+20 7.944557651523287e-264 2.0009906594790777e+22 7676682209.351645 608616396568576.2 234.27298758149635 3438011144132.951 0.735784446860027 207633720243.36655 86.32491169496346 3.6908331823425153e+52 9.93658811259285e+47 24880331.59141506 9.145539295291736e-06 84
1.9091099973602846e+39 2.6913158000811697e+66 4.170771835693337e+64 84
1.9091099973602846e+39 2.6913158000811697e+66 4.170771835693337e+64 1.7751450215455203e+41 2.862419464650926e+48 1.0421777602134437e+17 4.779005108647083e+22 379612345055.9279 2.0009906594790777e+22 2040.7978649616543 608616396568576.2 9645062263.031559 3.435217516066346e-05 76099361560295.95 2.990597051047273e+17 3.6908331823425153e+52 9.93658811259285e+47 24880331.59141506 165345531931.16312 84
1.9091099973602846e+39 2.6913158000811697e+66 4.170771835693337e+64 3.917165222055964e-265 1.7751450215455203e+41 85317435382498.38 1.2634249282490956e+20 3.052493977921068e+35 201.4747693200869 32857419395095.188 0.09029994061042487 9.93658811259285e+47 3741.462752429699 84
1.9091099973602846e+39 2.6913158000811697e+66 4.170771835693337e+64 3.917165222055964e-265 1.7751450215455203e+41 2.862419464650926e+48 653.5011521016198 4.779005108647083e+22 3.052493977921068e+35 7676682209.351645 608616396568576.2 9645062263.031559 76099361560295.95 3.6908331823425153e+52 3595.69147636101 6.06408696432401 165345531931.16312 84
1.9091099973602846e+39 2.6913158000811697e+66 4.170771835693337e+64 58.52829012918534 1.7751450215455203e+41 2.862419464650926e+48 0.0027366144527631703 4.779005108647083e+22 55480136.593304425 3.052493977921068e+35 0.005100054207422272 4.526192278413785e+23 9645062263.031559 0.09029994061042487 9.93658811259285e+47 3741.462752429699 84
6.79385525325835e+23 2.6913158000811697e+66 4.170771835693337e+64 40069665310.1234 1.7751450215455203e+41 2.862419464650926e+48 85317435382498.38 1.2634249282490956e+20 55480136.593304425 3.052493977921068e+35 0.005100054207422272 0.03180727883954456 4641977.071155754 3438011144132.951 6.424574234047634e+27 3.6908331823425153e+52 9.93658811259285e+47 3741.462752429699 84
6.79385525325835e+23 2.6913158000811697e+66 4.170771835693337e+64 4.891577298734621e+21 1.7751450215455203e+41 2.862419464650926e+48 0.0027366144527631703 4.796892821743e-311 0.22490213779788304 3.052493977921068e+35 178.04747056193722 201.4747693200869 32857419395095.188 3.435217516066346e-05 6.424574234047634e+27 18266572.560785744 2.701138932706237 3.6908331823425153e+52 3595.69147636101 85
6.79385525325835e+23 2.6913158000811697e+66 4.170771835693337e+64 3.917165222055964e-265 6550.77288012435 2.862419464650926e+48 85317435382498.38 1.2634249282490956e+20 1095517998053.3976 3.052493977921068e+35 7676682209.351645 201.4747693200869 32857419395095.188 86.32491169496346 0.045542240156620624 3.6908331823425153e+52 3595.69147636101 85
1.9091099973602846e+39 2.6913158000811697e+66 4.170771835693337e+64 40069665310.1234 1.7751450215455203e+41 2.862419464650926e+48 379612345055.9279 3.052493977921068e+35 27963761187315.047 608616396568576.2 4641977.071155754 76099361560295.95 0.045542240156620624 3.6908331823425153e+52 0.76 6.06408696432401 165345531931.16312 85
1.9091099973602846e+39 2.6913158000811697e+66 4.170771835693337e+64 4.891577298734621e+21 6550.77288012435 2.862419464650926e+48 653.5011521016198 1.2634249282490956e+20 1095517998053.3976 3.052493977921068e+35 27963761187315.047 4.526192278413785e+23 4641977.071155754 1.5271991749834357e+21 0.735784446860027 76099361560295.95 0.08384994485253738 3.6908331823425153e+52 9.93658811259285e+47 84
1.9091099973602846e+39 2.6913158000811697e+66 4.170771835693337e+64 40069665310.1234 6550.77288012435 2.862419464650926e+48 0.0027366144527631703 1.2634249282490956e+20 379612345055.9279 7676682209.351645 4.526192278413785e+23 32857419395095.188 18266572.560785744 3.6908331823425153e+52 9.93658811259285e+47 84
6.79385525325835e+23 2.6913158000811697e+66 4.170771835693337e+64 40069665310.1234 139879.64562614105 2.862419464650926e+48 0.0027366144527631703 1095517998053.3976 3.052493977921068e+35 178.04747056193722 201.4747693200869 32857419395095.188 3438011144132.951 6.424574234047634e+27 18266572.560785744 2.701138932706237 0.09029994061042487 3595.69147636101 85
1.9091099973602846e+39 0.0028915708035949592 0.4664682280249238 40069665310.1234 1.7751450215455203e+41 2.862419464650926e+48 1.0421777602134437e+17 1.2634249282490956e+20 0.22490213779788304 3.052493977921068e+35 7676682209.351645 4.526192278413785e+23 234.27298758149635 3438011144132.951 6.424574234047634e+27 76099361560295.95 0.08384994485253738 3.6908331823425153e+52 9.93658811259285e+47 24880331.59141506 84
6.79385525325835e+23 2.6913158000811697e+66 4.170771835693337e+64 4.891577298734621e+21 139879.64562614105 2.862419464650926e+48 85317435382498.38 1.2634249282490956e+20 1095517998053.3976 3.052493977921068e+35 178.04747056193722 4.526192278413785e+23 32857419395095.188 1.5271991749834357e+21 6.424574234047634e+27 86.32491169496346 0.045542240156620624 3.6908331823425153e+52 9.93658811259285e+47 3741.462752429699 85
6.79385525325835e+23 2.6913158000811697e+66 4.170771835693337e+64 40069665310.1234 1.7751450215455203e+41 2.862419464650926e+48 85317435382498.38 1.2634249282490956e+20 2.9366889438430683e-262 3.052493977921068e+35 27963761187315.047 4.526192278413785e+23 4641977.071155754 1.5271991749834357e+21 6.424574234047634e+27 86.32491169496346 8.693072615848785e-156 3.6908331823425153e+52 9.93658811259285e+47 6.06408696432401 165345531931.16312 85
6.79385525325835e+23 2.6913158000811697e+66 4.170771835693337e+64 40069665310.1234 139879.64562614105 2.862419464650926e+48 0.0027366144527631703 1095517998053.3976 3.052493977921068e+35 178.04747056193722 201.4747693200869 32857419395095.188 3438011144132.951 6.424574234047634e+27 18266572.560785744 2.701138932706237 0.09029994061042487 3595.69147636101 85
1.9091099973602846e+39 2.6913158000811697e+66 0.4664682280249238 4.891577298734621e+21 2.862419464650926e+48 1.0421777602134437e+17 4.779005108647083e+22 7.944557651523287e-264 2.0009906594790777e+22 2040.7978649616543 234.27298758149635 3438011144132.951 6.424574234047634e+27 3.6908331823425153e+52 9.93658811259285e+47 84
1.9091099973602846e+39 2.6913158000811697e+66 4.170771835693337e+64 4.891577298734621e+21 1.7751450215455203e+41 2.862419464650926e+48 0.0027366144527631703 1.2634249282490956e+20 0.22490213779788304 3.052493977921068e+35 27963761187315.047 1.5271991749834357e+21 76099361560295.95 3.6908331823425153e+52 9.93658811259285e+47 3741.462752429699 0.8300000000000001 84
1.9091099973602846e+39 2.6913158000811697e+66 4.170771835693337e+64 1.7751450215455203e+41 2.862419464650926e+48 0.0027366144527631703 0.22490213779788304 3.052493977921068e+35 2040.7978649616543 4.526192278413785e+23 9645062263.031559 1.5271991749834357e+21 0.735784446860027 3.6908331823425153e+52 9.93658811259285e+47 84
6.79385525325835e+23 2.6913158000811697e+66 4.170771835693337e+64 0.13494128267872982 85317435382498.38 1.2634249282490956e+20 0.22490213779788304 3.052493977921068e+35 7676682209.351645 201.4747693200869 4641977.071155754 3.435217516066346e-05 6.424574234047634e+27 18266572.560785744 8.693072615848785e-156 3.6908331823425153e+52 9.93658811259285e+47 6.06408696432401 85
1.9091099973602846e+39 2.6913158000811697e+66 0.4664682280249238 58.52829012918534 139879.64562614105 2.862419464650926e+48 1.0421777602134437e+17 4.779005108647083e+22 3.052493977921068e+35 0.005100054207422272 608616396568576.2 32857419395095.188 1.5271991749834357e+21 6.424574234047634e+27 18266572.560785744 3.6908331823425153e+52 9.93658811259285e+47 6.06408696432401 165345531931.16312 84
1.9091099973602846e+39 2.6913158000811697e+66 4.170771835693337e+64 58.52829012918534 6550.77288012435 2.862419464650926e+48 76099361560295.95 2.701138932706237 0.09029994061042487 9.915535952452522e-156 3741.462752429699 165345531931.16312 85
1.9091099973602846e+39 2.6913158000811697e+66 4.170771835693337e+64 4.891577298734621e+21 6550.77288012435 2.862419464650926e+48 1.0421777602134437e+17 4.779005108647083e+22 1095517998053.3976 3.052493977921068e+35 178.04747056193722 4.526192278413785e+23 18266572.560785744 2.701138932706237 0.09029994061042487 3595.69147636101 85
6.79385525325835e+23 2.6913158000811697e+66 4.170771835693337e+64 0.0027366144527631703 1.2634249282490956e+20 55480136.593304425 3.052493977921068e+35 7676682209.351645 4.526192278413785e+23 4641977.071155754 1.5271991749834357e+21 6.424574234047634e+27 86.32491169496346 8.693072615848785e-156 85
1.9091099973602846e+39 2.6913158000811697e+66 4.170771835693337e+64 1.0421777602134437e+17 4.779005108647083e+22 55480136.593304425 2.0009906594790777e+22 2040.7978649616543 4.526192278413785e+23 9645062263.031559 3.435217516066346e-05 0.735784446860027 76099361560295.95 2.990597051047273e+17 3.6908331823425153e+52 9.93658811259285e+47 84
1.9091099973602846e+39 2.6913158000811697e+66 4.170771835693337e+64 40069665310.1234 1.7751450215455203e+41 2.862419464650926e+48 653.5011521016198 3.8032192694338434e-156 2.0009906594790777e+22 2040.7978649616543 608616396568576.2 6.06408696432401 165345531931.16312 85
6.79385525325835e+23 2.6913158000811697e+66 4.170771835693337e+64 1.4759670220747e-311 139879.64562614105 0.0027366144527631703 1.2634249282490956e+20 1095517998053.3976 3.052493977921068e+35 178.04747056193722 201.4747693200869 32857419395095.188 3438011144132.951 6.424574234047634e+27 3.6908331823425153e+52 3595.69147636101 85
6.79385525325835e+23 2.6913158000811697e+66 4.170771835693337e+64 58.52829012918534 1.7751450215455203e+41 1.0421777602134437e+17 4.779005108647083e+22 55480136.593304425 3.052493977921068e+35 27963761187315.047 4.526192278413785e+23 4641977.071155754 1.5271991749834357e+21 50356.18287831079 0.08384994485253738 3.6908331823425153e+52 9.93658811259285e+47 24880331.59141506 165345531931.16312 84
1.9091099973602846e+39 2.6913158000811697e+66 4.170771835693337e+64 4.891577298734621e+21 8.8289663662566e-311 2.862419464650926e+48 1.0421777602134437e+17 1.2634249282490956e+20 1095517998053.3976 3.052493977921068e+35 0.005100054207422272 0.03180727883954456 4641977.071155754 3.435217516066346e-05 50356.18287831079 207633720243.36655 86.32491169496346 3.6908331823425153e+52 3595.69147636101 6.06408696432401 165345531931.16312 85
1.9091099973602846e+39 2.6913158000811697e+66 4.170771835693337e+64 4.891577298734621e+21 1.7751450215455203e+41 2.862419464650926e+48 1.0421777602134437e+17 1.2634249282490956e+20 1095517998053.3976 3.052493977921068e+35 27963761187315.047 608616396568576.2 32857419395095.188 1.5271991749834357e+21 0.735784446860027 76099361560295.95 0.08384994485253738 3.6908331823425153e+52 3.0540629091671485e-151 3741.462752429699 165345531931.16312 84
1.9091099973602846e+39 2.6913158000811697e+66 4.170771835693337e+64 58.52829012918534 1.7751450215455203e+41 2.862419464650926e+48 85317435382498.38 4.779005108647083e+22 0.22490213779788304 3.052493977921068e+35 0.005100054207422272 4.526192278413785e+23 9645062263.031559 3438011144132.951 18266572.560785744 2.990597051047273e+17 0.09029994061042487 9.93658811259285e+47 6.06408696432401 84
1.9091099973602846e+39 2.6913158000811697e+66 4.170771835693337e+64 6550.77288012435 0.0027366144527631703 1.2634249282490956e+20 1095517998053.3976 3.052493977921068e+35 178.04747056193722 4.526192278413785e+23 32857419395095.188 3438011144132.951 6.424574234047634e+27 2.990597051047273e+17 3.6908331823425153e+52 9.93658811259285e+47 84
6.79385525325835e+23 2.6913158000811697e+66 4.170771835693337e+64 6550.77288012435 2.862419464650926e+48 3.052493977921068e+35 3.6908331823425153e+52 9.93658811259285e+47 6.06408696432401 165345531931.16312 84
6.79385525325835e+23 2.6913158000811697e+66 4.170771835693337e+64 1.7751450215455203e+41 2.862419464650926e+48 1.0421777602134437e+17 1.2634249282490956e+20 1095517998053.3976 3.052493977921068e+35 27963761187315.047 4.526192278413785e+23 32857419395095.188 1.5271991749834357e+21 6.424574234047634e+27 18266572.560785744 3.6908331823425153e+52 9.93658811259285e+47 84
1.9091099973602846e+39 2.6913158000811697e+66 4.170771835693337e+64 40069665310.1234 1.7751450215455203e+41 2.862419464650926e+48 7.944557651523287e-264 2.0009906594790777e+22 0.005100054207422272 608616396568576.2 9645062263.031559 3438011144132.951 76099361560295.95 2.990597051047273e+17 3.6908331823425153e+52 3595.69147636101 84
1.9091099973602846e+39 2.6913158000811697e+66 4.170771835693337e+64 40069665310.1234 1.7751450215455203e+41 2.862419464650926e+48 379612345055.9279 3.052493977921068e+35 27963761187315.047 608616396568576.2 4641977.071155754 76099361560295.95 0.045542240156620624 3.6908331823425153e+52 0.76 6.06408696432401 165345531931.16312 85
6.79385525325835e+23 2.6913158000811697e+66 4.170771835693337e+64 4.891577298734621e+21 139879.64562614105 2.862419464650926e+48 85317435382498.38 1095517998053.3976 3.052493977921068e+35 178.04747056193722 4.526192278413785e+23 32857419395095.188 1.5271991749834357e+21 50356.18287831079 207633720243.36655 76099361560295.95 8.693072615848785e-156 3.6908331823425153e+52 9.93658811259285e+47 85
1.9091099973602846e+39 2.6913158000811697e+66 4.170771835693337e+64 40069665310.1234 653.5011521016198 4.779005108647083e+22 7.944557651523287e-264 2.0009906594790777e+22 0.005100054207422272 608616396568576.2 4641977.071155754 3438011144132.951 50356.18287831079 207633720243.36655 76099361560295.95 0.08384994485253738 3.6908331823425153e+52 24880331.59141506 165345531931.16312 84
6.79385525325835e+23 2.6913158000811697e+66 4.170771835693337e+64 4.891577298734621e+21 6550.77288012435 2.862419464650926e+48 1095517998053.3976 3.052493977921068e+35 9.100560394716697e-156 9.93658811259285e+47 84
1.9091099973602846e+39 2.6913158000811697e+66 4.170771835693337e+64 58.52829012918534 1.7751450215455203e+41 2.862419464650926e+48 85317435382498.38 4.779005108647083e+22 7.944557651523287e-264 2.0009906594790777e+22 27963761187315.047 608616396568576.2 4641977.071155754 1.5271991749834357e+21 50356.18287831079 207633720243.36655 0.08384994485253738 3.6908331823425153e+52 9.93658811259285e+47 24880331.59141506 84
1.9091099973602846e+39 2.6913158000811697e+66 0.4664682280249238 58.52829012918534 139879.64562614105 2.862419464650926e+48 1.0421777602134437e+17 4.779005108647083e+22 3.052493977921068e+35 0.005100054207422272 608616396568576.2 32857419395095.188 1.5271991749834357e+21 6.424574234047634e+27 18266572.560785744 3.6908331823425153e+52 9.93658811259285e+47 6.06408696432401 165345531931.16312 84
6.79385525325835e+23 2.6913158000811697e+66 4.170771835693337e+64 1.0421777602134437e+17 4.779005108647083e+22 1095517998053.3976 3.052493977921068e+35 2040.7978649616543 4.526192278413785e+23 9645062263.031559 3438011144132.951 6.424574234047634e+27 76099361560295.95 2.990597051047273e+17 3.6908331823425153e+52 9.93658811259285e+47 84
1.9091099973602846e+39 2.6913158000811697e+66 0.4664682280249238 40069665310.1234 1.7751450215455203e+41 2.862419464650926e+48 0.0027366144527631703 4.779005108647083e+22 1095517998053.3976 3.052493977921068e+35 4.526192278413785e+23 32857419395095.188 3438011144132.951 0.735784446860027 3.6908331823425153e+52 9.93658811259285e+47 84
1.9091099973602846e+39 2.6913158000811697e+66 4.170771835693337e+64 9.100560394716697e-156 9.93658811259285e+47 84
1.9091099973602846e+39 2.6913158000811697e+66 4.170771835693337e+64 4.891577298734621e+21 139879.64562614105 2.862419464650926e+48 85317435382498.38 1.2634249282490956e+20 1095517998053.3976 3.052493977921068e+35 178.04747056193722 0.03180727883954456 32857419395095.188 1.5271991749834357e+21 18266572.560785744 2.701138932706237 3.6908331823425153e+52 9.93658811259285e+47 6.06408696432401 0.8300000000000001 85
1.9091099973602846e+39 2.6913158000811697e+66 4.170771835693337e+64 1.7751450215455203e+41 0.13494128267872982 653.5011521016198 3.8032192694338434e-156 379612345055.9279 3.052493977921068e+35 7676682209.351645 4.526192278413785e+23 32857419395095.188 1.5271991749834357e+21 6.424574234047634e+27 207633720243.36655 76099361560295.95 0.08384994485253738 3.6908331823425153e+52 9.93658811259285e+47 24880331.59141506 84
6.79385525325835e+23 2.6913158000811697e+66 4.170771835693337e+64 1.7751450215455203e+41 2.862419464650926e+48 1.0421777602134437e+17 3.8032192694338434e-156 55480136.593304425 3.052493977921068e+35 0.005100054207422272 608616396568576.2 234.27298758149635 1.5271991749834357e+21 6.424574234047634e+27 86.32491169496346 2.990597051047273e+17 3.6908331823425153e+52 9.93658811259285e+47 84
1.9091099973602846e+39 2.6913158000811697e+66 4.170771835693337e+64 40069665310.1234 1.7751450215455203e+41 2.862419464650926e+48 2.9366889438430683e-262 3.052493977921068e+35 4.526192278413785e+23 9645062263.031559 3438011144132.951 76099361560295.95 3.6908331823425153e+52 3595.69147636101 3741.462752429699 165345531931.16312 85
1.9091099973602846e+39 2.6913158000811697e+66 4.170771835693337e+64 2.862419464650926e+48 653.5011521016198 4.779005108647083e+22 55480136.593304425 2040.7978649616543 608616396568576.2 9645062263.031559 1.5271991749834357e+21 76099361560295.95 0.08384994485253738 3.6908331823425153e+52 9.93658811259285e+47 24880331.59141506 84
1.9091099973602846e+39 2.6913158000811697e+66 4.170771835693337e+64 40069665310.1234 139879.64562614105 0.13494128267872982 1095517998053.3976 178.04747056193722 201.4747693200869 0.09029994061042487 3595.69147636101 85
6.79385525325835e+23 2.6913158000811697e+66 4.170771835693337e+64 4.891577298734621e+21 6550.77288012435 0.13494128267872982 1.0421777602134437e+17 55480136.593304425 3.052493977921068e+35 178.04747056193722 201.4747693200869 32857419395095.188 2.701138932706237 3.6908331823425153e+52 9.93658811259285e+47 85
1.9091099973602846e+39 2.6913158000811697e+66 4.170771835693337e+64 3.917165222055964e-265 1.7751450215455203e+41 2.862419464650926e+48 0.0027366144527631703 4.779005108647083e+22 379612345055.9279 2.0009906594790777e+22 0.005100054207422272 608616396568576.2 9645062263.031559 1.5271991749834357e+21 6.424574234047634e+27 86.32491169496346 2.990597051047273e+17 3.6908331823425153e+52 3595.69147636101 84
1.9091099973602846e+39 0.0028915708035949592 0.4664682280249238 4.891577298734621e+21 1.7751450215455203e+41 2.862419464650926e+48 85317435382498.38 1.2634249282490956e+20 1095517998053.3976 3.052493977921068e+35 27963761187315.047 4.526192278413785e+23 4641977.071155754 3.8583323562085726e-306 2.701138932706237 3.6908331823425153e+52 9.93658811259285e+47 84
1.9091099973602846e+39 2.6913158000811697e+66 4.170771835693337e+64 1.7751450215455203e+41 1.0421777602134437e+17 4.779005108647083e+22 7.944557651523287e-264 2.0009906594790777e+22 2040.7978649616543 4.526192278413785e+23 9645062263.031559 3438011144132.951 50356.18287831079 76099361560295.95 2.990597051047273e+17 3.6908331823425153e+52 9.93658811259285e+47 24880331.59141506 84
1.9091099973602846e+39 2.6913158000811697e+66 4.170771835693337e+64 4.891577298734621e+21 139879.64562614105 2.862419464650926e+48 85317435382498.38 1.2634249282490956e+20 1095517998053.3976 3.052493977921068e+35 178.04747056193722 0.03180727883954456 32857419395095.188 1.5271991749834357e+21 18266572.560785744 2.701138932706237 3.6908331823425153e+52 9.93658811259285e+47 6.06408696432401 0.8300000000000001 85
1.9091099973602846e+39 2.6913158000811697e+66 4.170771835693337e+64 1.4759670220747e-311 1.7751450215455203e+41 1.0421777602134437e+17 4.779005108647083e+22 7.944557651523287e-264 3.052493977921068e+35 2040.7978649616543 608616396568576.2 32857419395095.188 1.5271991749834357e+21 50356.18287831079 86.32491169496346 2.701138932706237 3.6908331823425153e+52 9.93658811259285e+47 24880331.59141506 165345531931.16312 84
6.79385525325835e+23 2.6913158000811697e+66 4.170771835693337e+64 40069665310.1234 1.7751450215455203e+41 2.862419464650926e+48 0.0027366144527631703 0.22490213779788304 3.052493977921068e+35 7676682209.351645 201.4747693200869 4641977.071155754 3438011144132.951 6.424574234047634e+27 76099361560295.95 0.08384994485253738 3.6908331823425153e+52 9.93658811259285e+47 84
1.9091099973602846e+39 2.6913158000811697e+66 4.170771835693337e+64 4.891577298734621e+21 6550.77288012435 2.862419464650926e+48 1.0421777602134437e+17 379612345055.9279 2040.7978649616543 608616396568576.2 9645062263.031559 1.5271991749834357e+21 6.424574234047634e+27 76099361560295.95 2.990597051047273e+17 3.6908331823425153e+52 3595.69147636101 84
1.9091099973602846e+39 2.6913158000811697e+66 4.170771835693337e+64 4.891577298734621e+21 1.7751450215455203e+41 0.13494128267872982 85317435382498.38 1.2634249282490956e+20 0.22490213779788304 3.052493977921068e+35 7676682209.351645 201.4747693200869 32857419395095.188 3438011144132.951 6.424574234047634e+27 18266572.560785744 0.08384994485253738 3.6908331823425153e+52 3595.69147636101 24880331.59141506 165345531931.16312 84
1.9091099973602846e+39 2.6913158000811697e+66 4.170771835693337e+64 40069665310.1234 139879.64562614105 2.862419464650926e+48 85317435382498.38 1.2634249282490956e+20 0.22490213779788304 3.052493977921068e+35 7676682209.351645 4.526192278413785e+23 4641977.071155754 3438011144132.951 6.424574234047634e+27 86.32491169496346 0.08384994485253738 3.6908331823425153e+52 9.93658811259285e+47 6.06408696432401 84
1.9091099973602846e+39 2.6913158000811697e+66 4.170771835693337e+64 58.52829012918534 1.7751450215455203e+41 2.862419464650926e+48 85317435382498.38 4.779005108647083e+22 7.944557651523287e-264 2.0009906594790777e+22 27963761187315.047 608616396568576.2 4641977.071155754 1.5271991749834357e+21 50356.18287831079 207633720243.36655 0.08384994485253738 3.6908331823425153e+52 9.93658811259285e+47 24880331.59141506 84
6.79385525325835e+23 2.6913158000811697e+66 4.170771835693337e+64 1.7751450215455203e+41 1.0421777602134437e+17 4.779005108647083e+22 55480136.593304425 2.0009906594790777e+22 2040.7978649616543 608616396568576.2 234.27298758149635 6.424574234047634e+27 76099361560295.95 2.990597051047273e+17 3.6908331823425153e+52 84
6.79385525325835e+23 2.6913158000811697e+66 4.170771835693337e+64 40069665310.1234 139879.64562614105 85317435382498.38 1.2634249282490956e+20 1095517998053.3976 3.052493977921068e+35 27963761187315.047 4.526192278413785e+23 4641977.071155754 3438011144132.951 6.424574234047634e+27 18266572.560785744 8.693072615848785e-156 0.6900000000000001 9.93658811259285e+47 3741.462752429699 9.145539295291736e-06 85
6.79385525325835e+23 2.6913158000811697e+66 4.170771835693337e+64 40069665310.1234 1.7751450215455203e+41 2.862419464650926e+48 0.0027366144527631703 0.22490213779788304 3.052493977921068e+35 7676682209.351645 201.4747693200869 4641977.071155754 3438011144132.951 6.424574234047634e+27 76099361560295.95 0.08384994485253738 3.6908331823425153e+52 9.93658811259285e+47 84
1.9091099973602846e+39 2.6913158000811697e+66 4.170771835693337e+64 4.891577298734621e+21 139879.64562614105 2.862419464650926e+48 85317435382498.38 1.2634249282490956e+20 0.22490213779788304 3.052493977921068e+35 178.04747056193722 0.03180727883954456 32857419395095.188 3438011144132.951 6.424574234047634e+27 18266572.560785744 3.6908331823425153e+52 9.93658811259285e+47 85
6.79385525325835e+23 2.6913158000811697e+66 4.170771835693337e+64 40069665310.1234 1.7751450215455203e+41 2.862419464650926e+48 1.0421777602134437e+17 4.779005108647083e+22 2.9366889438430683e-262 27963761187315.047 4.526192278413785e+23 9645062263.031559 0.735784446860027 3.6908331823425153e+52 9.93658811259285e+47 24880331.59141506 0.8300000000000001 84
1.9091099973602846e+39 2.6913158000811697e+66 4.170771835693337e+64 4.891577298734621e+21 6550.77288012435 2.862419464650926e+48 3.052493977921068e+35 3.6908331823425153e+52 9.93658811259285e+47 84
1.9091099973602846e+39 0.0028915708035949592 0.4664682280249238 4.891577298734621e+21 1.7751450215455203e+41 2.862419464650926e+48 1.0421777602134437e+17 4.779005108647083e+22 0.22490213779788304 3.052493977921068e+35 27963761187315.047 4.526192278413785e+23 9645062263.031559 3438011144132.951 6.424574234047634e+27 0.09029994061042487 9.93658811259285e+47 6.06408696432401 165345531931.16312 84
1.9091099973602846e+39 2.6913158000811697e+66 4.170771835693337e+64 4.891577298734621e+21 1.7751450215455203e+41 2.862419464650926e+48 85317435382498.38 4.779005108647083e+22 55480136.593304425 3.052493977921068e+35 2040.7978649616543 4.526192278413785e+23 32857419395095.188 3438011144132.951 6.424574234047634e+27 86.32491169496346 3.6908331823425153e+52 9.93658811259285e+47 24880331.59141506 165345531931.16312 84
6.79385525325835e+23 2.6913158000811697e+66 4.170771835693337e+64 58.52829012918534 139879.64562614105 0.13494128267872982 85317435382498.38 1.2634249282490956e+20 1095517998053.3976 3.052493977921068e+35 7676682209.351645 4.526192278413785e+23 4641977.071155754 1.5271991749834357e+21 6.424574234047634e+27 86.32491169496346 2.990597051047273e+17 0.09029994061042487 9.915535952452522e-156 3741.462752429699 165345531931.16312 85
6.79385525325835e+23 2.6913158000811697e+66 4.170771835693337e+64 40069665310.1234 1.7751450215455203e+41 2.862419464650926e+48 1.0421777602134437e+17 4.779005108647083e+22 1095517998053.3976 2.0009906594790777e+22 7676682209.351645 4.526192278413785e+23 9645062263.031559 1.5271991749834357e+21 6.424574234047634e+27 207633720243.36655 18266572.560785744 2.990597051047273e+17 3.6908331823425153e+52 9.93658811259285e+47 24880331.59141506 165345531931.16312 84
6.79385525325835e+23 2.6913158000811697e+66 4.170771835693337e+64 3.917165222055964e-265 6550.77288012435 2.862419464650926e+48 85317435382498.38 1.2634249282490956e+20 1095517998053.3976 3.052493977921068e+35 7676682209.351645 201.4747693200869 32857419395095.188 86.32491169496346 0.045542240156620624 3.6908331823425153e+52 3595.69147636101 85
1.9091099973602846e+39 2.6913158000811697e+66 4.170771835693337e+64 40069665310.1234 1.7751450215455203e+41 2.862419464650926e+48 85317435382498.38 1.2634249282490956e+20 2.9366889438430683e-262 2.0009906594790777e+22 2040.7978649616543 608616396568576.2 234.27298758149635 3.435217516066346e-05 6.424574234047634e+27 76099361560295.95 0.08384994485253738 3.6908331823425153e+52 9.93658811259285e+47 6.06408696432401 84
1.9091099973602846e+39 2.6913158000811697e+66 4.170771835693337e+64 1.7751450215455203e+41 2.862419464650926e+48 1.0421777602134437e+17 3.8032192694338434e-156 2.9366889438430683e-262 2.0009906594790777e+22 7676682209.351645 4.526192278413785e+23 4641977.071155754 1.5271991749834357e+21 6.424574234047634e+27 76099361560295.95 2.990597051047273e+17 3.6908331823425153e+52 9.93658811259285e+47 84
6.79385525325835e+23 2.6913158000811697e+66 4.170771835693337e+64 3.917165222055964e-265 139879.64562614105 85317435382498.38 1.2634249282490956e+20 1095517998053.3976 3.052493977921068e+35 27963761187315.047 201.4747693200869 32857419395095.188 1.5271991749834357e+21 6.424574234047634e+27 18266572.560785744 3.6908331823425153e+52 9.93658811259285e+47 6.06408696432401 0.8300000000000001 85
1.9091099973602846e+39 2.6913158000811697e+66 4.170771835693337e+64 4.891577298734621e+21 1.7751450215455203e+41 2.862419464650926e+48 1.0421777602134437e+17 4.779005108647083e+22 2.9366889438430683e-262 2.0009906594790777e+22 4.526192278413785e+23 9645062263.031559 1.5271991749834357e+21 50356.18287831079 76099361560295.95 2.990597051047273e+17 3.6908331823425153e+52 0.76 84
1.9091099973602846e+39 2.6913158000811697e+66 4.170771835693337e+64 2.862419464650926e+48 653.5011521016198 4.779005108647083e+22 55480136.593304425 2040.7978649616543 608616396568576.2 9645062263.031559 1.5271991749834357e+21 76099361560295.95 0.08384994485253738 3.6908331823425153e+52 9.93658811259285e+47 24880331.59141506 84
1.9091099973602846e+39 2.6913158000811697e+66 4.170771835693337e+64 40069665310.1234 1.7751450215455203e+41 2.862419464650926e+48 0.0027366144527631703 4.779005108647083e+22 1095517998053.3976 3.052493977921068e+35 4.526192278413785e+23 32857419395095.188 3438011144132.951 0.735784446860027 207633720243.36655 18266572.560785744 2.990597051047273e+17 3.6908331823425153e+52 9.93658811259285e+47 84
1.9091099973602846e+39 2.6913158000811697e+66 0.4664682280249238 139879.64562614105 2.862419464650926e+48 85317435382498.38 1.2634249282490956e+20 55480136.593304425 3.052493977921068e+35 608616396568576.2 32857419395095.188 1.5271991749834357e+21 6.424574234047634e+27 18266572.560785744 0.08384994485253738 3.6908331823425153e+52 9.93658811259285e+47 3741.462752429699 84
1.9091099973602846e+39 2.6913158000811697e+66 4.170771835693337e+64 4.891577298734621e+21 139879.64562614105 0.13494128267872982 1.0421777602134437e+17 1.2634249282490956e+20 1095517998053.3976 3.052493977921068e+35 4.526192278413785e+23 4641977.071155754 3438011144132.951 6.424574234047634e+27 18266572.560785744 8.693072615848785e-156 3.6908331823425153e+52 9.93658811259285e+47 6.06408696432401 165345531931.16312 85
1.9091099973602846e+39 2.6913158000811697e+66 4.170771835693337e+64 58.52829012918534 6550.77288012435 2.862419464650926e+48 76099361560295.95 2.701138932706237 0.09029994061042487 9.915535952452522e-156 3741.462752429699 165345531931.16312 85
6.79385525325835e+23 2.6913158000811697e+66 4.170771835693337e+64 58.52829012918534 1.7751450215455203e+41 2.862419464650926e+48 653.5011521016198 4.779005108647083e+22 7.944557651523287e-264 2.0009906594790777e+22 7676682209.351645 608616396568576.2 9645062263.031559 3438011144132.951 6.424574234047634e+27 76099361560295.95 2.990597051047273e+17 3.6908331823425153e+52 9.93658811259285e+47 6.06408696432401 165345531931.16312 84
1.9091099973602846e+39 2.6913158000811697e+66 4.170771835693337e+64 4.891577298734621e+21 1.7751450215455203e+41 2.862419464650926e+48 0.09029994061042487 9.93658811259285e+47 84
1.9091099973602846e+39 2.6913158000811697e+66 4.170771835693337e+64 40069665310.1234 1.7751450215455203e+41 2.862419464650926e+48 653.5011521016198 4.779005108647083e+22 0.22490213779788304 2.0009906594790777e+22 0.005100054207422272 608616396568576.2 234.27298758149635 76099361560295.95 2.990597051047273e+17 3.6908331823425153e+52 3595.69147636101 24880331.59141506 165345531931.16312 84
6.79385525325835e+23 2.6913158000811697e+66 4.170771835693337e+64 6550.77288012435 2.862419464650926e+48 3.052493977921068e+35 3.6908331823425153e+52 9.93658811259285e+47 6.06408696432401 165345531931.16312 84
6.79385525325835e+23 2.6913158000811697e+66 4.170771835693337e+64 4.891577298734621e+21 6550.77288012435 2.862419464650926e+48 85317435382498.38 1.2634249282490956e+20 1095517998053.3976 3.052493977921068e+35 178.04747056193722 4.526192278413785e+23 32857419395095.188 86.32491169496346 8.693072615848785e-156 0.09029994061042487 9.93658811259285e+47 85
1.9091099973602846e+39 0.0028915708035949592 4.170771835693337e+64 3.917165222055964e-265 1.7751450215455203e+41 2.862419464650926e+48 201.4747693200869 1.5271991749834357e+21 18266572.560785744 0.09029994061042487 9.93658811259285e+47 3741.462752429699 165345531931.16312 84
1.9091099973602846e+39 2.6913158000811697e+66 4.170771835693337e+64 653.5011521016198 4.779005108647083e+22 2.0009906594790777e+22 7676682209.351645 608616396568576.2 32857419395095.188 3.6908331823425153e+52 3595.69147636101 24880331.59141506 165345531931.16312 84
1.9091099973602846e+39 2.6913158000811697e+66 4.170771835693337e+64 40069665310.1234 1.7751450215455203e+41 2.862419464650926e+48 0.0027366144527631703 4.779005108647083e+22 1095517998053.3976 3.052493977921068e+35 4.526192278413785e+23 32857419395095.188 3438011144132.951 0.735784446860027 207633720243.36655 18266572.560785744 2.990597051047273e+17 3.6908331823425153e+52 9.93658811259285e+47 84
6.79385525325835e+23 2.6913158000811697e+66 4.170771835693337e+64 40069665310.1234 1.7751450215455203e+41 2.862419464650926e+48 1.0421777602134437e+17 4.779005108647083e+22 2.9366889438430683e-262 27963761187315.047 4.526192278413785e+23 9645062263.031559 0.735784446860027 3.6908331823425153e+52 9.93658811259285e+47 24880331.59141506 0.8300000000000001 84
1.9091099973602846e+39 2.6913158000811697e+66 4.170771835693337e+64 40069665310.1234 139879.64562614105 2.862419464650926e+48 1.0421777602134437e+17 1.2634249282490956e+20 1095517998053.3976 3.052493977921068e+35 0.005100054207422272 4.526192278413785e+23 32857419395095.188 86.32491169496346 3.6908331823425153e+52 3595.69147636101 84
1.9091099973602846e+39 2.6913158000811697e+66 4.170771835693337e+64 1.7751450215455203e+41 1.0421777602134437e+17 4.779005108647083e+22 2.9366889438430683e-262 2.0009906594790777e+22 7676682209.351645 608616396568576.2 9645062263.031559 50356.18287831079 76099361560295.95 0.08384994485253738 3.6908331823425153e+52 9.93658811259285e+47 6.06408696432401 165345531931.16312 84
1.9091099973602846e+39 2.6913158000811697e+66 4.170771835693337e+64 1.7751450215455203e+41 2.862419464650926e+48 1.0421777602134437e+17 4.779005108647083e+22 379612345055.9279 2.0009906594790777e+22 0.005100054207422272 4.526192278413785e+23 234.27298758149635 3.6908331823425153e+52 9.93658811259285e+47 84
6.79385525325835e+23 2.6913158000811697e+66 4.170771835693337e+64 3.917165222055964e-265 1.7751450215455203e+41 2.862419464650926e+48 1.0421777602134437e+17 4.779005108647083e+22 2.0009906594790777e+22 7676682209.351645 608616396568576.2 4641977.071155754 3438011144132.951 0.735784446860027 76099361560295.95 2.990597051047273e+17 3.6908331823425153e+52 9.93658811259285e+47 84
1.9091099973602846e+39 2.6913158000811697e+66 4.170771835693337e+64 58.52829012918534 1.7751450215455203e+41 2.862419464650926e+48 0.8300000000000001 84
6.79385525325835e+23 2.6913158000811697e+66 4.170771835693337e+64 4.891577298734621e+21 1.7751450215455203e+41 2.862419464650926e+48 1.0421777602134437e+17 4.779005108647083e+22 55480136.593304425 201.4747693200869 32857419395095.188 1.5271991749834357e+21 6.424574234047634e+27 76099361560295.95 3.6908331823425153e+52 3595.69147636101 6.06408696432401 165345531931.16312 85
1.9091099973602846e+39 2.6913158000811697e+66 4.170771835693337e+64 3.917165222055964e-265 1.7751450215455203e+41 85317435382498.38 1.2634249282490956e+20 3.052493977921068e+35 201.4747693200869 32857419395095.188 0.09029994061042487 9.93658811259285e+47 3741.462752429699 84
6.79385525325835e+23 2.6913158000811697e+66 4.170771835693337e+64 40069665310.1234 6550.77288012435 2.862419464650926e+48 0.0027366144527631703 1.2634249282490956e+20 1095517998053.3976 3.052493977921068e+35 27963761187315.047 201.4747693200869 32857419395095.188 18266572.560785744 3.6908331823425153e+52 9.915535952452522e-156 3741.462752429699 165345531931.16312 85
1.9091099973602846e+39 2.6913158000811697e+66 4.170771835693337e+64 4.891577298734621e+21 1.7751450215455203e+41 2.862419464650926e+48 1.0421777602134437e+17 4.779005108647083e+22 55480136.593304425 3.052493977921068e+35 0.005100054207422272 608616396568576.2 9645062263.031559 1.5271991749834357e+21 6.424574234047634e+27 86.32491169496346 2.990597051047273e+17 3.6908331823425153e+52 9.93658811259285e+47 24880331.59141506 165345531931.16312 84
1.9091099973602846e+39 2.6913158000811697e+66 0.4664682280249238 58.52829012918534 139879.64562614105 2.862419464650926e+48 1.0421777602134437e+17 4.779005108647083e+22 3.052493977921068e+35 0.005100054207422272 608616396568576.2 32857419395095.188 1.5271991749834357e+21 6.424574234047634e+27 18266572.560785744 3.6908331823425153e+52 9.93658811259285e+47 6.06408696432401 165345531931.16312 84
1.9091099973602846e+39 2.6913158000811697e+66 4.170771835693337e+64 4.891577298734621e+21 1.7751450215455203e+41 2.862419464650926e+48 85317435382498.38 1.2634249282490956e+20 55480136.593304425 3.052493977921068e+35 0.005100054207422272 608616396568576.2 9645062263.031559 1.5271991749834357e+21 6.424574234047634e+27 76099361560295.95 0.08384994485253738 3.6908331823425153e+52 9.93658811259285e+47 3741.462752429699 165345531931.16312 84
6.79385525325835e+23 2.6913158000811697e+66 4.170771835693337e+64 4.891577298734621e+21 6550.77288012435 0.13494128267872982 0.0027366144527631703 1.2634249282490956e+20 55480136.593304425 3.052493977921068e+35 27963761187315.047 608616396568576.2 9645062263.031559 3438011144132.951 0.735784446860027 207633720243.36655 18266572.560785744 0.08384994485253738 0.09029994061042487 9.93658811259285e+47 84
1.9091099973602846e+39 2.6913158000811697e+66 4.170771835693337e+64 4.891577298734621e+21 139879.64562614105 85317435382498.38 1.2634249282490956e+20 1095517998053.3976 3.052493977921068e+35 178.04747056193722 0.03180727883954456 234.27298758149635 1.5271991749834357e+21 0.735784446860027 76099361560295.95 2.990597051047273e+17 84
6.79385525325835e+23 2.6913158000811697e+66 4.170771835693337e+64 4.891577298734621e+21 1.7751450215455203e+41 2.862419464650926e+48 85317435382498.38 1.2634249282490956e+20 1095517998053.3976 2.0009906594790777e+22 178.04747056193722 4.526192278413785e+23 32857419395095.188 86.32491169496346 0.09029994061042487 3595.69147636101 85
6.79385525325835e+23 0.0028915708035949592 0.4664682280249238 40069665310.1234 1.7751450215455203e+41 2.862419464650926e+48 3.052493977921068e+35 9.100560394716697e-156 9.93658811259285e+47 85
6.79385525325835e+23 2.6913158000811697e+66 4.170771835693337e+64 40069665310.1234 6550.77288012435 0.19 1.0421777602134437e+17 1.2634249282490956e+20 1095517998053.3976 3.052493977921068e+35 7676682209.351645 4.526192278413785e+23 4641977.071155754 0.045542240156620624 0.09029994061042487 3595.69147636101 85
6.79385525325835e+23 2.6913158000811697e+66 4.170771835693337e+64 4.891577298734621e+21 6550.77288012435 2.862419464650926e+48 1095517998053.3976 3.052493977921068e+35 9.100560394716697e-156 9.93658811259285e+47 84
1.9091099973602846e+39 2.6913158000811697e+66 4.170771835693337e+64 1.7751450215455203e+41 2.862419464650926e+48 1.0421777602134437e+17 4.779005108647083e+22 379612345055.9279 2.0009906594790777e+22 2040.7978649616543 608616396568576.2 234.27298758149635 3.435217516066346e-05 50356.18287831079 76099361560295.95 0.08384994485253738 3.6908331823425153e+52 9.93658811259285e+47 84
6.79385525325835e+23 2.6913158000811697e+66 4.170771835693337e+64 4.891577298734621e+21 1.7751450215455203e+41 2.862419464650926e+48 0.0027366144527631703 4.796892821743e-311 0.22490213779788304 3.052493977921068e+35 178.04747056193722 201.4747693200869 32857419395095.188 3.435217516066346e-05 6.424574234047634e+27 18266572.560785744 2.701138932706237 3.6908331823425153e+52 3595.69147636101 85
1.9091099973602846e+39 2.6913158000811697e+66 4.170771835693337e+64 1.4759670220747e-311 6550.77288012435 2.862419464650926e+48 3.8032192694338434e-156 55480136.593304425 2.0009906594790777e+22 2040.7978649616543 608616396568576.2 234.27298758149635 3438011144132.951 6.424574234047634e+27 86.32491169496346 2.990597051047273e+17 3.6908331823425153e+52 3595.69147636101 24880331.59141506 165345531931.16312 84
6.79385525325835e+23 2.6913158000811697e+66 4.170771835693337e+64 1.4759670220747e-311 1.7751450215455203e+41 2.862419464650926e+48 1.0421777602134437e+17 4.779005108647083e+22 379612345055.9279 2.0009906594790777e+22 2040.7978649616543 608616396568576.2 234.27298758149635 3.435217516066346e-05 0.735784446860027 207633720243.36655 76099361560295.95 2.990597051047273e+17 3.6908331823425153e+52 9.93658811259285e+47 84
1.9091099973602846e+39 2.6913158000811697e+66 0.4664682280249238 58.52829012918534 6550.77288012435 0.13494128267872982 1.0421777602134437e+17 1.2634249282490956e+20 1095517998053.3976 2.0009906594790777e+22 178.04747056193722 201.4747693200869 32857419395095.188 76099361560295.95 0.045542240156620624 3.6908331823425153e+52 9.93658811259285e+47 24880331.59141506 0.8300000000000001 84
6.79385525325835e+23 2.6913158000811697e+66 4.170771835693337e+64 58.52829012918534 6550.77288012435 85317435382498.38 1.2634249282490956e+20 1095517998053.3976 3.052493977921068e+35 27963761187315.047 4.526192278413785e+23 4641977.071155754 3.6908331823425153e+52 9.93658811259285e+47 6.06408696432401 165345531931.16312 85
1.9091099973602846e+39 2.6913158000811697e+66 4.170771835693337e+64 58.52829012918534 1.7751450215455203e+41 2.862419464650926e+48 85317435382498.38 1095517998053.3976 3.052493977921068e+35 2040.7978649616543 4.526192278413785e+23 32857419395095.188 6.424574234047634e+27 0.09029994061042487 3595.69147636101 6.06408696432401 165345531931.16312 84
1.9091099973602846e+39 2.6913158000811697e+66 4.170771835693337e+64 1.7751450215455203e+41 653.5011521016198 4.779005108647083e+22 7.944557651523287e-264 2.0009906594790777e+22 2040.7978649616543 608616396568576.2 234.27298758149635 76099361560295.95 2.990597051047273e+17 3.6908331823425153e+52 9.93658811259285e+47 24880331.59141506 165345531931.16312 84
1.9091099973602846e+39 2.6913158000811697e+66 0.4664682280249238 85
6.79385525325835e+23 2.6913158000811697e+66 4.170771835693337e+64 4.891577298734621e+21 139879.64562614105 2.862419464650926e+48 85317435382498.38 1095517998053.3976 3.052493977921068e+35 178.04747056193722 4.526192278413785e+23 32857419395095.188 1.5271991749834357e+21 50356.18287831079 207633720243.36655 76099361560295.95 8.693072615848785e-156 3.6908331823425153e+52 9.93658811259285e+47 85
1.9091099973602846e+39 2.6913158000811697e+66 4.170771835693337e+64 1.7751450215455203e+41 2.862419464650926e+48 1.0421777602134437e+17 3.8032192694338434e-156 2.9366889438430683e-262 2.0009906594790777e+22 7676682209.351645 4.526192278413785e+23 4641977.071155754 1.5271991749834357e+21 6.424574234047634e+27 76099361560295.95 2.990597051047273e+17 3.6908331823425153e+52 9.93658811259285e+47 84
1.9091099973602846e+39 2.6913158000811697e+66 4.170771835693337e+64 1.7751450215455203e+41 653.5011521016198 4.779005108647083e+22 7.944557651523287e-264 2.0009906594790777e+22 2040.7978649616543 608616396568576.2 234.27298758149635 76099361560295.95 2.990597051047273e+17 3.6908331823425153e+52 9.93658811259285e+47 24880331.59141506 165345531931.16312 84
1.9091099973602846e+39 0.0028915708035949592 0.4664682280249238 4.891577298734621e+21 1.7751450215455203e+41 2.862419464650926e+48 653.5011521016198 3.8032192694338434e-156 7.944557651523287e-264 27963761187315.047 4.526192278413785e+23 9645062263.031559 18266572.560785744 3.6908331823425153e+52 9.93658811259285e+47 24880331.59141506 165345531931.16312 84
6.79385525325835e+23 2.6913158000811697e+66 4.170771835693337e+64 4.891577298734621e+21 139879.64562614105 2.862419464650926e+48 0.0027366144527631703 1.2634249282490956e+20 1095517998053.3976 3.052493977921068e+35 178.04747056193722 4641977.071155754 1.5271991749834357e+21 6.424574234047634e+27 0.045542240156620624 3.6908331823425153e+52 9.93658811259285e+47 85
1.9091099973602846e+39 2.6913158000811697e+66 4.170771835693337e+64 4.891577298734621e+21 1.7751450215455203e+41 0.13494128267872982 1.0421777602134437e+17 4.779005108647083e+22 2.9366889438430683e-262 3.052493977921068e+35 27963761187315.047 4.526192278413785e+23 32857419395095.188 1.5271991749834357e+21 6.424574234047634e+27 207633720243.36655 3.8583323562085726e-306 2.990597051047273e+17 3.6908331823425153e+52 9.93658811259285e+47 6.06408696432401 165345531931.16312 84
1.9091099973602846e+39 2.6913158000811697e+66 4.170771835693337e+64 40069665310.1234 1.0421777602134437e+17 1.2634249282490956e+20 55480136.593304425 3.052493977921068e+35 2040.7978649616543 608616396568576.2 4641977.071155754 0.09029994061042487 9.93658811259285e+47 6.06408696432401 84
6.79385525325835e+23 0.0028915708035949592 0.4664682280249238 1.7751450215455203e+41 2.862419464650926e+48 653.5011521016198 3.8032192694338434e-156 379612345055.9279 2.0009906594790777e+22 2040.7978649616543 608616396568576.2 234.27298758149635 84
6.79385525325835e+23 2.6913158000811697e+66 4.170771835693337e+64 58.52829012918534 1.7751450215455203e+41 2.862419464650926e+48 1.0421777602134437e+17 3.052493977921068e+35 27963761187315.047 9645062263.031559 1.5271991749834357e+21 0.735784446860027 207633720243.36655 76099361560295.95 0.08384994485253738 3.6908331823425153e+52 9.93658811259285e+47 84
6.79385525325835e+23 2.6913158000811697e+66 4.170771835693337e+64 4.891577298734621e+21 139879.64562614105 2.862419464650926e+48 7676682209.351645 50356.18287831079 207633720243.36655 18266572.560785744 2.701138932706237 3.6908331823425153e+52 0.76 84
6.79385525325835e+23 2.6913158000811697e+66 4.170771835693337e+64 85317435382498.38 1.2634249282490956e+20 55480136.593304425 3.052493977921068e+35 178.04747056193722 4.526192278413785e+23 32857419395095.188 3.8583323562085726e-306 0.045542240156620624 3.6908331823425153e+52 9.93658811259285e+47 85
6.79385525325835e+23 2.6913158000811697e+66 4.170771835693337e+64 58.52829012918534 6550.77288012435 2.862419464650926e+48 1.0421777602134437e+17 4.779005108647083e+22 0.22490213779788304 3.052493977921068e+35 178.04747056193722 608616396568576.2 32857419395095.188 3438011144132.951 6.424574234047634e+27 2.990597051047273e+17 3.6908331823425153e+52 9.93658811259285e+47 84
1.9091099973602846e+39 2.6913158000811697e+66 4.170771835693337e+64 4.891577298734621e+21 139879.64562614105 2.862419464650926e+48 85317435382498.38 1.2634249282490956e+20 1095517998053.3976 3.052493977921068e+35 178.04747056193722 0.03180727883954456 32857419395095.188 1.5271991749834357e+21 18266572.560785744 2.701138932706237 3.6908331823425153e+52 9.93658811259285e+47 6.06408696432401 0.8300000000000001 85
1.9091099973602846e+39 2.6913158000811697e+66 4.170771835693337e+64 4.891577298734621e+21 139879.64562614105 1095517998053.3976 3.052493977921068e+35 32857419395095.188 1.5271991749834357e+21 6.424574234047634e+27 3.6908331823425153e+52 9.93658811259285e+47 84
1.9091099973602846e+39 2.6913158000811697e+66 4.170771835693337e+64 4.891577298734621e+21 1.7751450215455203e+41 1.0421777602134437e+17 4.779005108647083e+22 379612345055.9279 2.0009906594790777e+22 2040.7978649616543 608616396568576.2 9645062263.031559 1.5271991749834357e+21 6.424574234047634e+27 76099361560295.95 0.08384994485253738 3.6908331823425153e+52 9.93658811259285e+47 6.06408696432401 165345531931.16312 84
1.9091099973602846e+39 2.6913158000811697e+66 4.170771835693337e+64 4.891577298734621e+21 1.7751450215455203e+41 1.0421777602134437e+17 4.779005108647083e+22 379612345055.9279 2.0009906594790777e+22 2040.7978649616543 608616396568576.2 9645062263.031559 1.5271991749834357e+21 6.424574234047634e+27 76099361560295.95 0.08384994485253738 3.6908331823425153e+52 9.93658811259285e+47 6.06408696432401 165345531931.16312 84
6.79385525325835e+23 2.6913158000811697e+66 4.170771835693337e+64 1.0421777602134437e+17 4.779005108647083e+22 1095517998053.3976 3.052493977921068e+35 2040.7978649616543 4.526192278413785e+23 9645062263.031559 3438011144132.951 6.424574234047634e+27 76099361560295.95 2.990597051047273e+17 3.6908331823425153e+52 9.93658811259285e+47 84
6.79385525325835e+23 2.6913158000811697e+66 4.170771835693337e+64 3.917165222055964e-265 1.7751450215455203e+41 2.862419464650926e+48 85317435382498.38 1.2634249282490956e+20 2.9366889438430683e-262 2.0009906594790777e+22 7676682209.351645 0.03180727883954456 32857419395095.188 1.5271991749834357e+21 6.424574234047634e+27 3.8583323562085726e-306 8.693072615848785e-156 3.6908331823425153e+52 9.93658811259285e+47 6.06408696432401 165345531931.16312 85
1.9091099973602846e+39 2.6913158000811697e+66 4.170771835693337e+64 1.7751450215455203e+41 1.0421777602134437e+17 4.779005108647083e+22 2.9366889438430683e-262 2.0009906594790777e+22 7676682209.351645 608616396568576.2 9645062263.031559 50356.18287831079 76099361560295.95 0.08384994485253738 3.6908331823425153e+52 9.93658811259285e+47 6.06408696432401 165345531931.16312 84
1.9091099973602846e+39 2.6913158000811697e+66 4.170771835693337e+64 1.7751450215455203e+41 4.779005108647083e+22 608616396568576.2 234.27298758149635 2.990597051047273e+17 84
6.79385525325835e+23 2.6913158000811697e+66 4.170771835693337e+64 4.891577298734621e+21 1.7751450215455203e+41 0.13494128267872982 1.0421777602134437e+17 1.2634249282490956e+20 55480136.593304425 3.052493977921068e+35 27963761187315.047 4.526192278413785e+23 32857419395095.188 3438011144132.951 6.424574234047634e+27 3.8583323562085726e-306 0.045542240156620624 3.6908331823425153e+52 9.93658811259285e+47 85
6.79385525325835e+23 2.6913158000811697e+66 4.170771835693337e+64 4.891577298734621e+21 1.7751450215455203e+41 85317435382498.38 1.2634249282490956e+20 2.9366889438430683e-262 2.0009906594790777e+22 27963761187315.047 4.526192278413785e+23 32857419395095.188 3438011144132.951 50356.18287831079 207633720243.36655 86.32491169496346 0.08384994485253738 3.6908331823425153e+52 3595.69147636101 3741.462752429699 165345531931.16312 84
6.79385525325835e+23 2.6913158000811697e+66 0.4664682280249238 4.891577298734621e+21 1.7751450215455203e+41 0.13494128267872982 1.0421777602134437e+17 1.2634249282490956e+20 1095517998053.3976 2.0009906594790777e+22 0.005100054207422272 9645062263.031559 3438011144132.951 50356.18287831079 3.6908331823425153e+52 9.93658811259285e+47 84
1.9091099973602846e+39 2.6913158000811697e+66 4.170771835693337e+64 1.7751450215455203e+41 1.0421777602134437e+17 4.779005108647083e+22 55480136.593304425 3.052493977921068e+35 0.005100054207422272 608616396568576.2 234.27298758149635 76099361560295.95 2.990597051047273e+17 3.6908331823425153e+52 3595.69147636101 84
6.79385525325835e+23 2.6913158000811697e+66 4.170771835693337e+64 1.7751450215455203e+41 2.862419464650926e+48 1.0421777602134437e+17 1.2634249282490956e+20 1095517998053.3976 3.052493977921068e+35 27963761187315.047 4.526192278413785e+23 32857419395095.188 1.5271991749834357e+21 6.424574234047634e+27 18266572.560785744 3.6908331823425153e+52 9.93658811259285e+47 84
6.79385525325835e+23 2.6913158000811697e+66 4.170771835693337e+64 1.0421777602134437e+17 3.8032192694338434e-156 7.944557651523287e-264 0.005100054207422272 234.27298758149635 84
6.79385525325835e+23 2.6913158000811697e+66 4.170771835693337e+64 4.891577298734621e+21 6550.77288012435 2.862419464650926e+48 85317435382498.38 1.2634249282490956e+20 1095517998053.3976 3.052493977921068e+35 27963761187315.047 201.4747693200869 4641977.071155754 18266572.560785744 0.09029994061042487 9.93658811259285e+47 85
1.9091099973602846e+39 2.6913158000811697e+66 4.170771835693337e+64 139879.64562614105 2.862419464650926e+48 1.0421777602134437e+17 4.779005108647083e+22 379612345055.9279 3.052493977921068e+35 27963761187315.047 608616396568576.2 9645062263.031559 1.5271991749834357e+21 6.424574234047634e+27 76099361560295.95 0.08384994485253738 3.6908331823425153e+52 9.93658811259285e+47 84
6.79385525325835e+23 2.6913158000811697e+66 4.170771835693337e+64 4.891577298734621e+21 139879.64562614105 2.862419464650926e+48 85317435382498.38 1095517998053.3976 3.052493977921068e+35 178.04747056193722 4.526192278413785e+23 32857419395095.188 1.5271991749834357e+21 50356.18287831079 207633720243.36655 76099361560295.95 8.693072615848785e-156 3.6908331823425153e+52 9.93658811259285e+47 85
6.79385525325835e+23 2.6913158000811697e+66 4.170771835693337e+64 58.52829012918534 139879.64562614105 2.862419464650926e+48 85
1.9091099973602846e+39 2.6913158000811697e+66 4.170771835693337e+64 4.891577298734621e+21 139879.64562614105 2.862419464650926e+48 85317435382498.38 1.2634249282490956e+20 2.9366889438430683e-262 3.052493977921068e+35 0.005100054207422272 4.526192278413785e+23 32857419395095.188 1.5271991749834357e+21 50356.18287831079 207633720243.36655 18266572.560785744 3.6908331823425153e+52 9.93658811259285e+47 6.06408696432401 165345531931.16312 84
1.9091099973602846e+39 2.6913158000811697e+66 4.170771835693337e+64 58.52829012918534 1.7751450215455203e+41 2.862419464650926e+48 1.0421777602134437e+17 1.2634249282490956e+20 379612345055.9279 3.052493977921068e+35 2040.7978649616543 4.526192278413785e+23 9645062263.031559 1.5271991749834357e+21 50356.18287831079 207633720243.36655 76099361560295.95 3.6908331823425153e+52 9.93658811259285e+47 84
1.9091099973602846e+39 2.6913158000811697e+66 4.170771835693337e+64 1.4759670220747e-311 1.7751450215455203e+41 0.13494128267872982 85317435382498.38 1.2634249282490956e+20 55480136.593304425 3.052493977921068e+35 27963761187315.047 4.526192278413785e+23 4641977.071155754 1.5271991749834357e+21 76099361560295.95 0.08384994485253738 0.6900000000000001 9.93658811259285e+47 6.06408696432401 165345531931.16312 84
6.79385525325835e+23 2.6913158000811697e+66 4.170771835693337e+64 4.891577298734621e+21 1.7751450215455203e+41 85317435382498.38 1.2634249282490956e+20 2.9366889438430683e-262 2.0009906594790777e+22 27963761187315.047 4.526192278413785e+23 32857419395095.188 3438011144132.951 50356.18287831079 207633720243.36655 86.32491169496346 0.08384994485253738 3.6908331823425153e+52 3595.69147636101 3741.462752429699 165345531931.16312 84
1.9091099973602846e+39 0.0028915708035949592 0.4664682280249238 40069665310.1234 1.7751450215455203e+41 2.862419464650926e+48 85317435382498.38 1095517998053.3976 3.052493977921068e+35 0.005100054207422272 201.4747693200869 9645062263.031559 3.8583323562085726e-306 0.09029994061042487 9.93658811259285e+47 84
6.79385525325835e+23 2.6913158000811697e+66 4.170771835693337e+64 58.52829012918534 6550.77288012435 2.862419464650926e+48 85317435382498.38 1.2634249282490956e+20 55480136.593304425 3.052493977921068e+35 201.4747693200869 32857419395095.188 18266572.560785744 0.09029994061042487 9.93658811259285e+47 85
6.79385525325835e+23 2.6913158000811697e+66 4.170771835693337e+64 4.891577298734621e+21 1.7751450215455203e+41 7.944557651523287e-264 85
1.9091099973602846e+39 2.6913158000811697e+66 4.170771835693337e+64 4.891577298734621e+21 139879.64562614105 2.862419464650926e+48 85317435382498.38 1.2634249282490956e+20 1095517998053.3976 2.0009906594790777e+22 178.04747056193722 0.03180727883954456 32857419395095.188 1.5271991749834357e+21 18266572.560785744 2.701138932706237 3.6908331823425153e+52 9.93658811259285e+47 6.06408696432401 0.8300000000000001 85
1.9091099973602846e+39 2.6913158000811697e+66 0.4664682280249238 4.891577298734621e+21 1.7751450215455203e+41 2.862419464650926e+48 2.0009906594790777e+22 3.6908331823425153e+52 9.93658811259285e+47 84
1.9091099973602846e+39 2.6913158000811697e+66 4.170771835693337e+64 40069665310.1234 1.7751450215455203e+41 2.862419464650926e+48 0.0027366144527631703 4.779005108647083e+22 1095517998053.3976 3.052493977921068e+35 4.526192278413785e+23 32857419395095.188 3438011144132.951 0.735784446860027 207633720243.36655 18266572.560785744 2.990597051047273e+17 3.6908331823425153e+52 9.93658811259285e+47 84
1.9091099973602846e+39 2.6913158000811697e+66 4.170771835693337e+64 1.4759670220747e-311 1.7751450215455203e+41 0.13494128267872982 85317435382498.38 1.2634249282490956e+20 55480136.593304425 3.052493977921068e+35 27963761187315.047 4.526192278413785e+23 4641977.071155754 1.5271991749834357e+21 76099361560295.95 0.08384994485253738 0.6900000000000001 9.93658811259285e+47 6.06408696432401 165345531931.16312 84
1.9091099973602846e+39 2.6913158000811697e+66 4.170771835693337e+64 1.4759670220747e-311 1.7751450215455203e+41 1.0421777602134437e+17 4.779005108647083e+22 7.944557651523287e-264 3.052493977921068e+35 2040.7978649616543 608616396568576.2 32857419395095.188 1.5271991749834357e+21 50356.18287831079 86.32491169496346 2.701138932706237 3.6908331823425153e+52 9.93658811259285e+47 24880331.59141506 165345531931.16312 84
1.9091099973602846e+39 2.6913158000811697e+66 4.170771835693337e+64 84
1.9091099973602846e+39 2.6913158000811697e+66 4.170771835693337e+64 4.891577298734621e+21 1.7751450215455203e+41 2.862419464650926e+48 653.5011521016198 4.779005108647083e+22 1095517998053.3976 3.052493977921068e+35 27963761187315.047 4.526192278413785e+23 9645062263.031559 3.435217516066346e-05 50356.18287831079 76099361560295.95 2.990597051047273e+17 0.6900000000000001 9.93658811259285e+47 24880331.59141506 165345531931.16312 84
6.79385525325835e+23 2.6913158000811697e+66 4.170771835693337e+64 58.52829012918534 1.7751450215455203e+41 1.0421777602134437e+17 4.779005108647083e+22 55480136.593304425 3.052493977921068e+35 27963761187315.047 4.526192278413785e+23 4641977.071155754 1.5271991749834357e+21 50356.18287831079 0.08384994485253738 3.6908331823425153e+52 9.93658811259285e+47 24880331.59141506 165345531931.16312 84
1.9091099973602846e+39 2.6913158000811697e+66 4.170771835693337e+64 4.891577298734621e+21 139879.64562614105 2.862419464650926e+48 85317435382498.38 1.2634249282490956e+20 0.22490213779788304 3.052493977921068e+35 178.04747056193722 0.03180727883954456 32857419395095.188 3438011144132.951 6.424574234047634e+27 18266572.560785744 3.6908331823425153e+52 9.93658811259285e+47 85
6.79385525325835e+23 2.6913158000811697e+66 4.170771835693337e+64 3.917165222055964e-265 1.7751450215455203e+41 0.0027366144527631703 4.796892821743e-311 1095517998053.3976 3.052493977921068e+35 178.04747056193722 0.03180727883954456 4641977.071155754 1.5271991749834357e+21 6.424574234047634e+27 18266572.560785744 2.701138932706237 3.6908331823425153e+52 9.93658811259285e+47 85
6.79385525325835e+23 2.6913158000811697e+66 4.170771835693337e+64 4.891577298734621e+21 1.7751450215455203e+41 0.13494128267872982 1.0421777602134437e+17 1.2634249282490956e+20 55480136.593304425 3.052493977921068e+35 27963761187315.047 4.526192278413785e+23 32857419395095.188 3438011144132.951 6.424574234047634e+27 3.8583323562085726e-306 0.045542240156620624 3.6908331823425153e+52 9.93658811259285e+47 85
6.79385525325835e+23 2.6913158000811697e+66 4.170771835693337e+64 58.52829012918534 6550.77288012435 2.862419464650926e+48 1.0421777602134437e+17 4.779005108647083e+22 0.22490213779788304 3.052493977921068e+35 178.04747056193722 608616396568576.2 32857419395095.188 3438011144132.951 6.424574234047634e+27 2.990597051047273e+17 3.6908331823425153e+52 9.93658811259285e+47 84
6.79385525325835e+23 2.6913158000811697e+66 4.170771835693337e+64 4.891577298734621e+21 6550.77288012435 2.862419464650926e+48 0.0027366144527631703 1.2634249282490956e+20 55480136.593304425 3.052493977921068e+35 27963761187315.047 4.526192278413785e+23 32857419395095.188 18266572.560785744 8.693072615848785e-156 0.09029994061042487 9.93658811259285e+47 85
6.79385525325835e+23 2.6913158000811697e+66 4.170771835693337e+64 4.891577298734621e+21 6550.77288012435 0.13494128267872982 1.0421777602134437e+17 55480136.593304425 3.052493977921068e+35 178.04747056193722 32857419395095.188 0.045542240156620624 3.6908331823425153e+52 9.93658811259285e+47 85
6.79385525325835e+23 2.6913158000811697e+66 4.170771835693337e+64 4.891577298734621e+21 1.7751450215455203e+41 2.862419464650926e+48 85317435382498.38 1.2634249282490956e+20 0.22490213779788304 3.052493977921068e+35 7676682209.351645 201.4747693200869 32857419395095.188 1.5271991749834357e+21 6.424574234047634e+27 18266572.560785744 3.6908331823425153e+52 3595.69147636101 3741.462752429699 165345531931.16312 85
6.79385525325835e+23 2.6913158000811697e+66 4.170771835693337e+64 3.917165222055964e-265 6550.77288012435 2.862419464650926e+48 85317435382498.38 1.2634249282490956e+20 1095517998053.3976 3.052493977921068e+35 7676682209.351645 201.4747693200869 32857419395095.188 86.32491169496346 0.045542240156620624 3.6908331823425153e+52 3595.69147636101 85
6.79385525325835e+23 2.6913158000811697e+66 4.170771835693337e+64 2.862419464650926e+48 1.0421777602134437e+17 1.2634249282490956e+20 1095517998053.3976 3.052493977921068e+35 27963761187315.047 4.526192278413785e+23 4641977.071155754 3.6908331823425153e+52 3595.69147636101 85
6.79385525325835e+23 2.6913158000811697e+66 4.170771835693337e+64 4.891577298734621e+21 1.7751450215455203e+41 2.862419464650926e+48 0.0027366144527631703 1.2634249282490956e+20 0.22490213779788304 3.052493977921068e+35 178.04747056193722 4.526192278413785e+23 32857419395095.188 3438011144132.951 6.424574234047634e+27 3.6908331823425153e+52 3595.69147636101 85
1.9091099973602846e+39 2.6913158000811697e+66 4.170771835693337e+64 1.7751450215455203e+41 2.862419464650926e+48 2.0009906594790777e+22 2040.7978649616543 234.27298758149635 3.435217516066346e-05 6.424574234047634e+27 2.990597051047273e+17 84
6.79385525325835e+23 2.6913158000811697e+66 4.170771835693337e+64 4.891577298734621e+21 1.7751450215455203e+41 2.862419464650926e+48 85317435382498.38 1.2634249282490956e+20 1095517998053.3976 2.0009906594790777e+22 178.04747056193722 4.526192278413785e+23 32857419395095.188 86.32491169496346 0.09029994061042487 3595.69147636101 85
1.9091099973602846e+39 2.6913158000811697e+66 4.170771835693337e+64 1.7751450215455203e+41 4.779005108647083e+22 608616396568576.2 234.27298758149635 2.990597051047273e+17 84
6.79385525325835e+23 2.6913158000811697e+66 4.170771835693337e+64 40069665310.1234 139879.64562614105 2.862419464650926e+48 85317435382498.38 1.2634249282490956e+20 1095517998053.3976 3.052493977921068e+35 27963761187315.047 4.526192278413785e+23 4641977.071155754 3438011144132.951 6.424574234047634e+27 18266572.560785744 8.693072615848785e-156 0.09029994061042487 9.93658811259285e+47 3741.462752429699 9.145539295291736e-06 85
6.79385525325835e+23 2.6913158000811697e+66 4.170771835693337e+64 4.891577298734621e+21 1.7751450215455203e+41 2.862419464650926e+48 0.0027366144527631703 1.2634249282490956e+20 0.22490213779788304 3.052493977921068e+35 178.04747056193722 4.526192278413785e+23 32857419395095.188 3438011144132.951 6.424574234047634e+27 3.6908331823425153e+52 3595.69147636101 85
1.9091099973602846e+39 2.6913158000811697e+66 4.170771835693337e+64 4.891577298734621e+21 6550.77288012435 2.862419464650926e+48 1.0421777602134437e+17 379612345055.9279 2040.7978649616543 608616396568576.2 9645062263.031559 1.5271991749834357e+21 6.424574234047634e+27 76099361560295.95 2.990597051047273e+17 3.6908331823425153e+52 3595.69147636101 84
1.9091099973602846e+39 2.6913158000811697e+66 4.170771835693337e+64 58.52829012918534 1.7751450215455203e+41 2.862419464650926e+48 1.0421777602134437e+17 7.944557651523287e-264 2.0009906594790777e+22 2040.7978649616543 608616396568576.2 9645062263.031559 1.5271991749834357e+21 0.735784446860027 18266572.560785744 2.990597051047273e+17 3.6908331823425153e+52 9.93658811259285e+47 24880331.59141506 165345531931.16312 84
1.9091099973602846e+39 2.6913158000811697e+66 4.170771835693337e+64 4.891577298734621e+21 1.7751450215455203e+41 2.862419464650926e+48 1.0421777602134437e+17 4.779005108647083e+22 55480136.593304425 3.052493977921068e+35 0.005100054207422272 608616396568576.2 9645062263.031559 1.5271991749834357e+21 6.424574234047634e+27 86.32491169496346 2.990597051047273e+17 3.6908331823425153e+52 9.93658811259285e+47 24880331.59141506 165345531931.16312 84
6.79385525325835e+23 2.6913158000811697e+66 4.170771835693337e+64 4.891577298734621e+21 6550.77288012435 0.13494128267872982 1.0421777602134437e+17 55480136.593304425 3.052493977921068e+35 178.04747056193722 32857419395095.188 0.045542240156620624 3.6908331823425153e+52 9.93658811259285e+47 85
6.79385525325835e+23 2.6913158000811697e+66 4.170771835693337e+64 58.52829012918534 1.7751450215455203e+41 2.862419464650926e+48 1.0421777602134437e+17 4.779005108647083e+22 2.9366889438430683e-262 2.0009906594790777e+22 0.005100054207422272 201.4747693200869 4641977.071155754 3438011144132.951 0.735784446860027 3.8583323562085726e-306 2.701138932706237 3.6908331823425153e+52 9.93658811259285e+47 6.06408696432401 165345531931.16312 85
6.79385525325835e+23 2.6913158000811697e+66 4.170771835693337e+64 0.0027366144527631703 1.2634249282490956e+20 55480136.593304425 3.052493977921068e+35 7676682209.351645 4.526192278413785e+23 4641977.071155754 1.5271991749834357e+21 6.424574234047634e+27 86.32491169496346 8.693072615848785e-156 85
1.9091099973602846e+39 2.6913158000811697e+66 0.4664682280249238 3.917165222055964e-265 8.8289663662566e-311 2.862419464650926e+48 3.6908331823425153e+52 9.93658811259285e+47 84
1.9091099973602846e+39 2.6913158000811697e+66 4.170771835693337e+64 653.5011521016198 4.779005108647083e+22 2.0009906594790777e+22 7676682209.351645 608616396568576.2 32857419395095.188 3.6908331823425153e+52 3595.69147636101 24880331.59141506 165345531931.16312 84
6.79385525325835e+23 2.6913158000811697e+66 4.170771835693337e+64 40069665310.1234 1.7751450215455203e+41 2.862419464650926e+48 85317435382498.38 1.2634249282490956e+20 55480136.593304425 3.052493977921068e+35 0.005100054207422272 0.03180727883954456 4641977.071155754 3438011144132.951 6.424574234047634e+27 3.6908331823425153e+52 9.93658811259285e+47 3741.462752429699 84
1.9091099973602846e+39 2.6913158000811697e+66 4.170771835693337e+64 58.52829012918534 1.7751450215455203e+41 2.862419464650926e+48 1.0421777602134437e+17 4.779005108647083e+22 55480136.593304425 3.052493977921068e+35 27963761187315.047 4.526192278413785e+23 9645062263.031559 3.435217516066346e-05 6.424574234047634e+27 76099361560295.95 0.08384994485253738 3.6908331823425153e+52 9.93658811259285e+47 24880331.59141506 165345531931.16312 84
6.79385525325835e+23 2.6913158000811697e+66 4.170771835693337e+64 58.52829012918534 1.7751450215455203e+41 2.862419464650926e+48 1.0421777602134437e+17 1.2634249282490956e+20 1095517998053.3976 3.052493977921068e+35 27963761187315.047 4.526192278413785e+23 4641977.071155754 3438011144132.951 50356.18287831079 207633720243.36655 3.6908331823425153e+52 9.93658811259285e+47 84
1.9091099973602846e+39 0.0028915708035949592 0.4664682280249238 4.891577298734621e+21 1.7751450215455203e+41 2.862419464650926e+48 653.5011521016198 3.8032192694338434e-156 7.944557651523287e-264 27963761187315.047 4.526192278413785e+23 9645062263.031559 18266572.560785744 3.6908331823425153e+52 9.93658811259285e+47 24880331.59141506 165345531931.16312 84
6.79385525325835e+23 2.6913158000811697e+66 4.170771835693337e+64 4.891577298734621e+21 1.7751450215455203e+41 0.13494128267872982 1.0421777602134437e+17 1.2634249282490956e+20 55480136.593304425 3.052493977921068e+35 27963761187315.047 4.526192278413785e+23 32857419395095.188 3438011144132.951 6.424574234047634e+27 3.8583323562085726e-306 0.045542240156620624 3.6908331823425153e+52 9.93658811259285e+47 85
1.9091099973602846e+39 2.6913158000811697e+66 4.170771835693337e+64 58.52829012918534 1.7751450215455203e+41 2.862419464650926e+48 55480136.593304425 2.0009906594790777e+22 0.005100054207422272 608616396568576.2 4641977.071155754 1.5271991749834357e+21 50356.18287831079 207633720243.36655 76099361560295.95 0.08384994485253738 3.6908331823425153e+52 9.93658811259285e+47 24880331.59141506 165345531931.16312 84
1.9091099973602846e+39 2.6913158000811697e+66 4.170771835693337e+64 58.52829012918534 1.7751450215455203e+41 2.862419464650926e+48 0.8300000000000001 84
1.9091099973602846e+39 2.6913158000811697e+66 4.170771835693337e+64 4.891577298734621e+21 139879.64562614105 0.13494128267872982 1.0421777602134437e+17 1.2634249282490956e+20 1095517998053.3976 3.052493977921068e+35 4.526192278413785e+23 4641977.071155754 3438011144132.951 6.424574234047634e+27 18266572.560785744 8.693072615848785e-156 3.6908331823425153e+52 9.93658811259285e+47 6.06408696432401 165345531931.16312 85
1.9091099973602846e+39 2.6913158000811697e+66 4.170771835693337e+64 1.7751450215455203e+41 0.19 379612345055.9279 3.052493977921068e+35 0.005100054207422272 6.424574234047634e+27 207633720243.36655 6.06408696432401 165345531931.16312 84
1.9091099973602846e+39 2.6913158000811697e+66 4.170771835693337e+64 4.891577298734621e+21 6550.77288012435 2.862419464650926e+48 1095517998053.3976 3.052493977921068e+35 4.526192278413785e+23 86.32491169496346 3.6908331823425153e+52 9.915535952452522e-156 85
6.79385525325835e+23 2.6913158000811697e+66 4.170771835693337e+64 40069665310.1234 1.7751450215455203e+41 1.0421777602134437e+17 4.779005108647083e+22 2.9366889438430683e-262 3.052493977921068e+35 7676682209.351645 4.526192278413785e+23 32857419395095.188 3438011144132.951 6.424574234047634e+27 76099361560295.95 2.701138932706237 3.6908331823425153e+52 9.93658811259285e+47 84
6.79385525325835e+23 2.6913158000811697e+66 4.170771835693337e+64 58.52829012918534 139879.64562614105 2.862419464650926e+48 1.0421777602134437e+17 1.2634249282490956e+20 1095517998053.3976 3.052493977921068e+35 7676682209.351645 201.4747693200869 3438011144132.951 6.424574234047634e+27 86.32491169496346 0.045542240156620624 3.6908331823425153e+52 9.93658811259285e+47 3741.462752429699 165345531931.16312 85
1.9091099973602846e+39 2.6913158000811697e+66 4.170771835693337e+64 1.7751450215455203e+41 2.862419464650926e+48 1.0421777602134437e+17 3.8032192694338434e-156 2.9366889438430683e-262 2.0009906594790777e+22 7676682209.351645 4.526192278413785e+23 4641977.071155754 1.5271991749834357e+21 6.424574234047634e+27 76099361560295.95 2.990597051047273e+17 3.6908331823425153e+52 9.93658811259285e+47 84
1.9091099973602846e+39 2.6913158000811697e+66 4.170771835693337e+64 4.891577298734621e+21 1.7751450215455203e+41 0.13494128267872982 85317435382498.38 1.2634249282490956e+20 0.22490213779788304 3.052493977921068e+35 7676682209.351645 201.4747693200869 32857419395095.188 3438011144132.951 6.424574234047634e+27 18266572.560785744 0.08384994485253738 3.6908331823425153e+52 3595.69147636101 24880331.59141506 165345531931.16312 84
1.9091099973602846e+39 2.6913158000811697e+66 4.170771835693337e+64 1.7751450215455203e+41 1.0421777602134437e+17 4.779005108647083e+22 55480136.593304425 3.052493977921068e+35 0.005100054207422272 608616396568576.2 234.27298758149635 76099361560295.95 2.990597051047273e+17 3.6908331823425153e+52 3595.69147636101 84
1.9091099973602846e+39 2.6913158000811697e+66 4.170771835693337e+64 58.52829012918534 1.7751450215455203e+41 2.862419464650926e+48 1.0421777602134437e+17 1.2634249282490956e+20 379612345055.9279 2.0009906594790777e+22 0.005100054207422272 608616396568576.2 9645062263.031559 3438011144132.951 6.424574234047634e+27 0.09029994061042487 9.915535952452522e-156 24880331.59141506 165345531931.16312 85
6.79385525325835e+23 0.0028915708035949592 0.4664682280249238 4.891577298734621e+21 1.7751450215455203e+41 85317435382498.38 1095517998053.3976 3.052493977921068e+35 2040.7978649616543 4.526192278413785e+23 32857419395095.188 1.5271991749834357e+21 6.424574234047634e+27 86.32491169496346 3.6908331823425153e+52 9.93658811259285e+47 3741.462752429699 165345531931.16312 85
6.79385525325835e+23 2.6913158000811697e+66 4.170771835693337e+64 40069665310.1234 139879.64562614105 2.862419464650926e+48 0.0027366144527631703 1095517998053.3976 3.052493977921068e+35 178.04747056193722 201.4747693200869 32857419395095.188 3438011144132.951 6.424574234047634e+27 18266572.560785744 2.701138932706237 0.09029994061042487 3595.69147636101 85
1.9091099973602846e+39 2.6913158000811697e+66 4.170771835693337e+64 1.7751450215455203e+41 2.862419464650926e+48 1.0421777602134437e+17 1.2634249282490956e+20 55480136.593304425 3.052493977921068e+35 27963761187315.047 4.526192278413785e+23 4641977.071155754 3438011144132.951 6.424574234047634e+27 86.32491169496346 0.08384994485253738 9.100560394716697e-156 3595.69147636101 6.06408696432401 165345531931.16312 84
1.9091099973602846e+39 2.6913158000811697e+66 4.170771835693337e+64 40069665310.1234 1.7751450215455203e+41 2.862419464650926e+48 85317435382498.38 1.2634249282490956e+20 2.9366889438430683e-262 2.0009906594790777e+22 2040.7978649616543 608616396568576.2 234.27298758149635 3.435217516066346e-05 6.424574234047634e+27 76099361560295.95 0.08384994485253738 3.6908331823425153e+52 9.93658811259285e+47 6.06408696432401 84
1.9091099973602846e+39 2.6913158000811697e+66 4.170771835693337e+64 58.52829012918534 1.7751450215455203e+41 2.862419464650926e+48 653.5011521016198 4.779005108647083e+22 379612345055.9279 3.052493977921068e+35 0.005100054207422272 608616396568576.2 9645062263.031559 1.5271991749834357e+21 6.424574234047634e+27 86.32491169496346 2.990597051047273e+17 3.6908331823425153e+52 9.93658811259285e+47 84
1.9091099973602846e+39 2.6913158000811697e+66 4.170771835693337e+64 1.4759670220747e-311 1.7751450215455203e+41 2.862419464650926e+48 1.0421777602134437e+17 4.779005108647083e+22 55480136.593304425 3.052493977921068e+35 2040.7978649616543 4.526192278413785e+23 9645062263.031559 3438011144132.951 6.424574234047634e+27 3.6908331823425153e+52 9.93658811259285e+47 24880331.59141506 84
1.9091099973602846e+39 0.0028915708035949592 0.4664682280249238 3.6908331823425153e+52 9.93658811259285e+47 6.06408696432401 84
