3.041158567776314e+24 1.4014072064002395e+66 0.4313343357837516 34711041393.80556 7.158343925533616e+41 0.021192680387184352 8.348062547967973e+16 1.6314373589007251e+19 0.00021610001005579145 1.1531704806985853e+36 7006441698.647507 1.9256147864697256e+16 3969053.1804063413 2826748609631.335 3.953898078017723 179866305404.26505 0.07652912362038794 2.3374600143492836e+52 6.211393744404363e+47 5.6073463651887705 888520232557.4948 84
3.041158567776314e+24 1.4014072064002395e+66 2.2292158863371792e+64 3.670732901245677e+21 7.158343925533616e+41 1.0535034369123374e+49 0.002530495567037259 6.500850618526306e-181 0.21069467129119368 1.1531704806985853e+36 27.962555591551425 188.7472502429725 26665231128279.027 5.096724153019298e-266 1.4090110490382962e+26 468536.2430097395 2.597424308173536 2.3374600143492836e+52 3324.867790999648 85
2.1078312365121805e+38 1.4014072064002395e+66 2.2292158863371792e+64 7.158343925533616e+41 1.0535034369123374e+49 8.348062547967973e+16 157030685187.72516 1.1531704806985853e+36 1.9256147864697256e+16 5.096724153019298e-266 3.953898078017723 4.015899908658878e+16 2.3374600143492836e+52 3324.867790999648 84
2.1078312365121805e+38 1.4014072064002395e+66 2.2292158863371792e+64 7.158343925533616e+41 1.0535034369123374e+49 2.9058826195446944e+21 11256.69412710223 219.47354679415403 5.096724153019298e-266 1.4090110490382962e+26 4.015899908658878e+16 84
3.041158567776314e+24 1.4014072064002395e+66 2.2292158863371792e+64 3.670732901245677e+21 7.158343925533616e+41 1.0535034369123374e+49 11914252206252.34 1.6314373589007251e+19 0.21069467129119368 1.1531704806985853e+36 7006441698.647507 188.7472502429725 26665231128279.027 2.024196417955156e+20 1.4090110490382962e+26 468536.2430097395 2.3374600143492836e+52 3324.867790999648 20637.272566354088 888520232557.4948 85
2.1078312365121805e+38 1.4014072064002395e+66 2.2292158863371792e+64 3.670732901245677e+21 7.158343925533616e+41 1.0535034369123374e+49 3748.5322121971444 351020338788.146 2.9058826195446944e+21 11256.69412710223 5.404380617488631e+22 26665231128279.027 2826748609631.335 263628.0727684598 179866305404.26505 0.07652912362038794 2.3374600143492836e+52 6.211393744404363e+47 3.241970885394822e-270 84
2.1078312365121805e+38 1.4014072064002395e+66 2.2292158863371792e+64 52.72563116226185 7.158343925533616e+41 1.0535034369123374e+49 0.8300000000000001 84
2.1078312365121805e+38 1.4014072064002395e+66 2.2292158863371792e+64 34711041393.80556 7.158343925533616e+41 1.0535034369123374e+49 0.00021610001005579145 1.1531704806985853e+36 5.404380617488631e+22 8802965211.12123 2826748609631.335 354248331015012.7 2.3374600143492836e+52 3324.867790999648 20637.272566354088 888520232557.4948 85
3.041158567776314e+24 1.4014072064002395e+66 2.2292158863371792e+64 7.158343925533616e+41 1.0535034369123374e+49 3748.5322121971444 2.283496222226806e+23 45024554.798229076 2.9058826195446944e+21 0.004715923556751255 1.9256147864697256e+16 8802965211.12123 263628.0727684598 0.007246419123788514 2.3374600143492836e+52 6.211393744404363e+47 84
3.041158567776314e+24 1.4014072064002395e+66 2.2292158863371792e+64 7.158343925533616e+41 8.348062547967973e+16 2.283496222226806e+23 45024554.798229076 2.9058826195446944e+21 11256.69412710223 1.9256147864697256e+16 219.47354679415403 2826748609631.335 3.953898078017723 354248331015012.7 4.015899908658878e+16 2.3374600143492836e+52 84
3.041158567776314e+24 1.4014072064002395e+66 2.2292158863371792e+64 52.72563116226185 7.158343925533616e+41 1.0535034369123374e+49 8.348062547967973e+16 1.1531704806985853e+36 22693813726194.93 8802965211.12123 2.024196417955156e+20 3.953898078017723 179866305404.26505 354248331015012.7 0.07652912362038794 2.3374600143492836e+52 6.211393744404363e+47 84
2.1078312365121805e+38 1.4014072064002395e+66 2.2292158863371792e+64 7.158343925533616e+41 0.19 351020338788.146 1.1531704806985853e+36 0.004715923556751255 1.4090110490382962e+26 179866305404.26505 5.6073463651887705 888520232557.4948 84
2.1078312365121805e+38 1.4014072064002395e+66 2.2292158863371792e+64 3.670732901245677e+21 7.158343925533616e+41 1.0535034369123374e+49 11914252206252.34 1.6314373589007251e+19 45024554.798229076 1.1531704806985853e+36 7006441698.647507 1.9256147864697256e+16 3969053.1804063413 2.024196417955156e+20 263628.0727684598 179866305404.26505 0.07652912362038794 2.3374600143492836e+52 6.211393744404363e+47 84
2.1078312365121805e+38 1.4014072064002395e+66 2.2292158863371792e+64 7.158343925533616e+41 8.348062547967973e+16 351020338788.146 2.9058826195446944e+21 11256.69412710223 1.9256147864697256e+16 2.024196417955156e+20 8.99760456522357e-177 2.3374600143492836e+52 6.211393744404363e+47 84
3.041158567776314e+24 1.4014072064002395e+66 2.2292158863371792e+64 3.670732901245677e+21 121173.16629562227 1.0535034369123374e+49 0.002530495567037259 1.6314373589007251e+19 157030685187.72516 1.1531704806985853e+36 27.962555591551425 3969053.1804063413 2.024196417955156e+20 1.4090110490382962e+26 0.007246419123788514 2.3374600143492836e+52 6.211393744404363e+47 85
2.1078312365121805e+38 1.4014072064002395e+66 0.4313343357837516 3.670732901245677e+21 1.0535034369123374e+49 8.348062547967973e+16 2.283496222226806e+23 0.00022264849520899725 2.9058826195446944e+21 11256.69412710223 219.47354679415403 2826748609631.335 1.4090110490382962e+26 2.3374600143492836e+52 6.211393744404363e+47 84
2.1078312365121805e+38 1.4014072064002395e+66 2.2292158863371792e+64 3.670732901245677e+21 121173.16629562227 11914252206252.34 1.6314373589007251e+19 157030685187.72516 1.1531704806985853e+36 27.962555591551425 0.005060991134074518 219.47354679415403 2.024196417955156e+20 3.953898078017723 354248331015012.7 4.015899908658878e+16 84
3.041158567776314e+24 1.4014072064002395e+66 2.2292158863371792e+64 1.0977967313366427e-05 7.158343925533616e+41 0.002530495567037259 6.500850618526306e-181 157030685187.72516 1.1531704806985853e+36 27.962555591551425 0.005060991134074518 3969053.1804063413 2.024196417955156e+20 1.4090110490382962e+26 468536.2430097395 2.597424308173536 2.3374600143492836e+52 6.211393744404363e+47 85
2.1078312365121805e+38 1.4014072064002395e+66 2.2292158863371792e+64 3.670732901245677e+21 7.158343925533616e+41 1.0535034369123374e+49 11914252206252.34 1.6314373589007251e+19 45024554.798229076 1.1531704806985853e+36 0.004715923556751255 1.9256147864697256e+16 8802965211.12123 2.024196417955156e+20 1.4090110490382962e+26 354248331015012.7 0.07652912362038794 2.3374600143492836e+52 6.211393744404363e+47 20637.272566354088 888520232557.4948 84
2.1078312365121805e+38 1.4014072064002395e+66 2.2292158863371792e+64 34711041393.80556 7.158343925533616e+41 11914252206252.34 1.6314373589007251e+19 0.00021610001005579145 2.9058826195446944e+21 22693813726194.93 5.404380617488631e+22 3969053.1804063413 2.024196417955156e+20 3.953898078017723 354248331015012.7 0.07652912362038794 2.3374600143492836e+52 6.211393744404363e+47 84
2.1078312365121805e+38 1.4014072064002395e+66 2.2292158863371792e+64 3.670732901245677e+21 1002.2996596319236 1.0535034369123374e+49 3748.5322121971444 1.6314373589007251e+19 157030685187.72516 1.1531704806985853e+36 22693813726194.93 5.404380617488631e+22 3969053.1804063413 2.024196417955156e+20 3.953898078017723 354248331015012.7 0.07652912362038794 2.3374600143492836e+52 6.211393744404363e+47 84
3.041158567776314e+24 1.4014072064002395e+66 2.2292158863371792e+64 3.670732901245677e+21 7.158343925533616e+41 1.0535034369123374e+49 11914252206252.34 1.6314373589007251e+19 45024554.798229076 1.1531704806985853e+36 7006441698.647507 5.404380617488631e+22 3969053.1804063413 2826748609631.335 3.953898078017723 75.76281169514634 2.3374600143492836e+52 3324.867790999648 85
2.1078312365121805e+38 1.4014072064002395e+66 2.2292158863371792e+64 3.670732901245677e+21 7.158343925533616e+41 1.0535034369123374e+49 3748.5322121971444 2.283496222226806e+23 351020338788.146 1.1531704806985853e+36 7006441698.647507 1.9256147864697256e+16 219.47354679415403 2826748609631.335 1.4090110490382962e+26 354248331015012.7 4.015899908658878e+16 2.3374600143492836e+52 6.211393744404363e+47 20637.272566354088 0.8300000000000001 84
2.1078312365121805e+38 1.4014072064002395e+66 2.2292158863371792e+64 52.72563116226185 121173.16629562227 0.021192680387184352 11914252206252.34 45024554.798229076 1.1531704806985853e+36 22693813726194.93 188.7472502429725 8802965211.12123 2.024196417955156e+20 1.4090110490382962e+26 75.76281169514634 1.0119950618130458e-90 2.3374600143492836e+52 6.211393744404363e+47 5.6073463651887705 84
3.041158567776314e+24 1.4014072064002395e+66 2.2292158863371792e+64 3.670732901245677e+21 7.158343925533616e+41 1.0535034369123374e+49 8.348062547967973e+16 2.283496222226806e+23 45024554.798229076 188.7472502429725 26665231128279.027 2.024196417955156e+20 1.4090110490382962e+26 354248331015012.7 2.3374600143492836e+52 3324.867790999648 5.6073463651887705 888520232557.4948 85
2.1078312365121805e+38 1.4014072064002395e+66 2.2292158863371792e+64 52.72563116226185 121173.16629562227 0.021192680387184352 11914252206252.34 45024554.798229076 1.1531704806985853e+36 22693813726194.93 188.7472502429725 8802965211.12123 2.024196417955156e+20 1.4090110490382962e+26 75.76281169514634 1.0119950618130458e-90 2.3374600143492836e+52 6.211393744404363e+47 5.6073463651887705 84
2.1078312365121805e+38 0.0027444909638268842 2.2292158863371792e+64 1.0977967313366427e-05 7.158343925533616e+41 1.0535034369123374e+49 188.7472502429725 2.024196417955156e+20 468536.2430097395 0.0824159792834947 6.211393744404363e+47 20637.272566354088 888520232557.4948 84
3.041158567776314e+24 1.4014072064002395e+66 2.2292158863371792e+64 52.72563116226185 121173.16629562227 1.0535034369123374e+49 0.002530495567037259 2.283496222226806e+23 45024554.798229076 1.1531704806985853e+36 27.962555591551425 5.404380617488631e+22 3969053.1804063413 5.096724153019298e-266 1.4090110490382962e+26 179866305404.26505 2.3374600143492836e+52 6.211393744404363e+47 85
2.1078312365121805e+38 1.4014072064002395e+66 2.2292158863371792e+64 34711041393.80556 8.348062547967973e+16 1.6314373589007251e+19 45024554.798229076 1.1531704806985853e+36 11256.69412710223 1.9256147864697256e+16 3969053.1804063413 0.0824159792834947 6.211393744404363e+47 5.6073463651887705 84
3.041158567776314e+24 1.4014072064002395e+66 2.2292158863371792e+64 34711041393.80556 1002.2996596319236 1.0535034369123374e+49 0.002530495567037259 1.6314373589007251e+19 0.21069467129119368 1.1531704806985853e+36 27.962555591551425 188.7472502429725 468536.2430097395 2.597424308173536 2.3374600143492836e+52 1.1543068673805053e-90 85
3.041158567776314e+24 1.4014072064002395e+66 2.2292158863371792e+64 34711041393.80556 7.158343925533616e+41 1.0535034369123374e+49 8.348062547967973e+16 2.283496222226806e+23 157030685187.72516 2.9058826195446944e+21 7006441698.647507 5.404380617488631e+22 8802965211.12123 2.024196417955156e+20 1.4090110490382962e+26 179866305404.26505 468536.2430097395 4.015899908658878e+16 2.3374600143492836e+52 6.211393744404363e+47 3806810.0081106164 888520232557.4948 84
3.041158567776314e+24 1.4014072064002395e+66 2.2292158863371792e+64 3.670732901245677e+21 121173.16629562227 1.0535034369123374e+49 0.002530495567037259 1.6314373589007251e+19 45024554.798229076 1.1531704806985853e+36 27.962555591551425 5.404380617488631e+22 3969053.1804063413 2.024196417955156e+20 1.4090110490382962e+26 75.76281169514634 4.015899908658878e+16 2.3374600143492836e+52 1.1543068673805053e-90 20637.272566354088 888520232557.4948 85
3.041158567776314e+24 1.4014072064002395e+66 2.2292158863371792e+64 3.670732901245677e+21 1002.2996596319236 1.0535034369123374e+49 157030685187.72516 1.1531704806985853e+36 1.0594323303355323e-90 6.211393744404363e+47 84
2.1078312365121805e+38 1.4014072064002395e+66 2.2292158863371792e+64 3.670732901245677e+21 7.158343925533616e+41 1.0535034369123374e+49 11914252206252.34 1.6314373589007251e+19 45024554.798229076 1.1531704806985853e+36 0.004715923556751255 1.9256147864697256e+16 8802965211.12123 2.024196417955156e+20 1.4090110490382962e+26 354248331015012.7 0.07652912362038794 2.3374600143492836e+52 6.211393744404363e+47 20637.272566354088 888520232557.4948 84
2.1078312365121805e+38 1.4014072064002395e+66 2.2292158863371792e+64 1.0977967313366427e-05 7.158343925533616e+41 1.0535034369123374e+49 3748.5322121971444 2.283496222226806e+23 0.00022264849520899725 2.9058826195446944e+21 5.404380617488631e+22 2.3374600143492836e+52 84
2.1078312365121805e+38 1.4014072064002395e+66 2.2292158863371792e+64 3.670732901245677e+21 7.158343925533616e+41 1.0535034369123374e+49 3748.5322121971444 2.283496222226806e+23 45024554.798229076 2.9058826195446944e+21 22693813726194.93 5.404380617488631e+22 8802965211.12123 2.024196417955156e+20 1.4090110490382962e+26 75.76281169514634 4.015899908658878e+16 2.3374600143492836e+52 6.211393744404363e+47 5.6073463651887705 888520232557.4948 84
2.1078312365121805e+38 1.4014072064002395e+66 2.2292158863371792e+64 7.158343925533616e+41 1.0535034369123374e+49 0.002530495567037259 0.21069467129119368 1.1531704806985853e+36 11256.69412710223 5.404380617488631e+22 8802965211.12123 2.024196417955156e+20 3.953898078017723 2.3374600143492836e+52 6.211393744404363e+47 84
3.041158567776314e+24 1.4014072064002395e+66 2.2292158863371792e+64 3.670732901245677e+21 1002.2996596319236 0.021192680387184352 8.348062547967973e+16 45024554.798229076 1.1531704806985853e+36 27.962555591551425 26665231128279.027 0.007246419123788514 2.3374600143492836e+52 6.211393744404363e+47 85
2.1078312365121805e+38 1.4014072064002395e+66 2.2292158863371792e+64 34711041393.80556 7.158343925533616e+41 1.0535034369123374e+49 3748.5322121971444 2.283496222226806e+23 0.21069467129119368 2.9058826195446944e+21 0.004715923556751255 1.9256147864697256e+16 219.47354679415403 354248331015012.7 4.015899908658878e+16 2.3374600143492836e+52 3324.867790999648 3806810.0081106164 888520232557.4948 84
3.041158567776314e+24 1.4014072064002395e+66 2.2292158863371792e+64 2.0002617287773247e-181 7.158343925533616e+41 1.0535034369123374e+49 8.348062547967973e+16 2.283496222226806e+23 351020338788.146 2.9058826195446944e+21 11256.69412710223 1.9256147864697256e+16 219.47354679415403 5.096724153019298e-266 3.953898078017723 179866305404.26505 354248331015012.7 4.015899908658878e+16 2.3374600143492836e+52 6.211393744404363e+47 84
2.1078312365121805e+38 1.4014072064002395e+66 0.4313343357837516 52.72563116226185 7.158343925533616e+41 1.0535034369123374e+49 11914252206252.34 1.6314373589007251e+19 0.21069467129119368 1.1531704806985853e+36 7006441698.647507 5.404380617488631e+22 26665231128279.027 2826748609631.335 1.4090110490382962e+26 8.99760456522357e-177 4.015899908658878e+16 2.3374600143492836e+52 6.211393744404363e+47 20637.272566354088 84
2.1078312365121805e+38 1.4014072064002395e+66 2.2292158863371792e+64 34711041393.80556 7.158343925533616e+41 1.0535034369123374e+49 11914252206252.34 1.6314373589007251e+19 0.00021610001005579145 2.9058826195446944e+21 11256.69412710223 1.9256147864697256e+16 219.47354679415403 5.096724153019298e-266 1.4090110490382962e+26 354248331015012.7 0.07652912362038794 2.3374600143492836e+52 6.211393744404363e+47 5.6073463651887705 84
2.1078312365121805e+38 1.4014072064002395e+66 2.2292158863371792e+64 3.670732901245677e+21 7.158343925533616e+41 1.0535034369123374e+49 8.348062547967973e+16 2.283496222226806e+23 45024554.798229076 1.1531704806985853e+36 11256.69412710223 1.9256147864697256e+16 219.47354679415403 2.024196417955156e+20 3.953898078017723 179866305404.26505 354248331015012.7 4.015899908658878e+16 2.3374600143492836e+52 6.211393744404363e+47 3806810.0081106164 888520232557.4948 84
2.1078312365121805e+38 1.4014072064002395e+66 2.2292158863371792e+64 3.670732901245677e+21 121173.16629562227 1.0535034369123374e+49 11914252206252.34 1.6314373589007251e+19 157030685187.72516 1.1531704806985853e+36 27.962555591551425 0.005060991134074518 26665231128279.027 2.024196417955156e+20 468536.2430097395 2.597424308173536 2.3374600143492836e+52 6.211393744404363e+47 5.6073463651887705 0.8300000000000001 85
2.1078312365121805e+38 0.0027444909638268842 2.2292158863371792e+64 3.670732901245677e+21 7.158343925533616e+41 1.0535034369123374e+49 2.283496222226806e+23 1.1531704806985853e+36 7006441698.647507 1.9256147864697256e+16 2.3374600143492836e+52 3324.867790999648 84
2.1078312365121805e+38 1.4014072064002395e+66 0.4313343357837516 52.72563116226185 7.158343925533616e+41 1.0535034369123374e+49 11914252206252.34 1.6314373589007251e+19 0.21069467129119368 1.1531704806985853e+36 7006441698.647507 5.404380617488631e+22 26665231128279.027 2826748609631.335 1.4090110490382962e+26 8.99760456522357e-177 4.015899908658878e+16 2.3374600143492836e+52 6.211393744404363e+47 20637.272566354088 84
3.041158567776314e+24 1.4014072064002395e+66 2.2292158863371792e+64 52.72563116226185 121173.16629562227 1.0535034369123374e+49 8.348062547967973e+16 157030685187.72516 1.1531704806985853e+36 22693813726194.93 1.9256147864697256e+16 8802965211.12123 2.024196417955156e+20 3.953898078017723 354248331015012.7 4.015899908658878e+16 6.558210984008394e-87 6.211393744404363e+47 5.6073463651887705 84
3.041158567776314e+24 1.4014072064002395e+66 2.2292158863371792e+64 3.670732901245677e+21 7.158343925533616e+41 1.0535034369123374e+49 11914252206252.34 1.6314373589007251e+19 45024554.798229076 1.1531704806985853e+36 7006441698.647507 5.404380617488631e+22 3969053.1804063413 2826748609631.335 3.953898078017723 75.76281169514634 2.3374600143492836e+52 3324.867790999648 85
2.1078312365121805e+38 1.4014072064002395e+66 2.2292158863371792e+64 3748.5322121971444 2.283496222226806e+23 2.9058826195446944e+21 7006441698.647507 1.9256147864697256e+16 26665231128279.027 2.3374600143492836e+52 3324.867790999648 3806810.0081106164 888520232557.4948 84
3.041158567776314e+24 1.4014072064002395e+66 2.2292158863371792e+64 52.72563116226185 1002.2996596319236 1.0535034369123374e+49 8.348062547967973e+16 1.6314373589007251e+19 45024554.798229076 1.1531704806985853e+36 22693813726194.93 0.005060991134074518 8802965211.12123 2.024196417955156e+20 1.4090110490382962e+26 4.015899908658878e+16 0.6900000000000001 6.211393744404363e+47 20637.272566354088 888520232557.4948 84
3.041158567776314e+24 1.4014072064002395e+66 2.2292158863371792e+64 52.72563116226185 1002.2996596319236 0.021192680387184352 8.348062547967973e+16 1.6314373589007251e+19 157030685187.72516 1.1531704806985853e+36 22693813726194.93 188.7472502429725 3969053.1804063413 2.024196417955156e+20 75.76281169514634 1.0119950618130458e-90 2.3374600143492836e+52 6.211393744404363e+47 20637.272566354088 888520232557.4948 85
3.041158567776314e+24 0.0027444909638268842 0.4313343357837516 34711041393.80556 7.158343925533616e+41 1.0535034369123374e+49 1.1531704806985853e+36 1.0594323303355323e-90 6.211393744404363e+47 85
2.1078312365121805e+38 1.4014072064002395e+66 2.2292158863371792e+64 3.670732901245677e+21 7.158343925533616e+41 1.0535034369123374e+49 8.348062547967973e+16 2.283496222226806e+23 45024554.798229076 1.1531704806985853e+36 179866305404.26505 2.3374600143492836e+52 6.211393744404363e+47 888520232557.4948 84
2.1078312365121805e+38 1.4014072064002395e+66 2.2292158863371792e+64 3.670732901245677e+21 7.158343925533616e+41 1.0535034369123374e+49 11914252206252.34 45024554.798229076 2.9058826195446944e+21 1.9256147864697256e+16 219.47354679415403 2.024196417955156e+20 263628.0727684598 179866305404.26505 4.015899908658878e+16 2.3374600143492836e+52 3324.867790999648 84
2.1078312365121805e+38 1.4014072064002395e+66 2.2292158863371792e+64 52.72563116226185 7.158343925533616e+41 1.0535034369123374e+49 0.002530495567037259 351020338788.146 1.1531704806985853e+36 22693813726194.93 8802965211.12123 3.953898078017723 179866305404.26505 75.76281169514634 0.07652912362038794 2.3374600143492836e+52 6.211393744404363e+47 5.6073463651887705 84
2.1078312365121805e+38 1.4014072064002395e+66 2.2292158863371792e+64 7.158343925533616e+41 8.348062547967973e+16 2.283496222226806e+23 0.00021610001005579145 2.9058826195446944e+21 7006441698.647507 1.9256147864697256e+16 8802965211.12123 263628.0727684598 354248331015012.7 0.07652912362038794 2.3374600143492836e+52 6.211393744404363e+47 5.6073463651887705 888520232557.4948 84
2.1078312365121805e+38 1.4014072064002395e+66 2.2292158863371792e+64 3.670732901245677e+21 121173.16629562227 1.0535034369123374e+49 11914252206252.34 1.6314373589007251e+19 157030685187.72516 2.9058826195446944e+21 27.962555591551425 0.005060991134074518 26665231128279.027 2.024196417955156e+20 468536.2430097395 2.597424308173536 2.3374600143492836e+52 6.211393744404363e+47 5.6073463651887705 0.8300000000000001 85
3.041158567776314e+24 1.4014072064002395e+66 2.2292158863371792e+64 3.670732901245677e+21 1002.2996596319236 1.0535034369123374e+49 11914252206252.34 1.6314373589007251e+19 157030685187.72516 1.1531704806985853e+36 27.962555591551425 5.404380617488631e+22 26665231128279.027 75.76281169514634 1.0119950618130458e-90 0.0824159792834947 6.211393744404363e+47 85
2.1078312365121805e+38 1.4014072064002395e+66 2.2292158863371792e+64 3.670732901245677e+21 121173.16629562227 0.021192680387184352 8.348062547967973e+16 1.6314373589007251e+19 157030685187.72516 1.1531704806985853e+36 5.404380617488631e+22 3969053.1804063413 2826748609631.335 1.4090110490382962e+26 468536.2430097395 1.0119950618130458e-90 2.3374600143492836e+52 6.211393744404363e+47 5.6073463651887705 888520232557.4948 85
2.1078312365121805e+38 1.4014072064002395e+66 2.2292158863371792e+64 3.670732901245677e+21 7.158343925533616e+41 0.021192680387184352 8.348062547967973e+16 2.283496222226806e+23 45024554.798229076 1.1531704806985853e+36 1.9256147864697256e+16 8802965211.12123 5.096724153019298e-266 3.953898078017723 179866305404.26505 2.3374600143492836e+52 3324.867790999648 84
2.1078312365121805e+38 1.4014072064002395e+66 2.2292158863371792e+64 84
3.041158567776314e+24 1.4014072064002395e+66 2.2292158863371792e+64 7.158343925533616e+41 1.0535034369123374e+49 8.348062547967973e+16 4.4274783954320754e-91 45024554.798229076 1.1531704806985853e+36 0.004715923556751255 1.9256147864697256e+16 219.47354679415403 2.024196417955156e+20 1.4090110490382962e+26 75.76281169514634 4.015899908658878e+16 2.3374600143492836e+52 6.211393744404363e+47 84
2.1078312365121805e+38 1.4014072064002395e+66 2.2292158863371792e+64 3.670732901245677e+21 1002.2996596319236 1.0535034369123374e+49 8.348062547967973e+16 1.6314373589007251e+19 0.21069467129119368 1.1531704806985853e+36 22693813726194.93 5.404380617488631e+22 8802965211.12123 2.024196417955156e+20 1.4090110490382962e+26 468536.2430097395 4.015899908658878e+16 2.3374600143492836e+52 6.211393744404363e+47 5.6073463651887705 888520232557.4948 84
2.1078312365121805e+38 1.4014072064002395e+66 2.2292158863371792e+64 52.72563116226185 1002.2996596319236 1.0535034369123374e+49 8.348062547967973e+16 2.283496222226806e+23 157030685187.72516 1.1531704806985853e+36 22693813726194.93 5.404380617488631e+22 3969053.1804063413 75.76281169514634 2.3374600143492836e+52 3324.867790999648 84
3.041158567776314e+24 1.4014072064002395e+66 2.2292158863371792e+64 2.0002617287773247e-181 1002.2996596319236 1.0535034369123374e+49 11914252206252.34 1.6314373589007251e+19 157030685187.72516 22693813726194.93 0.005060991134074518 26665231128279.027 2826748609631.335 1.4090110490382962e+26 75.76281169514634 1.0119950618130458e-90 0.0824159792834947 6.211393744404363e+47 85
3.041158567776314e+24 0.0027444909638268842 0.4313343357837516 34711041393.80556 7.158343925533616e+41 1.0535034369123374e+49 1.1531704806985853e+36 1.0594323303355323e-90 6.211393744404363e+47 85
2.1078312365121805e+38 1.4014072064002395e+66 2.2292158863371792e+64 3.670732901245677e+21 7.158343925533616e+41 1.0535034369123374e+49 11914252206252.34 2.283496222226806e+23 0.21069467129119368 2.9058826195446944e+21 7006441698.647507 5.404380617488631e+22 8802965211.12123 3.953898078017723 179866305404.26505 354248331015012.7 2.3374600143492836e+52 6.211393744404363e+47 5.6073463651887705 84
2.1078312365121805e+38 1.4014072064002395e+66 0.4313343357837516 3.670732901245677e+21 1.0535034369123374e+49 8.348062547967973e+16 2.283496222226806e+23 0.00022264849520899725 2.9058826195446944e+21 11256.69412710223 219.47354679415403 2826748609631.335 1.4090110490382962e+26 2.3374600143492836e+52 6.211393744404363e+47 84
3.041158567776314e+24 1.4014072064002395e+66 2.2292158863371792e+64 3.670732901245677e+21 1002.2996596319236 0.021192680387184352 8.348062547967973e+16 45024554.798229076 1.1531704806985853e+36 27.962555591551425 26665231128279.027 0.007246419123788514 2.3374600143492836e+52 6.211393744404363e+47 85
3.041158567776314e+24 1.4014072064002395e+66 2.2292158863371792e+64 1002.2996596319236 1.0535034369123374e+49 11914252206252.34 1.6314373589007251e+19 157030685187.72516 1.1531704806985853e+36 22693813726194.93 5.404380617488631e+22 26665231128279.027 2.024196417955156e+20 1.4090110490382962e+26 2.597424308173536 6.211393744404363e+47 85
3.041158567776314e+24 1.4014072064002395e+66 2.2292158863371792e+64 3.670732901245677e+21 121173.16629562227 1.0535034369123374e+49 0.002530495567037259 1.6314373589007251e+19 45024554.798229076 1.1531704806985853e+36 27.962555591551425 5.404380617488631e+22 3969053.1804063413 2.024196417955156e+20 1.4090110490382962e+26 75.76281169514634 4.015899908658878e+16 2.3374600143492836e+52 1.1543068673805053e-90 20637.272566354088 888520232557.4948 85
3.041158567776314e+24 1.4014072064002395e+66 2.2292158863371792e+64 7.158343925533616e+41 8.348062547967973e+16 2.283496222226806e+23 45024554.798229076 2.9058826195446944e+21 11256.69412710223 1.9256147864697256e+16 219.47354679415403 1.4090110490382962e+26 354248331015012.7 4.015899908658878e+16 2.3374600143492836e+52 84
3.041158567776314e+24 1.4014072064002395e+66 2.2292158863371792e+64 34711041393.80556 121173.16629562227 11914252206252.34 1.6314373589007251e+19 157030685187.72516 1.1531704806985853e+36 22693813726194.93 5.404380617488631e+22 3969053.1804063413 2826748609631.335 1.4090110490382962e+26 468536.2430097395 1.0119950618130458e-90 0.6900000000000001 6.211393744404363e+47 20637.272566354088 3.241970885394822e-270 85
3.041158567776314e+24 1.4014072064002395e+66 2.2292158863371792e+64 34711041393.80556 7.158343925533616e+41 8.348062547967973e+16 2.283496222226806e+23 0.00021610001005579145 1.1531704806985853e+36 7006441698.647507 5.404380617488631e+22 26665231128279.027 2826748609631.335 1.4090110490382962e+26 354248331015012.7 2.597424308173536 2.3374600143492836e+52 6.211393744404363e+47 84
2.1078312365121805e+38 1.4014072064002395e+66 2.2292158863371792e+64 3.670732901245677e+21 7.158343925533616e+41 1.0535034369123374e+49 3748.5322121971444 2.283496222226806e+23 157030685187.72516 1.1531704806985853e+36 22693813726194.93 5.404380617488631e+22 8802965211.12123 5.096724153019298e-266 263628.0727684598 354248331015012.7 4.015899908658878e+16 0.6900000000000001 6.211393744404363e+47 3806810.0081106164 888520232557.4948 84
2.1078312365121805e+38 1.4014072064002395e+66 2.2292158863371792e+64 7.158343925533616e+41 3748.5322121971444 2.283496222226806e+23 0.00022264849520899725 2.9058826195446944e+21 11256.69412710223 1.9256147864697256e+16 219.47354679415403 354248331015012.7 4.015899908658878e+16 2.3374600143492836e+52 6.211393744404363e+47 3806810.0081106164 888520232557.4948 84
2.1078312365121805e+38 1.4014072064002395e+66 0.4313343357837516 3.670732901245677e+21 7.158343925533616e+41 1.0535034369123374e+49 2.9058826195446944e+21 2.3374600143492836e+52 6.211393744404363e+47 84
2.1078312365121805e+38 1.4014072064002395e+66 2.2292158863371792e+64 3.670732901245677e+21 7.158343925533616e+41 1.0535034369123374e+49 1.6314373589007251e+19 1.1531704806985853e+36 11256.69412710223 5.404380617488631e+22 4.015899908658878e+16 0.0824159792834947 3324.867790999648 84
3.041158567776314e+24 1.4014072064002395e+66 0.4313343357837516 34711041393.80556 7.158343925533616e+41 0.021192680387184352 8.348062547967973e+16 1.6314373589007251e+19 0.00021610001005579145 1.1531704806985853e+36 7006441698.647507 1.9256147864697256e+16 3969053.1804063413 2826748609631.335 3.953898078017723 179866305404.26505 0.07652912362038794 2.3374600143492836e+52 6.211393744404363e+47 5.6073463651887705 888520232557.4948 84
2.1078312365121805e+38 1.4014072064002395e+66 2.2292158863371792e+64 3.670732901245677e+21 7.158343925533616e+41 0.002530495567037259 2.283496222226806e+23 0.21069467129119368 1.1531704806985853e+36 11256.69412710223 5.404380617488631e+22 8802965211.12123 2826748609631.335 3.953898078017723 179866305404.26505 468536.2430097395 4.015899908658878e+16 0.0824159792834947 6.211393744404363e+47 5.6073463651887705 888520232557.4948 84
2.1078312365121805e+38 1.4014072064002395e+66 2.2292158863371792e+64 34711041393.80556 7.158343925533616e+41 1.0535034369123374e+49 0.00021610001005579145 1.1531704806985853e+36 5.404380617488631e+22 8802965211.12123 2826748609631.335 354248331015012.7 2.3374600143492836e+52 3324.867790999648 20637.272566354088 888520232557.4948 85
2.1078312365121805e+38 1.4014072064002395e+66 2.2292158863371792e+64 3.670732901245677e+21 7.158343925533616e+41 1.0535034369123374e+49 8.348062547967973e+16 2.283496222226806e+23 45024554.798229076 1.1531704806985853e+36 11256.69412710223 1.9256147864697256e+16 219.47354679415403 2.024196417955156e+20 3.953898078017723 179866305404.26505 354248331015012.7 4.015899908658878e+16 2.3374600143492836e+52 6.211393744404363e+47 3806810.0081106164 888520232557.4948 84
2.1078312365121805e+38 1.4014072064002395e+66 2.2292158863371792e+64 2.0002617287773247e-181 1002.2996596319236 1.0535034369123374e+49 4.4274783954320754e-91 45024554.798229076 2.9058826195446944e+21 11256.69412710223 1.9256147864697256e+16 219.47354679415403 2826748609631.335 1.4090110490382962e+26 75.76281169514634 4.015899908658878e+16 2.3374600143492836e+52 3324.867790999648 3806810.0081106164 888520232557.4948 84
3.041158567776314e+24 1.4014072064002395e+66 2.2292158863371792e+64 3.670732901245677e+21 7.158343925533616e+41 1.0535034369123374e+49 11914252206252.34 1.6314373589007251e+19 0.21069467129119368 1.1531704806985853e+36 7006441698.647507 188.7472502429725 26665231128279.027 2.024196417955156e+20 1.4090110490382962e+26 468536.2430097395 2.3374600143492836e+52 3324.867790999648 20637.272566354088 888520232557.4948 85
2.1078312365121805e+38 1.4014072064002395e+66 2.2292158863371792e+64 3.670732901245677e+21 7.158343925533616e+41 1.0535034369123374e+49 3748.5322121971444 2.283496222226806e+23 45024554.798229076 2.9058826195446944e+21 22693813726194.93 5.404380617488631e+22 8802965211.12123 2.024196417955156e+20 1.4090110490382962e+26 75.76281169514634 4.015899908658878e+16 2.3374600143492836e+52 6.211393744404363e+47 5.6073463651887705 888520232557.4948 84
3.041158567776314e+24 1.4014072064002395e+66 2.2292158863371792e+64 3.670732901245677e+21 1002.2996596319236 1.0535034369123374e+49 157030685187.72516 1.1531704806985853e+36 1.0594323303355323e-90 6.211393744404363e+47 84
3.041158567776314e+24 1.4014072064002395e+66 2.2292158863371792e+64 3.670732901245677e+21 121173.16629562227 1.0535034369123374e+49 0.002530495567037259 1.6314373589007251e+19 45024554.798229076 1.1531704806985853e+36 27.962555591551425 5.404380617488631e+22 3969053.1804063413 2.024196417955156e+20 1.4090110490382962e+26 75.76281169514634 4.015899908658878e+16 2.3374600143492836e+52 1.1543068673805053e-90 20637.272566354088 888520232557.4948 85
3.041158567776314e+24 1.4014072064002395e+66 2.2292158863371792e+64 3.670732901245677e+21 121173.16629562227 0.021192680387184352 11914252206252.34 1.6314373589007251e+19 157030685187.72516 1.1531704806985853e+36 27.962555591551425 5.404380617488631e+22 2826748609631.335 1.4090110490382962e+26 75.76281169514634 0.007246419123788514 2.3374600143492836e+52 6.211393744404363e+47 5.6073463651887705 888520232557.4948 85
2.1078312365121805e+38 0.0027444909638268842 0.4313343357837516 34711041393.80556 7.158343925533616e+41 1.0535034369123374e+49 8.348062547967973e+16 1.6314373589007251e+19 0.21069467129119368 1.1531704806985853e+36 7006441698.647507 5.404380617488631e+22 219.47354679415403 2826748609631.335 1.4090110490382962e+26 354248331015012.7 0.07652912362038794 2.3374600143492836e+52 6.211393744404363e+47 3806810.0081106164 84
2.1078312365121805e+38 1.4014072064002395e+66 2.2292158863371792e+64 0.004715923556751255 2826748609631.335 1.4090110490382962e+26 4.015899908658878e+16 0.0824159792834947 1.1543068673805053e-90 5.6073463651887705 888520232557.4948 84
2.1078312365121805e+38 0.0027444909638268842 0.4313343357837516 3.670732901245677e+21 7.158343925533616e+41 1.0535034369123374e+49 3748.5322121971444 4.4274783954320754e-91 0.00022264849520899725 22693813726194.93 5.404380617488631e+22 8802965211.12123 468536.2430097395 2.3374600143492836e+52 6.211393744404363e+47 3806810.0081106164 888520232557.4948 84
2.1078312365121805e+38 1.4014072064002395e+66 2.2292158863371792e+64 7.158343925533616e+41 0.021192680387184352 3748.5322121971444 4.4274783954320754e-91 351020338788.146 1.1531704806985853e+36 7006441698.647507 5.404380617488631e+22 26665231128279.027 2.024196417955156e+20 1.4090110490382962e+26 179866305404.26505 354248331015012.7 0.07652912362038794 2.3374600143492836e+52 6.211393744404363e+47 3806810.0081106164 84
2.1078312365121805e+38 1.4014072064002395e+66 2.2292158863371792e+64 52.72563116226185 121173.16629562227 1.0535034369123374e+49 1.6314373589007251e+19 0.21069467129119368 1.1531704806985853e+36 22693813726194.93 5.404380617488631e+22 8802965211.12123 2.024196417955156e+20 1.4090110490382962e+26 75.76281169514634 4.015899908658878e+16 2.3374600143492836e+52 3324.867790999648 84
2.1078312365121805e+38 0.0027444909638268842 0.4313343357837516 7.158343925533616e+41 1.0535034369123374e+49 8.348062547967973e+16 2.283496222226806e+23 351020338788.146 2.9058826195446944e+21 0.004715923556751255 1.9256147864697256e+16 8802965211.12123 5.096724153019298e-266 354248331015012.7 4.015899908658878e+16 2.3374600143492836e+52 6.211393744404363e+47 3806810.0081106164 888520232557.4948 85
2.1078312365121805e+38 0.0027444909638268842 2.2292158863371792e+64 34711041393.80556 7.158343925533616e+41 8.348062547967973e+16 2.283496222226806e+23 0.00021610001005579145 2.9058826195446944e+21 7006441698.647507 5.404380617488631e+22 2.3374600143492836e+52 6.211393744404363e+47 5.6073463651887705 888520232557.4948 84
2.1078312365121805e+38 1.4014072064002395e+66 2.2292158863371792e+64 3.670732901245677e+21 1002.2996596319236 1.0535034369123374e+49 8.348062547967973e+16 1.6314373589007251e+19 0.21069467129119368 1.1531704806985853e+36 22693813726194.93 5.404380617488631e+22 8802965211.12123 2.024196417955156e+20 1.4090110490382962e+26 468536.2430097395 4.015899908658878e+16 2.3374600143492836e+52 6.211393744404363e+47 5.6073463651887705 888520232557.4948 84
2.1078312365121805e+38 1.4014072064002395e+66 2.2292158863371792e+64 8.348062547967973e+16 1.6314373589007251e+19 157030685187.72516 1.1531704806985853e+36 7006441698.647507 5.404380617488631e+22 8802965211.12123 2826748609631.335 263628.0727684598 179866305404.26505 354248331015012.7 0.07652912362038794 5.6073463651887705 84
1.4014072064002395e+66 2.2292158863371792e+64 3.670732901245677e+21 7.158343925533616e+41 1.0535034369123374e+49 1.6314373589007251e+19 351020338788.146 2.9058826195446944e+21 7006441698.647507 4.015899908658878e+16 84
3.041158567776314e+24 1.4014072064002395e+66 0.4313343357837516 3.670732901245677e+21 121173.16629562227 0.021192680387184352 0.002530495567037259 1.6314373589007251e+19 0.21069467129119368 1.1531704806985853e+36 22693813726194.93 26665231128279.027 2.024196417955156e+20 8.99760456522357e-177 2.3374600143492836e+52 6.211393744404363e+47 20637.272566354088 85
2.1078312365121805e+38 1.4014072064002395e+66 2.2292158863371792e+64 7.158343925533616e+41 1.0535034369123374e+49 8.348062547967973e+16 2.283496222226806e+23 351020338788.146 2.9058826195446944e+21 0.004715923556751255 5.404380617488631e+22 219.47354679415403 2.3374600143492836e+52 6.211393744404363e+47 84
3.041158567776314e+24 1.4014072064002395e+66 2.2292158863371792e+64 3.670732901245677e+21 1002.2996596319236 0.021192680387184352 0.002530495567037259 1.6314373589007251e+19 45024554.798229076 1.1531704806985853e+36 22693813726194.93 1.9256147864697256e+16 8802965211.12123 2826748609631.335 3.953898078017723 179866305404.26505 468536.2430097395 0.07652912362038794 0.0824159792834947 6.211393744404363e+47 84
3.041158567776314e+24 1.4014072064002395e+66 2.2292158863371792e+64 0.021192680387184352 11914252206252.34 1.6314373589007251e+19 0.21069467129119368 1.1531704806985853e+36 7006441698.647507 188.7472502429725 3969053.1804063413 5.096724153019298e-266 1.4090110490382962e+26 468536.2430097395 1.0119950618130458e-90 2.3374600143492836e+52 6.211393744404363e+47 5.6073463651887705 85
3.041158567776314e+24 1.4014072064002395e+66 2.2292158863371792e+64 52.72563116226185 7.158343925533616e+41 1.0535034369123374e+49 8.348062547967973e+16 2.283496222226806e+23 0.00021610001005579145 2.9058826195446944e+21 0.004715923556751255 188.7472502429725 3969053.1804063413 2826748609631.335 3.953898078017723 8.99760456522357e-177 2.597424308173536 2.3374600143492836e+52 6.211393744404363e+47 5.6073463651887705 888520232557.4948 85
3.041158567776314e+24 1.4014072064002395e+66 2.2292158863371792e+64 3.670732901245677e+21 7.158343925533616e+41 1.0535034369123374e+49 11914252206252.34 1.6314373589007251e+19 0.21069467129119368 1.1531704806985853e+36 7006441698.647507 188.7472502429725 26665231128279.027 2.024196417955156e+20 1.4090110490382962e+26 468536.2430097395 2.3374600143492836e+52 3324.867790999648 20637.272566354088 888520232557.4948 85
3.041158567776314e+24 1.4014072064002395e+66 2.2292158863371792e+64 34711041393.80556 121173.16629562227 11914252206252.34 1.6314373589007251e+19 157030685187.72516 1.1531704806985853e+36 22693813726194.93 5.404380617488631e+22 3969053.1804063413 2826748609631.335 1.4090110490382962e+26 468536.2430097395 1.0119950618130458e-90 0.6900000000000001 6.211393744404363e+47 20637.272566354088 3.241970885394822e-270 85
3.041158567776314e+24 1.4014072064002395e+66 2.2292158863371792e+64 8.348062547967973e+16 2.283496222226806e+23 157030685187.72516 1.1531704806985853e+36 11256.69412710223 5.404380617488631e+22 8802965211.12123 2826748609631.335 1.4090110490382962e+26 354248331015012.7 4.015899908658878e+16 2.3374600143492836e+52 6.211393744404363e+47 84
3.041158567776314e+24 1.4014072064002395e+66 2.2292158863371792e+64 3.670732901245677e+21 1002.2996596319236 0.021192680387184352 0.002530495567037259 1.6314373589007251e+19 45024554.798229076 1.1531704806985853e+36 22693813726194.93 1.9256147864697256e+16 8802965211.12123 2826748609631.335 3.953898078017723 179866305404.26505 468536.2430097395 0.07652912362038794 0.0824159792834947 6.211393744404363e+47 84
2.1078312365121805e+38 1.4014072064002395e+66 2.2292158863371792e+64 2.0002617287773247e-181 7.158343925533616e+41 1.0535034369123374e+49 8.348062547967973e+16 2.283496222226806e+23 45024554.798229076 1.1531704806985853e+36 11256.69412710223 5.404380617488631e+22 8802965211.12123 2826748609631.335 1.4090110490382962e+26 2.3374600143492836e+52 6.211393744404363e+47 3806810.0081106164 84
2.1078312365121805e+38 0.0027444909638268842 0.4313343357837516 3.670732901245677e+21 7.158343925533616e+41 1.0535034369123374e+49 3748.5322121971444 4.4274783954320754e-91 0.00022264849520899725 22693813726194.93 5.404380617488631e+22 8802965211.12123 468536.2430097395 2.3374600143492836e+52 6.211393744404363e+47 3806810.0081106164 888520232557.4948 84
3.041158567776314e+24 1.4014072064002395e+66 2.2292158863371792e+64 7.158343925533616e+41 1.0535034369123374e+49 8.348062547967973e+16 2.283496222226806e+23 0.21069467129119368 1.1531704806985853e+36 7006441698.647507 5.404380617488631e+22 8802965211.12123 2.024196417955156e+20 1.4090110490382962e+26 75.76281169514634 2.3374600143492836e+52 9.335333985645651e-88 84
2.1078312365121805e+38 1.4014072064002395e+66 2.2292158863371792e+64 34711041393.80556 7.158343925533616e+41 0.021192680387184352 1.6314373589007251e+19 157030685187.72516 7006441698.647507 5.404380617488631e+22 354248331015012.7 0.07652912362038794 84
3.041158567776314e+24 1.4014072064002395e+66 2.2292158863371792e+64 52.72563116226185 121173.16629562227 1.0535034369123374e+49 11914252206252.34 1.6314373589007251e+19 157030685187.72516 1.1531704806985853e+36 27.962555591551425 188.7472502429725 26665231128279.027 2826748609631.335 1.4090110490382962e+26 468536.2430097395 2.3374600143492836e+52 6.211393744404363e+47 85
2.1078312365121805e+38 1.4014072064002395e+66 2.2292158863371792e+64 7.158343925533616e+41 8.348062547967973e+16 1.1531704806985853e+36 1.9256147864697256e+16 3969053.1804063413 2.024196417955156e+20 1.4090110490382962e+26 75.76281169514634 0.07652912362038794 2.3374600143492836e+52 6.211393744404363e+47 84
2.1078312365121805e+38 1.4014072064002395e+66 2.2292158863371792e+64 7.158343925533616e+41 0.19 351020338788.146 1.1531704806985853e+36 0.004715923556751255 1.4090110490382962e+26 179866305404.26505 5.6073463651887705 888520232557.4948 84
2.1078312365121805e+38 1.4014072064002395e+66 2.2292158863371792e+64 7.158343925533616e+41 1.0535034369123374e+49 2.9058826195446944e+21 11256.69412710223 219.47354679415403 5.096724153019298e-266 1.4090110490382962e+26 4.015899908658878e+16 84
1.4014072064002395e+66 2.2292158863371792e+64 3.670732901245677e+21 121173.16629562227 1.0535034369123374e+49 8.348062547967973e+16 1.6314373589007251e+19 45024554.798229076 1.1531704806985853e+36 0.004715923556751255 5.404380617488631e+22 26665231128279.027 2.024196417955156e+20 1.4090110490382962e+26 75.76281169514634 4.015899908658878e+16 2.3374600143492836e+52 3324.867790999648 5.6073463651887705 888520232557.4948 84
2.1078312365121805e+38 1.4014072064002395e+66 2.2292158863371792e+64 3.670732901245677e+21 7.158343925533616e+41 1.0535034369123374e+49 8.348062547967973e+16 1.6314373589007251e+19 0.00021610001005579145 2.9058826195446944e+21 0.004715923556751255 5.404380617488631e+22 8802965211.12123 2.024196417955156e+20 263628.0727684598 179866305404.26505 354248331015012.7 0.07652912362038794 2.3374600143492836e+52 6.211393744404363e+47 3806810.0081106164 84
2.1078312365121805e+38 1.4014072064002395e+66 2.2292158863371792e+64 2.0002617287773247e-181 1002.2996596319236 1.0535034369123374e+49 4.4274783954320754e-91 45024554.798229076 2.9058826195446944e+21 11256.69412710223 1.9256147864697256e+16 219.47354679415403 2826748609631.335 1.4090110490382962e+26 75.76281169514634 4.015899908658878e+16 2.3374600143492836e+52 3324.867790999648 3806810.0081106164 888520232557.4948 84
3.041158567776314e+24 1.4014072064002395e+66 2.2292158863371792e+64 1.0977967313366427e-05 7.158343925533616e+41 1.0535034369123374e+49 8.348062547967973e+16 2.283496222226806e+23 2.9058826195446944e+21 7006441698.647507 1.9256147864697256e+16 3969053.1804063413 2826748609631.335 3.953898078017723 354248331015012.7 4.015899908658878e+16 2.3374600143492836e+52 6.211393744404363e+47 84
3.041158567776314e+24 1.4014072064002395e+66 2.2292158863371792e+64 52.72563116226185 121173.16629562227 1.0535034369123374e+49 8.348062547967973e+16 1.6314373589007251e+19 157030685187.72516 1.1531704806985853e+36 7006441698.647507 188.7472502429725 2826748609631.335 1.4090110490382962e+26 75.76281169514634 0.007246419123788514 2.3374600143492836e+52 6.211393744404363e+47 20637.272566354088 888520232557.4948 85
2.1078312365121805e+38 1.4014072064002395e+66 2.2292158863371792e+64 3.670732901245677e+21 7.158343925533616e+41 1.0535034369123374e+49 8.348062547967973e+16 2.283496222226806e+23 45024554.798229076 1.1531704806985853e+36 0.004715923556751255 1.9256147864697256e+16 8802965211.12123 2.024196417955156e+20 1.4090110490382962e+26 75.76281169514634 4.015899908658878e+16 2.3374600143492836e+52 6.211393744404363e+47 3806810.0081106164 888520232557.4948 84
2.1078312365121805e+38 1.4014072064002395e+66 2.2292158863371792e+64 34711041393.80556 3748.5322121971444 2.283496222226806e+23 0.00022264849520899725 2.9058826195446944e+21 0.004715923556751255 1.9256147864697256e+16 3969053.1804063413 2826748609631.335 263628.0727684598 179866305404.26505 354248331015012.7 0.07652912362038794 2.3374600143492836e+52 3806810.0081106164 888520232557.4948 84
2.1078312365121805e+38 1.4014072064002395e+66 2.2292158863371792e+64 3.670732901245677e+21 7.158343925533616e+41 1.0535034369123374e+49 8.348062547967973e+16 1.6314373589007251e+19 157030685187.72516 1.1531704806985853e+36 22693813726194.93 1.9256147864697256e+16 26665231128279.027 2.024196417955156e+20 3.953898078017723 354248331015012.7 0.07652912362038794 2.3374600143492836e+52 9.335333985645651e-88 20637.272566354088 888520232557.4948 84
3.041158567776314e+24 1.4014072064002395e+66 2.2292158863371792e+64 34711041393.80556 7.158343925533616e+41 1.0535034369123374e+49 11914252206252.34 1.6314373589007251e+19 0.00021610001005579145 1.1531704806985853e+36 22693813726194.93 5.404380617488631e+22 3969053.1804063413 2.024196417955156e+20 1.4090110490382962e+26 75.76281169514634 1.0119950618130458e-90 2.3374600143492836e+52 6.211393744404363e+47 5.6073463651887705 888520232557.4948 85
2.1078312365121805e+38 1.4014072064002395e+66 2.2292158863371792e+64 3.670732901245677e+21 121173.16629562227 11914252206252.34 1.6314373589007251e+19 157030685187.72516 1.1531704806985853e+36 27.962555591551425 0.005060991134074518 219.47354679415403 2.024196417955156e+20 3.953898078017723 354248331015012.7 4.015899908658878e+16 84
3.041158567776314e+24 1.4014072064002395e+66 2.2292158863371792e+64 34711041393.80556 7.158343925533616e+41 8.348062547967973e+16 2.283496222226806e+23 0.00021610001005579145 1.1531704806985853e+36 7006441698.647507 5.404380617488631e+22 26665231128279.027 2826748609631.335 1.4090110490382962e+26 354248331015012.7 2.597424308173536 2.3374600143492836e+52 6.211393744404363e+47 84
2.1078312365121805e+38 1.4014072064002395e+66 2.2292158863371792e+64 3.670732901245677e+21 7.158343925533616e+41 1.0535034369123374e+49 8.348062547967973e+16 2.283496222226806e+23 351020338788.146 1.1531704806985853e+36 7006441698.647507 5.404380617488631e+22 8802965211.12123 263628.0727684598 179866305404.26505 354248331015012.7 4.015899908658878e+16 2.3374600143492836e+52 1.1543068673805053e-90 85
3.041158567776314e+24 1.4014072064002395e+66 2.2292158863371792e+64 3.670732901245677e+21 7.158343925533616e+41 11914252206252.34 1.6314373589007251e+19 0.00021610001005579145 2.9058826195446944e+21 22693813726194.93 5.404380617488631e+22 26665231128279.027 2826748609631.335 263628.0727684598 179866305404.26505 75.76281169514634 0.07652912362038794 2.3374600143492836e+52 3324.867790999648 20637.272566354088 888520232557.4948 84
2.1078312365121805e+38 1.4014072064002395e+66 0.4313343357837516 34711041393.80556 7.158343925533616e+41 1.0535034369123374e+49 0.002530495567037259 2.283496222226806e+23 157030685187.72516 1.1531704806985853e+36 5.404380617488631e+22 26665231128279.027 2826748609631.335 3.953898078017723 2.3374600143492836e+52 6.211393744404363e+47 84
2.1078312365121805e+38 1.4014072064002395e+66 2.2292158863371792e+64 34711041393.80556 7.158343925533616e+41 1.0535034369123374e+49 351020338788.146 1.1531704806985853e+36 22693813726194.93 1.9256147864697256e+16 3969053.1804063413 354248331015012.7 0.007246419123788514 2.3374600143492836e+52 0.76 5.6073463651887705 888520232557.4948 85
2.1078312365121805e+38 1.4014072064002395e+66 2.2292158863371792e+64 7.158343925533616e+41 1.0535034369123374e+49 8.348062547967973e+16 157030685187.72516 1.1531704806985853e+36 1.9256147864697256e+16 5.096724153019298e-266 3.953898078017723 4.015899908658878e+16 2.3374600143492836e+52 3324.867790999648 84
3.041158567776314e+24 1.4014072064002395e+66 2.2292158863371792e+64 52.72563116226185 1002.2996596319236 11914252206252.34 1.6314373589007251e+19 157030685187.72516 1.1531704806985853e+36 22693813726194.93 5.404380617488631e+22 3969053.1804063413 2.3374600143492836e+52 6.211393744404363e+47 5.6073463651887705 888520232557.4948 85
2.1078312365121805e+38 1.4014072064002395e+66 0.4313343357837516 1.0977967313366427e-05 7.158343925533616e+41 1.0535034369123374e+49 11914252206252.34 1.6314373589007251e+19 157030685187.72516 1.1531704806985853e+36 22693813726194.93 5.404380617488631e+22 26665231128279.027 2.024196417955156e+20 1.4090110490382962e+26 354248331015012.7 4.015899908658878e+16 2.3374600143492836e+52 6.211393744404363e+47 20637.272566354088 84
2.1078312365121805e+38 1.4014072064002395e+66 2.2292158863371792e+64 52.72563116226185 1002.2996596319236 0.021192680387184352 0.002530495567037259 1.6314373589007251e+19 157030685187.72516 1.1531704806985853e+36 22693813726194.93 5.404380617488631e+22 8802965211.12123 5.096724153019298e-266 1.4090110490382962e+26 354248331015012.7 4.015899908658878e+16 6.211393744404363e+47 85
2.1078312365121805e+38 1.4014072064002395e+66 2.2292158863371792e+64 52.72563116226185 7.158343925533616e+41 1.0535034369123374e+49 8.348062547967973e+16 45024554.798229076 1.1531704806985853e+36 0.004715923556751255 0.005060991134074518 219.47354679415403 2.024196417955156e+20 3.953898078017723 179866305404.26505 468536.2430097395 4.015899908658878e+16 2.3374600143492836e+52 6.211393744404363e+47 20637.272566354088 84
3.041158567776314e+24 1.4014072064002395e+66 2.2292158863371792e+64 1.0977967313366427e-05 1002.2996596319236 1.0535034369123374e+49 11914252206252.34 1.6314373589007251e+19 157030685187.72516 1.1531704806985853e+36 7006441698.647507 188.7472502429725 26665231128279.027 75.76281169514634 0.007246419123788514 2.3374600143492836e+52 3324.867790999648 85
3.041158567776314e+24 1.4014072064002395e+66 2.2292158863371792e+64 52.72563116226185 121173.16629562227 1.0535034369123374e+49 11914252206252.34 1.6314373589007251e+19 45024554.798229076 1.1531704806985853e+36 27.962555591551425 5.404380617488631e+22 3969053.1804063413 468536.2430097395 2.3374600143492836e+52 6.211393744404363e+47 85
2.1078312365121805e+38 1.4014072064002395e+66 2.2292158863371792e+64 52.72563116226185 7.158343925533616e+41 1.0535034369123374e+49 8.348062547967973e+16 1.6314373589007251e+19 351020338788.146 2.9058826195446944e+21 0.004715923556751255 1.9256147864697256e+16 8802965211.12123 2826748609631.335 1.4090110490382962e+26 0.0824159792834947 1.1543068673805053e-90 3806810.0081106164 888520232557.4948 85
3.041158567776314e+24 1.4014072064002395e+66 2.2292158863371792e+64 3.670732901245677e+21 7.158343925533616e+41 1.0535034369123374e+49 8.348062547967973e+16 2.283496222226806e+23 45024554.798229076 188.7472502429725 26665231128279.027 2.024196417955156e+20 1.4090110490382962e+26 354248331015012.7 2.3374600143492836e+52 3324.867790999648 5.6073463651887705 888520232557.4948 85
2.1078312365121805e+38 1.4014072064002395e+66 2.2292158863371792e+64 52.72563116226185 121173.16629562227 1.0535034369123374e+49 8.348062547967973e+16 1.6314373589007251e+19 45024554.798229076 1.1531704806985853e+36 0.004715923556751255 188.7472502429725 26665231128279.027 2826748609631.335 1.4090110490382962e+26 1.0594323303355323e-90 6.211393744404363e+47 84
2.1078312365121805e+38 1.4014072064002395e+66 2.2292158863371792e+64 84
3.041158567776314e+24 1.4014072064002395e+66 2.2292158863371792e+64 34711041393.80556 1002.2996596319236 1.0535034369123374e+49 0.002530495567037259 1.6314373589007251e+19 157030685187.72516 1.1531704806985853e+36 22693813726194.93 188.7472502429725 26665231128279.027 468536.2430097395 2.3374600143492836e+52 1.1543068673805053e-90 20637.272566354088 888520232557.4948 85
2.1078312365121805e+38 1.4014072064002395e+66 2.2292158863371792e+64 1002.2996596319236 0.002530495567037259 1.6314373589007251e+19 157030685187.72516 1.1531704806985853e+36 27.962555591551425 5.404380617488631e+22 26665231128279.027 2826748609631.335 1.4090110490382962e+26 4.015899908658878e+16 2.3374600143492836e+52 6.211393744404363e+47 84
2.1078312365121805e+38 1.4014072064002395e+66 2.2292158863371792e+64 1.0977967313366427e-05 7.158343925533616e+41 1.0535034369123374e+49 8.348062547967973e+16 2.283496222226806e+23 45024554.798229076 1.1531704806985853e+36 7006441698.647507 1.9256147864697256e+16 8802965211.12123 2826748609631.335 263628.0727684598 179866305404.26505 2.3374600143492836e+52 3324.867790999648 3806810.0081106164 888520232557.4948 84
3.041158567776314e+24 1.4014072064002395e+66 2.2292158863371792e+64 7.158343925533616e+41 1.0535034369123374e+49 8.348062547967973e+16 2.283496222226806e+23 0.21069467129119368 1.1531704806985853e+36 7006441698.647507 5.404380617488631e+22 8802965211.12123 2.024196417955156e+20 1.4090110490382962e+26 75.76281169514634 2.3374600143492836e+52 9.335333985645651e-88 84
2.1078312365121805e+38 1.4014072064002395e+66 2.2292158863371792e+64 7.158343925533616e+41 1.0535034369123374e+49 0.002530495567037259 0.21069467129119368 1.1531704806985853e+36 11256.69412710223 5.404380617488631e+22 8802965211.12123 2.024196417955156e+20 3.953898078017723 2.3374600143492836e+52 6.211393744404363e+47 84
2.1078312365121805e+38 1.4014072064002395e+66 2.2292158863371792e+64 7.158343925533616e+41 1.0535034369123374e+49 8.348062547967973e+16 2.283496222226806e+23 45024554.798229076 1.1531704806985853e+36 5.404380617488631e+22 2.024196417955156e+20 1.4090110490382962e+26 0.07652912362038794 2.3374600143492836e+52 1.1543068673805053e-90 888520232557.4948 85
2.1078312365121805e+38 0.0027444909638268842 2.2292158863371792e+64 3.670732901245677e+21 7.158343925533616e+41 1.0535034369123374e+49 2.283496222226806e+23 1.1531704806985853e+36 7006441698.647507 1.9256147864697256e+16 2.3374600143492836e+52 3324.867790999648 84
2.1078312365121805e+38 1.4014072064002395e+66 2.2292158863371792e+64 3.670732901245677e+21 7.158343925533616e+41 1.0535034369123374e+49 11914252206252.34 1.6314373589007251e+19 157030685187.72516 1.1531704806985853e+36 22693813726194.93 188.7472502429725 354248331015012.7 0.07652912362038794 2.3374600143492836e+52 6.211393744404363e+47 5.6073463651887705 0.8300000000000001 84
2.1078312365121805e+38 1.4014072064002395e+66 0.4313343357837516 52.72563116226185 1002.2996596319236 0.021192680387184352 8.348062547967973e+16 1.6314373589007251e+19 157030685187.72516 2.9058826195446944e+21 27.962555591551425 188.7472502429725 26665231128279.027 354248331015012.7 0.007246419123788514 2.3374600143492836e+52 6.211393744404363e+47 3806810.0081106164 0.8300000000000001 84
2.1078312365121805e+38 1.4014072064002395e+66 2.2292158863371792e+64 3748.5322121971444 2.283496222226806e+23 2.9058826195446944e+21 7006441698.647507 1.9256147864697256e+16 26665231128279.027 2.3374600143492836e+52 3324.867790999648 3806810.0081106164 888520232557.4948 84
3.041158567776314e+24 1.4014072064002395e+66 2.2292158863371792e+64 3.670732901245677e+21 1002.2996596319236 1.0535034369123374e+49 11914252206252.34 1.6314373589007251e+19 45024554.798229076 1.1531704806985853e+36 27.962555591551425 5.404380617488631e+22 26665231128279.027 468536.2430097395 0.0824159792834947 1.1543068673805053e-90 20637.272566354088 888520232557.4948 85
2.1078312365121805e+38 1.4014072064002395e+66 0.4313343357837516 52.72563116226185 7.158343925533616e+41 1.0535034369123374e+49 11914252206252.34 1.6314373589007251e+19 0.21069467129119368 1.1531704806985853e+36 7006441698.647507 5.404380617488631e+22 26665231128279.027 2826748609631.335 1.4090110490382962e+26 8.99760456522357e-177 4.015899908658878e+16 2.3374600143492836e+52 6.211393744404363e+47 20637.272566354088 84
2.1078312365121805e+38 1.4014072064002395e+66 0.4313343357837516 85
2.1078312365121805e+38 1.4014072064002395e+66 2.2292158863371792e+64 3.670732901245677e+21 1002.2996596319236 1.0535034369123374e+49 3748.5322121971444 1.6314373589007251e+19 157030685187.72516 1.1531704806985853e+36 22693813726194.93 5.404380617488631e+22 3969053.1804063413 2.024196417955156e+20 3.953898078017723 354248331015012.7 0.07652912362038794 2.3374600143492836e+52 6.211393744404363e+47 84
3.041158567776314e+24 1.4014072064002395e+66 2.2292158863371792e+64 3.670732901245677e+21 121173.16629562227 1.0535034369123374e+49 11914252206252.34 1.6314373589007251e+19 45024554.798229076 1.1531704806985853e+36 7006441698.647507 188.7472502429725 2826748609631.335 1.4090110490382962e+26 354248331015012.7 4.015899908658878e+16 2.3374600143492836e+52 6.211393744404363e+47 85
3.041158567776314e+24 1.4014072064002395e+66 2.2292158863371792e+64 34711041393.80556 121173.16629562227 1.0535034369123374e+49 11914252206252.34 1.6314373589007251e+19 157030685187.72516 1.1531704806985853e+36 22693813726194.93 5.404380617488631e+22 3969053.1804063413 2826748609631.335 1.4090110490382962e+26 468536.2430097395 1.0119950618130458e-90 0.0824159792834947 6.211393744404363e+47 20637.272566354088 3.241970885394822e-270 85
3.041158567776314e+24 1.4014072064002395e+66 2.2292158863371792e+64 34711041393.80556 1002.2996596319236 1.0535034369123374e+49 0.002530495567037259 1.6314373589007251e+19 157030685187.72516 1.1531704806985853e+36 22693813726194.93 188.7472502429725 26665231128279.027 468536.2430097395 2.3374600143492836e+52 1.1543068673805053e-90 20637.272566354088 888520232557.4948 85
3.041158567776314e+24 1.4014072064002395e+66 2.2292158863371792e+64 3.670732901245677e+21 121173.16629562227 1.0535034369123374e+49 11914252206252.34 1.6314373589007251e+19 45024554.798229076 1.1531704806985853e+36 7006441698.647507 188.7472502429725 2826748609631.335 1.4090110490382962e+26 354248331015012.7 4.015899908658878e+16 2.3374600143492836e+52 6.211393744404363e+47 85
2.1078312365121805e+38 1.4014072064002395e+66 2.2292158863371792e+64 52.72563116226185 7.158343925533616e+41 1.0535034369123374e+49 11914252206252.34 2.283496222226806e+23 0.00022264849520899725 2.9058826195446944e+21 22693813726194.93 1.9256147864697256e+16 3969053.1804063413 2.024196417955156e+20 263628.0727684598 179866305404.26505 0.07652912362038794 2.3374600143492836e+52 6.211393744404363e+47 3806810.0081106164 84
3.041158567776314e+24 1.4014072064002395e+66 2.2292158863371792e+64 34711041393.80556 7.158343925533616e+41 8.348062547967973e+16 2.283496222226806e+23 0.00021610001005579145 1.1531704806985853e+36 7006441698.647507 5.404380617488631e+22 26665231128279.027 2826748609631.335 1.4090110490382962e+26 354248331015012.7 2.597424308173536 2.3374600143492836e+52 6.211393744404363e+47 84
2.1078312365121805e+38 1.4014072064002395e+66 2.2292158863371792e+64 52.72563116226185 121173.16629562227 1.0535034369123374e+49 1.6314373589007251e+19 0.21069467129119368 1.1531704806985853e+36 22693813726194.93 5.404380617488631e+22 8802965211.12123 2.024196417955156e+20 1.4090110490382962e+26 75.76281169514634 4.015899908658878e+16 2.3374600143492836e+52 3324.867790999648 84
2.1078312365121805e+38 1.4014072064002395e+66 2.2292158863371792e+64 52.72563116226185 7.158343925533616e+41 1.0535034369123374e+49 11914252206252.34 157030685187.72516 1.1531704806985853e+36 11256.69412710223 5.404380617488631e+22 26665231128279.027 1.4090110490382962e+26 0.0824159792834947 3324.867790999648 5.6073463651887705 888520232557.4948 84
2.1078312365121805e+38 1.4014072064002395e+66 2.2292158863371792e+64 7.158343925533616e+41 2.283496222226806e+23 1.9256147864697256e+16 219.47354679415403 4.015899908658878e+16 84
3.041158567776314e+24 1.4014072064002395e+66 2.2292158863371792e+64 3.670732901245677e+21 1002.2996596319236 0.021192680387184352 8.348062547967973e+16 1.6314373589007251e+19 157030685187.72516 188.7472502429725 3969053.1804063413 468536.2430097395 2.3374600143492836e+52 3324.867790999648 85
3.041158567776314e+24 1.4014072064002395e+66 2.2292158863371792e+64 3.670732901245677e+21 121173.16629562227 1.0535034369123374e+49 7006441698.647507 263628.0727684598 179866305404.26505 468536.2430097395 2.597424308173536 2.3374600143492836e+52 0.76 84
2.1078312365121805e+38 1.4014072064002395e+66 0.4313343357837516 3.670732901245677e+21 1.0535034369123374e+49 8.348062547967973e+16 2.283496222226806e+23 0.00022264849520899725 2.9058826195446944e+21 11256.69412710223 219.47354679415403 2826748609631.335 1.4090110490382962e+26 2.3374600143492836e+52 6.211393744404363e+47 84
3.041158567776314e+24 1.4014072064002395e+66 2.2292158863371792e+64 3.670732901245677e+21 1002.2996596319236 0.021192680387184352 0.002530495567037259 1.6314373589007251e+19 45024554.798229076 1.1531704806985853e+36 22693813726194.93 1.9256147864697256e+16 8802965211.12123 2826748609631.335 3.953898078017723 179866305404.26505 468536.2430097395 0.07652912362038794 0.0824159792834947 6.211393744404363e+47 84
3.041158567776314e+24 1.4014072064002395e+66 2.2292158863371792e+64 52.72563116226185 121173.16629562227 1.0535034369123374e+49 8.348062547967973e+16 1.6314373589007251e+19 157030685187.72516 1.1531704806985853e+36 7006441698.647507 188.7472502429725 2826748609631.335 1.4090110490382962e+26 75.76281169514634 0.007246419123788514 2.3374600143492836e+52 6.211393744404363e+47 20637.272566354088 888520232557.4948 85
2.1078312365121805e+38 1.4014072064002395e+66 2.2292158863371792e+64 84
2.1078312365121805e+38 1.4014072064002395e+66 2.2292158863371792e+64 3.670732901245677e+21 7.158343925533616e+41 0.021192680387184352 8.348062547967973e+16 2.283496222226806e+23 45024554.798229076 1.1531704806985853e+36 1.9256147864697256e+16 8802965211.12123 5.096724153019298e-266 3.953898078017723 179866305404.26505 2.3374600143492836e+52 3324.867790999648 84
2.1078312365121805e+38 1.4014072064002395e+66 2.2292158863371792e+64 7.158343925533616e+41 1.0535034369123374e+49 8.348062547967973e+16 1.6314373589007251e+19 45024554.798229076 1.1531704806985853e+36 22693813726194.93 5.404380617488631e+22 3969053.1804063413 2826748609631.335 1.4090110490382962e+26 75.76281169514634 0.07652912362038794 1.0594323303355323e-90 3324.867790999648 5.6073463651887705 888520232557.4948 84
3.041158567776314e+24 1.4014072064002395e+66 0.4313343357837516 3.670732901245677e+21 7.158343925533616e+41 0.021192680387184352 8.348062547967973e+16 1.6314373589007251e+19 157030685187.72516 2.9058826195446944e+21 0.004715923556751255 8802965211.12123 2826748609631.335 263628.0727684598 2.3374600143492836e+52 6.211393744404363e+47 84
3.041158567776314e+24 1.4014072064002395e+66 2.2292158863371792e+64 3.670732901245677e+21 1002.2996596319236 1.0535034369123374e+49 11914252206252.34 1.6314373589007251e+19 45024554.798229076 1.1531704806985853e+36 22693813726194.93 5.404380617488631e+22 26665231128279.027 468536.2430097395 2.597424308173536 0.0824159792834947 6.211393744404363e+47 85
3.041158567776314e+24 1.4014072064002395e+66 2.2292158863371792e+64 52.72563116226185 121173.16629562227 1.0535034369123374e+49 11914252206252.34 1.6314373589007251e+19 45024554.798229076 1.1531704806985853e+36 27.962555591551425 5.404380617488631e+22 3969053.1804063413 468536.2430097395 2.3374600143492836e+52 6.211393744404363e+47 85
2.1078312365121805e+38 1.4014072064002395e+66 2.2292158863371792e+64 3.670732901245677e+21 7.158343925533616e+41 1.0535034369123374e+49 11914252206252.34 1.6314373589007251e+19 157030685187.72516 1.1531704806985853e+36 22693813726194.93 188.7472502429725 354248331015012.7 0.07652912362038794 2.3374600143492836e+52 6.211393744404363e+47 5.6073463651887705 0.8300000000000001 84
3.041158567776314e+24 1.4014072064002395e+66 2.2292158863371792e+64 52.72563116226185 1002.2996596319236 1.0535034369123374e+49 8.348062547967973e+16 2.283496222226806e+23 0.21069467129119368 1.1531704806985853e+36 27.962555591551425 1.9256147864697256e+16 26665231128279.027 2826748609631.335 1.4090110490382962e+26 4.015899908658878e+16 2.3374600143492836e+52 6.211393744404363e+47 84
3.041158567776314e+24 1.4014072064002395e+66 2.2292158863371792e+64 0.002530495567037259 1.6314373589007251e+19 45024554.798229076 1.1531704806985853e+36 7006441698.647507 5.404380617488631e+22 3969053.1804063413 2.024196417955156e+20 1.4090110490382962e+26 75.76281169514634 1.0119950618130458e-90 85
2.1078312365121805e+38 1.4014072064002395e+66 2.2292158863371792e+64 52.72563116226185 7.158343925533616e+41 1.0535034369123374e+49 0.8300000000000001 84
3.041158567776314e+24 1.4014072064002395e+66 2.2292158863371792e+64 3.670732901245677e+21 121173.16629562227 1.0535034369123374e+49 0.002530495567037259 2.283496222226806e+23 45024554.798229076 5.850596451106671e-91 22693813726194.93 188.7472502429725 3969053.1804063413 2.024196417955156e+20 3.953898078017723 0.07652912362038794 2.3374600143492836e+52 6.211393744404363e+47 85
2.1078312365121805e+38 1.4014072064002395e+66 2.2292158863371792e+64 3.670732901245677e+21 121173.16629562227 1.0535034369123374e+49 1.6314373589007251e+19 157030685187.72516 1.1531704806985853e+36 22693813726194.93 0.005060991134074518 3969053.1804063413 75.76281169514634 2.3374600143492836e+52 6.211393744404363e+47 20637.272566354088 3.241970885394822e-270 84
2.1078312365121805e+38 1.4014072064002395e+66 2.2292158863371792e+64 3.670732901245677e+21 7.158343925533616e+41 1.0535034369123374e+49 3748.5322121971444 2.283496222226806e+23 351020338788.146 1.1531704806985853e+36 7006441698.647507 1.9256147864697256e+16 219.47354679415403 2826748609631.335 1.4090110490382962e+26 354248331015012.7 4.015899908658878e+16 2.3374600143492836e+52 6.211393744404363e+47 20637.272566354088 0.8300000000000001 84
2.1078312365121805e+38 1.4014072064002395e+66 2.2292158863371792e+64 3.670732901245677e+21 7.158343925533616e+41 1.0535034369123374e+49 8.348062547967973e+16 1.6314373589007251e+19 0.00021610001005579145 2.9058826195446944e+21 0.004715923556751255 5.404380617488631e+22 8802965211.12123 2.024196417955156e+20 263628.0727684598 179866305404.26505 354248331015012.7 0.07652912362038794 2.3374600143492836e+52 6.211393744404363e+47 3806810.0081106164 84
2.1078312365121805e+38 1.4014072064002395e+66 2.2292158863371792e+64 34711041393.80556 121173.16629562227 0.19 11914252206252.34 1.6314373589007251e+19 157030685187.72516 1.1531704806985853e+36 22693813726194.93 188.7472502429725 26665231128279.027 2826748609631.335 1.4090110490382962e+26 75.76281169514634 4.015899908658878e+16 2.3374600143492836e+52 1.1543068673805053e-90 84
2.1078312365121805e+38 1.4014072064002395e+66 2.2292158863371792e+64 7.158343925533616e+41 1.0535034369123374e+49 8.348062547967973e+16 1.6314373589007251e+19 45024554.798229076 1.1531704806985853e+36 22693813726194.93 5.404380617488631e+22 3969053.1804063413 2826748609631.335 1.4090110490382962e+26 75.76281169514634 0.07652912362038794 1.0594323303355323e-90 3324.867790999648 5.6073463651887705 888520232557.4948 84
3.041158567776314e+24 1.4014072064002395e+66 2.2292158863371792e+64 1.0977967313366427e-05 7.158343925533616e+41 8.348062547967973e+16 2.283496222226806e+23 0.00021610001005579145 2.9058826195446944e+21 0.004715923556751255 5.404380617488631e+22 219.47354679415403 2.024196417955156e+20 1.4090110490382962e+26 354248331015012.7 4.015899908658878e+16 85
2.1078312365121805e+38 1.4014072064002395e+66 2.2292158863371792e+64 3.670732901245677e+21 7.158343925533616e+41 0.021192680387184352 11914252206252.34 1.6314373589007251e+19 0.21069467129119368 1.1531704806985853e+36 7006441698.647507 188.7472502429725 26665231128279.027 2826748609631.335 1.4090110490382962e+26 468536.2430097395 0.07652912362038794 2.3374600143492836e+52 3324.867790999648 3806810.0081106164 888520232557.4948 84
2.1078312365121805e+38 1.4014072064002395e+66 2.2292158863371792e+64 7.158343925533616e+41 8.348062547967973e+16 2.283496222226806e+23 0.00022264849520899725 2.9058826195446944e+21 11256.69412710223 5.404380617488631e+22 8802965211.12123 2826748609631.335 263628.0727684598 354248331015012.7 4.015899908658878e+16 2.3374600143492836e+52 6.211393744404363e+47 3806810.0081106164 84
2.1078312365121805e+38 1.4014072064002395e+66 2.2292158863371792e+64 3.670732901245677e+21 7.158343925533616e+41 0.002530495567037259 2.283496222226806e+23 0.21069467129119368 1.1531704806985853e+36 11256.69412710223 5.404380617488631e+22 8802965211.12123 2826748609631.335 3.953898078017723 179866305404.26505 468536.2430097395 4.015899908658878e+16 0.0824159792834947 6.211393744404363e+47 5.6073463651887705 888520232557.4948 84
2.1078312365121805e+38 0.0027444909638268842 0.4313343357837516 3.670732901245677e+21 7.158343925533616e+41 1.0535034369123374e+49 8.348062547967973e+16 2.283496222226806e+23 0.21069467129119368 1.1531704806985853e+36 22693813726194.93 5.404380617488631e+22 8802965211.12123 2826748609631.335 1.4090110490382962e+26 0.0824159792834947 6.211393744404363e+47 5.6073463651887705 888520232557.4948 84
2.1078312365121805e+38 1.4014072064002395e+66 2.2292158863371792e+64 52.72563116226185 7.158343925533616e+41 1.0535034369123374e+49 8.348062547967973e+16 2.283496222226806e+23 0.00022264849520899725 1.1531704806985853e+36 7006441698.647507 1.9256147864697256e+16 219.47354679415403 5.096724153019298e-266 3.953898078017723 179866305404.26505 354248331015012.7 4.015899908658878e+16 2.3374600143492836e+52 9.335333985645651e-88 85
3.041158567776314e+24 1.4014072064002395e+66 2.2292158863371792e+64 3.670732901245677e+21 121173.16629562227 1.0535034369123374e+49 11914252206252.34 1.6314373589007251e+19 157030685187.72516 1.1531704806985853e+36 27.962555591551425 5.404380617488631e+22 26665231128279.027 2.024196417955156e+20 1.4090110490382962e+26 75.76281169514634 0.007246419123788514 2.3374600143492836e+52 6.211393744404363e+47 20637.272566354088 0.8300000000000001 85
3.041158567776314e+24 0.0027444909638268842 0.4313343357837516 3.670732901245677e+21 7.158343925533616e+41 11914252206252.34 157030685187.72516 1.1531704806985853e+36 11256.69412710223 5.404380617488631e+22 26665231128279.027 2.024196417955156e+20 1.4090110490382962e+26 75.76281169514634 2.3374600143492836e+52 6.211393744404363e+47 20637.272566354088 888520232557.4948 85
2.1078312365121805e+38 1.4014072064002395e+66 2.2292158863371792e+64 1.0977967313366427e-05 7.158343925533616e+41 1.0535034369123374e+49 8.348062547967973e+16 2.283496222226806e+23 45024554.798229076 1.1531704806985853e+36 7006441698.647507 1.9256147864697256e+16 8802965211.12123 2826748609631.335 263628.0727684598 179866305404.26505 2.3374600143492836e+52 3324.867790999648 3806810.0081106164 888520232557.4948 84
2.1078312365121805e+38 1.4014072064002395e+66 2.2292158863371792e+64 8.348062547967973e+16 2.283496222226806e+23 45024554.798229076 2.9058826195446944e+21 11256.69412710223 5.404380617488631e+22 8802965211.12123 5.096724153019298e-266 3.953898078017723 354248331015012.7 4.015899908658878e+16 2.3374600143492836e+52 6.211393744404363e+47 84
2.1078312365121805e+38 1.4014072064002395e+66 2.2292158863371792e+64 7.158343925533616e+41 8.348062547967973e+16 351020338788.146 2.9058826195446944e+21 11256.69412710223 1.9256147864697256e+16 2.024196417955156e+20 8.99760456522357e-177 2.3374600143492836e+52 6.211393744404363e+47 84
3.041158567776314e+24 1.4014072064002395e+66 2.2292158863371792e+64 7.158343925533616e+41 1.0535034369123374e+49 3748.5322121971444 2.283496222226806e+23 45024554.798229076 2.9058826195446944e+21 0.004715923556751255 1.9256147864697256e+16 8802965211.12123 263628.0727684598 0.007246419123788514 2.3374600143492836e+52 6.211393744404363e+47 84
3.041158567776314e+24 1.4014072064002395e+66 2.2292158863371792e+64 3.670732901245677e+21 121173.16629562227 1.0535034369123374e+49 0.002530495567037259 1.6314373589007251e+19 157030685187.72516 1.1531704806985853e+36 27.962555591551425 3969053.1804063413 2.024196417955156e+20 1.4090110490382962e+26 0.007246419123788514 2.3374600143492836e+52 6.211393744404363e+47 85
2.1078312365121805e+38 1.4014072064002395e+66 2.2292158863371792e+64 84
3.041158567776314e+24 1.4014072064002395e+66 2.2292158863371792e+64 52.72563116226185 121173.16629562227 1.0535034369123374e+49 11914252206252.34 1.6314373589007251e+19 45024554.798229076 1.1531704806985853e+36 27.962555591551425 5.404380617488631e+22 3969053.1804063413 468536.2430097395 2.3374600143492836e+52 6.211393744404363e+47 85
3.041158567776314e+24 1.4014072064002395e+66 2.2292158863371792e+64 7.158343925533616e+41 1.0535034369123374e+49 8.348062547967973e+16 1.6314373589007251e+19 157030685187.72516 1.1531704806985853e+36 22693813726194.93 5.404380617488631e+22 26665231128279.027 2.024196417955156e+20 1.4090110490382962e+26 468536.2430097395 2.3374600143492836e+52 6.211393744404363e+47 84
2.1078312365121805e+38 1.4014072064002395e+66 2.2292158863371792e+64 52.72563116226185 7.158343925533616e+41 1.0535034369123374e+49 8.348062547967973e+16 1.6314373589007251e+19 351020338788.146 2.9058826195446944e+21 0.004715923556751255 1.9256147864697256e+16 8802965211.12123 2826748609631.335 1.4090110490382962e+26 0.0824159792834947 1.1543068673805053e-90 3806810.0081106164 888520232557.4948 85
3.041158567776314e+24 1.4014072064002395e+66 2.2292158863371792e+64 7.158343925533616e+41 8.348062547967973e+16 2.283496222226806e+23 45024554.798229076 2.9058826195446944e+21 11256.69412710223 1.9256147864697256e+16 219.47354679415403 1.4090110490382962e+26 354248331015012.7 4.015899908658878e+16 2.3374600143492836e+52 84
3.041158567776314e+24 1.4014072064002395e+66 2.2292158863371792e+64 3.670732901245677e+21 121173.16629562227 1.0535034369123374e+49 8.348062547967973e+16 1.6314373589007251e+19 0.21069467129119368 1.1531704806985853e+36 7006441698.647507 5.404380617488631e+22 3969053.1804063413 263628.0727684598 179866305404.26505 0.07652912362038794 2.3374600143492836e+52 6.211393744404363e+47 3806810.0081106164 85
2.1078312365121805e+38 1.4014072064002395e+66 2.2292158863371792e+64 3.670732901245677e+21 121173.16629562227 1.0535034369123374e+49 11914252206252.34 1.6314373589007251e+19 0.00021610001005579145 1.1531704806985853e+36 0.004715923556751255 5.404380617488631e+22 26665231128279.027 2.024196417955156e+20 263628.0727684598 179866305404.26505 468536.2430097395 2.3374600143492836e+52 6.211393744404363e+47 5.6073463651887705 888520232557.4948 84
2.1078312365121805e+38 1.4014072064002395e+66 2.2292158863371792e+64 7.158343925533616e+41 1.0535034369123374e+49 8.348062547967973e+16 2.283496222226806e+23 45024554.798229076 1.1531704806985853e+36 5.404380617488631e+22 2.024196417955156e+20 1.4090110490382962e+26 0.07652912362038794 2.3374600143492836e+52 1.1543068673805053e-90 888520232557.4948 85
3.041158567776314e+24 1.4014072064002395e+66 2.2292158863371792e+64 8.348062547967973e+16 4.4274783954320754e-91 0.00022264849520899725 0.004715923556751255 219.47354679415403 84
3.041158567776314e+24 1.4014072064002395e+66 0.4313343357837516 34711041393.80556 7.158343925533616e+41 0.021192680387184352 8.348062547967973e+16 1.6314373589007251e+19 0.00021610001005579145 1.1531704806985853e+36 7006441698.647507 1.9256147864697256e+16 3969053.1804063413 2826748609631.335 3.953898078017723 179866305404.26505 0.07652912362038794 2.3374600143492836e+52 6.211393744404363e+47 5.6073463651887705 888520232557.4948 84
2.1078312365121805e+38 1.4014072064002395e+66 2.2292158863371792e+64 3.670732901245677e+21 121173.16629562227 1.0535034369123374e+49 1.6314373589007251e+19 157030685187.72516 1.1531704806985853e+36 22693813726194.93 0.005060991134074518 3969053.1804063413 75.76281169514634 2.3374600143492836e+52 6.211393744404363e+47 20637.272566354088 3.241970885394822e-270 84
3.041158567776314e+24 1.4014072064002395e+66 2.2292158863371792e+64 1.0977967313366427e-05 7.158343925533616e+41 1.0535034369123374e+49 8.348062547967973e+16 1.6314373589007251e+19 0.21069467129119368 1.1531704806985853e+36 7006441698.647507 188.7472502429725 3969053.1804063413 75.76281169514634 0.007246419123788514 2.3374600143492836e+52 1.1543068673805053e-90 85
3.041158567776314e+24 1.4014072064002395e+66 2.2292158863371792e+64 3.670732901245677e+21 7.158343925533616e+41 1.0535034369123374e+49 8.348062547967973e+16 6.500850618526306e-181 0.21069467129119368 1.1531704806985853e+36 22693813726194.93 0.005060991134074518 26665231128279.027 2.024196417955156e+20 3.953898078017723 468536.2430097395 2.597424308173536 2.3374600143492836e+52 6.211393744404363e+47 85
2.1078312365121805e+38 1.4014072064002395e+66 0.4313343357837516 121173.16629562227 1.0535034369123374e+49 11914252206252.34 1.6314373589007251e+19 45024554.798229076 1.1531704806985853e+36 1.9256147864697256e+16 26665231128279.027 2.024196417955156e+20 1.4090110490382962e+26 468536.2430097395 0.07652912362038794 2.3374600143492836e+52 6.211393744404363e+47 20637.272566354088 84
2.1078312365121805e+38 1.4014072064002395e+66 2.2292158863371792e+64 7.158343925533616e+41 8.348062547967973e+16 351020338788.146 2.9058826195446944e+21 11256.69412710223 1.9256147864697256e+16 2.024196417955156e+20 8.99760456522357e-177 2.3374600143492836e+52 6.211393744404363e+47 84
2.1078312365121805e+38 1.4014072064002395e+66 0.4313343357837516 3.670732901245677e+21 7.158343925533616e+41 1.0535034369123374e+49 8.348062547967973e+16 1.6314373589007251e+19 157030685187.72516 1.1531704806985853e+36 7006441698.647507 188.7472502429725 26665231128279.027 2.024196417955156e+20 3.953898078017723 179866305404.26505 468536.2430097395 0.07652912362038794 6.558210984008394e-87 6.211393744404363e+47 20637.272566354088 888520232557.4948 84
3.041158567776314e+24 1.4014072064002395e+66 0.4313343357837516 3.670732901245677e+21 1002.2996596319236 1.0535034369123374e+49 8.348062547967973e+16 2.283496222226806e+23 45024554.798229076 2.9058826195446944e+21 7006441698.647507 5.404380617488631e+22 26665231128279.027 2.024196417955156e+20 1.4090110490382962e+26 75.76281169514634 0.0824159792834947 6.211393744404363e+47 3806810.0081106164 84
3.041158567776314e+24 1.4014072064002395e+66 2.2292158863371792e+64 34711041393.80556 1002.2996596319236 0.19 8.348062547967973e+16 1.6314373589007251e+19 157030685187.72516 1.1531704806985853e+36 7006441698.647507 5.404380617488631e+22 3969053.1804063413 0.007246419123788514 0.0824159792834947 3324.867790999648 85
2.1078312365121805e+38 1.4014072064002395e+66 2.2292158863371792e+64 1.0977967313366427e-05 7.158343925533616e+41 1.0535034369123374e+49 8.348062547967973e+16 2.283496222226806e+23 45024554.798229076 1.1531704806985853e+36 7006441698.647507 1.9256147864697256e+16 8802965211.12123 2826748609631.335 263628.0727684598 179866305404.26505 2.3374600143492836e+52 3324.867790999648 3806810.0081106164 888520232557.4948 84
3.041158567776314e+24 1.4014072064002395e+66 2.2292158863371792e+64 1.0977967313366427e-05 7.158343925533616e+41 1.0535034369123374e+49 8.348062547967973e+16 1.6314373589007251e+19 0.21069467129119368 1.1531704806985853e+36 7006441698.647507 188.7472502429725 3969053.1804063413 75.76281169514634 0.007246419123788514 2.3374600143492836e+52 1.1543068673805053e-90 85
2.1078312365121805e+38 1.4014072064002395e+66 2.2292158863371792e+64 52.72563116226185 121173.16629562227 1.0535034369123374e+49 1.6314373589007251e+19 0.21069467129119368 1.1531704806985853e+36 22693813726194.93 5.404380617488631e+22 8802965211.12123 2.024196417955156e+20 1.4090110490382962e+26 75.76281169514634 4.015899908658878e+16 2.3374600143492836e+52 3324.867790999648 84
3.041158567776314e+24 1.4014072064002395e+66 2.2292158863371792e+64 34711041393.80556 1002.2996596319236 1.0535034369123374e+49 0.002530495567037259 1.6314373589007251e+19 0.21069467129119368 1.1531704806985853e+36 27.962555591551425 188.7472502429725 468536.2430097395 2.597424308173536 2.3374600143492836e+52 1.1543068673805053e-90 85
2.1078312365121805e+38 1.4014072064002395e+66 2.2292158863371792e+64 34711041393.80556 7.158343925533616e+41 0.021192680387184352 1.6314373589007251e+19 157030685187.72516 7006441698.647507 5.404380617488631e+22 354248331015012.7 0.07652912362038794 84
2.1078312365121805e+38 1.4014072064002395e+66 2.2292158863371792e+64 34711041393.80556 7.158343925533616e+41 1.0535034369123374e+49 351020338788.146 1.1531704806985853e+36 22693813726194.93 1.9256147864697256e+16 3969053.1804063413 354248331015012.7 0.007246419123788514 2.3374600143492836e+52 0.76 5.6073463651887705 888520232557.4948 85
2.1078312365121805e+38 1.4014072064002395e+66 2.2292158863371792e+64 3.670732901245677e+21 121173.16629562227 11914252206252.34 1.6314373589007251e+19 157030685187.72516 1.1531704806985853e+36 27.962555591551425 0.005060991134074518 219.47354679415403 2.024196417955156e+20 3.953898078017723 354248331015012.7 4.015899908658878e+16 84
2.1078312365121805e+38 1.4014072064002395e+66 2.2292158863371792e+64 34711041393.80556 1.0535034369123374e+49 8.348062547967973e+16 1.6314373589007251e+19 45024554.798229076 1.1531704806985853e+36 0.004715923556751255 1.9256147864697256e+16 3969053.1804063413 2.024196417955156e+20 0.0824159792834947 6.211393744404363e+47 20637.272566354088 888520232557.4948 84
2.1078312365121805e+38 1.4014072064002395e+66 2.2292158863371792e+64 84
2.1078312365121805e+38 1.4014072064002395e+66 0.4313343357837516 1.0977967313366427e-05 1.1965201977567947e-180 1.0535034369123374e+49 2.3374600143492836e+52 6.211393744404363e+47 84
2.1078312365121805e+38 1.4014072064002395e+66 0.4313343357837516 52.72563116226185 1002.2996596319236 11914252206252.34 1.6314373589007251e+19 157030685187.72516 1.1531704806985853e+36 27.962555591551425 188.7472502429725 26665231128279.027 468536.2430097395 2.597424308173536 5.6073463651887705 888520232557.4948 84
3.041158567776314e+24 1.4014072064002395e+66 2.2292158863371792e+64 3.670732901245677e+21 7.158343925533616e+41 11914252206252.34 1.6314373589007251e+19 0.00021610001005579145 2.9058826195446944e+21 22693813726194.93 5.404380617488631e+22 26665231128279.027 2826748609631.335 263628.0727684598 179866305404.26505 75.76281169514634 0.07652912362038794 2.3374600143492836e+52 3324.867790999648 20637.272566354088 888520232557.4948 84
3.041158567776314e+24 1.4014072064002395e+66 2.2292158863371792e+64 7.158343925533616e+41 8.348062547967973e+16 2.283496222226806e+23 45024554.798229076 2.9058826195446944e+21 11256.69412710223 1.9256147864697256e+16 219.47354679415403 2826748609631.335 3.953898078017723 354248331015012.7 4.015899908658878e+16 2.3374600143492836e+52 84
3.041158567776314e+24 1.4014072064002395e+66 2.2292158863371792e+64 2.0002617287773247e-181 7.158343925533616e+41 1.0535034369123374e+49 8.348062547967973e+16 2.283496222226806e+23 351020338788.146 2.9058826195446944e+21 11256.69412710223 1.9256147864697256e+16 219.47354679415403 5.096724153019298e-266 3.953898078017723 179866305404.26505 354248331015012.7 4.015899908658878e+16 2.3374600143492836e+52 6.211393744404363e+47 84
2.1078312365121805e+38 1.4014072064002395e+66 2.2292158863371792e+64 2.0002617287773247e-181 1002.2996596319236 1.0535034369123374e+49 4.4274783954320754e-91 45024554.798229076 2.9058826195446944e+21 11256.69412710223 1.9256147864697256e+16 219.47354679415403 2826748609631.335 1.4090110490382962e+26 75.76281169514634 4.015899908658878e+16 2.3374600143492836e+52 3324.867790999648 3806810.0081106164 888520232557.4948 84
2.1078312365121805e+38 1.4014072064002395e+66 2.2292158863371792e+64 52.72563116226185 7.158343925533616e+41 1.0535034369123374e+49 11914252206252.34 2.283496222226806e+23 0.00022264849520899725 2.9058826195446944e+21 22693813726194.93 1.9256147864697256e+16 3969053.1804063413 2.024196417955156e+20 263628.0727684598 179866305404.26505 0.07652912362038794 2.3374600143492836e+52 6.211393744404363e+47 3806810.0081106164 84
2.1078312365121805e+38 1.4014072064002395e+66 2.2292158863371792e+64 7.158343925533616e+41 8.348062547967973e+16 2.283496222226806e+23 0.00021610001005579145 2.9058826195446944e+21 7006441698.647507 1.9256147864697256e+16 8802965211.12123 263628.0727684598 354248331015012.7 0.07652912362038794 2.3374600143492836e+52 6.211393744404363e+47 5.6073463651887705 888520232557.4948 84
3.041158567776314e+24 1.4014072064002395e+66 2.2292158863371792e+64 52.72563116226185 1002.2996596319236 0.021192680387184352 8.348062547967973e+16 1.6314373589007251e+19 157030685187.72516 1.1531704806985853e+36 22693813726194.93 188.7472502429725 3969053.1804063413 2.024196417955156e+20 75.76281169514634 1.0119950618130458e-90 2.3374600143492836e+52 6.211393744404363e+47 20637.272566354088 888520232557.4948 85
2.1078312365121805e+38 1.4014072064002395e+66 2.2292158863371792e+64 34711041393.80556 121173.16629562227 0.19 11914252206252.34 1.6314373589007251e+19 157030685187.72516 1.1531704806985853e+36 22693813726194.93 188.7472502429725 26665231128279.027 2826748609631.335 1.4090110490382962e+26 75.76281169514634 4.015899908658878e+16 2.3374600143492836e+52 1.1543068673805053e-90 84
