8.082779249765116e-06 1.0275244218900517e-11 5.403971118524478e-11 0.005410667771308068 1.0752455391977153e-08 1.100266692285689e-08 2.7981310055765334e-07 6.876163721153192e-08 0.18197439893190076 0.2120403340149588 84
8.082779249765116e-06 1.0275244218900517e-11 5.403971118524478e-11 2.3091498894446166e-06 1.0752455391977153e-08 4.6634221364518154e-05 9.04292080278937e-06 0.0010400523120696393 1.100266692285689e-08 9.452419367526908e-05 3.3988728626613014e-07 0.0005341742230672649 0.0004350871134404743 0.00012285375174137672 0.007650034476908214 2.7981310055765334e-07 6.876163721153192e-08 84
1.297256646731548e-09 1.0275244218900517e-11 5.403971118524478e-11 2.386400159596905e-05 2.3091498894446166e-06 0.015510370617688526 0.0002386735890300545 9.04292080278937e-06 0.025850617696147542 1.100266692285689e-08 0.037707873995615517 0.056473939995648176 0.0005341742230672649 0.0010296539824679986 0.00012285375174137672 0.007650034476908214 0.011645575298759536 2.7981310055765334e-07 0.05471108074793809 0.010419874546133601 0.2120403340149588 84
8.082779249765116e-06 1.0275244218900517e-11 5.403971118524478e-11 1.0752455391977153e-08 4.6634221364518154e-05 9.04292080278937e-06 0.0010400523120696393 1.100266692285689e-08 9.452419367526908e-05 3.3988728626613014e-07 0.0007410346212921402 2.7981310055765334e-07 0.05471108074793809 85
8.082779249765116e-06 1.0275244218900517e-11 5.403971118524478e-11 0.04830119164691021 0.0004113623865186218 0.0002386735890300545 9.04292080278937e-06 0.0010400523120696393 1.100266692285689e-08 9.452419367526908e-05 0.056473939995648176 0.0005341742230672649 0.0004350871134404743 0.00012285375174137672 0.007650034476908214 2.7981310055765334e-07 6.876163721153192e-08 0.18197439893190076 0.8300000000000001 85
1.297256646731548e-09 1.0275244218900517e-11 5.403971118524478e-11 0.005410667771308068 0.0070017456524904455 9.04292080278937e-06 0.0010400523120696393 1.100266692285689e-08 0.04990720278685189 3.3988728626613014e-07 0.0005341742230672649 0.0010296539824679986 0.00012285375174137672 0.0006436101855401201 2.7981310055765334e-07 6.876163721153192e-08 84
1.297256646731548e-09 1.0275244218900517e-11 5.403971118524478e-11 2.386400159596905e-05 2.3091498894446166e-06 1.0752455391977153e-08 0.0070017456524904455 9.04292080278937e-06 0.025850617696147542 1.100266692285689e-08 9.452419367526908e-05 0.0004350871134404743 8.114780308142973e-05 2.7981310055765334e-07 6.876163721153192e-08 0.2738018500493659 0.8300000000000001 84
1.297256646731548e-09 1.0275244218900517e-11 5.403971118524478e-11 2.386400159596905e-05 2.3091498894446166e-06 1.0752455391977153e-08 4.6634221364518154e-05 0.0029417430806977832 3.1534413594891943e-05 1.100266692285689e-08 0.0036313499204056916 2.7981310055765334e-07 6.876163721153192e-08 0.2120403340149588 84
1.297256646731548e-09 1.0275244218900517e-11 5.403971118524478e-11 2.386400159596905e-05 2.3091498894446166e-06 1.0752455391977153e-08 0.0070017456524904455 9.04292080278937e-06 0.025850617696147542 1.100266692285689e-08 9.452419367526908e-05 0.0004350871134404743 8.114780308142973e-05 2.7981310055765334e-07 6.876163721153192e-08 0.2738018500493659 0.8300000000000001 84
1.297256646731548e-09 0.006122738622524113 5.403971118524478e-11 0.00014570815209548622 2.3091498894446166e-06 4.6634221364518154e-05 0.0029417430806977832 3.6870238203343138 0.059527504027641995 0.037707873995615517 3.3988728626613014e-07 2.7981310055765334e-07 6.876163721153192e-08 0.18197439893190076 0.2120403340149588 84
8.082779249765116e-06 1.0275244218900517e-11 5.403971118524478e-11 0.0010760675501668314 0.0004113623865186218 1.0752455391977153e-08 0.0070017456524904455 0.0029417430806977832 3.1534413594891943e-05 1.100266692285689e-08 0.04990720278685189 3.3988728626613014e-07 0.0007410346212921402 0.45474692750836365 0.00012285375174137672 0.0036313499204056916 2.7981310055765334e-07 6.876163721153192e-08 85
8.082779249765116e-06 1.0275244218900517e-11 5.403971118524478e-11 0.00014570815209548622 0.0004113623865186218 1.0752455391977153e-08 0.0070017456524904455 0.0010400523120696393 1.100266692285689e-08 0.04990720278685189 0.056473939995648176 0.0005341742230672649 0.0010296539824679986 0.00012285375174137672 0.007650034476908214 0.2569469333544063 0.0125413887832795 0.05471108074793809 85
8.082779249765116e-06 1.0275244218900517e-11 5.403971118524478e-11 2.386400159596905e-05 2.3091498894446166e-06 1.0752455391977153e-08 0.0070017456524904455 0.08239507078279834 0.025850617696147542 1.100266692285689e-08 0.04990720278685189 0.056473939995648176 0.0005341742230672649 0.45474692750836365 0.00012285375174137672 0.007650034476908214 0.2569469333544063 2.7981310055765334e-07 0.05471108074793809 85
1.297256646731548e-09 1.0275244218900517e-11 5.403971118524478e-11 0.0010760675501668314 2.3091498894446166e-06 1.0752455391977153e-08 4.6634221364518154e-05 0.03414559488702365 0.059527504027641995 0.0310522350191 0.10332019004083122 0.047376559635516936 0.0004350871134404743 0.12831528129813516 0.007650034476908214 0.0006436101855401201 2.7981310055765334e-07 6.876163721153192e-08 0.010419874546133601 0.2120403340149588 84
8.082779249765116e-06 1.0275244218900517e-11 5.403971118524478e-11 2.386400159596905e-05 0.0004113623865186218 1.0752455391977153e-08 0.037707873995615517 0.002728081906555953 0.0036313499204056916 0.007650034476908214 0.2569469333544063 2.7981310055765334e-07 0.76 84
1.297256646731548e-09 1.0275244218900517e-11 5.403971118524478e-11 0.00014570815209548622 2.3091498894446166e-06 1.0752455391977153e-08 0.0070017456524904455 0.0029417430806977832 0.0010400523120696393 1.100266692285689e-08 3.3988728626613014e-07 0.0005341742230672649 0.0010296539824679986 0.12831528129813516 0.0036313499204056916 0.007650034476908214 0.0006436101855401201 2.7981310055765334e-07 6.876163721153192e-08 84
8.082779249765116e-06 1.0275244218900517e-11 5.403971118524478e-11 2.386400159596905e-05 2.3091498894446166e-06 1.0752455391977153e-08 0.0002386735890300545 9.04292080278937e-06 0.025850617696147542 1.100266692285689e-08 0.037707873995615517 0.056473939995648176 0.0005341742230672649 0.0004350871134404743 0.00012285375174137672 0.007650034476908214 2.7981310055765334e-07 0.05471108074793809 0.2738018500493659 0.2120403340149588 85
1.297256646731548e-09 1.0275244218900517e-11 5.403971118524478e-11 2.386400159596905e-05 0.005410667771308068 0.015510370617688526 4.6634221364518154e-05 9.04292080278937e-06 0.0010400523120696393 1.100266692285689e-08 0.037707873995615517 0.06735012484776526 0.0005341742230672649 0.0010296539824679986 0.00012285375174137672 8.114780308142973e-05 0.0006436101855401201 0.6900000000000001 6.876163721153192e-08 85
1.297256646731548e-09 1.0275244218900517e-11 5.403971118524478e-11 2.386400159596905e-05 2.3091498894446166e-06 1.0752455391977153e-08 0.0002386735890300545 9.04292080278937e-06 3.1534413594891943e-05 1.100266692285689e-08 0.06275807088087217 0.10332019004083122 0.047376559635516936 0.0004350871134404743 0.00012285375174137672 8.114780308142973e-05 0.011645575298759536 2.7981310055765334e-07 6.876163721153192e-08 0.2738018500493659 0.2120403340149588 84
8.082779249765116e-06 1.0275244218900517e-11 5.403971118524478e-11 2.386400159596905e-05 0.0004113623865186218 0.015510370617688526 0.0002386735890300545 9.04292080278937e-06 0.0010400523120696393 1.100266692285689e-08 0.04990720278685189 3.3988728626613014e-07 0.0010296539824679986 0.00012285375174137672 0.001917744148812175 0.0964331333047548 2.7981310055765334e-07 6.876163721153192e-08 0.18197439893190076 0.2120403340149588 85
1.297256646731548e-09 1.0275244218900517e-11 5.403971118524478e-11 2.386400159596905e-05 2.3091498894446166e-06 0.0029417430806977832 1.100266692285689e-08 0.0310522350191 3.3988728626613014e-07 0.0005341742230672649 0.00012285375174137672 0.007650034476908214 0.2569469333544063 2.7981310055765334e-07 2.0306135696066048 0.2738018500493659 0.2120403340149588 84
8.082779249765116e-06 1.0275244218900517e-11 5.403971118524478e-11 0.0010760675501668314 0.005410667771308068 1.0752455391977153e-08 0.0002386735890300545 9.04292080278937e-06 3.1534413594891943e-05 1.100266692285689e-08 0.056473939995648176 0.0005341742230672649 0.007650034476908214 0.0125413887832795 6.876163721153192e-08 85
8.082779249765116e-06 0.006122738622524113 0.0029104816280045042 2.3091498894446166e-06 1.0752455391977153e-08 0.7291133199121751 0.1576238652051067 0.0837690208454158 0.059527504027641995 0.0310522350191 0.10332019004083122 0.31582878956591737 84
1.297256646731548e-09 1.0275244218900517e-11 5.403971118524478e-11 0.00014570815209548622 0.03802849420744539 1.0752455391977153e-08 0.0070017456524904455 3.1534413594891943e-05 1.100266692285689e-08 0.037707873995615517 3.3988728626613014e-07 0.0125413887832795 0.05471108074793809 0.2120403340149588 84
1.297256646731548e-09 1.0275244218900517e-11 5.403971118524478e-11 2.3091498894446166e-06 4.6634221364518154e-05 0.1576238652051067 0.0837690208454158 1.100266692285689e-08 0.06275807088087217 0.10332019004083122 0.31582878956591737 0.0010296539824679986 0.00012285375174137672 0.0006436101855401201 2.7981310055765334e-07 0.05471108074793809 0.18197439893190076 0.2120403340149588 84
8.082779249765116e-06 1.0275244218900517e-11 5.403971118524478e-11 0.00014570815209548622 0.0004113623865186218 0.0002386735890300545 9.04292080278937e-06 0.0010400523120696393 1.100266692285689e-08 9.452419367526908e-05 3.3988728626613014e-07 0.0007410346212921402 0.0010296539824679986 0.00012285375174137672 0.007650034476908214 0.36028312046881533 0.6900000000000001 6.876163721153192e-08 0.2738018500493659 0.14628698097691054 85
8.082779249765116e-06 1.0275244218900517e-11 5.403971118524478e-11 0.00014570815209548622 2.3091498894446166e-06 4.6634221364518154e-05 0.0029417430806977832 3.6870238203343138 1.100266692285689e-08 0.037707873995615517 3.3988728626613014e-07 0.0005341742230672649 0.0010296539824679986 0.00012285375174137672 8.114780308142973e-05 0.2569469333544063 2.7981310055765334e-07 6.876163721153192e-08 84
8.082779249765116e-06 1.0275244218900517e-11 5.403971118524478e-11 0.00014570815209548622 2.3091498894446166e-06 1.0752455391977153e-08 0.7291133199121751 0.0029417430806977832 0.03414559488702365 3.3988728626613014e-07 0.047376559635516936 2.7981310055765334e-07 6.876163721153192e-08 85
1.297256646731548e-09 1.0275244218900517e-11 5.403971118524478e-11 0.04830119164691021 2.3091498894446166e-06 0.0002386735890300545 9.04292080278937e-06 3.1534413594891943e-05 1.100266692285689e-08 0.06275807088087217 0.10332019004083122 0.047376559635516936 0.0004350871134404743 0.00012285375174137672 0.001917744148812175 0.0006436101855401201 2.7981310055765334e-07 6.876163721153192e-08 0.2738018500493659 0.2120403340149588 84
8.082779249765116e-06 1.0275244218900517e-11 5.403971118524478e-11 0.0010760675501668314 0.0004113623865186218 1.0752455391977153e-08 85
8.082779249765116e-06 1.0275244218900517e-11 5.403971118524478e-11 0.00014570815209548622 0.0004113623865186218 1.0752455391977153e-08 0.0002386735890300545 9.04292080278937e-06 0.0010400523120696393 1.100266692285689e-08 9.452419367526908e-05 3.3988728626613014e-07 0.0007410346212921402 0.0010296539824679986 0.00012285375174137672 0.007650034476908214 0.36028312046881533 0.0125413887832795 6.876163721153192e-08 0.2738018500493659 0.14628698097691054 85
1.297256646731548e-09 1.0275244218900517e-11 5.403971118524478e-11 2.386400159596905e-05 0.005410667771308068 1.0752455391977153e-08 0.7291133199121751 9.04292080278937e-06 0.0010400523120696393 1.100266692285689e-08 9.452419367526908e-05 3.3988728626613014e-07 0.0007410346212921402 0.0004350871134404743 0.12831528129813516 8.114780308142973e-05 0.011645575298759536 2.7981310055765334e-07 6.876163721153192e-08 84
8.082779249765116e-06 1.0275244218900517e-11 5.403971118524478e-11 2.386400159596905e-05 2.3091498894446166e-06 0.015510370617688526 4.6634221364518154e-05 9.04292080278937e-06 3.1534413594891943e-05 1.100266692285689e-08 9.452419367526908e-05 3.3988728626613014e-07 0.0005341742230672649 0.0010296539824679986 0.00012285375174137672 0.8992531626276472 0.0964331333047548 2.7981310055765334e-07 6.876163721153192e-08 85
1.297256646731548e-09 1.0275244218900517e-11 5.403971118524478e-11 0.04830119164691021 2.3091498894446166e-06 0.0002386735890300545 9.04292080278937e-06 1.100266692285689e-08 0.056473939995648176 0.0005341742230672649 0.0125413887832795 6.876163721153192e-08 0.2738018500493659 84
8.082779249765116e-06 1.0275244218900517e-11 5.403971118524478e-11 2.386400159596905e-05 2.3091498894446166e-06 0.015510370617688526 4.6634221364518154e-05 9.04292080278937e-06 3.1534413594891943e-05 1.100266692285689e-08 9.452419367526908e-05 3.3988728626613014e-07 0.0005341742230672649 0.0010296539824679986 0.00012285375174137672 0.8992531626276472 0.0964331333047548 2.7981310055765334e-07 6.876163721153192e-08 85
8.082779249765116e-06 1.0275244218900517e-11 5.403971118524478e-11 0.0010760675501668314 0.005410667771308068 0.0002386735890300545 9.04292080278937e-06 0.0010400523120696393 1.100266692285689e-08 9.452419367526908e-05 3.3988728626613014e-07 0.0007410346212921402 2.7981310055765334e-07 6.876163721153192e-08 0.18197439893190076 0.2120403340149588 85
8.082779249765116e-06 1.0275244218900517e-11 5.403971118524478e-11 0.00014570815209548622 0.005410667771308068 0.19 4.6634221364518154e-05 9.04292080278937e-06 0.0010400523120696393 1.100266692285689e-08 0.037707873995615517 3.3988728626613014e-07 0.0007410346212921402 0.0964331333047548 0.0125413887832795 0.05471108074793809 85
1.297256646731548e-09 1.0275244218900517e-11 5.403971118524478e-11 2.3091498894446166e-06 0.7291133199121751 0.0029417430806977832 0.03414559488702365 0.059527504027641995 0.0310522350191 0.10332019004083122 0.31582878956591737 8.114780308142973e-05 0.0006436101855401201 2.7981310055765334e-07 6.876163721153192e-08 0.010419874546133601 0.2120403340149588 84
8.082779249765116e-06 1.0275244218900517e-11 5.403971118524478e-11 0.02535232947163026 0.0004113623865186218 0.0070017456524904455 9.04292080278937e-06 0.0010400523120696393 1.100266692285689e-08 0.04990720278685189 0.056473939995648176 0.0005341742230672649 0.0010296539824679986 0.00012285375174137672 2.7981310055765334e-07 0.05471108074793809 85
8.082779249765116e-06 1.0275244218900517e-11 5.403971118524478e-11 2.3091498894446166e-06 1.0752455391977153e-08 0.7291133199121751 0.0029417430806977832 3.1534413594891943e-05 0.059527504027641995 0.06275807088087217 0.10332019004083122 0.047376559635516936 0.002728081906555953 0.0964331333047548 2.7981310055765334e-07 6.876163721153192e-08 84
1.297256646731548e-09 1.0275244218900517e-11 5.403971118524478e-11 2.3091498894446166e-06 1.0752455391977153e-08 0.0070017456524904455 0.025850617696147542 1.100266692285689e-08 0.0310522350191 3.3988728626613014e-07 0.047376559635516936 0.0004350871134404743 0.12831528129813516 2.7981310055765334e-07 6.876163721153192e-08 84
8.082779249765116e-06 1.0275244218900517e-11 5.403971118524478e-11 2.3091498894446166e-06 4.6634221364518154e-05 0.0029417430806977832 3.1534413594891943e-05 0.059527504027641995 0.0310522350191 0.10332019004083122 0.31582878956591737 0.0010296539824679986 0.12831528129813516 8.114780308142973e-05 0.0006436101855401201 2.7981310055765334e-07 84
1.297256646731548e-09 1.0275244218900517e-11 5.403971118524478e-11 0.0010760675501668314 0.0004113623865186218 0.015510370617688526 0.0002386735890300545 3.1534413594891943e-05 1.100266692285689e-08 9.452419367526908e-05 0.056473939995648176 0.047376559635516936 0.0004350871134404743 0.00012285375174137672 0.001917744148812175 0.36028312046881533 2.7981310055765334e-07 6.876163721153192e-08 0.18197439893190076 84
1.297256646731548e-09 1.0275244218900517e-11 5.403971118524478e-11 0.0010760675501668314 2.3091498894446166e-06 1.0752455391977153e-08 0.0070017456524904455 0.0837690208454158 1.100266692285689e-08 9.452419367526908e-05 0.047376559635516936 0.12831528129813516 0.0036313499204056916 0.001917744148812175 0.011645575298759536 2.7981310055765334e-07 6.876163721153192e-08 0.18197439893190076 84
8.082779249765116e-06 1.0275244218900517e-11 5.403971118524478e-11 2.386400159596905e-05 2.3091498894446166e-06 1.0752455391977153e-08 0.0002386735890300545 9.04292080278937e-06 0.025850617696147542 1.100266692285689e-08 0.037707873995615517 0.056473939995648176 0.0005341742230672649 0.0004350871134404743 0.00012285375174137672 0.007650034476908214 2.7981310055765334e-07 0.05471108074793809 0.2738018500493659 0.2120403340149588 85
1.297256646731548e-09 1.0275244218900517e-11 5.403971118524478e-11 2.386400159596905e-05 0.0004113623865186218 0.015510370617688526 4.6634221364518154e-05 9.04292080278937e-06 0.0010400523120696393 1.100266692285689e-08 3.3988728626613014e-07 0.0007410346212921402 0.0010296539824679986 0.00012285375174137672 0.007650034476908214 0.36028312046881533 2.7981310055765334e-07 6.876163721153192e-08 0.18197439893190076 0.2120403340149588 85
1.297256646731548e-09 0.006122738622524113 0.0029104816280045042 0.00014570815209548622 2.3091498894446166e-06 1.0752455391977153e-08 4.6634221364518154e-05 3.6870238203343138 1.100266692285689e-08 9.452419367526908e-05 3.3988728626613014e-07 0.31582878956591737 0.45474692750836365 8.114780308142973e-05 2.7981310055765334e-07 0.18197439893190076 84
8.082779249765116e-06 1.0275244218900517e-11 5.403971118524478e-11 2.386400159596905e-05 0.0004113623865186218 1.0752455391977153e-08 4.6634221364518154e-05 9.04292080278937e-06 0.025850617696147542 1.100266692285689e-08 0.037707873995615517 3.3988728626613014e-07 0.0007410346212921402 0.002728081906555953 0.0036313499204056916 0.011645575298759536 2.7981310055765334e-07 6.876163721153192e-08 0.010419874546133601 85
8.082779249765116e-06 1.0275244218900517e-11 5.403971118524478e-11 0.00014570815209548622 0.0004113623865186218 1.0752455391977153e-08 0.0002386735890300545 9.04292080278937e-06 3.1534413594891943e-05 1.100266692285689e-08 9.452419367526908e-05 3.3988728626613014e-07 0.31582878956591737 0.0004350871134404743 0.0006436101855401201 2.7981310055765334e-07 0.05471108074793809 84
1.297256646731548e-09 1.0275244218900517e-11 5.403971118524478e-11 2.3091498894446166e-06 1.0752455391977153e-08 4.6634221364518154e-05 0.0029417430806977832 0.0837690208454158 0.059527504027641995 0.0310522350191 0.10332019004083122 0.047376559635516936 0.45474692750836365 8.114780308142973e-05 0.0006436101855401201 2.7981310055765334e-07 6.876163721153192e-08 0.010419874546133601 0.2120403340149588 84
8.082779249765116e-06 1.0275244218900517e-11 5.403971118524478e-11 2.3091498894446166e-06 4.6634221364518154e-05 0.0029417430806977832 3.1534413594891943e-05 0.059527504027641995 0.0310522350191 0.10332019004083122 0.31582878956591737 0.0010296539824679986 0.12831528129813516 8.114780308142973e-05 0.0006436101855401201 2.7981310055765334e-07 84
1.297256646731548e-09 1.0275244218900517e-11 5.403971118524478e-11 2.386400159596905e-05 0.0004113623865186218 0.0002386735890300545 9.04292080278937e-06 0.0010400523120696393 1.100266692285689e-08 0.04990720278685189 0.06735012484776526 0.31582878956591737 0.0004350871134404743 0.12831528129813516 8.114780308142973e-05 0.0006436101855401201 84
8.082779249765116e-06 1.0275244218900517e-11 5.403971118524478e-11 0.0010760675501668314 0.0004113623865186218 1.0752455391977153e-08 0.0002386735890300545 9.04292080278937e-06 0.0010400523120696393 1.100266692285689e-08 0.04990720278685189 0.056473939995648176 0.0005341742230672649 0.0010296539824679986 0.00012285375174137672 0.007650034476908214 2.7981310055765334e-07 6.876163721153192e-08 85
1.297256646731548e-09 1.0275244218900517e-11 5.403971118524478e-11 2.386400159596905e-05 2.3091498894446166e-06 0.0070017456524904455 0.0029417430806977832 0.025850617696147542 1.100266692285689e-08 0.0310522350191 3.3988728626613014e-07 0.047376559635516936 0.0010296539824679986 0.12831528129813516 0.0036313499204056916 0.007650034476908214 0.0006436101855401201 0.0125413887832795 6.876163721153192e-08 0.18197439893190076 0.2120403340149588 84
1.297256646731548e-09 1.0275244218900517e-11 5.403971118524478e-11 0.0010760675501668314 2.3091498894446166e-06 1.0752455391977153e-08 0.8300000000000001 84
1.297256646731548e-09 1.0275244218900517e-11 5.403971118524478e-11 0.0010760675501668314 2.3091498894446166e-06 1.0752455391977153e-08 0.0002386735890300545 0.0010400523120696393 1.100266692285689e-08 0.0310522350191 3.3988728626613014e-07 0.0005341742230672649 0.00012285375174137672 0.0125413887832795 0.05471108074793809 0.18197439893190076 0.2120403340149588 84
1.297256646731548e-09 1.0275244218900517e-11 5.403971118524478e-11 0.00014570815209548622 0.03802849420744539 1.0752455391977153e-08 0.0070017456524904455 3.1534413594891943e-05 1.100266692285689e-08 0.037707873995615517 3.3988728626613014e-07 0.0125413887832795 0.05471108074793809 0.2120403340149588 84
1.297256646731548e-09 0.006122738622524113 0.0029104816280045042 2.386400159596905e-05 2.3091498894446166e-06 1.0752455391977153e-08 4.6634221364518154e-05 0.0029417430806977832 3.1534413594891943e-05 1.100266692285689e-08 0.0310522350191 0.056473939995648176 0.047376559635516936 0.0004350871134404743 0.12831528129813516 0.0036313499204056916 0.8992531626276472 0.0125413887832795 6.876163721153192e-08 0.18197439893190076 0.2120403340149588 84
8.082779249765116e-06 1.0275244218900517e-11 5.403971118524478e-11 0.02535232947163026 0.005410667771308068 1.0752455391977153e-08 0.0002386735890300545 9.04292080278937e-06 0.0010400523120696393 9.452419367526908e-05 0.06735012484776526 0.0005341742230672649 0.0010296539824679986 0.00012285375174137672 0.001917744148812175 0.36028312046881533 0.0125413887832795 6.876163721153192e-08 85
8.082779249765116e-06 0.006122738622524113 0.0029104816280045042 2.3091498894446166e-06 1.0752455391977153e-08 0.7291133199121751 0.1576238652051067 0.0837690208454158 0.059527504027641995 0.0310522350191 0.10332019004083122 0.31582878956591737 84
8.082779249765116e-06 1.0275244218900517e-11 5.403971118524478e-11 0.02535232947163026 0.005410667771308068 1.0752455391977153e-08 0.0002386735890300545 9.04292080278937e-06 0.0010400523120696393 9.452419367526908e-05 0.06735012484776526 0.0005341742230672649 0.0010296539824679986 0.00012285375174137672 0.001917744148812175 0.36028312046881533 0.0125413887832795 6.876163721153192e-08 85
1.297256646731548e-09 1.0275244218900517e-11 5.403971118524478e-11 2.3091498894446166e-06 1.0752455391977153e-08 0.0070017456524904455 0.025850617696147542 1.100266692285689e-08 0.0310522350191 3.3988728626613014e-07 0.047376559635516936 0.0004350871134404743 0.12831528129813516 2.7981310055765334e-07 6.876163721153192e-08 84
1.297256646731548e-09 1.0275244218900517e-11 5.403971118524478e-11 0.00014570815209548622 2.3091498894446166e-06 1.0752455391977153e-08 3.6870238203343138 1.100266692285689e-08 3.3988728626613014e-07 0.047376559635516936 0.0010296539824679986 8.114780308142973e-05 2.7981310055765334e-07 0.05471108074793809 0.2738018500493659 0.2120403340149588 85
8.082779249765116e-06 1.0275244218900517e-11 5.403971118524478e-11 0.0010760675501668314 2.3091498894446166e-06 1.0752455391977153e-08 4.6634221364518154e-05 1.100266692285689e-08 9.452419367526908e-05 0.047376559635516936 0.0004350871134404743 0.12831528129813516 0.0036313499204056916 8.114780308142973e-05 0.011645575298759536 2.7981310055765334e-07 6.876163721153192e-08 84
8.082779249765116e-06 1.0275244218900517e-11 5.403971118524478e-11 4.6634221364518154e-05 0.1576238652051067 0.03414559488702365 0.06275807088087217 0.31582878956591737 84
8.082779249765116e-06 1.0275244218900517e-11 5.403971118524478e-11 0.0010760675501668314 0.0004113623865186218 1.0752455391977153e-08 0.0002386735890300545 9.04292080278937e-06 3.1534413594891943e-05 1.100266692285689e-08 0.04990720278685189 3.3988728626613014e-07 0.0007410346212921402 0.007650034476908214 2.7981310055765334e-07 6.876163721153192e-08 85
1.297256646731548e-09 1.0275244218900517e-11 5.403971118524478e-11 2.3091498894446166e-06 0.7291133199121751 0.0029417430806977832 0.03414559488702365 0.059527504027641995 0.0310522350191 0.10332019004083122 0.31582878956591737 8.114780308142973e-05 0.0006436101855401201 2.7981310055765334e-07 6.876163721153192e-08 0.010419874546133601 0.2120403340149588 84
1.297256646731548e-09 1.0275244218900517e-11 5.403971118524478e-11 0.00014570815209548622 0.0004113623865186218 1.0752455391977153e-08 0.0002386735890300545 9.04292080278937e-06 0.025850617696147542 1.100266692285689e-08 0.037707873995615517 3.3988728626613014e-07 0.0007410346212921402 0.0010296539824679986 0.00012285375174137672 0.001917744148812175 0.011645575298759536 2.7981310055765334e-07 6.876163721153192e-08 0.18197439893190076 84
1.297256646731548e-09 1.0275244218900517e-11 5.403971118524478e-11 0.02535232947163026 2.3091498894446166e-06 4.6634221364518154e-05 0.0029417430806977832 0.03414559488702365 1.100266692285689e-08 0.0310522350191 0.10332019004083122 0.0005341742230672649 0.0004350871134404743 0.002728081906555953 0.001917744148812175 0.2569469333544063 2.7981310055765334e-07 6.876163721153192e-08 0.010419874546133601 0.2120403340149588 84
8.082779249765116e-06 1.0275244218900517e-11 5.403971118524478e-11 0.0010760675501668314 2.3091498894446166e-06 1.0752455391977153e-08 0.7291133199121751 0.0029417430806977832 0.03414559488702365 0.059527504027641995 0.037707873995615517 0.10332019004083122 0.047376559635516936 0.0010296539824679986 0.00012285375174137672 8.114780308142973e-05 0.0006436101855401201 2.7981310055765334e-07 6.876163721153192e-08 0.18197439893190076 0.2120403340149588 84
1.297256646731548e-09 1.0275244218900517e-11 5.403971118524478e-11 4.6634221364518154e-05 0.0029417430806977832 3.1534413594891943e-05 0.059527504027641995 0.0310522350191 3.3988728626613014e-07 0.047376559635516936 0.45474692750836365 0.12831528129813516 8.114780308142973e-05 0.0006436101855401201 2.7981310055765334e-07 6.876163721153192e-08 84
1.297256646731548e-09 1.0275244218900517e-11 5.403971118524478e-11 2.386400159596905e-05 0.0004113623865186218 1.0752455391977153e-08 0.0002386735890300545 9.04292080278937e-06 0.0010400523120696393 0.059527504027641995 0.04990720278685189 0.06735012484776526 0.0005341742230672649 0.0004350871134404743 0.007650034476908214 0.2569469333544063 2.7981310055765334e-07 6.876163721153192e-08 0.18197439893190076 0.8300000000000001 85
1.297256646731548e-09 1.0275244218900517e-11 5.403971118524478e-11 2.386400159596905e-05 2.3091498894446166e-06 0.0070017456524904455 0.0029417430806977832 0.025850617696147542 1.100266692285689e-08 0.0310522350191 3.3988728626613014e-07 0.047376559635516936 0.0010296539824679986 0.12831528129813516 0.0036313499204056916 0.007650034476908214 0.0006436101855401201 0.0125413887832795 6.876163721153192e-08 0.18197439893190076 0.2120403340149588 84
8.082779249765116e-06 1.0275244218900517e-11 5.403971118524478e-11 4.6634221364518154e-05 0.0029417430806977832 0.0010400523120696393 1.100266692285689e-08 0.0310522350191 3.3988728626613014e-07 0.047376559635516936 0.0010296539824679986 0.00012285375174137672 8.114780308142973e-05 0.0006436101855401201 2.7981310055765334e-07 6.876163721153192e-08 84
8.082779249765116e-06 1.0275244218900517e-11 5.403971118524478e-11 0.00014570815209548622 0.0004113623865186218 1.0752455391977153e-08 0.0070017456524904455 0.0010400523120696393 1.100266692285689e-08 0.04990720278685189 0.056473939995648176 0.0005341742230672649 0.0010296539824679986 0.00012285375174137672 0.007650034476908214 0.2569469333544063 0.0125413887832795 0.05471108074793809 85
1.297256646731548e-09 1.0275244218900517e-11 5.403971118524478e-11 0.00014570815209548622 1.0752455391977153e-08 4.6634221364518154e-05 9.04292080278937e-06 3.1534413594891943e-05 1.100266692285689e-08 0.06275807088087217 0.10332019004083122 0.0007410346212921402 0.0004350871134404743 0.0125413887832795 6.876163721153192e-08 0.2738018500493659 0.2120403340149588 84
1.297256646731548e-09 1.0275244218900517e-11 5.403971118524478e-11 0.00014570815209548622 2.3091498894446166e-06 1.0752455391977153e-08 0.0837690208454158 1.100266692285689e-08 9.452419367526908e-05 0.10332019004083122 0.0007410346212921402 8.114780308142973e-05 0.0964331333047548 2.7981310055765334e-07 0.76 0.18197439893190076 0.2120403340149588 85
8.082779249765116e-06 1.0275244218900517e-11 5.403971118524478e-11 0.04830119164691021 2.3091498894446166e-06 1.0752455391977153e-08 4.6634221364518154e-05 9.04292080278937e-06 0.025850617696147542 1.100266692285689e-08 0.037707873995615517 0.056473939995648176 0.0007410346212921402 0.001917744148812175 0.0964331333047548 2.7981310055765334e-07 0.41094793428474247 85
8.082779249765116e-06 1.0275244218900517e-11 5.403971118524478e-11 0.0010760675501668314 0.0004113623865186218 1.0752455391977153e-08 0.7291133199121751 9.04292080278937e-06 3.1534413594891943e-05 1.100266692285689e-08 0.06735012484776526 0.0005341742230672649 0.0010296539824679986 0.00012285375174137672 0.007650034476908214 0.2569469333544063 2.7981310055765334e-07 6.876163721153192e-08 85
1.297256646731548e-09 0.006122738622524113 5.403971118524478e-11 2.386400159596905e-05 2.3091498894446166e-06 1.0752455391977153e-08 0.0029417430806977832 1.100266692285689e-08 0.037707873995615517 0.10332019004083122 2.7981310055765334e-07 0.05471108074793809 84
1.297256646731548e-09 1.0275244218900517e-11 5.403971118524478e-11 0.0010760675501668314 2.3091498894446166e-06 1.0752455391977153e-08 4.6634221364518154e-05 0.03414559488702365 0.059527504027641995 0.0310522350191 0.10332019004083122 0.047376559635516936 0.0004350871134404743 0.12831528129813516 0.007650034476908214 0.0006436101855401201 2.7981310055765334e-07 6.876163721153192e-08 0.010419874546133601 0.2120403340149588 84
1.297256646731548e-09 1.0275244218900517e-11 5.403971118524478e-11 0.04830119164691021 2.3091498894446166e-06 1.0752455391977153e-08 0.7291133199121751 0.0029417430806977832 1.100266692285689e-08 0.037707873995615517 0.10332019004083122 0.047376559635516936 8.114780308142973e-05 2.7981310055765334e-07 0.05471108074793809 0.18197439893190076 0.2120403340149588 84
1.297256646731548e-09 1.0275244218900517e-11 5.403971118524478e-11 2.3091498894446166e-06 4.6634221364518154e-05 0.1576238652051067 0.0837690208454158 1.100266692285689e-08 0.06275807088087217 0.10332019004083122 0.31582878956591737 0.0010296539824679986 0.00012285375174137672 0.0006436101855401201 2.7981310055765334e-07 0.05471108074793809 0.18197439893190076 0.2120403340149588 84
8.082779249765116e-06 1.0275244218900517e-11 5.403971118524478e-11 2.386400159596905e-05 2.3091498894446166e-06 1.0752455391977153e-08 0.0070017456524904455 0.08239507078279834 0.025850617696147542 1.100266692285689e-08 0.04990720278685189 0.056473939995648176 0.0005341742230672649 0.45474692750836365 0.00012285375174137672 0.007650034476908214 0.2569469333544063 2.7981310055765334e-07 0.05471108074793809 85
1.297256646731548e-09 1.0275244218900517e-11 5.403971118524478e-11 0.0010760675501668314 0.005410667771308068 1.0752455391977153e-08 4.6634221364518154e-05 0.0029417430806977832 0.0010400523120696393 1.100266692285689e-08 9.452419367526908e-05 3.3988728626613014e-07 0.0007410346212921402 0.001917744148812175 2.7981310055765334e-07 0.05471108074793809 84
1.297256646731548e-09 1.0275244218900517e-11 5.403971118524478e-11 2.386400159596905e-05 0.0004113623865186218 1.0752455391977153e-08 0.0002386735890300545 9.04292080278937e-06 3.6870238203343138 1.100266692285689e-08 0.06275807088087217 3.3988728626613014e-07 0.0005341742230672649 0.0004350871134404743 0.002728081906555953 0.0036313499204056916 0.007650034476908214 2.7981310055765334e-07 6.876163721153192e-08 0.18197439893190076 0.2120403340149588 84
1.297256646731548e-09 1.0275244218900517e-11 5.403971118524478e-11 0.00014570815209548622 0.03802849420744539 1.0752455391977153e-08 0.0070017456524904455 3.1534413594891943e-05 1.100266692285689e-08 0.037707873995615517 3.3988728626613014e-07 0.0125413887832795 0.05471108074793809 0.2120403340149588 84
1.297256646731548e-09 1.0275244218900517e-11 5.403971118524478e-11 2.386400159596905e-05 2.3091498894446166e-06 1.0752455391977153e-08 4.6634221364518154e-05 0.0029417430806977832 3.6870238203343138 0.059527504027641995 3.3988728626613014e-07 0.047376559635516936 0.0004350871134404743 0.002728081906555953 8.114780308142973e-05 0.0006436101855401201 2.7981310055765334e-07 0.76 84
1.297256646731548e-09 1.0275244218900517e-11 5.403971118524478e-11 0.0010760675501668314 0.005410667771308068 1.0752455391977153e-08 4.6634221364518154e-05 0.0029417430806977832 0.0010400523120696393 1.100266692285689e-08 9.452419367526908e-05 3.3988728626613014e-07 0.0007410346212921402 0.001917744148812175 2.7981310055765334e-07 0.05471108074793809 84
8.082779249765116e-06 1.0275244218900517e-11 5.403971118524478e-11 0.00014570815209548622 2.3091498894446166e-06 4.6634221364518154e-05 0.0029417430806977832 3.6870238203343138 1.100266692285689e-08 0.037707873995615517 3.3988728626613014e-07 0.0005341742230672649 0.0010296539824679986 0.00012285375174137672 8.114780308142973e-05 0.2569469333544063 2.7981310055765334e-07 6.876163721153192e-08 84
8.082779249765116e-06 1.0275244218900517e-11 5.403971118524478e-11 0.0010760675501668314 2.3091498894446166e-06 1.0752455391977153e-08 0.03414559488702365 0.059527504027641995 2.7981310055765334e-07 6.876163721153192e-08 85
1.297256646731548e-09 1.0275244218900517e-11 5.403971118524478e-11 2.3091498894446166e-06 1.0752455391977153e-08 4.6634221364518154e-05 0.0029417430806977832 3.1534413594891943e-05 1.100266692285689e-08 3.3988728626613014e-07 0.0004350871134404743 0.00012285375174137672 0.011645575298759536 2.7981310055765334e-07 0.41094793428474247 0.2120403340149588 85
8.082779249765116e-06 1.0275244218900517e-11 5.403971118524478e-11 0.00014570815209548622 2.3091498894446166e-06 1.0752455391977153e-08 4.6634221364518154e-05 0.0029417430806977832 3.6870238203343138 9.452419367526908e-05 3.3988728626613014e-07 0.047376559635516936 0.12831528129813516 2.7981310055765334e-07 6.876163721153192e-08 0.010419874546133601 0.8300000000000001 84
8.082779249765116e-06 1.0275244218900517e-11 5.403971118524478e-11 0.0010760675501668314 2.3091498894446166e-06 1.0752455391977153e-08 4.6634221364518154e-05 1.100266692285689e-08 9.452419367526908e-05 0.047376559635516936 0.0004350871134404743 0.12831528129813516 0.0036313499204056916 8.114780308142973e-05 0.011645575298759536 2.7981310055765334e-07 6.876163721153192e-08 84
8.082779249765116e-06 1.0275244218900517e-11 5.403971118524478e-11 0.015510370617688526 0.0002386735890300545 9.04292080278937e-06 0.025850617696147542 1.100266692285689e-08 0.037707873995615517 0.056473939995648176 0.0007410346212921402 0.45474692750836365 0.00012285375174137672 0.007650034476908214 0.36028312046881533 2.7981310055765334e-07 6.876163721153192e-08 0.18197439893190076 85
1.297256646731548e-09 1.0275244218900517e-11 5.403971118524478e-11 2.3091498894446166e-06 1.0752455391977153e-08 4.6634221364518154e-05 0.0029417430806977832 0.0837690208454158 0.059527504027641995 0.0310522350191 0.10332019004083122 0.047376559635516936 0.45474692750836365 8.114780308142973e-05 0.0006436101855401201 2.7981310055765334e-07 6.876163721153192e-08 0.010419874546133601 0.2120403340149588 84
1.297256646731548e-09 0.006122738622524113 0.0029104816280045042 2.3091498894446166e-06 1.0752455391977153e-08 4.6634221364518154e-05 0.0029417430806977832 0.0837690208454158 0.059527504027641995 0.06275807088087217 0.10332019004083122 0.047376559635516936 0.45474692750836365 8.114780308142973e-05 0.0006436101855401201 2.7981310055765334e-07 6.876163721153192e-08 0.010419874546133601 0.2120403340149588 85
1.297256646731548e-09 1.0275244218900517e-11 5.403971118524478e-11 0.0010760675501668314 2.3091498894446166e-06 1.0752455391977153e-08 4.6634221364518154e-05 3.1534413594891943e-05 1.100266692285689e-08 0.06275807088087217 0.06735012484776526 0.31582878956591737 0.0004350871134404743 0.12831528129813516 0.0036313499204056916 0.007650034476908214 0.0006436101855401201 2.7981310055765334e-07 6.876163721153192e-08 0.2738018500493659 84
8.082779249765116e-06 0.006122738622524113 0.0029104816280045042 2.386400159596905e-05 2.3091498894446166e-06 1.0752455391977153e-08 0.0002386735890300545 9.04292080278937e-06 0.025850617696147542 1.100266692285689e-08 0.04990720278685189 3.3988728626613014e-07 0.0007410346212921402 0.45474692750836365 0.0036313499204056916 2.7981310055765334e-07 6.876163721153192e-08 0.2738018500493659 0.2120403340149588 85
1.297256646731548e-09 1.0275244218900517e-11 5.403971118524478e-11 0.02535232947163026 2.3091498894446166e-06 4.6634221364518154e-05 0.0029417430806977832 0.03414559488702365 1.100266692285689e-08 0.0310522350191 0.10332019004083122 0.0005341742230672649 0.0004350871134404743 0.002728081906555953 0.001917744148812175 0.2569469333544063 2.7981310055765334e-07 6.876163721153192e-08 0.010419874546133601 0.2120403340149588 84
8.082779249765116e-06 1.0275244218900517e-11 5.403971118524478e-11 2.386400159596905e-05 2.3091498894446166e-06 1.0752455391977153e-08 0.0002386735890300545 9.04292080278937e-06 3.1534413594891943e-05 1.100266692285689e-08 0.037707873995615517 3.3988728626613014e-07 0.0007410346212921402 0.0010296539824679986 0.12831528129813516 0.001917744148812175 2.7981310055765334e-07 0.05471108074793809 85
1.297256646731548e-09 1.0275244218900517e-11 5.403971118524478e-11 2.386400159596905e-05 0.03802849420744539 1.0752455391977153e-08 4.6634221364518154e-05 9.04292080278937e-06 0.0010400523120696393 1.100266692285689e-08 0.06275807088087217 0.06735012484776526 0.0007410346212921402 0.45474692750836365 0.002728081906555953 0.0036313499204056916 0.001917744148812175 2.7981310055765334e-07 0.05471108074793809 0.18197439893190076 0.2120403340149588 85
1.297256646731548e-09 1.0275244218900517e-11 5.403971118524478e-11 0.00014570815209548622 0.0004113623865186218 0.19 0.0002386735890300545 9.04292080278937e-06 0.0010400523120696393 1.100266692285689e-08 9.452419367526908e-05 0.056473939995648176 0.0005341742230672649 0.0010296539824679986 0.00012285375174137672 0.001917744148812175 0.0006436101855401201 2.7981310055765334e-07 0.41094793428474247 84
1.297256646731548e-09 1.0275244218900517e-11 5.403971118524478e-11 2.386400159596905e-05 0.005410667771308068 0.015510370617688526 4.6634221364518154e-05 9.04292080278937e-06 0.0010400523120696393 1.100266692285689e-08 0.037707873995615517 0.06735012484776526 0.0005341742230672649 0.0010296539824679986 0.00012285375174137672 8.114780308142973e-05 0.0006436101855401201 0.6900000000000001 6.876163721153192e-08 85
8.082779249765116e-06 1.0275244218900517e-11 5.403971118524478e-11 2.3091498894446166e-06 1.0752455391977153e-08 4.6634221364518154e-05 0.0029417430806977832 0.025850617696147542 1.100266692285689e-08 0.037707873995615517 3.3988728626613014e-07 0.047376559635516936 0.0004350871134404743 0.00012285375174137672 0.001917744148812175 2.7981310055765334e-07 2.0306135696066048 84
1.297256646731548e-09 1.0275244218900517e-11 5.403971118524478e-11 0.00014570815209548622 4.6634221364518154e-05 9.04292080278937e-06 3.1534413594891943e-05 1.100266692285689e-08 0.0310522350191 0.10332019004083122 0.0007410346212921402 0.0125413887832795 6.876163721153192e-08 0.18197439893190076 84
8.082779249765116e-06 1.0275244218900517e-11 5.403971118524478e-11 0.015510370617688526 0.0002386735890300545 9.04292080278937e-06 0.025850617696147542 1.100266692285689e-08 0.037707873995615517 0.056473939995648176 0.0007410346212921402 0.45474692750836365 0.00012285375174137672 0.007650034476908214 0.36028312046881533 2.7981310055765334e-07 6.876163721153192e-08 0.18197439893190076 85
1.297256646731548e-09 1.0275244218900517e-11 5.403971118524478e-11 0.00014570815209548622 0.0004113623865186218 1.0752455391977153e-08 4.6634221364518154e-05 9.04292080278937e-06 0.0010400523120696393 1.100266692285689e-08 0.06275807088087217 3.3988728626613014e-07 0.0005341742230672649 0.001917744148812175 2.7981310055765334e-07 0.05471108074793809 84
8.082779249765116e-06 1.0275244218900517e-11 5.403971118524478e-11 2.386400159596905e-05 0.005410667771308068 1.0752455391977153e-08 0.0002386735890300545 9.04292080278937e-06 3.1534413594891943e-05 1.100266692285689e-08 9.452419367526908e-05 3.3988728626613014e-07 0.0005341742230672649 0.007650034476908214 0.2569469333544063 0.0125413887832795 6.876163721153192e-08 85
8.082779249765116e-06 1.0275244218900517e-11 5.403971118524478e-11 0.0010760675501668314 0.0004113623865186218 1.0752455391977153e-08 0.0002386735890300545 9.04292080278937e-06 0.0010400523120696393 1.100266692285689e-08 0.04990720278685189 0.056473939995648176 0.0005341742230672649 0.0010296539824679986 0.00012285375174137672 0.007650034476908214 2.7981310055765334e-07 6.876163721153192e-08 85
1.297256646731548e-09 1.0275244218900517e-11 5.403971118524478e-11 2.386400159596905e-05 2.3091498894446166e-06 1.0752455391977153e-08 4.6634221364518154e-05 0.0029417430806977832 3.1534413594891943e-05 1.100266692285689e-08 0.0310522350191 0.10332019004083122 0.31582878956591737 0.0004350871134404743 0.12831528129813516 0.0036313499204056916 8.114780308142973e-05 0.0006436101855401201 2.7981310055765334e-07 6.876163721153192e-08 0.010419874546133601 0.2120403340149588 84
8.082779249765116e-06 1.0275244218900517e-11 5.403971118524478e-11 2.386400159596905e-05 2.3091498894446166e-06 1.0752455391977153e-08 0.0002386735890300545 9.04292080278937e-06 1.100266692285689e-08 9.452419367526908e-05 3.3988728626613014e-07 0.0010296539824679986 0.00012285375174137672 2.7981310055765334e-07 6.876163721153192e-08 0.2738018500493659 0.2120403340149588 85
1.297256646731548e-09 1.0275244218900517e-11 5.403971118524478e-11 2.386400159596905e-05 2.3091498894446166e-06 1.0752455391977153e-08 4.6634221364518154e-05 9.04292080278937e-06 3.6870238203343138 0.059527504027641995 0.06275807088087217 3.3988728626613014e-07 0.047376559635516936 0.0004350871134404743 0.002728081906555953 0.0036313499204056916 8.114780308142973e-05 0.011645575298759536 2.7981310055765334e-07 6.876163721153192e-08 0.010419874546133601 84
1.297256646731548e-09 1.0275244218900517e-11 5.403971118524478e-11 0.00014570815209548622 0.0004113623865186218 0.19 0.0002386735890300545 9.04292080278937e-06 0.0010400523120696393 1.100266692285689e-08 9.452419367526908e-05 0.056473939995648176 0.0005341742230672649 0.0010296539824679986 0.00012285375174137672 0.001917744148812175 0.0006436101855401201 2.7981310055765334e-07 0.41094793428474247 84
8.082779249765116e-06 1.0275244218900517e-11 5.403971118524478e-11 2.386400159596905e-05 0.005410667771308068 1.0752455391977153e-08 0.0002386735890300545 9.04292080278937e-06 3.1534413594891943e-05 1.100266692285689e-08 9.452419367526908e-05 3.3988728626613014e-07 0.0005341742230672649 0.007650034476908214 0.2569469333544063 0.0125413887832795 6.876163721153192e-08 85
8.082779249765116e-06 1.0275244218900517e-11 5.403971118524478e-11 2.386400159596905e-05 0.0004113623865186218 1.0752455391977153e-08 0.0002386735890300545 0.0010400523120696393 1.100266692285689e-08 0.04990720278685189 3.3988728626613014e-07 0.0005341742230672649 0.0004350871134404743 0.002728081906555953 0.0036313499204056916 8.114780308142973e-05 0.36028312046881533 2.7981310055765334e-07 6.876163721153192e-08 85
1.297256646731548e-09 1.0275244218900517e-11 5.403971118524478e-11 2.386400159596905e-05 0.0004113623865186218 1.0752455391977153e-08 0.0002386735890300545 9.04292080278937e-06 3.6870238203343138 1.100266692285689e-08 0.06275807088087217 3.3988728626613014e-07 0.0005341742230672649 0.0004350871134404743 0.002728081906555953 0.0036313499204056916 0.007650034476908214 2.7981310055765334e-07 6.876163721153192e-08 0.18197439893190076 0.2120403340149588 84
1.297256646731548e-09 1.0275244218900517e-11 5.403971118524478e-11 0.0010760675501668314 2.3091498894446166e-06 1.0752455391977153e-08 0.7291133199121751 0.0029417430806977832 0.0837690208454158 1.100266692285689e-08 0.06275807088087217 0.10332019004083122 0.047376559635516936 0.0004350871134404743 0.00012285375174137672 0.001917744148812175 0.0006436101855401201 2.7981310055765334e-07 6.876163721153192e-08 84
8.082779249765116e-06 1.0275244218900517e-11 5.403971118524478e-11 2.386400159596905e-05 2.3091498894446166e-06 0.015510370617688526 4.6634221364518154e-05 9.04292080278937e-06 3.1534413594891943e-05 1.100266692285689e-08 9.452419367526908e-05 3.3988728626613014e-07 0.0005341742230672649 0.0010296539824679986 0.00012285375174137672 0.8992531626276472 0.0964331333047548 2.7981310055765334e-07 6.876163721153192e-08 85
8.082779249765116e-06 1.0275244218900517e-11 5.403971118524478e-11 0.0010760675501668314 0.0004113623865186218 1.0752455391977153e-08 4.6634221364518154e-05 9.04292080278937e-06 0.0010400523120696393 1.100266692285689e-08 0.037707873995615517 0.056473939995648176 0.0010296539824679986 0.00012285375174137672 0.001917744148812175 0.0964331333047548 2.7981310055765334e-07 6.876163721153192e-08 0.2738018500493659 0.2120403340149588 85
8.082779249765116e-06 1.0275244218900517e-11 5.403971118524478e-11 2.386400159596905e-05 0.005410667771308068 1.0752455391977153e-08 0.0002386735890300545 9.04292080278937e-06 3.1534413594891943e-05 1.100266692285689e-08 9.452419367526908e-05 3.3988728626613014e-07 0.0005341742230672649 0.007650034476908214 0.2569469333544063 0.0125413887832795 6.876163721153192e-08 85
1.297256646731548e-09 1.0275244218900517e-11 5.403971118524478e-11 0.0010760675501668314 2.3091498894446166e-06 1.0752455391977153e-08 0.0002386735890300545 0.0029417430806977832 0.025850617696147542 1.100266692285689e-08 0.06275807088087217 3.3988728626613014e-07 0.047376559635516936 0.0010296539824679986 0.007650034476908214 0.0006436101855401201 0.0125413887832795 6.876163721153192e-08 0.18197439893190076 84
1.297256646731548e-09 1.0275244218900517e-11 5.403971118524478e-11 2.3091498894446166e-06 4.6634221364518154e-05 0.0029417430806977832 0.03414559488702365 0.059527504027641995 0.0310522350191 3.3988728626613014e-07 0.047376559635516936 0.0010296539824679986 0.002728081906555953 8.114780308142973e-05 0.0006436101855401201 2.7981310055765334e-07 6.876163721153192e-08 0.010419874546133601 84
8.082779249765116e-06 1.0275244218900517e-11 5.403971118524478e-11 2.386400159596905e-05 0.0004113623865186218 1.0752455391977153e-08 0.0070017456524904455 9.04292080278937e-06 3.6870238203343138 1.100266692285689e-08 9.452419367526908e-05 0.056473939995648176 0.0005341742230672649 0.00012285375174137672 0.0964331333047548 2.7981310055765334e-07 6.876163721153192e-08 0.010419874546133601 0.2120403340149588 85
8.082779249765116e-06 1.0275244218900517e-11 5.403971118524478e-11 0.0010760675501668314 2.3091498894446166e-06 0.015510370617688526 4.6634221364518154e-05 0.0029417430806977832 0.0837690208454158 0.059527504027641995 0.037707873995615517 0.10332019004083122 0.0007410346212921402 0.002728081906555953 0.0036313499204056916 0.001917744148812175 0.36028312046881533 2.7981310055765334e-07 6.876163721153192e-08 0.010419874546133601 0.8300000000000001 84
1.297256646731548e-09 1.0275244218900517e-11 0.0029104816280045042 0.0004113623865186218 1.0752455391977153e-08 0.0002386735890300545 9.04292080278937e-06 3.1534413594891943e-05 1.100266692285689e-08 0.10332019004083122 0.0005341742230672649 0.0004350871134404743 0.00012285375174137672 0.007650034476908214 0.011645575298759536 2.7981310055765334e-07 6.876163721153192e-08 0.2738018500493659 84
8.082779249765116e-06 1.0275244218900517e-11 5.403971118524478e-11 2.386400159596905e-05 0.0004113623865186218 1.0752455391977153e-08 0.037707873995615517 0.002728081906555953 0.0036313499204056916 0.007650034476908214 0.2569469333544063 2.7981310055765334e-07 0.76 84
1.297256646731548e-09 1.0275244218900517e-11 0.0029104816280045042 85
8.082779249765116e-06 1.0275244218900517e-11 5.403971118524478e-11 0.005410667771308068 1.0752455391977153e-08 0.0002386735890300545 9.04292080278937e-06 0.0010400523120696393 1.100266692285689e-08 9.452419367526908e-05 3.3988728626613014e-07 0.0005341742230672649 0.0004350871134404743 0.00012285375174137672 0.2569469333544063 6.876163721153192e-08 85
8.082779249765116e-06 1.0275244218900517e-11 5.403971118524478e-11 4.6634221364518154e-05 0.1576238652051067 0.03414559488702365 0.06275807088087217 0.31582878956591737 84
8.082779249765116e-06 1.0275244218900517e-11 0.0029104816280045042 0.00014570815209548622 2.3091498894446166e-06 0.015510370617688526 4.6634221364518154e-05 9.04292080278937e-06 3.6870238203343138 1.100266692285689e-08 0.037707873995615517 0.10332019004083122 0.0007410346212921402 0.0010296539824679986 0.12831528129813516 0.0036313499204056916 0.011645575298759536 2.7981310055765334e-07 6.876163721153192e-08 0.18197439893190076 0.2120403340149588 84
1.297256646731548e-09 0.006122738622524113 0.0029104816280045042 0.00014570815209548622 2.3091498894446166e-06 1.0752455391977153e-08 4.6634221364518154e-05 3.6870238203343138 1.100266692285689e-08 9.452419367526908e-05 3.3988728626613014e-07 0.31582878956591737 0.45474692750836365 8.114780308142973e-05 2.7981310055765334e-07 0.18197439893190076 84
8.082779249765116e-06 1.0275244218900517e-11 5.403971118524478e-11 0.04830119164691021 2.3091498894446166e-06 0.0070017456524904455 0.08239507078279834 0.0010400523120696393 1.100266692285689e-08 0.04990720278685189 0.06735012484776526 0.0007410346212921402 0.0004350871134404743 0.00012285375174137672 0.007650034476908214 0.2569469333544063 2.7981310055765334e-07 6.876163721153192e-08 85
8.082779249765116e-06 1.0275244218900517e-11 5.403971118524478e-11 0.0010760675501668314 2.3091498894446166e-06 1.0752455391977153e-08 0.03414559488702365 0.059527504027641995 2.7981310055765334e-07 6.876163721153192e-08 85
8.082779249765116e-06 1.0275244218900517e-11 5.403971118524478e-11 4.6634221364518154e-05 0.0029417430806977832 0.0010400523120696393 1.100266692285689e-08 0.0310522350191 3.3988728626613014e-07 0.047376559635516936 0.0010296539824679986 0.00012285375174137672 8.114780308142973e-05 0.0006436101855401201 2.7981310055765334e-07 6.876163721153192e-08 84
1.297256646731548e-09 1.0275244218900517e-11 5.403971118524478e-11 0.00014570815209548622 2.3091498894446166e-06 1.0752455391977153e-08 0.0837690208454158 1.100266692285689e-08 9.452419367526908e-05 0.10332019004083122 0.0007410346212921402 8.114780308142973e-05 0.0964331333047548 2.7981310055765334e-07 0.76 0.18197439893190076 0.2120403340149588 85
1.297256646731548e-09 1.0275244218900517e-11 5.403971118524478e-11 4.6634221364518154e-05 0.0029417430806977832 3.1534413594891943e-05 0.059527504027641995 0.0310522350191 3.3988728626613014e-07 0.047376559635516936 0.45474692750836365 0.12831528129813516 8.114780308142973e-05 0.0006436101855401201 2.7981310055765334e-07 6.876163721153192e-08 84
1.297256646731548e-09 1.0275244218900517e-11 5.403971118524478e-11 0.0010760675501668314 2.3091498894446166e-06 1.0752455391977153e-08 3.1534413594891943e-05 1.100266692285689e-08 0.037707873995615517 3.3988728626613014e-07 0.047376559635516936 0.6900000000000001 0.41094793428474247 0.2120403340149588 85
8.082779249765116e-06 1.0275244218900517e-11 5.403971118524478e-11 2.386400159596905e-05 2.3091498894446166e-06 1.0752455391977153e-08 1.100266692285689e-08 85
1.297256646731548e-09 1.0275244218900517e-11 5.403971118524478e-11 0.00014570815209548622 0.0004113623865186218 1.0752455391977153e-08 0.0002386735890300545 9.04292080278937e-06 0.025850617696147542 1.100266692285689e-08 0.037707873995615517 3.3988728626613014e-07 0.0007410346212921402 0.0010296539824679986 0.00012285375174137672 0.001917744148812175 0.011645575298759536 2.7981310055765334e-07 6.876163721153192e-08 0.18197439893190076 84
8.082779249765116e-06 1.0275244218900517e-11 5.403971118524478e-11 0.0010760675501668314 0.0004113623865186218 1.0752455391977153e-08 0.0002386735890300545 9.04292080278937e-06 0.0010400523120696393 1.100266692285689e-08 0.04990720278685189 0.056473939995648176 0.0005341742230672649 0.0010296539824679986 0.00012285375174137672 0.007650034476908214 2.7981310055765334e-07 6.876163721153192e-08 85
1.297256646731548e-09 0.006122738622524113 0.0029104816280045042 0.00014570815209548622 2.3091498894446166e-06 1.0752455391977153e-08 84
1.297256646731548e-09 1.0275244218900517e-11 5.403971118524478e-11 0.0010760675501668314 0.005410667771308068 1.0752455391977153e-08 8.114780308142973e-05 0.2569469333544063 0.0125413887832795 0.41094793428474247 0.2738018500493659 0.2120403340149588 85
8.082779249765116e-06 1.0275244218900517e-11 5.403971118524478e-11 0.00014570815209548622 0.0004113623865186218 1.0752455391977153e-08 4.6634221364518154e-05 9.04292080278937e-06 0.0010400523120696393 1.100266692285689e-08 0.04990720278685189 0.056473939995648176 0.0005341742230672649 0.0004350871134404743 0.00012285375174137672 0.001917744148812175 0.2569469333544063 2.7981310055765334e-07 6.876163721153192e-08 85
8.082779249765116e-06 1.0275244218900517e-11 5.403971118524478e-11 0.0010760675501668314 0.03802849420744539 0.015510370617688526 0.0002386735890300545 9.04292080278937e-06 0.0010400523120696393 1.100266692285689e-08 0.037707873995615517 3.3988728626613014e-07 0.0005341742230672649 0.0004350871134404743 0.00012285375174137672 8.114780308142973e-05 0.2569469333544063 0.0125413887832795 6.876163721153192e-08 85
8.082779249765116e-06 1.0275244218900517e-11 5.403971118524478e-11 0.0010760675501668314 0.0004113623865186218 1.0752455391977153e-08 4.6634221364518154e-05 9.04292080278937e-06 0.0010400523120696393 1.100266692285689e-08 0.037707873995615517 0.056473939995648176 0.0010296539824679986 0.00012285375174137672 0.001917744148812175 0.0964331333047548 2.7981310055765334e-07 6.876163721153192e-08 0.2738018500493659 0.2120403340149588 85
8.082779249765116e-06 1.0275244218900517e-11 5.403971118524478e-11 0.04830119164691021 2.3091498894446166e-06 1.0752455391977153e-08 0.0002386735890300545 9.04292080278937e-06 3.6870238203343138 0.059527504027641995 0.037707873995615517 0.06735012484776526 0.0005341742230672649 0.0004350871134404743 0.00012285375174137672 0.8992531626276472 0.36028312046881533 2.7981310055765334e-07 6.876163721153192e-08 0.18197439893190076 0.2120403340149588 85
8.082779249765116e-06 1.0275244218900517e-11 5.403971118524478e-11 0.00014570815209548622 2.3091498894446166e-06 1.0752455391977153e-08 0.7291133199121751 0.0029417430806977832 0.03414559488702365 3.3988728626613014e-07 0.047376559635516936 2.7981310055765334e-07 6.876163721153192e-08 85
1.297256646731548e-09 1.0275244218900517e-11 5.403971118524478e-11 2.386400159596905e-05 0.0004113623865186218 1.0752455391977153e-08 0.0002386735890300545 9.04292080278937e-06 0.0010400523120696393 1.100266692285689e-08 0.04990720278685189 0.06735012484776526 0.0005341742230672649 0.0004350871134404743 0.007650034476908214 0.2569469333544063 2.7981310055765334e-07 6.876163721153192e-08 0.18197439893190076 0.8300000000000001 85
8.082779249765116e-06 1.0275244218900517e-11 5.403971118524478e-11 2.386400159596905e-05 2.3091498894446166e-06 1.0752455391977153e-08 4.6634221364518154e-05 0.08239507078279834 0.025850617696147542 1.100266692285689e-08 9.452419367526908e-05 0.06735012484776526 0.0005341742230672649 0.0004350871134404743 0.12831528129813516 0.007650034476908214 0.2569469333544063 2.7981310055765334e-07 6.876163721153192e-08 85
1.297256646731548e-09 1.0275244218900517e-11 5.403971118524478e-11 0.00014570815209548622 4.6634221364518154e-05 9.04292080278937e-06 3.1534413594891943e-05 1.100266692285689e-08 0.0310522350191 0.10332019004083122 0.0007410346212921402 0.0125413887832795 6.876163721153192e-08 0.18197439893190076 84
8.082779249765116e-06 1.0275244218900517e-11 5.403971118524478e-11 2.3091498894446166e-06 1.0752455391977153e-08 4.6634221364518154e-05 0.0029417430806977832 0.025850617696147542 1.100266692285689e-08 0.037707873995615517 3.3988728626613014e-07 0.047376559635516936 0.0004350871134404743 0.00012285375174137672 0.001917744148812175 2.7981310055765334e-07 2.0306135696066048 84
1.297256646731548e-09 1.0275244218900517e-11 5.403971118524478e-11 2.386400159596905e-05 2.3091498894446166e-06 1.0752455391977153e-08 0.0070017456524904455 0.0029417430806977832 0.0010400523120696393 1.100266692285689e-08 0.037707873995615517 0.10332019004083122 0.047376559635516936 0.45474692750836365 0.12831528129813516 0.0036313499204056916 8.114780308142973e-05 0.0006436101855401201 2.7981310055765334e-07 6.876163721153192e-08 84
8.082779249765116e-06 1.0275244218900517e-11 5.403971118524478e-11 2.386400159596905e-05 0.005410667771308068 0.015510370617688526 0.0002386735890300545 9.04292080278937e-06 0.0010400523120696393 1.100266692285689e-08 0.04990720278685189 0.056473939995648176 0.0005341742230672649 2.7981310055765334e-07 0.41094793428474247 85
1.297256646731548e-09 1.0275244218900517e-11 5.403971118524478e-11 0.0010760675501668314 0.0004113623865186218 0.015510370617688526 0.0002386735890300545 3.1534413594891943e-05 1.100266692285689e-08 9.452419367526908e-05 0.056473939995648176 0.047376559635516936 0.0004350871134404743 0.00012285375174137672 0.001917744148812175 0.36028312046881533 2.7981310055765334e-07 6.876163721153192e-08 0.18197439893190076 84
8.082779249765116e-06 1.0275244218900517e-11 5.403971118524478e-11 2.386400159596905e-05 2.3091498894446166e-06 1.0752455391977153e-08 0.0002386735890300545 9.04292080278937e-06 3.1534413594891943e-05 1.100266692285689e-08 9.452419367526908e-05 0.0007410346212921402 0.0004350871134404743 0.00012285375174137672 0.001917744148812175 0.0006436101855401201 2.7981310055765334e-07 6.876163721153192e-08 0.18197439893190076 0.2120403340149588 85
1.297256646731548e-09 1.0275244218900517e-11 0.0029104816280045042 0.00014570815209548622 2.3091498894446166e-06 1.0752455391977153e-08 0.0070017456524904455 0.0029417430806977832 0.0010400523120696393 1.100266692285689e-08 3.3988728626613014e-07 0.0005341742230672649 0.0010296539824679986 0.12831528129813516 2.7981310055765334e-07 6.876163721153192e-08 84
1.297256646731548e-09 1.0275244218900517e-11 5.403971118524478e-11 2.386400159596905e-05 0.005410667771308068 1.0752455391977153e-08 4.6634221364518154e-05 0.0837690208454158 0.0310522350191 0.10332019004083122 0.047376559635516936 0.0004350871134404743 0.00012285375174137672 8.114780308142973e-05 0.0006436101855401201 2.7981310055765334e-07 0.05471108074793809 84
8.082779249765116e-06 1.0275244218900517e-11 5.403971118524478e-11 0.00014570815209548622 0.0004113623865186218 0.0002386735890300545 9.04292080278937e-06 0.0010400523120696393 1.100266692285689e-08 0.04990720278685189 3.3988728626613014e-07 0.0005341742230672649 0.007650034476908214 0.36028312046881533 0.37717139174079106 0.05471108074793809 85
1.297256646731548e-09 1.0275244218900517e-11 5.403971118524478e-11 2.386400159596905e-05 2.3091498894446166e-06 1.0752455391977153e-08 0.03414559488702365 0.059527504027641995 0.06275807088087217 3.3988728626613014e-07 0.0005341742230672649 0.12831528129813516 0.007650034476908214 0.011645575298759536 2.7981310055765334e-07 6.876163721153192e-08 0.18197439893190076 0.2120403340149588 84
8.082779249765116e-06 1.0275244218900517e-11 5.403971118524478e-11 2.3091498894446166e-06 4.6634221364518154e-05 0.0029417430806977832 3.1534413594891943e-05 0.059527504027641995 0.0310522350191 0.10332019004083122 0.31582878956591737 0.0010296539824679986 0.12831528129813516 8.114780308142973e-05 0.0006436101855401201 2.7981310055765334e-07 84
1.297256646731548e-09 1.0275244218900517e-11 5.403971118524478e-11 2.3091498894446166e-06 1.0752455391977153e-08 4.6634221364518154e-05 0.0029417430806977832 0.0837690208454158 0.059527504027641995 0.0310522350191 0.10332019004083122 0.31582878956591737 0.45474692750836365 0.002728081906555953 8.114780308142973e-05 0.011645575298759536 2.7981310055765334e-07 6.876163721153192e-08 84
1.297256646731548e-09 1.0275244218900517e-11 5.403971118524478e-11 2.3091498894446166e-06 0.015510370617688526 0.7291133199121751 0.1576238652051067 0.0837690208454158 1.100266692285689e-08 0.037707873995615517 3.3988728626613014e-07 0.0005341742230672649 0.0004350871134404743 0.00012285375174137672 0.0036313499204056916 8.114780308142973e-05 0.011645575298759536 2.7981310055765334e-07 6.876163721153192e-08 0.010419874546133601 84
8.082779249765116e-06 1.0275244218900517e-11 5.403971118524478e-11 0.00014570815209548622 2.3091498894446166e-06 1.0752455391977153e-08 4.6634221364518154e-05 0.0029417430806977832 3.6870238203343138 9.452419367526908e-05 3.3988728626613014e-07 0.047376559635516936 0.12831528129813516 2.7981310055765334e-07 6.876163721153192e-08 0.010419874546133601 0.8300000000000001 84
1.297256646731548e-09 1.0275244218900517e-11 5.403971118524478e-11 0.04830119164691021 2.3091498894446166e-06 1.0752455391977153e-08 4.6634221364518154e-05 0.0029417430806977832 3.1534413594891943e-05 1.100266692285689e-08 0.037707873995615517 0.10332019004083122 0.047376559635516936 0.0010296539824679986 0.002728081906555953 0.0036313499204056916 2.7981310055765334e-07 0.05471108074793809 0.010419874546133601 0.2120403340149588 84
8.082779249765116e-06 1.0275244218900517e-11 5.403971118524478e-11 0.0010760675501668314 2.3091498894446166e-06 1.0752455391977153e-08 4.6634221364518154e-05 0.08239507078279834 0.0837690208454158 0.059527504027641995 0.06275807088087217 3.3988728626613014e-07 0.047376559635516936 0.45474692750836365 0.00012285375174137672 8.114780308142973e-05 0.011645575298759536 2.7981310055765334e-07 0.010419874546133601 0.2120403340149588 84
1.297256646731548e-09 1.0275244218900517e-11 5.403971118524478e-11 2.3091498894446166e-06 1.0752455391977153e-08 4.6634221364518154e-05 0.0029417430806977832 0.0837690208454158 0.059527504027641995 0.06275807088087217 3.3988728626613014e-07 0.31582878956591737 2.7981310055765334e-07 6.876163721153192e-08 84
1.297256646731548e-09 1.0275244218900517e-11 0.0029104816280045042 85
8.082779249765116e-06 1.0275244218900517e-11 5.403971118524478e-11 0.005410667771308068 1.0752455391977153e-08 0.0002386735890300545 9.04292080278937e-06 0.0010400523120696393 1.100266692285689e-08 9.452419367526908e-05 3.3988728626613014e-07 0.0005341742230672649 0.0004350871134404743 0.00012285375174137672 0.2569469333544063 6.876163721153192e-08 85
8.082779249765116e-06 0.006122738622524113 0.0029104816280045042 2.3091498894446166e-06 1.0752455391977153e-08 0.7291133199121751 0.1576238652051067 0.0837690208454158 0.059527504027641995 0.0310522350191 0.10332019004083122 0.31582878956591737 84
1.297256646731548e-09 0.006122738622524113 0.0029104816280045042 0.00014570815209548622 2.3091498894446166e-06 1.0752455391977153e-08 0.7291133199121751 9.04292080278937e-06 0.03414559488702365 0.059527504027641995 0.037707873995615517 0.10332019004083122 0.31582878956591737 0.0010296539824679986 0.12831528129813516 0.0036313499204056916 0.001917744148812175 2.7981310055765334e-07 6.876163721153192e-08 0.010419874546133601 0.14628698097691054 84
1.297256646731548e-09 0.006122738622524113 0.0029104816280045042 2.386400159596905e-05 2.3091498894446166e-06 1.0752455391977153e-08 0.7291133199121751 0.1576238652051067 0.03414559488702365 9.452419367526908e-05 3.3988728626613014e-07 0.047376559635516936 0.007650034476908214 2.7981310055765334e-07 6.876163721153192e-08 0.010419874546133601 0.2120403340149588 84
8.082779249765116e-06 1.0275244218900517e-11 5.403971118524478e-11 2.386400159596905e-05 2.3091498894446166e-06 0.015510370617688526 4.6634221364518154e-05 9.04292080278937e-06 3.1534413594891943e-05 1.100266692285689e-08 9.452419367526908e-05 3.3988728626613014e-07 0.0005341742230672649 0.0010296539824679986 0.00012285375174137672 0.8992531626276472 0.0964331333047548 2.7981310055765334e-07 6.876163721153192e-08 85
8.082779249765116e-06 1.0275244218900517e-11 0.0029104816280045042 0.00014570815209548622 2.3091498894446166e-06 0.015510370617688526 4.6634221364518154e-05 9.04292080278937e-06 3.6870238203343138 1.100266692285689e-08 0.037707873995615517 0.10332019004083122 0.0007410346212921402 0.0010296539824679986 0.12831528129813516 0.0036313499204056916 0.011645575298759536 2.7981310055765334e-07 6.876163721153192e-08 0.18197439893190076 0.2120403340149588 84
1.297256646731548e-09 1.0275244218900517e-11 5.403971118524478e-11 0.02535232947163026 2.3091498894446166e-06 4.6634221364518154e-05 0.0029417430806977832 0.03414559488702365 1.100266692285689e-08 0.0310522350191 0.10332019004083122 0.0005341742230672649 0.0004350871134404743 0.002728081906555953 0.001917744148812175 0.2569469333544063 2.7981310055765334e-07 6.876163721153192e-08 0.010419874546133601 0.2120403340149588 84
1.297256646731548e-09 1.0275244218900517e-11 5.403971118524478e-11 2.3091498894446166e-06 1.0752455391977153e-08 4.6634221364518154e-05 0.0029417430806977832 0.0837690208454158 0.059527504027641995 0.0310522350191 0.10332019004083122 0.047376559635516936 0.45474692750836365 8.114780308142973e-05 0.0006436101855401201 2.7981310055765334e-07 6.876163721153192e-08 0.010419874546133601 0.2120403340149588 84
1.297256646731548e-09 1.0275244218900517e-11 5.403971118524478e-11 2.386400159596905e-05 2.3091498894446166e-06 1.0752455391977153e-08 0.0002386735890300545 9.04292080278937e-06 0.0010400523120696393 1.100266692285689e-08 9.452419367526908e-05 0.056473939995648176 8.114780308142973e-05 0.011645575298759536 2.7981310055765334e-07 6.876163721153192e-08 0.18197439893190076 0.8300000000000001 84
1.297256646731548e-09 1.0275244218900517e-11 5.403971118524478e-11 2.386400159596905e-05 0.0004113623865186218 1.0752455391977153e-08 0.0002386735890300545 0.0029417430806977832 3.1534413594891943e-05 1.100266692285689e-08 0.06275807088087217 0.10332019004083122 0.0005341742230672649 0.0004350871134404743 0.002728081906555953 0.0036313499204056916 0.8992531626276472 0.0006436101855401201 2.7981310055765334e-07 6.876163721153192e-08 0.2738018500493659 0.2120403340149588 84
1.297256646731548e-09 1.0275244218900517e-11 5.403971118524478e-11 2.3091498894446166e-06 1.0752455391977153e-08 4.6634221364518154e-05 0.0029417430806977832 3.1534413594891943e-05 1.100266692285689e-08 3.3988728626613014e-07 0.0004350871134404743 0.00012285375174137672 0.011645575298759536 2.7981310055765334e-07 0.41094793428474247 0.2120403340149588 85
1.297256646731548e-09 1.0275244218900517e-11 5.403971118524478e-11 0.0010760675501668314 0.0004113623865186218 0.015510370617688526 0.0002386735890300545 3.1534413594891943e-05 1.100266692285689e-08 9.452419367526908e-05 0.056473939995648176 0.047376559635516936 0.0004350871134404743 0.00012285375174137672 0.001917744148812175 0.36028312046881533 2.7981310055765334e-07 6.876163721153192e-08 0.18197439893190076 84
8.082779249765116e-06 1.0275244218900517e-11 5.403971118524478e-11 0.04830119164691021 0.0004113623865186218 0.0002386735890300545 9.04292080278937e-06 0.0010400523120696393 1.100266692285689e-08 9.452419367526908e-05 0.056473939995648176 0.0005341742230672649 0.0004350871134404743 0.00012285375174137672 0.007650034476908214 2.7981310055765334e-07 6.876163721153192e-08 0.18197439893190076 0.8300000000000001 85
1.297256646731548e-09 1.0275244218900517e-11 5.403971118524478e-11 2.3091498894446166e-06 1.0752455391977153e-08 4.6634221364518154e-05 0.0029417430806977832 0.0837690208454158 0.059527504027641995 0.0310522350191 0.10332019004083122 0.31582878956591737 0.45474692750836365 0.002728081906555953 8.114780308142973e-05 0.011645575298759536 2.7981310055765334e-07 6.876163721153192e-08 84
1.297256646731548e-09 1.0275244218900517e-11 5.403971118524478e-11 0.37717139174079106 6.876163721153192e-08 84
8.082779249765116e-06 1.0275244218900517e-11 5.403971118524478e-11 2.386400159596905e-05 0.0004113623865186218 1.0752455391977153e-08 0.037707873995615517 0.002728081906555953 0.0036313499204056916 0.007650034476908214 0.2569469333544063 2.7981310055765334e-07 0.76 84
1.297256646731548e-09 1.0275244218900517e-11 5.403971118524478e-11 0.00014570815209548622 4.6634221364518154e-05 9.04292080278937e-06 3.1534413594891943e-05 1.100266692285689e-08 0.0310522350191 0.10332019004083122 0.0007410346212921402 0.0125413887832795 6.876163721153192e-08 0.18197439893190076 84
1.297256646731548e-09 1.0275244218900517e-11 5.403971118524478e-11 2.3091498894446166e-06 4.6634221364518154e-05 0.0029417430806977832 0.03414559488702365 0.059527504027641995 0.0310522350191 3.3988728626613014e-07 0.047376559635516936 0.0010296539824679986 0.002728081906555953 8.114780308142973e-05 0.0006436101855401201 2.7981310055765334e-07 6.876163721153192e-08 0.010419874546133601 84
1.297256646731548e-09 1.0275244218900517e-11 5.403971118524478e-11 2.386400159596905e-05 0.0004113623865186218 1.0752455391977153e-08 0.0002386735890300545 9.04292080278937e-06 3.6870238203343138 1.100266692285689e-08 0.06275807088087217 3.3988728626613014e-07 0.0005341742230672649 0.0004350871134404743 0.002728081906555953 0.0036313499204056916 0.007650034476908214 2.7981310055765334e-07 6.876163721153192e-08 0.18197439893190076 0.2120403340149588 84
1.297256646731548e-09 1.0275244218900517e-11 5.403971118524478e-11 2.386400159596905e-05 2.3091498894446166e-06 1.0752455391977153e-08 0.0002386735890300545 0.0029417430806977832 0.025850617696147542 0.059527504027641995 0.037707873995615517 3.3988728626613014e-07 0.047376559635516936 0.12831528129813516 0.0036313499204056916 8.114780308142973e-05 2.7981310055765334e-07 6.876163721153192e-08 0.18197439893190076 84
1.297256646731548e-09 1.0275244218900517e-11 5.403971118524478e-11 2.3091498894446166e-06 0.19 0.0837690208454158 1.100266692285689e-08 0.06275807088087217 0.00012285375174137672 0.0036313499204056916 0.18197439893190076 0.2120403340149588 84
8.082779249765116e-06 0.006122738622524113 0.0029104816280045042 2.386400159596905e-05 2.3091498894446166e-06 0.0002386735890300545 0.0010400523120696393 1.100266692285689e-08 0.0310522350191 3.3988728626613014e-07 0.0005341742230672649 0.0004350871134404743 0.00012285375174137672 0.001917744148812175 2.7981310055765334e-07 6.876163721153192e-08 0.2738018500493659 0.2120403340149588 85
1.297256646731548e-09 1.0275244218900517e-11 5.403971118524478e-11 0.0010760675501668314 2.3091498894446166e-06 1.0752455391977153e-08 4.6634221364518154e-05 3.1534413594891943e-05 1.100266692285689e-08 0.06275807088087217 0.06735012484776526 0.31582878956591737 0.0004350871134404743 0.12831528129813516 0.0036313499204056916 0.007650034476908214 0.0006436101855401201 2.7981310055765334e-07 6.876163721153192e-08 0.2738018500493659 84
8.082779249765116e-06 1.0275244218900517e-11 5.403971118524478e-11 2.386400159596905e-05 0.005410667771308068 0.015510370617688526 4.6634221364518154e-05 3.1534413594891943e-05 1.100266692285689e-08 0.04990720278685189 0.0005341742230672649 0.0964331333047548 2.7981310055765334e-07 6.876163721153192e-08 85
1.297256646731548e-09 1.0275244218900517e-11 5.403971118524478e-11 2.3091498894446166e-06 1.0752455391977153e-08 0.059527504027641995 0.0310522350191 0.31582878956591737 0.45474692750836365 0.00012285375174137672 0.0006436101855401201 84
1.297256646731548e-09 1.0275244218900517e-11 5.403971118524478e-11 2.386400159596905e-05 2.3091498894446166e-06 1.0752455391977153e-08 0.0002386735890300545 3.1534413594891943e-05 0.059527504027641995 0.10332019004083122 0.31582878956591737 0.0004350871134404743 0.002728081906555953 0.0036313499204056916 0.0006436101855401201 2.7981310055765334e-07 0.05471108074793809 84
8.082779249765116e-06 1.0275244218900517e-11 5.403971118524478e-11 0.04830119164691021 0.0004113623865186218 0.0002386735890300545 9.04292080278937e-06 0.0010400523120696393 1.100266692285689e-08 9.452419367526908e-05 0.056473939995648176 0.0005341742230672649 0.0004350871134404743 0.00012285375174137672 0.007650034476908214 2.7981310055765334e-07 6.876163721153192e-08 0.18197439893190076 0.8300000000000001 85
8.082779249765116e-06 1.0275244218900517e-11 5.403971118524478e-11 0.0010760675501668314 2.3091498894446166e-06 1.0752455391977153e-08 4.6634221364518154e-05 3.1534413594891943e-05 0.059527504027641995 0.037707873995615517 0.06735012484776526 0.0005341742230672649 0.36028312046881533 0.6900000000000001 0.010419874546133601 0.8300000000000001 85
1.297256646731548e-09 1.0275244218900517e-11 5.403971118524478e-11 2.386400159596905e-05 2.3091498894446166e-06 1.0752455391977153e-08 4.6634221364518154e-05 9.04292080278937e-06 0.0010400523120696393 1.100266692285689e-08 9.452419367526908e-05 0.10332019004083122 0.0005341742230672649 0.0004350871134404743 0.12831528129813516 8.114780308142973e-05 0.011645575298759536 2.7981310055765334e-07 2.0306135696066048 0.2738018500493659 0.2120403340149588 84
1.297256646731548e-09 1.0275244218900517e-11 0.0029104816280045042 85
1.297256646731548e-09 1.0275244218900517e-11 5.403971118524478e-11 84
1.297256646731548e-09 1.0275244218900517e-11 5.403971118524478e-11 0.0010760675501668314 2.3091498894446166e-06 1.0752455391977153e-08 0.8300000000000001 84
1.297256646731548e-09 1.0275244218900517e-11 5.403971118524478e-11 2.386400159596905e-05 2.3091498894446166e-06 1.0752455391977153e-08 4.6634221364518154e-05 0.0029417430806977832 3.6870238203343138 0.059527504027641995 3.3988728626613014e-07 0.047376559635516936 0.0004350871134404743 0.002728081906555953 8.114780308142973e-05 0.0006436101855401201 2.7981310055765334e-07 0.76 84
1.297256646731548e-09 1.0275244218900517e-11 5.403971118524478e-11 2.386400159596905e-05 2.3091498894446166e-06 1.0752455391977153e-08 0.7291133199121751 0.0029417430806977832 0.0837690208454158 1.100266692285689e-08 0.037707873995615517 0.10332019004083122 0.31582878956591737 0.0010296539824679986 0.00012285375174137672 8.114780308142973e-05 0.0006436101855401201 2.7981310055765334e-07 6.876163721153192e-08 0.2738018500493659 0.8300000000000001 84
1.297256646731548e-09 1.0275244218900517e-11 5.403971118524478e-11 0.0010760675501668314 2.3091498894446166e-06 1.0752455391977153e-08 3.1534413594891943e-05 0.059527504027641995 0.06275807088087217 0.10332019004083122 0.0007410346212921402 0.0004350871134404743 0.002728081906555953 0.0036313499204056916 8.114780308142973e-05 0.011645575298759536 2.7981310055765334e-07 6.876163721153192e-08 0.010419874546133601 0.2120403340149588 84
8.082779249765116e-06 1.0275244218900517e-11 5.403971118524478e-11 2.386400159596905e-05 2.3091498894446166e-06 0.0002386735890300545 9.04292080278937e-06 3.6870238203343138 0.059527504027641995 9.452419367526908e-05 3.3988728626613014e-07 0.0005341742230672649 0.0010296539824679986 0.002728081906555953 0.0036313499204056916 0.001917744148812175 0.011645575298759536 2.7981310055765334e-07 0.05471108074793809 0.2738018500493659 0.2120403340149588 84
8.082779249765116e-06 1.0275244218900517e-11 5.403971118524478e-11 2.386400159596905e-05 2.3091498894446166e-06 0.03414559488702365 85
8.082779249765116e-06 0.006122738622524113 0.0029104816280045042 0.00014570815209548622 2.3091498894446166e-06 1.0752455391977153e-08 1.100266692285689e-08 0.37717139174079106 6.876163721153192e-08 85
8.082779249765116e-06 1.0275244218900517e-11 5.403971118524478e-11 2.386400159596905e-05 0.0004113623865186218 1.0752455391977153e-08 0.0070017456524904455 9.04292080278937e-06 3.6870238203343138 1.100266692285689e-08 9.452419367526908e-05 0.056473939995648176 0.0005341742230672649 0.00012285375174137672 0.0964331333047548 2.7981310055765334e-07 6.876163721153192e-08 0.010419874546133601 0.2120403340149588 85
8.082779249765116e-06 1.0275244218900517e-11 5.403971118524478e-11 0.0010760675501668314 2.3091498894446166e-06 1.0752455391977153e-08 4.6634221364518154e-05 9.04292080278937e-06 0.0010400523120696393 1.100266692285689e-08 9.452419367526908e-05 3.3988728626613014e-07 0.0007410346212921402 0.0010296539824679986 0.002728081906555953 0.0036313499204056916 2.7981310055765334e-07 6.876163721153192e-08 84
8.082779249765116e-06 1.0275244218900517e-11 5.403971118524478e-11 2.386400159596905e-05 2.3091498894446166e-06 1.0752455391977153e-08 0.0002386735890300545 9.04292080278937e-06 1.100266692285689e-08 9.452419367526908e-05 3.3988728626613014e-07 0.0010296539824679986 0.00012285375174137672 2.7981310055765334e-07 6.876163721153192e-08 0.2738018500493659 0.2120403340149588 85
1.297256646731548e-09 1.0275244218900517e-11 5.403971118524478e-11 2.3091498894446166e-06 1.0752455391977153e-08 4.6634221364518154e-05 0.0029417430806977832 3.1534413594891943e-05 1.100266692285689e-08 3.3988728626613014e-07 0.0004350871134404743 0.00012285375174137672 0.011645575298759536 2.7981310055765334e-07 0.41094793428474247 0.2120403340149588 85
8.082779249765116e-06 1.0275244218900517e-11 5.403971118524478e-11 2.386400159596905e-05 2.3091498894446166e-06 1.0752455391977153e-08 4.6634221364518154e-05 0.08239507078279834 0.025850617696147542 1.100266692285689e-08 9.452419367526908e-05 0.06735012484776526 0.0005341742230672649 0.0004350871134404743 0.12831528129813516 0.007650034476908214 0.2569469333544063 2.7981310055765334e-07 6.876163721153192e-08 85
1.297256646731548e-09 1.0275244218900517e-11 5.403971118524478e-11 2.386400159596905e-05 2.3091498894446166e-06 0.0029417430806977832 1.100266692285689e-08 0.0310522350191 3.3988728626613014e-07 0.0005341742230672649 0.00012285375174137672 0.007650034476908214 0.2569469333544063 2.7981310055765334e-07 2.0306135696066048 0.2738018500493659 0.2120403340149588 84
1.297256646731548e-09 1.0275244218900517e-11 5.403971118524478e-11 0.02535232947163026 0.005410667771308068 1.0752455391977153e-08 0.1576238652051067 3.1534413594891943e-05 0.059527504027641995 0.0310522350191 0.10332019004083122 0.31582878956591737 0.0010296539824679986 0.00012285375174137672 0.001917744148812175 0.0006436101855401201 2.7981310055765334e-07 0.05471108074793809 0.010419874546133601 0.2120403340149588 84
1.297256646731548e-09 1.0275244218900517e-11 5.403971118524478e-11 84
8.082779249765116e-06 1.0275244218900517e-11 5.403971118524478e-11 2.386400159596905e-05 0.0004113623865186218 1.0752455391977153e-08 0.0070017456524904455 9.04292080278937e-06 0.0010400523120696393 1.100266692285689e-08 0.04990720278685189 0.0007410346212921402 0.0004350871134404743 0.00012285375174137672 0.0964331333047548 2.7981310055765334e-07 6.876163721153192e-08 85
8.082779249765116e-06 1.0275244218900517e-11 5.403971118524478e-11 2.3091498894446166e-06 1.0752455391977153e-08 4.6634221364518154e-05 0.0029417430806977832 0.025850617696147542 1.100266692285689e-08 0.037707873995615517 3.3988728626613014e-07 0.047376559635516936 0.0004350871134404743 0.00012285375174137672 0.001917744148812175 2.7981310055765334e-07 2.0306135696066048 84
1.297256646731548e-09 1.0275244218900517e-11 5.403971118524478e-11 2.386400159596905e-05 2.3091498894446166e-06 1.0752455391977153e-08 4.6634221364518154e-05 0.0029417430806977832 0.0837690208454158 1.100266692285689e-08 0.0310522350191 0.10332019004083122 0.047376559635516936 0.0004350871134404743 0.00012285375174137672 0.001917744148812175 0.011645575298759536 2.7981310055765334e-07 6.876163721153192e-08 84
8.082779249765116e-06 1.0275244218900517e-11 5.403971118524478e-11 0.0010760675501668314 0.0004113623865186218 1.0752455391977153e-08 0.0070017456524904455 0.0029417430806977832 3.1534413594891943e-05 1.100266692285689e-08 0.04990720278685189 3.3988728626613014e-07 0.0007410346212921402 0.45474692750836365 0.00012285375174137672 0.0036313499204056916 2.7981310055765334e-07 6.876163721153192e-08 85
8.082779249765116e-06 1.0275244218900517e-11 5.403971118524478e-11 0.0010760675501668314 2.3091498894446166e-06 1.0752455391977153e-08 4.6634221364518154e-05 1.100266692285689e-08 9.452419367526908e-05 0.047376559635516936 0.0004350871134404743 0.12831528129813516 0.0036313499204056916 8.114780308142973e-05 0.011645575298759536 2.7981310055765334e-07 6.876163721153192e-08 84
1.297256646731548e-09 1.0275244218900517e-11 5.403971118524478e-11 2.3091498894446166e-06 4.6634221364518154e-05 0.0029417430806977832 3.1534413594891943e-05 1.100266692285689e-08 0.06275807088087217 0.10332019004083122 0.31582878956591737 8.114780308142973e-05 0.0006436101855401201 2.7981310055765334e-07 0.05471108074793809 84
1.297256646731548e-09 1.0275244218900517e-11 5.403971118524478e-11 0.00014570815209548622 2.3091498894446166e-06 0.015510370617688526 9.04292080278937e-06 0.0010400523120696393 0.037707873995615517 3.3988728626613014e-07 8.114780308142973e-05 0.011645575298759536 84
8.082779249765116e-06 1.0275244218900517e-11 5.403971118524478e-11 0.04830119164691021 0.005410667771308068 1.0752455391977153e-08 0.0002386735890300545 9.04292080278937e-06 0.0010400523120696393 1.100266692285689e-08 0.037707873995615517 0.056473939995648176 0.0005341742230672649 0.001917744148812175 0.0964331333047548 2.7981310055765334e-07 0.05471108074793809 85
1.297256646731548e-09 1.0275244218900517e-11 5.403971118524478e-11 0.00014570815209548622 2.3091498894446166e-06 1.0752455391977153e-08 0.7291133199121751 0.0029417430806977832 3.6870238203343138 0.059527504027641995 0.037707873995615517 3.3988728626613014e-07 0.047376559635516936 0.0010296539824679986 0.002728081906555953 0.011645575298759536 2.7981310055765334e-07 6.876163721153192e-08 0.010419874546133601 84
1.297256646731548e-09 1.0275244218900517e-11 5.403971118524478e-11 2.3091498894446166e-06 4.6634221364518154e-05 1.100266692285689e-08 0.10332019004083122 0.0007410346212921402 0.0004350871134404743 0.00012285375174137672 0.001917744148812175 0.011645575298759536 2.7981310055765334e-07 6.876163721153192e-08 84
1.297256646731548e-09 1.0275244218900517e-11 5.403971118524478e-11 0.00014570815209548622 2.3091498894446166e-06 0.0002386735890300545 9.04292080278937e-06 3.6870238203343138 0.059527504027641995 9.452419367526908e-05 3.3988728626613014e-07 0.0007410346212921402 0.0004350871134404743 0.12831528129813516 8.114780308142973e-05 0.011645575298759536 2.7981310055765334e-07 6.876163721153192e-08 84
1.297256646731548e-09 1.0275244218900517e-11 5.403971118524478e-11 2.386400159596905e-05 2.3091498894446166e-06 1.0752455391977153e-08 4.6634221364518154e-05 0.0029417430806977832 0.0837690208454158 1.100266692285689e-08 0.0310522350191 0.10332019004083122 0.047376559635516936 0.0004350871134404743 0.00012285375174137672 0.001917744148812175 0.011645575298759536 2.7981310055765334e-07 6.876163721153192e-08 84
1.297256646731548e-09 1.0275244218900517e-11 5.403971118524478e-11 2.386400159596905e-05 2.3091498894446166e-06 1.0752455391977153e-08 0.7291133199121751 0.0029417430806977832 3.1534413594891943e-05 0.059527504027641995 9.452419367526908e-05 3.3988728626613014e-07 0.047376559635516936 0.0004350871134404743 0.00012285375174137672 0.001917744148812175 0.0006436101855401201 2.7981310055765334e-07 6.876163721153192e-08 0.18197439893190076 0.2120403340149588 84
8.082779249765116e-06 1.0275244218900517e-11 5.403971118524478e-11 2.386400159596905e-05 0.0004113623865186218 1.0752455391977153e-08 0.0070017456524904455 0.0029417430806977832 3.1534413594891943e-05 0.20828867902103387 9.452419367526908e-05 0.056473939995648176 0.0007410346212921402 0.0004350871134404743 0.12831528129813516 0.011645575298759536 2.7981310055765334e-07 6.876163721153192e-08 85
1.297256646731548e-09 1.0275244218900517e-11 0.0029104816280045042 0.04830119164691021 2.3091498894446166e-06 1.0752455391977153e-08 0.0002386735890300545 9.04292080278937e-06 0.0010400523120696393 1.100266692285689e-08 9.452419367526908e-05 3.3988728626613014e-07 0.0005341742230672649 0.0004350871134404743 0.00012285375174137672 8.114780308142973e-05 0.0006436101855401201 2.7981310055765334e-07 6.876163721153192e-08 0.2738018500493659 84
1.297256646731548e-09 1.0275244218900517e-11 5.403971118524478e-11 2.3091498894446166e-06 4.6634221364518154e-05 0.0029417430806977832 3.6870238203343138 0.059527504027641995 0.037707873995615517 0.10332019004083122 0.047376559635516936 0.002728081906555953 8.114780308142973e-05 0.011645575298759536 2.7981310055765334e-07 6.876163721153192e-08 0.18197439893190076 0.2120403340149588 84
8.082779249765116e-06 1.0275244218900517e-11 5.403971118524478e-11 2.386400159596905e-05 0.0004113623865186218 1.0752455391977153e-08 0.0070017456524904455 9.04292080278937e-06 0.0010400523120696393 1.100266692285689e-08 0.04990720278685189 0.0007410346212921402 0.0004350871134404743 0.00012285375174137672 0.0964331333047548 2.7981310055765334e-07 6.876163721153192e-08 85
8.082779249765116e-06 0.006122738622524113 0.0029104816280045042 0.00014570815209548622 2.3091498894446166e-06 1.0752455391977153e-08 2.7981310055765334e-07 6.876163721153192e-08 0.2120403340149588 84
1.297256646731548e-09 1.0275244218900517e-11 5.403971118524478e-11 0.0010760675501668314 2.3091498894446166e-06 0.0070017456524904455 9.04292080278937e-06 0.0010400523120696393 1.100266692285689e-08 0.037707873995615517 0.056473939995648176 0.0005341742230672649 0.0010296539824679986 0.00012285375174137672 0.007650034476908214 0.0125413887832795 0.05471108074793809 0.18197439893190076 0.2120403340149588 84
1.297256646731548e-09 1.0275244218900517e-11 5.403971118524478e-11 2.386400159596905e-05 2.3091498894446166e-06 1.0752455391977153e-08 0.0002386735890300545 9.04292080278937e-06 3.1534413594891943e-05 1.100266692285689e-08 0.037707873995615517 0.10332019004083122 0.0007410346212921402 0.0004350871134404743 0.002728081906555953 0.0036313499204056916 0.011645575298759536 2.7981310055765334e-07 6.876163721153192e-08 84
1.297256646731548e-09 1.0275244218900517e-11 5.403971118524478e-11 2.386400159596905e-05 2.3091498894446166e-06 1.0752455391977153e-08 4.6634221364518154e-05 0.0029417430806977832 3.6870238203343138 0.059527504027641995 3.3988728626613014e-07 0.047376559635516936 0.0004350871134404743 0.002728081906555953 8.114780308142973e-05 0.0006436101855401201 2.7981310055765334e-07 0.76 84
