0.021164021164021142 0.42000000000000004 0.2962345871846621 0.3702932339808276 18
0.004114369266453639 0.2468621559872184 0.04525806193099003 0.05760116973035095 17
0.1904761904761903 0.19051586888313599 0.3538151850686811 0.4354648431614537 19
0.021164021164021142 0.2449489742783177 0.2962345871846621 0.3702932339808276 18
0.021164021164021142 0.42000000000000004 0.2962345871846621 0.3702932339808276 18
0.021164021164021142 0.2449489742783177 0.2962345871846621 0.3702932339808276 18
0.021164021164021142 0.42000000000000004 0.2962345871846621 0.3702932339808276 18
0.004114369266453639 0.2449489742783177 0.04525806193099003 0.05760116973035095 17
0.35000000000000003 0.08465608465608457 0.3538151850686811 0.4354648431614537 19
0.021164021164021142 0.2468621559872184 0.04525806193099003 0.05760116973035095 17
0.004114369266453639 0.42000000000000004 0.2962345871846621 0.3702932339808276 18
0.004114369266453639 0.2468621559872184 0.04525806193099003 0.05760116973035095 17
0.021164021164021142 0.19051586888313599 0.2962345871846621 0.3702932339808276 18
0.35000000000000003 0.08465608465608457 0.3538151850686811 0.4354648431614537 19
0.004114369266453639 0.42000000000000004 0.04525806193099003 0.05760116973035095 17
0.004114369266453639 0.2468621559872184 0.04525806193099003 0.05760116973035095 17
0.1904761904761903 0.19051586888313599 0.3538151850686811 0.4354648431614537 19
0.021164021164021142 0.2449489742783177 0.2962345871846621 0.3702932339808276 18
0.004114369266453639 0.42000000000000004 0.2962345871846621 0.3702932339808276 18
0.021164021164021142 0.2449489742783177 0.2962345871846621 0.3702932339808276 18
0.004114369266453639 0.42000000000000004 0.04525806193099003 0.05760116973035095 17
0.004114369266453639 0.2449489742783177 0.04525806193099003 0.05760116973035095 17
