0.14 0.42000000000000004 0.8400000000000001 1.05 18
0.07 0.6300000000000001 0.77 0.9800000000000001 17
0.07 0.6300000000000001 0.77 0.9800000000000001 17
0.14 0.49000000000000005 0.8400000000000001 1.05 18
0.14 0.7000000000000001 0.77 0.9800000000000001 17
0.21000000000000002 0.7000000000000001 0.9100000000000001 1.12 19
0.35000000000000003 0.7000000000000001 0.9100000000000001 1.12 19
0.21000000000000002 0.42000000000000004 0.9100000000000001 1.12 19
0.21000000000000002 0.7000000000000001 0.9100000000000001 1.12 19
0.07 0.6300000000000001 0.77 0.9800000000000001 17
0.35000000000000003 0.7000000000000001 0.9100000000000001 1.12 19
0.07 0.6300000000000001 0.77 0.9800000000000001 17
0.14 0.6300000000000001 0.9100000000000001 1.12 19
0.14 0.49000000000000005 0.8400000000000001 1.05 18
0.14 0.49000000000000005 0.8400000000000001 1.05 18
0.21000000000000002 0.7000000000000001 0.9100000000000001 1.12 19
0.07 0.42000000000000004 0.8400000000000001 1.05 18
0.21000000000000002 0.7000000000000001 0.9100000000000001 1.12 19
0.07 0.7000000000000001 0.77 0.9800000000000001 17
0.07 0.7000000000000001 0.77 0.9800000000000001 17
0.21000000000000002 0.7000000000000001 0.9100000000000001 1.12 19
0.14 0.6300000000000001 0.9100000000000001 1.12 19
