2.4149572898469565e+110 6.686732315244018e+90 1.3947012788415375e+117 3.380940205785736e+111 1.3202013904819637e+116 8.846618026247293e+116 2.2164362430403172e+117 7.419108081593615e+104 37
2.4149572898469565e+110 6.686732315244018e+90 8.437091807351256e-05 3.380940205785736e+111 1.3202013904819637e+116 8.846618026247293e+116 2.2164362430403172e+117 7.419108081593615e+104 37
2.4149572898469565e+110 6.686732315244018e+90 1.3947012788415375e+117 0.54260321951481 1.3202013904819637e+116 8.846618026247293e+116 2.2164362430403172e+117 7.419108081593615e+104 37
2.4149572898469565e+110 135645980221335.06 1.3947012788415375e+117 0.54260321951481 1.3202013904819637e+116 8.846618026247293e+116 2.2164362430403172e+117 0.19027622635923871 37
2.4149572898469565e+110 6.686732315244018e+90 1.3947012788415375e+117 3.380940205785736e+111 1.3202013904819637e+116 8.846618026247293e+116 2.2164362430403172e+117 7.419108081593615e+104 38
2.4149572898469565e+110 6.686732315244018e+90 1.3947012788415375e+117 3.380940205785736e+111 1.3202013904819637e+116 8.846618026247293e+116 2.2164362430403172e+117 7.419108081593615e+104 37
2.4149572898469565e+110 135645980221335.06 1.3947012788415375e+117 3.380940205785736e+111 1.3202013904819637e+116 8.846618026247293e+116 2.2164362430403172e+117 7.419108081593615e+104 38
2.4149572898469565e+110 6.686732315244018e+90 1.3947012788415375e+117 3.380940205785736e+111 1.3202013904819637e+116 8.846618026247293e+116 0.0019250875708446788 7.419108081593615e+104 38
2.4149572898469565e+110 0.03459567751986159 1.3947012788415375e+117 3.380940205785736e+111 1.3202013904819637e+116 8.846618026247293e+116 2.2164362430403172e+117 7.419108081593615e+104 38
2.4149572898469565e+110 0.03459567751986159 1.3947012788415375e+117 3.380940205785736e+111 1.3202013904819637e+116 8.846618026247293e+116 2.2164362430403172e+117 7.419108081593615e+104 38
2.4149572898469565e+110 6.686732315244018e+90 1.3947012788415375e+117 3.380940205785736e+111 1.3202013904819637e+116 8.846618026247293e+116 2.2164362430403172e+117 7.419108081593615e+104 37
2.4149572898469565e+110 6.686732315244018e+90 1.3947012788415375e+117 3.6077179650845804e-128 1.3202013904819637e+116 8.846618026247293e+116 2.2164362430403172e+117 7.419108081593615e+104 38
2.4149572898469565e+110 6.686732315244018e+90 1.0319030402224857e-125 3.380940205785736e+111 1.3202013904819637e+116 5.156260918176259e-252 2.2164362430403172e+117 7.419108081593615e+104 38
2.4149572898469565e+110 6.686732315244018e+90 1.3947012788415375e+117 3.380940205785736e+111 1.3202013904819637e+116 8.846618026247293e+116 2.2164362430403172e+117 7.419108081593615e+104 37
2.4149572898469565e+110 6.686732315244018e+90 1.3947012788415375e+117 1.3758707202966476e-125 1.3202013904819637e+116 8.846618026247293e+116 2.2164362430403172e+117 7.419108081593615e+104 38
2.4149572898469565e+110 6.686732315244018e+90 1.3947012788415375e+117 3.380940205785736e+111 1.3202013904819637e+116 8.846618026247293e+116 2.2164362430403172e+117 7.419108081593615e+104 37
2.4149572898469565e+110 6.686732315244018e+90 1.3947012788415375e+117 3.380940205785736e+111 1.3202013904819637e+116 8.846618026247293e+116 2.2164362430403172e+117 7.419108081593615e+104 37
2.4149572898469565e+110 6.686732315244018e+90 1.3947012788415375e+117 3.380940205785736e+111 1.3202013904819637e+116 8.846618026247293e+116 2.2164362430403172e+117 7.419108081593615e+104 38
2.4149572898469565e+110 6.686732315244018e+90 1.3947012788415375e+117 3.380940205785736e+111 1.3202013904819637e+116 8.846618026247293e+116 0.84 7.419108081593615e+104 37
2.4149572898469565e+110 135645980221335.06 1.3947012788415375e+117 3.380940205785736e+111 1.3202013904819637e+116 8.846618026247293e+116 2.2164362430403172e+117 6.360610484711281 38
2.4149572898469565e+110 0.03459567751986159 1.3947012788415375e+117 3.380940205785736e+111 1.3202013904819637e+116 8.846618026247293e+116 0.0019250875708446788 7.419108081593615e+104 37
2.4149572898469565e+110 135645980221335.06 1.3947012788415375e+117 3.380940205785736e+111 1.3202013904819637e+116 8.846618026247293e+116 2.2164362430403172e+117 7.419108081593615e+104 38
2.4149572898469565e+110 6.686732315244018e+90 1.3947012788415375e+117 3.380940205785736e+111 1.3202013904819637e+116 8.846618026247293e+116 2.2164362430403172e+117 7.419108081593615e+104 37
2.4149572898469565e+110 135645980221335.06 1.3947012788415375e+117 3.380940205785736e+111 1.3202013904819637e+116 8.846618026247293e+116 2.2164362430403172e+117 7.419108081593615e+104 38
2.4149572898469565e+110 0.03459567751986159 1.3947012788415375e+117 3.380940205785736e+111 1.3202013904819637e+116 8.846618026247293e+116 2.2164362430403172e+117 7.419108081593615e+104 38
2.4149572898469565e+110 6.686732315244018e+90 1.3947012788415375e+117 3.380940205785736e+111 1.3202013904819637e+116 8.846618026247293e+116 2.2164362430403172e+117 7.419108081593615e+104 37
2.4149572898469565e+110 6.686732315244018e+90 1.3947012788415375e+117 3.380940205785736e+111 1.3202013904819637e+116 8.846618026247293e+116 5.977548094569112e-255 7.419108081593615e+104 38
2.4149572898469565e+110 6.686732315244018e+90 1.3947012788415375e+117 3.380940205785736e+111 1.3202013904819637e+116 8.846618026247293e+116 2.2164362430403172e+117 7.419108081593615e+104 37
0.00014011250080538362 135645980221335.06 1.3947012788415375e+117 3.380940205785736e+111 1.3202013904819637e+116 8.846618026247293e+116 2.2164362430403172e+117 7.419108081593615e+104 37
0.00014011250080538362 6.686732315244018e+90 1.3947012788415375e+117 3.380940205785736e+111 1.3202013904819637e+116 0.00015351795556680902 0.0019250875708446788 7.419108081593615e+104 38
2.4149572898469565e+110 6.686732315244018e+90 1.3947012788415375e+117 3.380940205785736e+111 1.3202013904819637e+116 8.846618026247293e+116 2.2164362430403172e+117 7.419108081593615e+104 37
2.4149572898469565e+110 135645980221335.06 1.3947012788415375e+117 3.380940205785736e+111 1.3202013904819637e+116 8.846618026247293e+116 2.2164362430403172e+117 7.419108081593615e+104 38
0.00014011250080538362 0.03459567751986159 1.3947012788415375e+117 3.053240892796311e-07 1.3202013904819637e+116 8.846618026247293e+116 0.0019250875708446788 0.19027622635923871 38
2.4149572898469565e+110 6.686732315244018e+90 1.3947012788415375e+117 3.380940205785736e+111 1.3202013904819637e+116 8.846618026247293e+116 2.2164362430403172e+117 7.419108081593615e+104 37
2.4149572898469565e+110 0.03459567751986159 1.3947012788415375e+117 3.380940205785736e+111 1.3202013904819637e+116 8.846618026247293e+116 2.2164362430403172e+117 7.419108081593615e+104 37
2.4149572898469565e+110 6.686732315244018e+90 1.3947012788415375e+117 3.380940205785736e+111 1.3202013904819637e+116 8.846618026247293e+116 2.2164362430403172e+117 7.419108081593615e+104 37
2.4149572898469565e+110 6.686732315244018e+90 1.3947012788415375e+117 3.380940205785736e+111 1.3202013904819637e+116 8.846618026247293e+116 2.2164362430403172e+117 7.419108081593615e+104 37
2.4149572898469565e+110 6.686732315244018e+90 1.3947012788415375e+117 3.380940205785736e+111 1.3202013904819637e+116 8.846618026247293e+116 2.2164362430403172e+117 7.419108081593615e+104 37
2.4149572898469565e+110 135645980221335.06 8.437091807351256e-05 3.380940205785736e+111 1.3202013904819637e+116 8.846618026247293e+116 5.977548094569112e-255 7.419108081593615e+104 37
2.4149572898469565e+110 6.686732315244018e+90 1.3947012788415375e+117 3.380940205785736e+111 1.3202013904819637e+116 8.846618026247293e+116 2.2164362430403172e+117 7.419108081593615e+104 37
2.4149572898469565e+110 135645980221335.06 1.3947012788415375e+117 3.053240892796311e-07 1.3202013904819637e+116 8.846618026247293e+116 2.2164362430403172e+117 6.360610484711281 38
2.4149572898469565e+110 6.686732315244018e+90 1.3947012788415375e+117 3.380940205785736e+111 1.3202013904819637e+116 8.846618026247293e+116 2.2164362430403172e+117 3.0097172006489165e-125 37
6.096631014919849e-06 6.686732315244018e+90 1.3947012788415375e+117 3.380940205785736e+111 1.3202013904819637e+116 8.846618026247293e+116 2.2164362430403172e+117 0.19027622635923871 37
2.4149572898469565e+110 6.686732315244018e+90 1.3947012788415375e+117 3.380940205785736e+111 1.3202013904819637e+116 8.846618026247293e+116 2.2164362430403172e+117 6.556020490817735e-255 37
2.4149572898469565e+110 6.686732315244018e+90 1.3947012788415375e+117 3.380940205785736e+111 1.3202013904819637e+116 8.846618026247293e+116 2.2164362430403172e+117 7.419108081593615e+104 37
2.4149572898469565e+110 6.686732315244018e+90 1.3947012788415375e+117 0.54260321951481 1.3202013904819637e+116 0.00015351795556680902 2.2164362430403172e+117 7.419108081593615e+104 38
2.4149572898469565e+110 6.686732315244018e+90 1.3947012788415375e+117 3.380940205785736e+111 1.3202013904819637e+116 8.846618026247293e+116 2.2164362430403172e+117 7.419108081593615e+104 37
2.4149572898469565e+110 6.686732315244018e+90 1.3947012788415375e+117 3.380940205785736e+111 1.3202013904819637e+116 8.846618026247293e+116 2.2164362430403172e+117 7.419108081593615e+104 37
2.4149572898469565e+110 6.686732315244018e+90 1.3947012788415375e+117 3.380940205785736e+111 1.3202013904819637e+116 8.846618026247293e+116 2.2164362430403172e+117 7.419108081593615e+104 37
2.4149572898469565e+110 6.686732315244018e+90 1.3947012788415375e+117 3.380940205785736e+111 1.3202013904819637e+116 8.846618026247293e+116 2.2164362430403172e+117 7.419108081593615e+104 38
6.096631014919849e-06 0.03459567751986159 1.3947012788415375e+117 3.380940205785736e+111 1.3202013904819637e+116 8.846618026247293e+116 2.2164362430403172e+117 6.360610484711281 37
2.4149572898469565e+110 135645980221335.06 1.3947012788415375e+117 3.380940205785736e+111 8.322682954726497e-06 5.156260918176259e-252 2.2164362430403172e+117 7.419108081593615e+104 37
6.096631014919849e-06 6.686732315244018e+90 1.3947012788415375e+117 3.6077179650845804e-128 1.3202013904819637e+116 0.00015351795556680902 2.2164362430403172e+117 7.419108081593615e+104 37
2.4149572898469565e+110 6.686732315244018e+90 1.3947012788415375e+117 3.380940205785736e+111 1.3202013904819637e+116 8.846618026247293e+116 2.2164362430403172e+117 7.419108081593615e+104 37
2.4149572898469565e+110 6.686732315244018e+90 1.3947012788415375e+117 3.380940205785736e+111 1.3202013904819637e+116 8.846618026247293e+116 2.2164362430403172e+117 6.360610484711281 37
2.4149572898469565e+110 6.686732315244018e+90 1.3947012788415375e+117 3.380940205785736e+111 1.3202013904819637e+116 8.846618026247293e+116 2.2164362430403172e+117 7.419108081593615e+104 37
1.8779387179895708e-07 0.03459567751986159 1.3947012788415375e+117 0.54260321951481 1.3202013904819637e+116 8.846618026247293e+116 2.2164362430403172e+117 7.419108081593615e+104 38
2.4149572898469565e+110 6.686732315244018e+90 1.3947012788415375e+117 3.380940205785736e+111 1.3202013904819637e+116 8.846618026247293e+116 2.2164362430403172e+117 7.419108081593615e+104 37
2.4149572898469565e+110 6.686732315244018e+90 1.3947012788415375e+117 0.54260321951481 1.3202013904819637e+116 5.156260918176259e-252 2.2164362430403172e+117 7.419108081593615e+104 38
2.4149572898469565e+110 6.686732315244018e+90 1.3947012788415375e+117 3.380940205785736e+111 1.3202013904819637e+116 8.846618026247293e+116 2.2164362430403172e+117 6.360610484711281 37
2.4149572898469565e+110 6.686732315244018e+90 1.3947012788415375e+117 3.380940205785736e+111 1.3202013904819637e+116 8.846618026247293e+116 2.2164362430403172e+117 7.419108081593615e+104 37
2.4149572898469565e+110 6.686732315244018e+90 1.3947012788415375e+117 3.380940205785736e+111 1.3202013904819637e+116 8.846618026247293e+116 2.2164362430403172e+117 7.419108081593615e+104 37
2.4149572898469565e+110 6.686732315244018e+90 1.3947012788415375e+117 3.380940205785736e+111 1.3202013904819637e+116 8.846618026247293e+116 2.2164362430403172e+117 7.419108081593615e+104 38
2.4149572898469565e+110 6.686732315244018e+90 1.3947012788415375e+117 3.380940205785736e+111 1.3202013904819637e+116 8.846618026247293e+116 2.2164362430403172e+117 7.419108081593615e+104 37
2.4149572898469565e+110 135645980221335.06 1.3947012788415375e+117 0.54260321951481 1.3202013904819637e+116 8.846618026247293e+116 5.977548094569112e-255 7.419108081593615e+104 38
6.096631014919849e-06 6.686732315244018e+90 1.3947012788415375e+117 3.380940205785736e+111 1.3202013904819637e+116 8.846618026247293e+116 2.2164362430403172e+117 7.419108081593615e+104 38
6.096631014919849e-06 6.686732315244018e+90 1.3947012788415375e+117 3.6077179650845804e-128 1.3202013904819637e+116 5.156260918176259e-252 2.2164362430403172e+117 7.419108081593615e+104 38
0.00014011250080538362 6.686732315244018e+90 2.645659841062026e-128 3.380940205785736e+111 1.3202013904819637e+116 8.846618026247293e+116 2.2164362430403172e+117 0.19027622635923871 37
2.4149572898469565e+110 135645980221335.06 1.0319030402224857e-125 3.380940205785736e+111 1.3202013904819637e+116 8.846618026247293e+116 2.2164362430403172e+117 7.419108081593615e+104 37
2.4149572898469565e+110 6.686732315244018e+90 1.3947012788415375e+117 3.380940205785736e+111 1.3202013904819637e+116 8.846618026247293e+116 2.2164362430403172e+117 7.419108081593615e+104 37
2.4149572898469565e+110 6.686732315244018e+90 1.3947012788415375e+117 3.380940205785736e+111 1.3202013904819637e+116 8.846618026247293e+116 2.2164362430403172e+117 7.419108081593615e+104 37
2.4149572898469565e+110 6.686732315244018e+90 1.3947012788415375e+117 3.380940205785736e+111 1.3202013904819637e+116 8.846618026247293e+116 2.2164362430403172e+117 6.360610484711281 37
0.00014011250080538362 6.686732315244018e+90 1.3947012788415375e+117 3.053240892796311e-07 1.3202013904819637e+116 8.846618026247293e+116 2.2164362430403172e+117 6.360610484711281 37
2.4149572898469565e+110 135645980221335.06 1.3947012788415375e+117 3.380940205785736e+111 1.3202013904819637e+116 8.846618026247293e+116 2.2164362430403172e+117 7.419108081593615e+104 38
6.096631014919849e-06 135645980221335.06 1.3947012788415375e+117 3.380940205785736e+111 1.3202013904819637e+116 8.846618026247293e+116 0.0019250875708446788 7.419108081593615e+104 37
2.4149572898469565e+110 6.686732315244018e+90 1.3947012788415375e+117 3.380940205785736e+111 1.3202013904819637e+116 8.846618026247293e+116 2.2164362430403172e+117 7.419108081593615e+104 37
2.4149572898469565e+110 6.686732315244018e+90 1.3947012788415375e+117 3.380940205785736e+111 1.3202013904819637e+116 8.846618026247293e+116 2.2164362430403172e+117 7.419108081593615e+104 37
2.4149572898469565e+110 135645980221335.06 1.3947012788415375e+117 3.380940205785736e+111 1.3202013904819637e+116 8.846618026247293e+116 2.2164362430403172e+117 6.360610484711281 38
2.4149572898469565e+110 6.686732315244018e+90 1.3947012788415375e+117 3.380940205785736e+111 1.3202013904819637e+116 8.846618026247293e+116 2.2164362430403172e+117 7.419108081593615e+104 37
2.4149572898469565e+110 6.686732315244018e+90 1.3947012788415375e+117 3.380940205785736e+111 1.3202013904819637e+116 8.846618026247293e+116 2.2164362430403172e+117 7.419108081593615e+104 37
2.4149572898469565e+110 6.686732315244018e+90 1.3947012788415375e+117 3.380940205785736e+111 1.3202013904819637e+116 8.846618026247293e+116 2.2164362430403172e+117 7.419108081593615e+104 37
2.4149572898469565e+110 6.686732315244018e+90 1.3947012788415375e+117 3.380940205785736e+111 1.3202013904819637e+116 8.846618026247293e+116 2.2164362430403172e+117 7.419108081593615e+104 37
2.4149572898469565e+110 6.686732315244018e+90 1.3947012788415375e+117 0.54260321951481 1.3202013904819637e+116 8.846618026247293e+116 2.2164362430403172e+117 7.419108081593615e+104 37
2.4149572898469565e+110 6.686732315244018e+90 1.3947012788415375e+117 3.380940205785736e+111 1.3202013904819637e+116 8.846618026247293e+116 0.0019250875708446788 7.419108081593615e+104 38
2.4149572898469565e+110 6.686732315244018e+90 1.3947012788415375e+117 3.380940205785736e+111 1.3202013904819637e+116 8.846618026247293e+116 2.2164362430403172e+117 7.419108081593615e+104 37
2.4149572898469565e+110 6.686732315244018e+90 1.3947012788415375e+117 3.380940205785736e+111 1.3202013904819637e+116 8.846618026247293e+116 2.2164362430403172e+117 7.419108081593615e+104 37
2.4149572898469565e+110 6.686732315244018e+90 1.3947012788415375e+117 3.380940205785736e+111 1.3202013904819637e+116 8.846618026247293e+116 0.0019250875708446788 7.419108081593615e+104 38
2.4149572898469565e+110 6.686732315244018e+90 1.3947012788415375e+117 3.380940205785736e+111 1.3202013904819637e+116 8.846618026247293e+116 2.2164362430403172e+117 7.419108081593615e+104 38
2.4149572898469565e+110 6.686732315244018e+90 1.3947012788415375e+117 3.380940205785736e+111 1.3202013904819637e+116 8.846618026247293e+116 2.2164362430403172e+117 7.419108081593615e+104 38
2.4149572898469565e+110 135645980221335.06 2.645659841062026e-128 3.380940205785736e+111 1.3202013904819637e+116 8.846618026247293e+116 2.2164362430403172e+117 0.19027622635923871 38
2.4149572898469565e+110 6.686732315244018e+90 1.3947012788415375e+117 3.380940205785736e+111 1.3202013904819637e+116 8.846618026247293e+116 2.2164362430403172e+117 7.419108081593615e+104 37
0.00014011250080538362 6.686732315244018e+90 1.3947012788415375e+117 3.053240892796311e-07 1.3202013904819637e+116 8.846618026247293e+116 2.2164362430403172e+117 6.360610484711281 37
0.00014011250080538362 6.686732315244018e+90 1.3947012788415375e+117 3.380940205785736e+111 1.3202013904819637e+116 8.846618026247293e+116 2.2164362430403172e+117 7.419108081593615e+104 38
2.4149572898469565e+110 6.686732315244018e+90 1.3947012788415375e+117 3.380940205785736e+111 1.3202013904819637e+116 8.846618026247293e+116 0.0019250875708446788 7.419108081593615e+104 38
2.4149572898469565e+110 6.686732315244018e+90 1.3947012788415375e+117 3.380940205785736e+111 1.3202013904819637e+116 8.846618026247293e+116 2.2164362430403172e+117 7.419108081593615e+104 38
2.4149572898469565e+110 6.686732315244018e+90 1.3947012788415375e+117 3.380940205785736e+111 1.3202013904819637e+116 8.846618026247293e+116 2.2164362430403172e+117 7.419108081593615e+104 38
2.4149572898469565e+110 6.686732315244018e+90 1.3947012788415375e+117 3.380940205785736e+111 1.3202013904819637e+116 8.846618026247293e+116 2.2164362430403172e+117 7.419108081593615e+104 38
2.4149572898469565e+110 6.686732315244018e+90 1.3947012788415375e+117 3.380940205785736e+111 1.3202013904819637e+116 8.846618026247293e+116 2.2164362430403172e+117 7.419108081593615e+104 37
2.4149572898469565e+110 6.686732315244018e+90 1.3947012788415375e+117 3.380940205785736e+111 1.3202013904819637e+116 8.846618026247293e+116 0.87 7.419108081593615e+104 38
2.4149572898469565e+110 6.686732315244018e+90 1.3947012788415375e+117 3.380940205785736e+111 1.3202013904819637e+116 8.846618026247293e+116 2.2164362430403172e+117 7.419108081593615e+104 37
2.4149572898469565e+110 0.03459567751986159 1.3947012788415375e+117 3.380940205785736e+111 1.3202013904819637e+116 8.846618026247293e+116 2.2164362430403172e+117 6.360610484711281 38
2.4149572898469565e+110 6.686732315244018e+90 1.3947012788415375e+117 0.54260321951481 1.3202013904819637e+116 8.846618026247293e+116 2.2164362430403172e+117 7.419108081593615e+104 38
2.4149572898469565e+110 6.686732315244018e+90 1.3947012788415375e+117 3.380940205785736e+111 1.3202013904819637e+116 8.846618026247293e+116 2.2164362430403172e+117 7.419108081593615e+104 37
2.4149572898469565e+110 6.686732315244018e+90 1.3947012788415375e+117 3.380940205785736e+111 1.3202013904819637e+116 8.846618026247293e+116 2.2164362430403172e+117 7.419108081593615e+104 37
2.4149572898469565e+110 135645980221335.06 1.3947012788415375e+117 3.380940205785736e+111 8.322682954726497e-06 8.846618026247293e+116 2.2164362430403172e+117 7.419108081593615e+104 38
2.4149572898469565e+110 6.686732315244018e+90 1.3947012788415375e+117 3.380940205785736e+111 1.3202013904819637e+116 8.846618026247293e+116 2.2164362430403172e+117 7.419108081593615e+104 37
2.4149572898469565e+110 6.686732315244018e+90 1.3947012788415375e+117 3.380940205785736e+111 1.3202013904819637e+116 8.846618026247293e+116 2.2164362430403172e+117 7.419108081593615e+104 38
2.4149572898469565e+110 6.686732315244018e+90 1.3947012788415375e+117 3.380940205785736e+111 1.3202013904819637e+116 8.846618026247293e+116 2.2164362430403172e+117 7.419108081593615e+104 37
2.4149572898469565e+110 135645980221335.06 1.3947012788415375e+117 3.380940205785736e+111 1.3202013904819637e+116 8.846618026247293e+116 2.2164362430403172e+117 7.419108081593615e+104 37
2.4149572898469565e+110 6.686732315244018e+90 1.3947012788415375e+117 3.380940205785736e+111 1.3202013904819637e+116 8.846618026247293e+116 2.2164362430403172e+117 7.419108081593615e+104 37
2.4149572898469565e+110 6.686732315244018e+90 1.3947012788415375e+117 3.380940205785736e+111 1.3202013904819637e+116 8.846618026247293e+116 2.2164362430403172e+117 7.419108081593615e+104 37
2.4149572898469565e+110 6.686732315244018e+90 1.3947012788415375e+117 3.380940205785736e+111 1.3202013904819637e+116 8.846618026247293e+116 2.2164362430403172e+117 7.419108081593615e+104 37
2.4149572898469565e+110 135645980221335.06 1.3947012788415375e+117 3.380940205785736e+111 1.3202013904819637e+116 8.846618026247293e+116 0.0019250875708446788 7.419108081593615e+104 38
2.4149572898469565e+110 6.686732315244018e+90 1.3947012788415375e+117 3.380940205785736e+111 1.3202013904819637e+116 8.846618026247293e+116 2.2164362430403172e+117 7.419108081593615e+104 37
2.4149572898469565e+110 0.03459567751986159 1.3947012788415375e+117 3.380940205785736e+111 1.3202013904819637e+116 8.846618026247293e+116 2.2164362430403172e+117 0.19027622635923871 38
6.096631014919849e-06 6.686732315244018e+90 1.3947012788415375e+117 0.54260321951481 1.3202013904819637e+116 8.846618026247293e+116 2.2164362430403172e+117 6.360610484711281 38
2.4149572898469565e+110 6.686732315244018e+90 1.3947012788415375e+117 3.380940205785736e+111 1.3202013904819637e+116 8.846618026247293e+116 2.2164362430403172e+117 7.419108081593615e+104 37
2.4149572898469565e+110 135645980221335.06 1.3947012788415375e+117 3.380940205785736e+111 1.3202013904819637e+116 8.846618026247293e+116 2.2164362430403172e+117 7.419108081593615e+104 38
2.4149572898469565e+110 135645980221335.06 1.3947012788415375e+117 3.380940205785736e+111 1.3202013904819637e+116 8.846618026247293e+116 2.2164362430403172e+117 7.419108081593615e+104 38
2.4149572898469565e+110 6.686732315244018e+90 1.3947012788415375e+117 3.380940205785736e+111 1.3202013904819637e+116 8.846618026247293e+116 2.2164362430403172e+117 7.419108081593615e+104 37
2.4149572898469565e+110 6.686732315244018e+90 1.3947012788415375e+117 3.380940205785736e+111 1.3202013904819637e+116 8.846618026247293e+116 2.2164362430403172e+117 7.419108081593615e+104 37
2.4149572898469565e+110 6.686732315244018e+90 1.3947012788415375e+117 3.380940205785736e+111 1.3202013904819637e+116 8.846618026247293e+116 0.87 7.419108081593615e+104 38
6.096631014919849e-06 6.686732315244018e+90 1.3947012788415375e+117 3.380940205785736e+111 1.3202013904819637e+116 8.846618026247293e+116 2.2164362430403172e+117 7.419108081593615e+104 37
2.4149572898469565e+110 6.686732315244018e+90 1.3947012788415375e+117 3.380940205785736e+111 1.3202013904819637e+116 8.846618026247293e+116 2.2164362430403172e+117 7.419108081593615e+104 38
2.4149572898469565e+110 6.686732315244018e+90 1.3947012788415375e+117 3.380940205785736e+111 1.3202013904819637e+116 8.846618026247293e+116 2.2164362430403172e+117 7.419108081593615e+104 37
2.4149572898469565e+110 6.686732315244018e+90 1.3947012788415375e+117 3.380940205785736e+111 1.3202013904819637e+116 8.846618026247293e+116 2.2164362430403172e+117 7.419108081593615e+104 37
2.4149572898469565e+110 6.686732315244018e+90 1.3947012788415375e+117 3.6077179650845804e-128 1.3202013904819637e+116 8.846618026247293e+116 2.2164362430403172e+117 7.419108081593615e+104 37
0.00014011250080538362 6.686732315244018e+90 1.3947012788415375e+117 3.380940205785736e+111 1.3202013904819637e+116 8.846618026247293e+116 2.2164362430403172e+117 7.419108081593615e+104 38
2.4149572898469565e+110 135645980221335.06 1.3947012788415375e+117 3.380940205785736e+111 1.3202013904819637e+116 8.846618026247293e+116 0.87 7.419108081593615e+104 38
2.4149572898469565e+110 6.686732315244018e+90 1.3947012788415375e+117 3.380940205785736e+111 5.782110131935827e-06 8.846618026247293e+116 2.2164362430403172e+117 7.419108081593615e+104 37
2.4149572898469565e+110 135645980221335.06 1.3947012788415375e+117 3.053240892796311e-07 1.3202013904819637e+116 5.156260918176259e-252 2.2164362430403172e+117 7.419108081593615e+104 38
2.4149572898469565e+110 135645980221335.06 1.3947012788415375e+117 0.54260321951481 1.3202013904819637e+116 5.156260918176259e-252 2.2164362430403172e+117 7.419108081593615e+104 37
2.4149572898469565e+110 6.686732315244018e+90 1.3947012788415375e+117 3.380940205785736e+111 1.3202013904819637e+116 8.846618026247293e+116 2.2164362430403172e+117 7.419108081593615e+104 37
2.4149572898469565e+110 135645980221335.06 1.3947012788415375e+117 3.380940205785736e+111 1.3202013904819637e+116 8.846618026247293e+116 2.2164362430403172e+117 7.419108081593615e+104 38
2.4149572898469565e+110 135645980221335.06 1.3947012788415375e+117 3.380940205785736e+111 1.3202013904819637e+116 8.846618026247293e+116 2.2164362430403172e+117 7.419108081593615e+104 38
0.00014011250080538362 6.686732315244018e+90 1.3947012788415375e+117 3.380940205785736e+111 1.3202013904819637e+116 0.00015351795556680902 0.0019250875708446788 7.419108081593615e+104 38
2.4149572898469565e+110 0.03459567751986159 8.437091807351256e-05 1.3758707202966476e-125 1.3202013904819637e+116 5.156260918176259e-252 2.2164362430403172e+117 7.419108081593615e+104 38
2.4149572898469565e+110 6.686732315244018e+90 1.3947012788415375e+117 3.380940205785736e+111 1.3202013904819637e+116 8.846618026247293e+116 2.2164362430403172e+117 7.419108081593615e+104 38
2.4149572898469565e+110 135645980221335.06 1.3947012788415375e+117 3.053240892796311e-07 1.3202013904819637e+116 5.156260918176259e-252 5.977548094569112e-255 7.419108081593615e+104 38
2.4149572898469565e+110 6.686732315244018e+90 1.3947012788415375e+117 3.380940205785736e+111 1.3202013904819637e+116 8.846618026247293e+116 2.2164362430403172e+117 7.419108081593615e+104 37
0.00014011250080538362 6.686732315244018e+90 1.3947012788415375e+117 3.053240892796311e-07 1.3202013904819637e+116 8.846618026247293e+116 2.2164362430403172e+117 6.360610484711281 37
2.4149572898469565e+110 6.686732315244018e+90 1.3947012788415375e+117 1.3758707202966476e-125 1.3202013904819637e+116 8.846618026247293e+116 2.2164362430403172e+117 7.419108081593615e+104 37
2.4149572898469565e+110 6.686732315244018e+90 1.3947012788415375e+117 3.380940205785736e+111 1.3202013904819637e+116 8.846618026247293e+116 2.2164362430403172e+117 0.19027622635923871 37
2.4149572898469565e+110 6.686732315244018e+90 1.3947012788415375e+117 3.380940205785736e+111 1.3202013904819637e+116 8.846618026247293e+116 2.2164362430403172e+117 7.419108081593615e+104 37
2.4149572898469565e+110 6.686732315244018e+90 1.3947012788415375e+117 3.380940205785736e+111 1.3202013904819637e+116 8.846618026247293e+116 2.2164362430403172e+117 7.419108081593615e+104 38
2.4149572898469565e+110 0.03459567751986159 1.3947012788415375e+117 3.380940205785736e+111 8.322682954726497e-06 8.846618026247293e+116 2.2164362430403172e+117 7.419108081593615e+104 38
2.4149572898469565e+110 6.686732315244018e+90 1.3947012788415375e+117 3.6077179650845804e-128 1.3202013904819637e+116 0.00015351795556680902 2.2164362430403172e+117 7.419108081593615e+104 37
2.4149572898469565e+110 6.686732315244018e+90 1.3947012788415375e+117 3.380940205785736e+111 1.3202013904819637e+116 8.846618026247293e+116 2.2164362430403172e+117 7.419108081593615e+104 37
2.4149572898469565e+110 135645980221335.06 1.3947012788415375e+117 3.380940205785736e+111 1.3202013904819637e+116 8.846618026247293e+116 2.2164362430403172e+117 7.419108081593615e+104 38
2.4149572898469565e+110 6.686732315244018e+90 1.3947012788415375e+117 1.3758707202966476e-125 1.3202013904819637e+116 5.77234874413533e-128 2.2164362430403172e+117 7.419108081593615e+104 37
1.8779387179895708e-07 135645980221335.06 1.0319030402224857e-125 3.380940205785736e+111 1.3202013904819637e+116 5.77234874413533e-128 2.2164362430403172e+117 3.0097172006489165e-125 38
2.4149572898469565e+110 6.686732315244018e+90 1.3947012788415375e+117 3.380940205785736e+111 1.3202013904819637e+116 8.846618026247293e+116 2.2164362430403172e+117 7.419108081593615e+104 37
2.4149572898469565e+110 6.686732315244018e+90 1.3947012788415375e+117 3.380940205785736e+111 1.3202013904819637e+116 8.846618026247293e+116 2.2164362430403172e+117 7.419108081593615e+104 37
2.4149572898469565e+110 6.686732315244018e+90 1.3947012788415375e+117 3.053240892796311e-07 1.3202013904819637e+116 8.846618026247293e+116 0.0019250875708446788 7.419108081593615e+104 37
2.4149572898469565e+110 6.686732315244018e+90 1.3947012788415375e+117 3.380940205785736e+111 1.3202013904819637e+116 8.846618026247293e+116 2.2164362430403172e+117 7.419108081593615e+104 37
2.4149572898469565e+110 135645980221335.06 1.3947012788415375e+117 3.380940205785736e+111 1.3202013904819637e+116 8.846618026247293e+116 2.2164362430403172e+117 0.19027622635923871 38
2.4149572898469565e+110 6.686732315244018e+90 1.3947012788415375e+117 1.3758707202966476e-125 1.3202013904819637e+116 0.00015351795556680902 0.0019250875708446788 7.419108081593615e+104 37
2.4149572898469565e+110 6.686732315244018e+90 1.3947012788415375e+117 3.380940205785736e+111 1.3202013904819637e+116 8.846618026247293e+116 2.2164362430403172e+117 7.419108081593615e+104 37
2.4149572898469565e+110 135645980221335.06 1.3947012788415375e+117 3.380940205785736e+111 1.3202013904819637e+116 8.846618026247293e+116 2.2164362430403172e+117 6.360610484711281 38
2.4149572898469565e+110 6.686732315244018e+90 1.3947012788415375e+117 3.380940205785736e+111 1.3202013904819637e+116 8.846618026247293e+116 2.2164362430403172e+117 7.419108081593615e+104 37
2.4149572898469565e+110 6.686732315244018e+90 1.3947012788415375e+117 3.6077179650845804e-128 1.3202013904819637e+116 8.846618026247293e+116 2.2164362430403172e+117 7.419108081593615e+104 37
2.4149572898469565e+110 0.03459567751986159 1.3947012788415375e+117 3.380940205785736e+111 1.3202013904819637e+116 8.846618026247293e+116 2.2164362430403172e+117 7.419108081593615e+104 37
2.4149572898469565e+110 6.686732315244018e+90 1.3947012788415375e+117 3.053240892796311e-07 1.3202013904819637e+116 5.156260918176259e-252 0.87 7.419108081593615e+104 37
2.4149572898469565e+110 135645980221335.06 1.3947012788415375e+117 3.380940205785736e+111 1.3202013904819637e+116 8.846618026247293e+116 2.2164362430403172e+117 6.360610484711281 38
2.4149572898469565e+110 6.686732315244018e+90 1.3947012788415375e+117 3.380940205785736e+111 1.3202013904819637e+116 8.846618026247293e+116 2.2164362430403172e+117 7.419108081593615e+104 38
2.4149572898469565e+110 6.686732315244018e+90 1.3947012788415375e+117 3.380940205785736e+111 1.3202013904819637e+116 8.846618026247293e+116 2.2164362430403172e+117 7.419108081593615e+104 38
6.096631014919849e-06 6.686732315244018e+90 1.3947012788415375e+117 3.380940205785736e+111 1.3202013904819637e+116 8.846618026247293e+116 2.2164362430403172e+117 0.19027622635923871 37
2.4149572898469565e+110 6.686732315244018e+90 1.3947012788415375e+117 3.380940205785736e+111 1.3202013904819637e+116 8.846618026247293e+116 2.2164362430403172e+117 7.419108081593615e+104 37
2.4149572898469565e+110 135645980221335.06 1.3947012788415375e+117 3.380940205785736e+111 1.3202013904819637e+116 8.846618026247293e+116 2.2164362430403172e+117 7.419108081593615e+104 38
1.8779387179895708e-07 135645980221335.06 1.3947012788415375e+117 3.380940205785736e+111 1.3202013904819637e+116 8.846618026247293e+116 2.2164362430403172e+117 7.419108081593615e+104 38
2.4149572898469565e+110 8.68157156323352e-253 1.3947012788415375e+117 3.380940205785736e+111 1.3202013904819637e+116 8.846618026247293e+116 2.2164362430403172e+117 7.419108081593615e+104 37
2.4149572898469565e+110 6.686732315244018e+90 1.3947012788415375e+117 3.380940205785736e+111 1.3202013904819637e+116 8.846618026247293e+116 2.2164362430403172e+117 7.419108081593615e+104 37
2.4149572898469565e+110 6.686732315244018e+90 1.3947012788415375e+117 0.54260321951481 1.3202013904819637e+116 8.846618026247293e+116 2.2164362430403172e+117 7.419108081593615e+104 37
6.096631014919849e-06 135645980221335.06 1.3947012788415375e+117 3.380940205785736e+111 1.3202013904819637e+116 8.846618026247293e+116 0.0019250875708446788 7.419108081593615e+104 37
2.4149572898469565e+110 6.686732315244018e+90 1.3947012788415375e+117 3.380940205785736e+111 1.3202013904819637e+116 8.846618026247293e+116 2.2164362430403172e+117 7.419108081593615e+104 37
2.4149572898469565e+110 135645980221335.06 1.3947012788415375e+117 3.380940205785736e+111 1.3202013904819637e+116 8.846618026247293e+116 2.2164362430403172e+117 7.419108081593615e+104 38
2.4149572898469565e+110 135645980221335.06 1.3947012788415375e+117 3.380940205785736e+111 1.3202013904819637e+116 8.846618026247293e+116 2.2164362430403172e+117 6.360610484711281 38
1.8779387179895708e-07 6.686732315244018e+90 1.3947012788415375e+117 3.380940205785736e+111 1.3202013904819637e+116 8.846618026247293e+116 2.2164362430403172e+117 7.419108081593615e+104 37
2.4149572898469565e+110 6.686732315244018e+90 1.3947012788415375e+117 3.380940205785736e+111 1.3202013904819637e+116 8.846618026247293e+116 2.2164362430403172e+117 7.419108081593615e+104 37
1.8779387179895708e-07 135645980221335.06 1.3947012788415375e+117 3.380940205785736e+111 1.3202013904819637e+116 8.846618026247293e+116 2.2164362430403172e+117 7.419108081593615e+104 38
2.4149572898469565e+110 6.686732315244018e+90 1.3947012788415375e+117 3.380940205785736e+111 1.3202013904819637e+116 8.846618026247293e+116 2.2164362430403172e+117 7.419108081593615e+104 37
2.4149572898469565e+110 0.03459567751986159 1.3947012788415375e+117 3.380940205785736e+111 1.3202013904819637e+116 8.846618026247293e+116 2.2164362430403172e+117 0.19027622635923871 38
2.4149572898469565e+110 6.686732315244018e+90 1.3947012788415375e+117 3.380940205785736e+111 1.3202013904819637e+116 8.846618026247293e+116 2.2164362430403172e+117 7.419108081593615e+104 37
2.4149572898469565e+110 6.686732315244018e+90 1.3947012788415375e+117 3.380940205785736e+111 1.3202013904819637e+116 8.846618026247293e+116 2.2164362430403172e+117 7.419108081593615e+104 37
2.4149572898469565e+110 6.686732315244018e+90 1.3947012788415375e+117 3.380940205785736e+111 1.3202013904819637e+116 8.846618026247293e+116 2.2164362430403172e+117 7.419108081593615e+104 37
6.096631014919849e-06 0.03459567751986159 8.437091807351256e-05 3.380940205785736e+111 1.3202013904819637e+116 8.846618026247293e+116 2.2164362430403172e+117 0.19027622635923871 38
2.4149572898469565e+110 6.686732315244018e+90 1.3947012788415375e+117 3.380940205785736e+111 1.3202013904819637e+116 8.846618026247293e+116 2.2164362430403172e+117 7.419108081593615e+104 37
0.00014011250080538362 6.686732315244018e+90 1.3947012788415375e+117 3.380940205785736e+111 1.3202013904819637e+116 8.846618026247293e+116 2.2164362430403172e+117 7.419108081593615e+104 37
2.4149572898469565e+110 6.686732315244018e+90 1.3947012788415375e+117 3.380940205785736e+111 1.3202013904819637e+116 8.846618026247293e+116 2.2164362430403172e+117 6.360610484711281 37
6.096631014919849e-06 0.03459567751986159 8.437091807351256e-05 3.380940205785736e+111 1.3202013904819637e+116 8.846618026247293e+116 2.2164362430403172e+117 0.19027622635923871 38
2.4149572898469565e+110 6.686732315244018e+90 1.3947012788415375e+117 1.3758707202966476e-125 1.3202013904819637e+116 5.77234874413533e-128 2.2164362430403172e+117 7.419108081593615e+104 37
2.4149572898469565e+110 6.686732315244018e+90 1.3947012788415375e+117 3.380940205785736e+111 1.3202013904819637e+116 8.846618026247293e+116 2.2164362430403172e+117 7.419108081593615e+104 38
2.4149572898469565e+110 6.686732315244018e+90 1.3947012788415375e+117 3.380940205785736e+111 1.3202013904819637e+116 8.846618026247293e+116 2.2164362430403172e+117 7.419108081593615e+104 37
2.4149572898469565e+110 6.686732315244018e+90 1.3947012788415375e+117 3.380940205785736e+111 1.3202013904819637e+116 8.846618026247293e+116 2.2164362430403172e+117 7.419108081593615e+104 37
2.4149572898469565e+110 135645980221335.06 1.3947012788415375e+117 0.54260321951481 1.3202013904819637e+116 8.846618026247293e+116 2.2164362430403172e+117 7.419108081593615e+104 38
2.4149572898469565e+110 6.686732315244018e+90 1.3947012788415375e+117 3.380940205785736e+111 1.3202013904819637e+116 8.846618026247293e+116 2.2164362430403172e+117 6.556020490817735e-255 37
2.4149572898469565e+110 6.686732315244018e+90 1.3947012788415375e+117 3.380940205785736e+111 1.3202013904819637e+116 8.846618026247293e+116 2.2164362430403172e+117 7.419108081593615e+104 37
2.4149572898469565e+110 6.686732315244018e+90 1.3947012788415375e+117 3.380940205785736e+111 1.3202013904819637e+116 8.846618026247293e+116 2.2164362430403172e+117 6.360610484711281 38
2.4149572898469565e+110 6.686732315244018e+90 1.3947012788415375e+117 3.380940205785736e+111 1.3202013904819637e+116 8.846618026247293e+116 0.84 7.419108081593615e+104 37
2.4149572898469565e+110 6.686732315244018e+90 1.3947012788415375e+117 3.380940205785736e+111 1.3202013904819637e+116 8.846618026247293e+116 2.2164362430403172e+117 7.419108081593615e+104 37
0.00014011250080538362 6.686732315244018e+90 1.3947012788415375e+117 3.380940205785736e+111 1.3202013904819637e+116 8.846618026247293e+116 2.2164362430403172e+117 7.419108081593615e+104 37
2.4149572898469565e+110 6.686732315244018e+90 1.3947012788415375e+117 3.380940205785736e+111 1.3202013904819637e+116 8.846618026247293e+116 2.2164362430403172e+117 3.0097172006489165e-125 37
2.4149572898469565e+110 6.686732315244018e+90 1.3947012788415375e+117 3.380940205785736e+111 1.3202013904819637e+116 8.846618026247293e+116 2.2164362430403172e+117 0.19027622635923871 37
2.4149572898469565e+110 135645980221335.06 1.0319030402224857e-125 3.380940205785736e+111 1.3202013904819637e+116 8.846618026247293e+116 2.2164362430403172e+117 7.419108081593615e+104 37
2.4149572898469565e+110 135645980221335.06 1.3947012788415375e+117 0.54260321951481 1.3202013904819637e+116 8.846618026247293e+116 2.2164362430403172e+117 7.419108081593615e+104 38
2.4149572898469565e+110 6.686732315244018e+90 1.3947012788415375e+117 3.380940205785736e+111 1.3202013904819637e+116 8.846618026247293e+116 2.2164362430403172e+117 7.419108081593615e+104 37
2.4149572898469565e+110 6.686732315244018e+90 1.3947012788415375e+117 3.380940205785736e+111 1.3202013904819637e+116 8.846618026247293e+116 0.0019250875708446788 7.419108081593615e+104 38
2.4149572898469565e+110 6.686732315244018e+90 1.3947012788415375e+117 3.380940205785736e+111 1.3202013904819637e+116 8.846618026247293e+116 2.2164362430403172e+117 7.419108081593615e+104 37
0.00014011250080538362 135645980221335.06 1.3947012788415375e+117 3.380940205785736e+111 1.3202013904819637e+116 8.846618026247293e+116 2.2164362430403172e+117 7.419108081593615e+104 38
2.4149572898469565e+110 6.686732315244018e+90 1.3947012788415375e+117 3.380940205785736e+111 1.3202013904819637e+116 8.846618026247293e+116 2.2164362430403172e+117 7.419108081593615e+104 38
2.4149572898469565e+110 6.686732315244018e+90 1.3947012788415375e+117 3.380940205785736e+111 1.3202013904819637e+116 8.846618026247293e+116 2.2164362430403172e+117 7.419108081593615e+104 37
2.4149572898469565e+110 6.686732315244018e+90 1.3947012788415375e+117 3.380940205785736e+111 1.3202013904819637e+116 8.846618026247293e+116 2.2164362430403172e+117 7.419108081593615e+104 37
0.00014011250080538362 0.03459567751986159 1.3947012788415375e+117 3.053240892796311e-07 1.3202013904819637e+116 8.846618026247293e+116 0.0019250875708446788 0.19027622635923871 38
2.4149572898469565e+110 6.686732315244018e+90 1.3947012788415375e+117 3.380940205785736e+111 1.3202013904819637e+116 8.846618026247293e+116 2.2164362430403172e+117 7.419108081593615e+104 37
2.4149572898469565e+110 6.686732315244018e+90 1.3947012788415375e+117 3.380940205785736e+111 1.3202013904819637e+116 8.846618026247293e+116 2.2164362430403172e+117 7.419108081593615e+104 37
2.4149572898469565e+110 6.686732315244018e+90 1.3947012788415375e+117 3.6077179650845804e-128 1.3202013904819637e+116 8.846618026247293e+116 2.2164362430403172e+117 7.419108081593615e+104 37
2.4149572898469565e+110 6.686732315244018e+90 1.3947012788415375e+117 3.380940205785736e+111 1.3202013904819637e+116 8.846618026247293e+116 2.2164362430403172e+117 7.419108081593615e+104 38
2.4149572898469565e+110 6.686732315244018e+90 1.3947012788415375e+117 3.380940205785736e+111 1.3202013904819637e+116 8.846618026247293e+116 2.2164362430403172e+117 7.419108081593615e+104 37
2.4149572898469565e+110 6.686732315244018e+90 1.3947012788415375e+117 3.380940205785736e+111 1.3202013904819637e+116 8.846618026247293e+116 2.2164362430403172e+117 7.419108081593615e+104 37
1.8779387179895708e-07 6.686732315244018e+90 1.3947012788415375e+117 3.380940205785736e+111 5.782110131935827e-06 8.846618026247293e+116 2.2164362430403172e+117 7.419108081593615e+104 37
2.4149572898469565e+110 6.686732315244018e+90 1.3947012788415375e+117 3.380940205785736e+111 1.3202013904819637e+116 8.846618026247293e+116 2.2164362430403172e+117 7.419108081593615e+104 37
2.4149572898469565e+110 6.686732315244018e+90 1.3947012788415375e+117 3.6077179650845804e-128 1.3202013904819637e+116 8.846618026247293e+116 2.2164362430403172e+117 7.419108081593615e+104 37
2.4149572898469565e+110 6.686732315244018e+90 1.3947012788415375e+117 3.380940205785736e+111 1.3202013904819637e+116 8.846618026247293e+116 2.2164362430403172e+117 7.419108081593615e+104 37
2.4149572898469565e+110 135645980221335.06 1.3947012788415375e+117 3.380940205785736e+111 1.3202013904819637e+116 8.846618026247293e+116 2.2164362430403172e+117 7.419108081593615e+104 37
2.4149572898469565e+110 135645980221335.06 1.3947012788415375e+117 3.380940205785736e+111 1.3202013904819637e+116 8.846618026247293e+116 2.2164362430403172e+117 7.419108081593615e+104 38
1.8779387179895708e-07 135645980221335.06 1.3947012788415375e+117 3.380940205785736e+111 1.3202013904819637e+116 8.846618026247293e+116 0.0019250875708446788 7.419108081593615e+104 38
2.4149572898469565e+110 135645980221335.06 1.3947012788415375e+117 3.380940205785736e+111 1.3202013904819637e+116 8.846618026247293e+116 2.2164362430403172e+117 6.360610484711281 38
0.00014011250080538362 6.686732315244018e+90 1.3947012788415375e+117 3.380940205785736e+111 1.3202013904819637e+116 8.846618026247293e+116 2.2164362430403172e+117 6.360610484711281 37
2.4149572898469565e+110 6.686732315244018e+90 1.3947012788415375e+117 3.380940205785736e+111 1.3202013904819637e+116 8.846618026247293e+116 2.2164362430403172e+117 7.419108081593615e+104 37
2.4149572898469565e+110 6.686732315244018e+90 1.3947012788415375e+117 3.380940205785736e+111 1.3202013904819637e+116 8.846618026247293e+116 2.2164362430403172e+117 7.419108081593615e+104 37
2.4149572898469565e+110 6.686732315244018e+90 1.3947012788415375e+117 3.380940205785736e+111 1.3202013904819637e+116 8.846618026247293e+116 2.2164362430403172e+117 7.419108081593615e+104 37
2.4149572898469565e+110 6.686732315244018e+90 1.3947012788415375e+117 3.6077179650845804e-128 1.3202013904819637e+116 8.846618026247293e+116 2.2164362430403172e+117 7.419108081593615e+104 37
2.4149572898469565e+110 6.686732315244018e+90 1.3947012788415375e+117 3.380940205785736e+111 1.3202013904819637e+116 8.846618026247293e+116 2.2164362430403172e+117 7.419108081593615e+104 38
2.4149572898469565e+110 135645980221335.06 1.3947012788415375e+117 3.380940205785736e+111 1.3202013904819637e+116 8.846618026247293e+116 2.2164362430403172e+117 7.419108081593615e+104 38
2.4149572898469565e+110 135645980221335.06 1.3947012788415375e+117 0.54260321951481 1.3202013904819637e+116 8.846618026247293e+116 2.2164362430403172e+117 0.19027622635923871 37
2.4149572898469565e+110 6.686732315244018e+90 1.3947012788415375e+117 3.380940205785736e+111 1.3202013904819637e+116 8.846618026247293e+116 2.2164362430403172e+117 7.419108081593615e+104 37
2.4149572898469565e+110 6.686732315244018e+90 1.3947012788415375e+117 3.380940205785736e+111 1.3202013904819637e+116 8.846618026247293e+116 2.2164362430403172e+117 7.419108081593615e+104 37
2.4149572898469565e+110 6.686732315244018e+90 0.39 3.380940205785736e+111 1.3202013904819637e+116 8.846618026247293e+116 2.2164362430403172e+117 7.419108081593615e+104 37
2.4149572898469565e+110 135645980221335.06 1.3947012788415375e+117 3.380940205785736e+111 1.3202013904819637e+116 8.846618026247293e+116 2.2164362430403172e+117 0.19027622635923871 38
0.00014011250080538362 6.686732315244018e+90 1.3947012788415375e+117 3.380940205785736e+111 1.3202013904819637e+116 8.846618026247293e+116 2.2164362430403172e+117 7.419108081593615e+104 38
2.4149572898469565e+110 8.68157156323352e-253 1.3947012788415375e+117 0.54260321951481 1.7198384003708096e-125 8.846618026247293e+116 2.2164362430403172e+117 7.419108081593615e+104 37
2.4149572898469565e+110 6.686732315244018e+90 1.3947012788415375e+117 3.380940205785736e+111 1.3202013904819637e+116 8.846618026247293e+116 2.2164362430403172e+117 3.0097172006489165e-125 37
2.4149572898469565e+110 6.686732315244018e+90 1.3947012788415375e+117 3.380940205785736e+111 1.3202013904819637e+116 8.846618026247293e+116 2.2164362430403172e+117 7.419108081593615e+104 38
2.4149572898469565e+110 6.686732315244018e+90 1.3947012788415375e+117 3.380940205785736e+111 1.3202013904819637e+116 8.846618026247293e+116 2.2164362430403172e+117 0.19027622635923871 38
2.4149572898469565e+110 0.03459567751986159 1.3947012788415375e+117 3.380940205785736e+111 1.3202013904819637e+116 8.846618026247293e+116 2.2164362430403172e+117 0.19027622635923871 38
2.4149572898469565e+110 6.686732315244018e+90 1.3947012788415375e+117 3.380940205785736e+111 1.3202013904819637e+116 8.846618026247293e+116 2.2164362430403172e+117 7.419108081593615e+104 37
2.4149572898469565e+110 6.686732315244018e+90 1.3947012788415375e+117 3.053240892796311e-07 1.3202013904819637e+116 8.846618026247293e+116 0.0019250875708446788 7.419108081593615e+104 37
2.4149572898469565e+110 6.686732315244018e+90 1.3947012788415375e+117 3.380940205785736e+111 1.3202013904819637e+116 8.846618026247293e+116 2.2164362430403172e+117 7.419108081593615e+104 37
2.4149572898469565e+110 6.686732315244018e+90 1.3947012788415375e+117 3.380940205785736e+111 1.3202013904819637e+116 8.846618026247293e+116 2.2164362430403172e+117 7.419108081593615e+104 38
2.4149572898469565e+110 6.686732315244018e+90 1.3947012788415375e+117 3.380940205785736e+111 1.3202013904819637e+116 8.846618026247293e+116 2.2164362430403172e+117 7.419108081593615e+104 37
2.4149572898469565e+110 135645980221335.06 1.3947012788415375e+117 3.380940205785736e+111 1.3202013904819637e+116 5.156260918176259e-252 2.2164362430403172e+117 7.419108081593615e+104 38
2.4149572898469565e+110 6.686732315244018e+90 1.3947012788415375e+117 3.380940205785736e+111 1.3202013904819637e+116 8.846618026247293e+116 2.2164362430403172e+117 7.419108081593615e+104 37
2.4149572898469565e+110 6.686732315244018e+90 1.3947012788415375e+117 3.380940205785736e+111 1.3202013904819637e+116 8.846618026247293e+116 2.2164362430403172e+117 3.0097172006489165e-125 38
2.4149572898469565e+110 6.686732315244018e+90 1.3947012788415375e+117 3.380940205785736e+111 1.3202013904819637e+116 8.846618026247293e+116 0.0019250875708446788 7.419108081593615e+104 37
2.4149572898469565e+110 6.686732315244018e+90 1.3947012788415375e+117 3.380940205785736e+111 1.3202013904819637e+116 8.846618026247293e+116 2.2164362430403172e+117 7.419108081593615e+104 37
2.4149572898469565e+110 6.686732315244018e+90 1.3947012788415375e+117 0.54260321951481 1.3202013904819637e+116 8.846618026247293e+116 2.2164362430403172e+117 7.419108081593615e+104 37
2.4149572898469565e+110 6.686732315244018e+90 1.3947012788415375e+117 3.380940205785736e+111 1.3202013904819637e+116 8.846618026247293e+116 2.2164362430403172e+117 7.419108081593615e+104 37
2.4149572898469565e+110 6.686732315244018e+90 1.3947012788415375e+117 3.380940205785736e+111 1.3202013904819637e+116 8.846618026247293e+116 2.2164362430403172e+117 7.419108081593615e+104 37
2.4149572898469565e+110 6.686732315244018e+90 1.3947012788415375e+117 3.380940205785736e+111 1.3202013904819637e+116 8.846618026247293e+116 2.2164362430403172e+117 7.419108081593615e+104 37
2.4149572898469565e+110 6.686732315244018e+90 1.3947012788415375e+117 3.380940205785736e+111 1.3202013904819637e+116 8.846618026247293e+116 2.2164362430403172e+117 7.419108081593615e+104 38
2.4149572898469565e+110 6.686732315244018e+90 1.3947012788415375e+117 3.380940205785736e+111 1.3202013904819637e+116 8.846618026247293e+116 2.2164362430403172e+117 7.419108081593615e+104 37
2.4149572898469565e+110 6.686732315244018e+90 1.3947012788415375e+117 3.380940205785736e+111 1.3202013904819637e+116 8.846618026247293e+116 2.2164362430403172e+117 7.419108081593615e+104 37
2.4149572898469565e+110 6.686732315244018e+90 1.3947012788415375e+117 3.380940205785736e+111 1.3202013904819637e+116 8.846618026247293e+116 2.2164362430403172e+117 0.19027622635923871 37
2.4149572898469565e+110 6.686732315244018e+90 1.3947012788415375e+117 3.053240892796311e-07 1.3202013904819637e+116 5.156260918176259e-252 0.87 7.419108081593615e+104 37
1.8779387179895708e-07 135645980221335.06 1.3947012788415375e+117 3.380940205785736e+111 1.3202013904819637e+116 8.846618026247293e+116 2.2164362430403172e+117 6.556020490817735e-255 38
2.4149572898469565e+110 135645980221335.06 1.3947012788415375e+117 3.380940205785736e+111 1.3202013904819637e+116 8.846618026247293e+116 2.2164362430403172e+117 7.419108081593615e+104 37
2.4149572898469565e+110 6.686732315244018e+90 1.3947012788415375e+117 3.380940205785736e+111 1.3202013904819637e+116 8.846618026247293e+116 0.87 7.419108081593615e+104 38
2.4149572898469565e+110 6.686732315244018e+90 1.3947012788415375e+117 3.380940205785736e+111 1.3202013904819637e+116 8.846618026247293e+116 2.2164362430403172e+117 7.419108081593615e+104 37
2.4149572898469565e+110 6.686732315244018e+90 1.3947012788415375e+117 3.380940205785736e+111 1.3202013904819637e+116 8.846618026247293e+116 2.2164362430403172e+117 7.419108081593615e+104 37
2.4149572898469565e+110 6.686732315244018e+90 1.3947012788415375e+117 3.380940205785736e+111 1.3202013904819637e+116 8.846618026247293e+116 2.2164362430403172e+117 7.419108081593615e+104 37
2.4149572898469565e+110 6.686732315244018e+90 1.3947012788415375e+117 3.380940205785736e+111 1.3202013904819637e+116 8.846618026247293e+116 2.2164362430403172e+117 7.419108081593615e+104 37
2.4149572898469565e+110 6.686732315244018e+90 1.3947012788415375e+117 3.380940205785736e+111 1.3202013904819637e+116 8.846618026247293e+116 2.2164362430403172e+117 7.419108081593615e+104 37
2.4149572898469565e+110 6.686732315244018e+90 1.3947012788415375e+117 3.380940205785736e+111 1.3202013904819637e+116 8.846618026247293e+116 2.2164362430403172e+117 7.419108081593615e+104 38
2.4149572898469565e+110 6.686732315244018e+90 1.3947012788415375e+117 3.380940205785736e+111 1.3202013904819637e+116 8.846618026247293e+116 2.2164362430403172e+117 7.419108081593615e+104 37
2.4149572898469565e+110 6.686732315244018e+90 1.3947012788415375e+117 3.053240892796311e-07 1.3202013904819637e+116 5.156260918176259e-252 2.2164362430403172e+117 7.419108081593615e+104 38
2.4149572898469565e+110 6.686732315244018e+90 1.3947012788415375e+117 3.380940205785736e+111 1.3202013904819637e+116 8.846618026247293e+116 2.2164362430403172e+117 7.419108081593615e+104 38
2.4149572898469565e+110 0.03459567751986159 1.3947012788415375e+117 3.380940205785736e+111 1.3202013904819637e+116 8.846618026247293e+116 2.2164362430403172e+117 7.419108081593615e+104 37
6.096631014919849e-06 6.686732315244018e+90 1.3947012788415375e+117 3.380940205785736e+111 1.3202013904819637e+116 8.846618026247293e+116 2.2164362430403172e+117 7.419108081593615e+104 37
2.4149572898469565e+110 6.686732315244018e+90 1.3947012788415375e+117 3.380940205785736e+111 1.3202013904819637e+116 8.846618026247293e+116 2.2164362430403172e+117 3.0097172006489165e-125 37
2.4149572898469565e+110 6.686732315244018e+90 1.3947012788415375e+117 3.380940205785736e+111 1.3202013904819637e+116 8.846618026247293e+116 0.0019250875708446788 7.419108081593615e+104 38
0.00014011250080538362 6.686732315244018e+90 1.3947012788415375e+117 3.380940205785736e+111 1.3202013904819637e+116 8.846618026247293e+116 5.977548094569112e-255 6.360610484711281 37
2.4149572898469565e+110 6.686732315244018e+90 1.3947012788415375e+117 3.380940205785736e+111 1.3202013904819637e+116 8.846618026247293e+116 2.2164362430403172e+117 7.419108081593615e+104 37
2.4149572898469565e+110 6.686732315244018e+90 1.3947012788415375e+117 3.380940205785736e+111 1.3202013904819637e+116 8.846618026247293e+116 2.2164362430403172e+117 7.419108081593615e+104 37
2.4149572898469565e+110 6.686732315244018e+90 1.3947012788415375e+117 3.380940205785736e+111 1.3202013904819637e+116 8.846618026247293e+116 2.2164362430403172e+117 7.419108081593615e+104 37
2.4149572898469565e+110 6.686732315244018e+90 1.3947012788415375e+117 3.380940205785736e+111 1.3202013904819637e+116 8.846618026247293e+116 2.2164362430403172e+117 7.419108081593615e+104 37
2.4149572898469565e+110 6.686732315244018e+90 1.3947012788415375e+117 3.380940205785736e+111 1.3202013904819637e+116 8.846618026247293e+116 2.2164362430403172e+117 7.419108081593615e+104 37
6.096631014919849e-06 135645980221335.06 1.3947012788415375e+117 3.380940205785736e+111 1.3202013904819637e+116 8.846618026247293e+116 0.0019250875708446788 7.419108081593615e+104 37
2.4149572898469565e+110 6.686732315244018e+90 1.3947012788415375e+117 3.380940205785736e+111 1.3202013904819637e+116 8.846618026247293e+116 2.2164362430403172e+117 7.419108081593615e+104 37
2.4149572898469565e+110 6.686732315244018e+90 1.3947012788415375e+117 3.380940205785736e+111 1.3202013904819637e+116 8.846618026247293e+116 2.2164362430403172e+117 7.419108081593615e+104 38
2.4149572898469565e+110 135645980221335.06 1.3947012788415375e+117 3.380940205785736e+111 1.3202013904819637e+116 8.846618026247293e+116 2.2164362430403172e+117 7.419108081593615e+104 38
2.4149572898469565e+110 135645980221335.06 1.3947012788415375e+117 0.54260321951481 1.3202013904819637e+116 5.156260918176259e-252 2.2164362430403172e+117 7.419108081593615e+104 38
2.4149572898469565e+110 6.686732315244018e+90 1.3947012788415375e+117 3.380940205785736e+111 1.3202013904819637e+116 8.846618026247293e+116 2.2164362430403172e+117 7.419108081593615e+104 37
2.4149572898469565e+110 6.686732315244018e+90 1.3947012788415375e+117 3.380940205785736e+111 1.3202013904819637e+116 8.846618026247293e+116 2.2164362430403172e+117 7.419108081593615e+104 37
2.4149572898469565e+110 135645980221335.06 1.3947012788415375e+117 3.380940205785736e+111 1.3202013904819637e+116 8.846618026247293e+116 2.2164362430403172e+117 7.419108081593615e+104 37
2.4149572898469565e+110 6.686732315244018e+90 1.3947012788415375e+117 1.3758707202966476e-125 1.3202013904819637e+116 8.846618026247293e+116 2.2164362430403172e+117 7.419108081593615e+104 38
2.4149572898469565e+110 6.686732315244018e+90 1.3947012788415375e+117 3.380940205785736e+111 1.3202013904819637e+116 8.846618026247293e+116 2.2164362430403172e+117 7.419108081593615e+104 38
2.4149572898469565e+110 0.03459567751986159 1.3947012788415375e+117 3.380940205785736e+111 1.3202013904819637e+116 8.846618026247293e+116 5.977548094569112e-255 7.419108081593615e+104 37
2.4149572898469565e+110 6.686732315244018e+90 1.3947012788415375e+117 3.380940205785736e+111 1.3202013904819637e+116 8.846618026247293e+116 2.2164362430403172e+117 6.360610484711281 38
2.4149572898469565e+110 6.686732315244018e+90 1.3947012788415375e+117 3.380940205785736e+111 1.3202013904819637e+116 8.846618026247293e+116 0.87 7.419108081593615e+104 37
2.4149572898469565e+110 6.686732315244018e+90 1.3947012788415375e+117 3.380940205785736e+111 1.3202013904819637e+116 8.846618026247293e+116 2.2164362430403172e+117 7.419108081593615e+104 37
2.4149572898469565e+110 6.686732315244018e+90 1.3947012788415375e+117 3.380940205785736e+111 1.3202013904819637e+116 8.846618026247293e+116 2.2164362430403172e+117 6.360610484711281 38
2.4149572898469565e+110 6.686732315244018e+90 1.3947012788415375e+117 3.380940205785736e+111 1.3202013904819637e+116 8.846618026247293e+116 2.2164362430403172e+117 7.419108081593615e+104 37
2.4149572898469565e+110 6.686732315244018e+90 1.3947012788415375e+117 3.380940205785736e+111 1.3202013904819637e+116 8.846618026247293e+116 2.2164362430403172e+117 7.419108081593615e+104 38
2.4149572898469565e+110 6.686732315244018e+90 1.3947012788415375e+117 3.380940205785736e+111 1.3202013904819637e+116 8.846618026247293e+116 2.2164362430403172e+117 7.419108081593615e+104 37
2.4149572898469565e+110 6.686732315244018e+90 1.3947012788415375e+117 3.380940205785736e+111 1.3202013904819637e+116 8.846618026247293e+116 2.2164362430403172e+117 7.419108081593615e+104 37
2.4149572898469565e+110 6.686732315244018e+90 1.3947012788415375e+117 3.380940205785736e+111 1.3202013904819637e+116 8.846618026247293e+116 2.2164362430403172e+117 7.419108081593615e+104 37
2.4149572898469565e+110 6.686732315244018e+90 1.3947012788415375e+117 3.380940205785736e+111 1.3202013904819637e+116 8.846618026247293e+116 2.2164362430403172e+117 7.419108081593615e+104 37
2.4149572898469565e+110 6.686732315244018e+90 1.3947012788415375e+117 3.380940205785736e+111 1.3202013904819637e+116 8.846618026247293e+116 2.2164362430403172e+117 7.419108081593615e+104 37
2.4149572898469565e+110 6.686732315244018e+90 1.3947012788415375e+117 3.380940205785736e+111 1.3202013904819637e+116 8.846618026247293e+116 2.2164362430403172e+117 7.419108081593615e+104 37
2.4149572898469565e+110 6.686732315244018e+90 1.3947012788415375e+117 3.380940205785736e+111 1.3202013904819637e+116 8.846618026247293e+116 2.2164362430403172e+117 7.419108081593615e+104 37
2.4149572898469565e+110 6.686732315244018e+90 1.3947012788415375e+117 3.380940205785736e+111 1.3202013904819637e+116 8.846618026247293e+116 0.84 7.419108081593615e+104 37
2.4149572898469565e+110 6.686732315244018e+90 1.3947012788415375e+117 3.380940205785736e+111 1.3202013904819637e+116 8.846618026247293e+116 2.2164362430403172e+117 7.419108081593615e+104 37
2.4149572898469565e+110 6.686732315244018e+90 1.3947012788415375e+117 3.380940205785736e+111 1.3202013904819637e+116 8.846618026247293e+116 2.2164362430403172e+117 7.419108081593615e+104 37
2.4149572898469565e+110 6.686732315244018e+90 1.3947012788415375e+117 3.380940205785736e+111 1.3202013904819637e+116 8.846618026247293e+116 2.2164362430403172e+117 7.419108081593615e+104 37
2.4149572898469565e+110 6.686732315244018e+90 1.3947012788415375e+117 3.380940205785736e+111 1.3202013904819637e+116 8.846618026247293e+116 2.2164362430403172e+117 6.360610484711281 37
2.4149572898469565e+110 6.686732315244018e+90 1.3947012788415375e+117 3.380940205785736e+111 1.3202013904819637e+116 8.846618026247293e+116 2.2164362430403172e+117 7.419108081593615e+104 37
2.4149572898469565e+110 6.686732315244018e+90 1.3947012788415375e+117 3.380940205785736e+111 1.3202013904819637e+116 8.846618026247293e+116 2.2164362430403172e+117 7.419108081593615e+104 37
2.4149572898469565e+110 6.686732315244018e+90 1.3947012788415375e+117 3.380940205785736e+111 1.3202013904819637e+116 8.846618026247293e+116 2.2164362430403172e+117 6.360610484711281 37
2.4149572898469565e+110 6.686732315244018e+90 1.3947012788415375e+117 3.380940205785736e+111 1.3202013904819637e+116 8.846618026247293e+116 2.2164362430403172e+117 7.419108081593615e+104 37
2.4149572898469565e+110 6.686732315244018e+90 1.3947012788415375e+117 3.380940205785736e+111 1.3202013904819637e+116 8.846618026247293e+116 2.2164362430403172e+117 7.419108081593615e+104 37
2.4149572898469565e+110 0.03459567751986159 1.3947012788415375e+117 3.380940205785736e+111 1.3202013904819637e+116 8.846618026247293e+116 2.2164362430403172e+117 7.419108081593615e+104 37
2.4149572898469565e+110 6.686732315244018e+90 1.3947012788415375e+117 0.54260321951481 1.3202013904819637e+116 0.00015351795556680902 2.2164362430403172e+117 7.419108081593615e+104 38
2.4149572898469565e+110 6.686732315244018e+90 1.3947012788415375e+117 3.380940205785736e+111 1.3202013904819637e+116 8.846618026247293e+116 2.2164362430403172e+117 7.419108081593615e+104 37
2.4149572898469565e+110 6.686732315244018e+90 1.3947012788415375e+117 3.380940205785736e+111 1.3202013904819637e+116 8.846618026247293e+116 2.2164362430403172e+117 7.419108081593615e+104 37
2.4149572898469565e+110 6.686732315244018e+90 1.3947012788415375e+117 3.380940205785736e+111 1.3202013904819637e+116 8.846618026247293e+116 2.2164362430403172e+117 7.419108081593615e+104 37
2.4149572898469565e+110 6.686732315244018e+90 1.3947012788415375e+117 3.380940205785736e+111 1.3202013904819637e+116 8.846618026247293e+116 2.2164362430403172e+117 7.419108081593615e+104 37
2.4149572898469565e+110 6.686732315244018e+90 1.3947012788415375e+117 3.380940205785736e+111 1.3202013904819637e+116 8.846618026247293e+116 2.2164362430403172e+117 7.419108081593615e+104 38
2.4149572898469565e+110 6.686732315244018e+90 1.3947012788415375e+117 3.380940205785736e+111 1.3202013904819637e+116 8.846618026247293e+116 2.2164362430403172e+117 7.419108081593615e+104 38
2.4149572898469565e+110 6.686732315244018e+90 1.3947012788415375e+117 3.380940205785736e+111 1.3202013904819637e+116 8.846618026247293e+116 2.2164362430403172e+117 7.419108081593615e+104 38
2.4149572898469565e+110 6.686732315244018e+90 1.3947012788415375e+117 1.3758707202966476e-125 1.3202013904819637e+116 8.846618026247293e+116 2.2164362430403172e+117 7.419108081593615e+104 37
2.4149572898469565e+110 6.686732315244018e+90 1.3947012788415375e+117 3.380940205785736e+111 1.3202013904819637e+116 8.846618026247293e+116 2.2164362430403172e+117 7.419108081593615e+104 38
2.4149572898469565e+110 135645980221335.06 1.3947012788415375e+117 3.380940205785736e+111 8.322682954726497e-06 8.846618026247293e+116 2.2164362430403172e+117 6.360610484711281 38
2.4149572898469565e+110 6.686732315244018e+90 1.3947012788415375e+117 3.380940205785736e+111 1.3202013904819637e+116 8.846618026247293e+116 2.2164362430403172e+117 7.419108081593615e+104 37
2.4149572898469565e+110 6.686732315244018e+90 1.3947012788415375e+117 3.380940205785736e+111 1.3202013904819637e+116 8.846618026247293e+116 2.2164362430403172e+117 7.419108081593615e+104 38
6.096631014919849e-06 135645980221335.06 1.3947012788415375e+117 1.3758707202966476e-125 1.3202013904819637e+116 8.846618026247293e+116 2.2164362430403172e+117 0.19027622635923871 38
2.4149572898469565e+110 8.68157156323352e-253 1.3947012788415375e+117 0.54260321951481 1.7198384003708096e-125 8.846618026247293e+116 2.2164362430403172e+117 7.419108081593615e+104 37
2.4149572898469565e+110 6.686732315244018e+90 1.3947012788415375e+117 3.380940205785736e+111 1.3202013904819637e+116 8.846618026247293e+116 2.2164362430403172e+117 7.419108081593615e+104 37
2.4149572898469565e+110 6.686732315244018e+90 1.3947012788415375e+117 3.380940205785736e+111 1.3202013904819637e+116 8.846618026247293e+116 2.2164362430403172e+117 6.360610484711281 37
2.4149572898469565e+110 6.686732315244018e+90 1.3947012788415375e+117 3.380940205785736e+111 1.3202013904819637e+116 8.846618026247293e+116 2.2164362430403172e+117 7.419108081593615e+104 37
2.4149572898469565e+110 6.686732315244018e+90 1.3947012788415375e+117 3.380940205785736e+111 1.3202013904819637e+116 8.846618026247293e+116 2.2164362430403172e+117 6.360610484711281 37
2.4149572898469565e+110 6.686732315244018e+90 1.3947012788415375e+117 3.380940205785736e+111 1.3202013904819637e+116 8.846618026247293e+116 2.2164362430403172e+117 7.419108081593615e+104 37
2.4149572898469565e+110 0.03459567751986159 1.3947012788415375e+117 3.380940205785736e+111 1.3202013904819637e+116 8.846618026247293e+116 2.2164362430403172e+117 6.360610484711281 38
2.4149572898469565e+110 6.686732315244018e+90 1.3947012788415375e+117 3.380940205785736e+111 1.3202013904819637e+116 8.846618026247293e+116 2.2164362430403172e+117 7.419108081593615e+104 38
2.4149572898469565e+110 6.686732315244018e+90 1.3947012788415375e+117 3.380940205785736e+111 1.3202013904819637e+116 8.846618026247293e+116 2.2164362430403172e+117 7.419108081593615e+104 37
2.4149572898469565e+110 6.686732315244018e+90 1.3947012788415375e+117 3.380940205785736e+111 1.3202013904819637e+116 8.846618026247293e+116 2.2164362430403172e+117 7.419108081593615e+104 37
6.096631014919849e-06 6.686732315244018e+90 2.645659841062026e-128 3.380940205785736e+111 1.3202013904819637e+116 8.846618026247293e+116 2.2164362430403172e+117 0.19027622635923871 37
0.00014011250080538362 6.686732315244018e+90 1.3947012788415375e+117 3.380940205785736e+111 1.3202013904819637e+116 8.846618026247293e+116 2.2164362430403172e+117 7.419108081593615e+104 38
2.4149572898469565e+110 6.686732315244018e+90 1.3947012788415375e+117 3.380940205785736e+111 1.3202013904819637e+116 8.846618026247293e+116 2.2164362430403172e+117 7.419108081593615e+104 38
2.4149572898469565e+110 6.686732315244018e+90 1.3947012788415375e+117 3.380940205785736e+111 1.3202013904819637e+116 8.846618026247293e+116 2.2164362430403172e+117 7.419108081593615e+104 37
2.4149572898469565e+110 6.686732315244018e+90 1.3947012788415375e+117 3.380940205785736e+111 1.3202013904819637e+116 8.846618026247293e+116 2.2164362430403172e+117 7.419108081593615e+104 38
2.4149572898469565e+110 6.686732315244018e+90 1.3947012788415375e+117 3.380940205785736e+111 1.3202013904819637e+116 8.846618026247293e+116 2.2164362430403172e+117 7.419108081593615e+104 37
2.4149572898469565e+110 6.686732315244018e+90 1.3947012788415375e+117 3.380940205785736e+111 1.3202013904819637e+116 8.846618026247293e+116 2.2164362430403172e+117 7.419108081593615e+104 37
2.4149572898469565e+110 6.686732315244018e+90 1.3947012788415375e+117 3.380940205785736e+111 1.3202013904819637e+116 8.846618026247293e+116 2.2164362430403172e+117 7.419108081593615e+104 37
2.4149572898469565e+110 135645980221335.06 1.3947012788415375e+117 3.380940205785736e+111 8.322682954726497e-06 8.846618026247293e+116 0.0019250875708446788 7.419108081593615e+104 38
2.4149572898469565e+110 6.686732315244018e+90 1.3947012788415375e+117 3.380940205785736e+111 1.3202013904819637e+116 8.846618026247293e+116 2.2164362430403172e+117 7.419108081593615e+104 37
2.4149572898469565e+110 6.686732315244018e+90 1.3947012788415375e+117 3.380940205785736e+111 1.3202013904819637e+116 8.846618026247293e+116 0.0019250875708446788 7.419108081593615e+104 38
2.4149572898469565e+110 135645980221335.06 1.3947012788415375e+117 3.380940205785736e+111 1.3202013904819637e+116 8.846618026247293e+116 0.0019250875708446788 7.419108081593615e+104 38
2.4149572898469565e+110 6.686732315244018e+90 1.3947012788415375e+117 3.380940205785736e+111 1.3202013904819637e+116 8.846618026247293e+116 2.2164362430403172e+117 7.419108081593615e+104 37
2.4149572898469565e+110 6.686732315244018e+90 1.3947012788415375e+117 3.380940205785736e+111 1.3202013904819637e+116 8.846618026247293e+116 2.2164362430403172e+117 7.419108081593615e+104 37
6.096631014919849e-06 6.686732315244018e+90 1.3947012788415375e+117 3.6077179650845804e-128 1.3202013904819637e+116 5.156260918176259e-252 2.2164362430403172e+117 7.419108081593615e+104 38
2.4149572898469565e+110 135645980221335.06 8.437091807351256e-05 3.380940205785736e+111 1.3202013904819637e+116 8.846618026247293e+116 2.2164362430403172e+117 6.360610484711281 37
2.4149572898469565e+110 6.686732315244018e+90 1.3947012788415375e+117 3.380940205785736e+111 1.3202013904819637e+116 8.846618026247293e+116 2.2164362430403172e+117 7.419108081593615e+104 37
2.4149572898469565e+110 6.686732315244018e+90 1.3947012788415375e+117 3.380940205785736e+111 1.3202013904819637e+116 8.846618026247293e+116 2.2164362430403172e+117 7.419108081593615e+104 37
6.096631014919849e-06 6.686732315244018e+90 1.3947012788415375e+117 3.6077179650845804e-128 1.3202013904819637e+116 5.156260918176259e-252 2.2164362430403172e+117 7.419108081593615e+104 38
2.4149572898469565e+110 0.03459567751986159 1.3947012788415375e+117 3.380940205785736e+111 8.322682954726497e-06 8.846618026247293e+116 2.2164362430403172e+117 7.419108081593615e+104 38
2.4149572898469565e+110 6.686732315244018e+90 1.3947012788415375e+117 1.3758707202966476e-125 1.3202013904819637e+116 8.846618026247293e+116 2.2164362430403172e+117 7.419108081593615e+104 37
2.4149572898469565e+110 6.686732315244018e+90 1.3947012788415375e+117 3.380940205785736e+111 1.3202013904819637e+116 8.846618026247293e+116 5.977548094569112e-255 7.419108081593615e+104 37
2.4149572898469565e+110 6.686732315244018e+90 1.3947012788415375e+117 3.380940205785736e+111 1.3202013904819637e+116 8.846618026247293e+116 2.2164362430403172e+117 7.419108081593615e+104 38
6.096631014919849e-06 6.686732315244018e+90 1.3947012788415375e+117 3.380940205785736e+111 1.3202013904819637e+116 8.846618026247293e+116 2.2164362430403172e+117 7.419108081593615e+104 38
2.4149572898469565e+110 6.686732315244018e+90 1.3947012788415375e+117 0.54260321951481 1.3202013904819637e+116 8.846618026247293e+116 2.2164362430403172e+117 7.419108081593615e+104 37
2.4149572898469565e+110 135645980221335.06 1.3947012788415375e+117 3.380940205785736e+111 1.3202013904819637e+116 8.846618026247293e+116 2.2164362430403172e+117 6.360610484711281 38
2.4149572898469565e+110 6.686732315244018e+90 1.3947012788415375e+117 3.380940205785736e+111 1.3202013904819637e+116 8.846618026247293e+116 2.2164362430403172e+117 7.419108081593615e+104 37
2.4149572898469565e+110 6.686732315244018e+90 1.3947012788415375e+117 3.380940205785736e+111 1.3202013904819637e+116 8.846618026247293e+116 2.2164362430403172e+117 7.419108081593615e+104 37
2.4149572898469565e+110 6.686732315244018e+90 1.3947012788415375e+117 3.6077179650845804e-128 1.3202013904819637e+116 8.846618026247293e+116 2.2164362430403172e+117 7.419108081593615e+104 37
2.4149572898469565e+110 0.03459567751986159 1.3947012788415375e+117 3.380940205785736e+111 1.3202013904819637e+116 8.846618026247293e+116 2.2164362430403172e+117 7.419108081593615e+104 38
2.4149572898469565e+110 6.686732315244018e+90 1.3947012788415375e+117 3.380940205785736e+111 1.3202013904819637e+116 8.846618026247293e+116 2.2164362430403172e+117 7.419108081593615e+104 37
2.4149572898469565e+110 135645980221335.06 1.3947012788415375e+117 3.380940205785736e+111 1.3202013904819637e+116 8.846618026247293e+116 2.2164362430403172e+117 7.419108081593615e+104 38
2.4149572898469565e+110 6.686732315244018e+90 1.3947012788415375e+117 3.380940205785736e+111 1.3202013904819637e+116 8.846618026247293e+116 2.2164362430403172e+117 7.419108081593615e+104 38
1.8779387179895708e-07 135645980221335.06 1.3947012788415375e+117 3.380940205785736e+111 1.3202013904819637e+116 8.846618026247293e+116 0.0019250875708446788 7.419108081593615e+104 38
2.4149572898469565e+110 6.686732315244018e+90 1.3947012788415375e+117 3.380940205785736e+111 1.3202013904819637e+116 8.846618026247293e+116 2.2164362430403172e+117 7.419108081593615e+104 37
2.4149572898469565e+110 6.686732315244018e+90 1.3947012788415375e+117 3.380940205785736e+111 1.3202013904819637e+116 8.846618026247293e+116 2.2164362430403172e+117 7.419108081593615e+104 38
2.4149572898469565e+110 6.686732315244018e+90 1.3947012788415375e+117 3.380940205785736e+111 1.3202013904819637e+116 8.846618026247293e+116 2.2164362430403172e+117 7.419108081593615e+104 37
2.4149572898469565e+110 0.03459567751986159 1.3947012788415375e+117 3.380940205785736e+111 1.3202013904819637e+116 8.846618026247293e+116 2.2164362430403172e+117 7.419108081593615e+104 38
2.4149572898469565e+110 6.686732315244018e+90 1.3947012788415375e+117 3.380940205785736e+111 1.3202013904819637e+116 8.846618026247293e+116 2.2164362430403172e+117 7.419108081593615e+104 37
2.4149572898469565e+110 0.03459567751986159 1.3947012788415375e+117 3.380940205785736e+111 1.3202013904819637e+116 8.846618026247293e+116 2.2164362430403172e+117 7.419108081593615e+104 38
2.4149572898469565e+110 6.686732315244018e+90 1.3947012788415375e+117 3.380940205785736e+111 1.3202013904819637e+116 8.846618026247293e+116 2.2164362430403172e+117 7.419108081593615e+104 37
2.4149572898469565e+110 6.686732315244018e+90 8.437091807351256e-05 3.380940205785736e+111 1.3202013904819637e+116 8.846618026247293e+116 2.2164362430403172e+117 7.419108081593615e+104 38
2.4149572898469565e+110 6.686732315244018e+90 1.3947012788415375e+117 3.380940205785736e+111 1.3202013904819637e+116 8.846618026247293e+116 2.2164362430403172e+117 7.419108081593615e+104 37
2.4149572898469565e+110 6.686732315244018e+90 1.3947012788415375e+117 3.380940205785736e+111 1.3202013904819637e+116 8.846618026247293e+116 2.2164362430403172e+117 7.419108081593615e+104 37
2.4149572898469565e+110 6.686732315244018e+90 1.3947012788415375e+117 3.380940205785736e+111 1.3202013904819637e+116 8.846618026247293e+116 2.2164362430403172e+117 7.419108081593615e+104 37
2.4149572898469565e+110 6.686732315244018e+90 1.3947012788415375e+117 3.380940205785736e+111 1.3202013904819637e+116 8.846618026247293e+116 2.2164362430403172e+117 7.419108081593615e+104 37
2.4149572898469565e+110 6.686732315244018e+90 1.3947012788415375e+117 3.380940205785736e+111 1.3202013904819637e+116 8.846618026247293e+116 2.2164362430403172e+117 7.419108081593615e+104 38
2.4149572898469565e+110 6.686732315244018e+90 1.3947012788415375e+117 3.380940205785736e+111 1.3202013904819637e+116 8.846618026247293e+116 2.2164362430403172e+117 7.419108081593615e+104 37
2.4149572898469565e+110 6.686732315244018e+90 1.3947012788415375e+117 3.380940205785736e+111 1.3202013904819637e+116 8.846618026247293e+116 2.2164362430403172e+117 7.419108081593615e+104 38
2.4149572898469565e+110 6.686732315244018e+90 1.3947012788415375e+117 3.380940205785736e+111 1.3202013904819637e+116 8.846618026247293e+116 2.2164362430403172e+117 7.419108081593615e+104 37
1.8779387179895708e-07 135645980221335.06 1.3947012788415375e+117 3.380940205785736e+111 1.3202013904819637e+116 8.846618026247293e+116 2.2164362430403172e+117 0.19027622635923871 38
2.4149572898469565e+110 6.686732315244018e+90 1.3947012788415375e+117 3.380940205785736e+111 1.3202013904819637e+116 8.846618026247293e+116 2.2164362430403172e+117 7.419108081593615e+104 37
2.4149572898469565e+110 6.686732315244018e+90 1.3947012788415375e+117 3.380940205785736e+111 1.3202013904819637e+116 8.846618026247293e+116 2.2164362430403172e+117 7.419108081593615e+104 37
2.4149572898469565e+110 6.686732315244018e+90 1.3947012788415375e+117 3.380940205785736e+111 1.3202013904819637e+116 8.846618026247293e+116 2.2164362430403172e+117 3.0097172006489165e-125 37
2.4149572898469565e+110 135645980221335.06 1.3947012788415375e+117 3.380940205785736e+111 1.3202013904819637e+116 8.846618026247293e+116 2.2164362430403172e+117 7.419108081593615e+104 38
2.4149572898469565e+110 6.686732315244018e+90 1.3947012788415375e+117 3.380940205785736e+111 1.3202013904819637e+116 8.846618026247293e+116 2.2164362430403172e+117 0.19027622635923871 37
2.4149572898469565e+110 135645980221335.06 1.3947012788415375e+117 3.380940205785736e+111 1.3202013904819637e+116 8.846618026247293e+116 2.2164362430403172e+117 7.419108081593615e+104 38
2.4149572898469565e+110 6.686732315244018e+90 8.437091807351256e-05 3.380940205785736e+111 1.3202013904819637e+116 8.846618026247293e+116 2.2164362430403172e+117 7.419108081593615e+104 37
2.4149572898469565e+110 135645980221335.06 1.3947012788415375e+117 3.380940205785736e+111 1.3202013904819637e+116 8.846618026247293e+116 2.2164362430403172e+117 6.360610484711281 37
2.4149572898469565e+110 135645980221335.06 1.3947012788415375e+117 0.54260321951481 1.3202013904819637e+116 8.846618026247293e+116 2.2164362430403172e+117 7.419108081593615e+104 38
2.4149572898469565e+110 6.686732315244018e+90 1.3947012788415375e+117 3.380940205785736e+111 1.3202013904819637e+116 8.846618026247293e+116 2.2164362430403172e+117 7.419108081593615e+104 38
2.4149572898469565e+110 6.686732315244018e+90 1.3947012788415375e+117 3.380940205785736e+111 1.3202013904819637e+116 8.846618026247293e+116 2.2164362430403172e+117 7.419108081593615e+104 38
2.4149572898469565e+110 135645980221335.06 1.3947012788415375e+117 3.053240892796311e-07 8.322682954726497e-06 8.846618026247293e+116 2.2164362430403172e+117 7.419108081593615e+104 38
2.4149572898469565e+110 6.686732315244018e+90 1.3947012788415375e+117 3.6077179650845804e-128 1.3202013904819637e+116 8.846618026247293e+116 2.2164362430403172e+117 7.419108081593615e+104 37
6.096631014919849e-06 6.686732315244018e+90 1.3947012788415375e+117 3.380940205785736e+111 1.3202013904819637e+116 8.846618026247293e+116 2.2164362430403172e+117 0.19027622635923871 37
2.4149572898469565e+110 0.03459567751986159 8.437091807351256e-05 1.3758707202966476e-125 1.3202013904819637e+116 5.156260918176259e-252 2.2164362430403172e+117 7.419108081593615e+104 38
2.4149572898469565e+110 6.686732315244018e+90 1.3947012788415375e+117 3.380940205785736e+111 1.3202013904819637e+116 8.846618026247293e+116 2.2164362430403172e+117 7.419108081593615e+104 37
2.4149572898469565e+110 6.686732315244018e+90 1.3947012788415375e+117 3.380940205785736e+111 1.3202013904819637e+116 8.846618026247293e+116 2.2164362430403172e+117 7.419108081593615e+104 38
2.4149572898469565e+110 6.686732315244018e+90 1.3947012788415375e+117 3.380940205785736e+111 1.3202013904819637e+116 8.846618026247293e+116 2.2164362430403172e+117 7.419108081593615e+104 37
2.4149572898469565e+110 6.686732315244018e+90 1.3947012788415375e+117 3.380940205785736e+111 1.3202013904819637e+116 8.846618026247293e+116 2.2164362430403172e+117 7.419108081593615e+104 37
2.4149572898469565e+110 6.686732315244018e+90 1.3947012788415375e+117 3.380940205785736e+111 1.3202013904819637e+116 8.846618026247293e+116 2.2164362430403172e+117 7.419108081593615e+104 37
2.4149572898469565e+110 6.686732315244018e+90 1.3947012788415375e+117 3.380940205785736e+111 1.3202013904819637e+116 8.846618026247293e+116 2.2164362430403172e+117 7.419108081593615e+104 37
2.4149572898469565e+110 0.03459567751986159 1.3947012788415375e+117 3.380940205785736e+111 1.3202013904819637e+116 8.846618026247293e+116 2.2164362430403172e+117 6.360610484711281 38
2.4149572898469565e+110 6.686732315244018e+90 1.3947012788415375e+117 3.380940205785736e+111 1.3202013904819637e+116 8.846618026247293e+116 2.2164362430403172e+117 7.419108081593615e+104 38
2.4149572898469565e+110 6.686732315244018e+90 1.3947012788415375e+117 3.380940205785736e+111 1.3202013904819637e+116 8.846618026247293e+116 2.2164362430403172e+117 7.419108081593615e+104 37
2.4149572898469565e+110 6.686732315244018e+90 1.3947012788415375e+117 3.380940205785736e+111 1.3202013904819637e+116 8.846618026247293e+116 2.2164362430403172e+117 7.419108081593615e+104 38
2.4149572898469565e+110 6.686732315244018e+90 1.3947012788415375e+117 3.380940205785736e+111 1.3202013904819637e+116 8.846618026247293e+116 2.2164362430403172e+117 7.419108081593615e+104 37
2.4149572898469565e+110 6.686732315244018e+90 1.3947012788415375e+117 3.380940205785736e+111 1.3202013904819637e+116 8.846618026247293e+116 2.2164362430403172e+117 7.419108081593615e+104 37
2.4149572898469565e+110 6.686732315244018e+90 1.3947012788415375e+117 3.380940205785736e+111 1.3202013904819637e+116 8.846618026247293e+116 2.2164362430403172e+117 7.419108081593615e+104 37
1.8779387179895708e-07 135645980221335.06 1.3947012788415375e+117 3.380940205785736e+111 1.3202013904819637e+116 8.846618026247293e+116 2.2164362430403172e+117 7.419108081593615e+104 38
6.096631014919849e-06 6.686732315244018e+90 1.3947012788415375e+117 3.380940205785736e+111 1.3202013904819637e+116 8.846618026247293e+116 2.2164362430403172e+117 7.419108081593615e+104 37
6.096631014919849e-06 6.686732315244018e+90 1.3947012788415375e+117 3.380940205785736e+111 1.3202013904819637e+116 8.846618026247293e+116 2.2164362430403172e+117 7.419108081593615e+104 38
0.00014011250080538362 6.686732315244018e+90 1.3947012788415375e+117 3.380940205785736e+111 1.3202013904819637e+116 8.846618026247293e+116 2.2164362430403172e+117 7.419108081593615e+104 37
2.4149572898469565e+110 6.686732315244018e+90 1.3947012788415375e+117 3.380940205785736e+111 1.3202013904819637e+116 8.846618026247293e+116 2.2164362430403172e+117 7.419108081593615e+104 37
2.4149572898469565e+110 6.686732315244018e+90 1.3947012788415375e+117 3.380940205785736e+111 1.3202013904819637e+116 8.846618026247293e+116 2.2164362430403172e+117 6.360610484711281 37
2.4149572898469565e+110 6.686732315244018e+90 1.3947012788415375e+117 3.380940205785736e+111 1.3202013904819637e+116 8.846618026247293e+116 2.2164362430403172e+117 7.419108081593615e+104 38
2.4149572898469565e+110 6.686732315244018e+90 1.3947012788415375e+117 3.6077179650845804e-128 1.3202013904819637e+116 8.846618026247293e+116 2.2164362430403172e+117 7.419108081593615e+104 37
2.4149572898469565e+110 135645980221335.06 1.3947012788415375e+117 3.380940205785736e+111 1.3202013904819637e+116 8.846618026247293e+116 0.0019250875708446788 0.19027622635923871 38
2.4149572898469565e+110 0.03459567751986159 1.3947012788415375e+117 3.380940205785736e+111 1.3202013904819637e+116 8.846618026247293e+116 2.2164362430403172e+117 7.419108081593615e+104 37
2.4149572898469565e+110 6.686732315244018e+90 1.3947012788415375e+117 3.053240892796311e-07 1.3202013904819637e+116 5.156260918176259e-252 0.87 7.419108081593615e+104 37
2.4149572898469565e+110 135645980221335.06 1.3947012788415375e+117 3.380940205785736e+111 1.3202013904819637e+116 8.846618026247293e+116 2.2164362430403172e+117 6.360610484711281 38
2.4149572898469565e+110 6.686732315244018e+90 1.3947012788415375e+117 3.380940205785736e+111 1.3202013904819637e+116 8.846618026247293e+116 2.2164362430403172e+117 7.419108081593615e+104 38
2.4149572898469565e+110 6.686732315244018e+90 1.3947012788415375e+117 3.380940205785736e+111 1.3202013904819637e+116 8.846618026247293e+116 2.2164362430403172e+117 7.419108081593615e+104 37
2.4149572898469565e+110 6.686732315244018e+90 1.3947012788415375e+117 3.380940205785736e+111 1.3202013904819637e+116 8.846618026247293e+116 2.2164362430403172e+117 6.360610484711281 37
2.4149572898469565e+110 6.686732315244018e+90 1.3947012788415375e+117 3.380940205785736e+111 1.3202013904819637e+116 8.846618026247293e+116 2.2164362430403172e+117 7.419108081593615e+104 37
2.4149572898469565e+110 6.686732315244018e+90 1.3947012788415375e+117 3.380940205785736e+111 1.3202013904819637e+116 8.846618026247293e+116 2.2164362430403172e+117 7.419108081593615e+104 37
0.00014011250080538362 6.686732315244018e+90 1.3947012788415375e+117 3.380940205785736e+111 1.3202013904819637e+116 8.846618026247293e+116 2.2164362430403172e+117 7.419108081593615e+104 37
1.8779387179895708e-07 0.03459567751986159 1.3947012788415375e+117 3.380940205785736e+111 1.3202013904819637e+116 8.846618026247293e+116 2.2164362430403172e+117 6.556020490817735e-255 38
2.4149572898469565e+110 6.686732315244018e+90 1.3947012788415375e+117 3.380940205785736e+111 1.3202013904819637e+116 8.846618026247293e+116 0.0019250875708446788 7.419108081593615e+104 38
2.4149572898469565e+110 6.686732315244018e+90 1.3947012788415375e+117 3.380940205785736e+111 1.3202013904819637e+116 8.846618026247293e+116 2.2164362430403172e+117 7.419108081593615e+104 37
2.4149572898469565e+110 6.686732315244018e+90 1.3947012788415375e+117 3.380940205785736e+111 1.3202013904819637e+116 8.846618026247293e+116 2.2164362430403172e+117 7.419108081593615e+104 37
2.4149572898469565e+110 6.686732315244018e+90 1.3947012788415375e+117 3.380940205785736e+111 1.3202013904819637e+116 8.846618026247293e+116 2.2164362430403172e+117 7.419108081593615e+104 37
2.4149572898469565e+110 6.686732315244018e+90 1.3947012788415375e+117 3.380940205785736e+111 1.3202013904819637e+116 8.846618026247293e+116 2.2164362430403172e+117 7.419108081593615e+104 37
2.4149572898469565e+110 6.686732315244018e+90 1.3947012788415375e+117 3.380940205785736e+111 1.3202013904819637e+116 8.846618026247293e+116 2.2164362430403172e+117 7.419108081593615e+104 37
2.4149572898469565e+110 135645980221335.06 1.3947012788415375e+117 3.380940205785736e+111 1.3202013904819637e+116 8.846618026247293e+116 2.2164362430403172e+117 7.419108081593615e+104 38
2.4149572898469565e+110 6.686732315244018e+90 1.3947012788415375e+117 3.380940205785736e+111 1.3202013904819637e+116 8.846618026247293e+116 2.2164362430403172e+117 7.419108081593615e+104 38
2.4149572898469565e+110 6.686732315244018e+90 1.3947012788415375e+117 3.380940205785736e+111 1.3202013904819637e+116 8.846618026247293e+116 5.977548094569112e-255 7.419108081593615e+104 37
2.4149572898469565e+110 6.686732315244018e+90 1.3947012788415375e+117 3.380940205785736e+111 1.3202013904819637e+116 8.846618026247293e+116 2.2164362430403172e+117 7.419108081593615e+104 38
2.4149572898469565e+110 0.03459567751986159 1.3947012788415375e+117 3.380940205785736e+111 1.3202013904819637e+116 8.846618026247293e+116 2.2164362430403172e+117 7.419108081593615e+104 38
2.4149572898469565e+110 6.686732315244018e+90 1.3947012788415375e+117 3.380940205785736e+111 1.3202013904819637e+116 8.846618026247293e+116 2.2164362430403172e+117 6.360610484711281 37
2.4149572898469565e+110 6.686732315244018e+90 1.0319030402224857e-125 3.380940205785736e+111 1.3202013904819637e+116 8.846618026247293e+116 2.2164362430403172e+117 6.360610484711281 37
2.4149572898469565e+110 6.686732315244018e+90 1.3947012788415375e+117 3.380940205785736e+111 1.3202013904819637e+116 8.846618026247293e+116 2.2164362430403172e+117 7.419108081593615e+104 37
2.4149572898469565e+110 6.686732315244018e+90 1.3947012788415375e+117 3.380940205785736e+111 1.3202013904819637e+116 8.846618026247293e+116 2.2164362430403172e+117 7.419108081593615e+104 37
2.4149572898469565e+110 6.686732315244018e+90 8.437091807351256e-05 3.380940205785736e+111 1.3202013904819637e+116 8.846618026247293e+116 2.2164362430403172e+117 7.419108081593615e+104 38
2.4149572898469565e+110 6.686732315244018e+90 1.3947012788415375e+117 3.380940205785736e+111 1.3202013904819637e+116 8.846618026247293e+116 5.977548094569112e-255 7.419108081593615e+104 38
2.4149572898469565e+110 6.686732315244018e+90 1.3947012788415375e+117 3.380940205785736e+111 1.3202013904819637e+116 8.846618026247293e+116 2.2164362430403172e+117 7.419108081593615e+104 37
2.4149572898469565e+110 6.686732315244018e+90 1.3947012788415375e+117 3.380940205785736e+111 1.3202013904819637e+116 8.846618026247293e+116 2.2164362430403172e+117 6.360610484711281 37
1.8779387179895708e-07 6.686732315244018e+90 1.3947012788415375e+117 3.380940205785736e+111 1.3202013904819637e+116 8.846618026247293e+116 2.2164362430403172e+117 0.19027622635923871 37
2.4149572898469565e+110 6.686732315244018e+90 1.3947012788415375e+117 3.380940205785736e+111 1.3202013904819637e+116 8.846618026247293e+116 0.87 7.419108081593615e+104 38
2.4149572898469565e+110 135645980221335.06 1.3947012788415375e+117 3.380940205785736e+111 1.3202013904819637e+116 8.846618026247293e+116 2.2164362430403172e+117 6.360610484711281 37
2.4149572898469565e+110 135645980221335.06 1.3947012788415375e+117 0.54260321951481 1.3202013904819637e+116 8.846618026247293e+116 0.0019250875708446788 7.419108081593615e+104 38
2.4149572898469565e+110 6.686732315244018e+90 1.3947012788415375e+117 3.380940205785736e+111 1.3202013904819637e+116 8.846618026247293e+116 2.2164362430403172e+117 7.419108081593615e+104 37
2.4149572898469565e+110 6.686732315244018e+90 1.3947012788415375e+117 3.380940205785736e+111 1.3202013904819637e+116 8.846618026247293e+116 2.2164362430403172e+117 7.419108081593615e+104 37
2.4149572898469565e+110 6.686732315244018e+90 1.3947012788415375e+117 3.380940205785736e+111 1.3202013904819637e+116 8.846618026247293e+116 2.2164362430403172e+117 7.419108081593615e+104 37
6.096631014919849e-06 6.686732315244018e+90 1.3947012788415375e+117 3.380940205785736e+111 1.3202013904819637e+116 8.846618026247293e+116 2.2164362430403172e+117 7.419108081593615e+104 37
2.4149572898469565e+110 6.686732315244018e+90 1.3947012788415375e+117 3.380940205785736e+111 1.3202013904819637e+116 8.846618026247293e+116 2.2164362430403172e+117 7.419108081593615e+104 38
2.4149572898469565e+110 6.686732315244018e+90 1.3947012788415375e+117 3.380940205785736e+111 1.3202013904819637e+116 8.846618026247293e+116 2.2164362430403172e+117 6.360610484711281 37
2.4149572898469565e+110 6.686732315244018e+90 1.3947012788415375e+117 3.6077179650845804e-128 1.3202013904819637e+116 8.846618026247293e+116 2.2164362430403172e+117 7.419108081593615e+104 37
6.096631014919849e-06 6.686732315244018e+90 1.3947012788415375e+117 3.380940205785736e+111 1.3202013904819637e+116 8.846618026247293e+116 2.2164362430403172e+117 7.419108081593615e+104 38
2.4149572898469565e+110 135645980221335.06 1.3947012788415375e+117 3.053240892796311e-07 1.3202013904819637e+116 5.156260918176259e-252 5.977548094569112e-255 7.419108081593615e+104 38
2.4149572898469565e+110 0.03459567751986159 1.3947012788415375e+117 3.380940205785736e+111 1.3202013904819637e+116 8.846618026247293e+116 2.2164362430403172e+117 7.419108081593615e+104 38
2.4149572898469565e+110 135645980221335.06 1.3947012788415375e+117 3.380940205785736e+111 1.3202013904819637e+116 8.846618026247293e+116 2.2164362430403172e+117 7.419108081593615e+104 37
2.4149572898469565e+110 135645980221335.06 1.3947012788415375e+117 0.54260321951481 1.3202013904819637e+116 8.846618026247293e+116 5.977548094569112e-255 7.419108081593615e+104 38
2.4149572898469565e+110 6.686732315244018e+90 1.3947012788415375e+117 3.380940205785736e+111 1.3202013904819637e+116 8.846618026247293e+116 2.2164362430403172e+117 6.360610484711281 37
2.4149572898469565e+110 6.686732315244018e+90 1.3947012788415375e+117 3.380940205785736e+111 1.3202013904819637e+116 8.846618026247293e+116 2.2164362430403172e+117 0.19027622635923871 38
2.4149572898469565e+110 6.686732315244018e+90 1.3947012788415375e+117 3.380940205785736e+111 1.3202013904819637e+116 8.846618026247293e+116 2.2164362430403172e+117 7.419108081593615e+104 37
2.4149572898469565e+110 6.686732315244018e+90 1.3947012788415375e+117 3.380940205785736e+111 1.3202013904819637e+116 8.846618026247293e+116 2.2164362430403172e+117 7.419108081593615e+104 37
2.4149572898469565e+110 6.686732315244018e+90 1.3947012788415375e+117 3.380940205785736e+111 1.3202013904819637e+116 8.846618026247293e+116 2.2164362430403172e+117 7.419108081593615e+104 38
2.4149572898469565e+110 6.686732315244018e+90 1.3947012788415375e+117 3.380940205785736e+111 1.3202013904819637e+116 8.846618026247293e+116 2.2164362430403172e+117 7.419108081593615e+104 37
2.4149572898469565e+110 135645980221335.06 1.3947012788415375e+117 0.54260321951481 1.3202013904819637e+116 8.846618026247293e+116 0.0019250875708446788 7.419108081593615e+104 38
2.4149572898469565e+110 6.686732315244018e+90 1.3947012788415375e+117 3.380940205785736e+111 1.3202013904819637e+116 8.846618026247293e+116 2.2164362430403172e+117 7.419108081593615e+104 37
2.4149572898469565e+110 135645980221335.06 1.3947012788415375e+117 3.380940205785736e+111 1.3202013904819637e+116 8.846618026247293e+116 2.2164362430403172e+117 6.360610484711281 38
2.4149572898469565e+110 6.686732315244018e+90 1.3947012788415375e+117 0.54260321951481 1.3202013904819637e+116 8.846618026247293e+116 0.0019250875708446788 7.419108081593615e+104 37
2.4149572898469565e+110 6.686732315244018e+90 1.3947012788415375e+117 1.3758707202966476e-125 1.3202013904819637e+116 8.846618026247293e+116 2.2164362430403172e+117 7.419108081593615e+104 37
2.4149572898469565e+110 6.686732315244018e+90 1.3947012788415375e+117 3.380940205785736e+111 1.3202013904819637e+116 8.846618026247293e+116 2.2164362430403172e+117 7.419108081593615e+104 37
2.4149572898469565e+110 6.686732315244018e+90 1.3947012788415375e+117 3.380940205785736e+111 1.3202013904819637e+116 8.846618026247293e+116 2.2164362430403172e+117 7.419108081593615e+104 37
