9.487966767391141e+113 3.224518393418549e-198 8.865714643376626e+120 1.328315347434761e+115 9.239885023019721e+119 1.1002097995696849e-13 7.90906252715931e+120 2.6474134613371637e+108 38
5.0318474421482435e-43 3.224518393418549e-198 8.865714643376626e+120 1.328315347434761e+115 9.239885023019721e+119 6.817065037592718e+120 7.90906252715931e+120 1.0676796884899679e-06 37
9.487966767391141e+113 5.633487853072015e+93 8.865714643376626e+120 1.328315347434761e+115 9.239885023019721e+119 6.817065037592718e+120 7.90906252715931e+120 2.6474134613371637e+108 37
9.487966767391141e+113 5.633487853072015e+93 8.865714643376626e+120 1.328315347434761e+115 9.239885023019721e+119 6.817065037592718e+120 7.90906252715931e+120 2.6474134613371637e+108 37
5.0318474421482435e-43 3.224518393418549e-198 8.865714643376626e+120 1.328315347434761e+115 9.239885023019721e+119 6.817065037592718e+120 7.90906252715931e+120 2.6474134613371637e+108 37
9.487966767391141e+113 4.934629390297163e-56 8.865714643376626e+120 1.328315347434761e+115 9.239885023019721e+119 6.817065037592718e+120 7.90906252715931e+120 2.6474134613371637e+108 37
9.487966767391141e+113 5.633487853072015e+93 8.865714643376626e+120 1.328315347434761e+115 9.239885023019721e+119 3.471985434543874e-08 7.90906252715931e+120 2.6474134613371637e+108 37
9.487966767391141e+113 5.633487853072015e+93 8.865714643376626e+120 1.2128866293943648e-62 9.239885023019721e+119 6.817065037592718e+120 7.90906252715931e+120 2.6474134613371637e+108 38
9.487966767391141e+113 5.633487853072015e+93 3.4782501507649035e-35 1.328315347434761e+115 9.239885023019721e+119 6.817065037592718e+120 7.90906252715931e+120 2.6474134613371637e+108 38
9.487966767391141e+113 3.224518393418549e-198 8.865714643376626e+120 1.328315347434761e+115 9.239885023019721e+119 6.817065037592718e+120 7.90906252715931e+120 2.6474134613371637e+108 37
9.487966767391141e+113 4.934629390297163e-56 8.865714643376626e+120 1.2128866293943648e-62 9.239885023019721e+119 6.080270976848743e-26 7.90906252715931e+120 2.6474134613371637e+108 38
9.487966767391141e+113 5.633487853072015e+93 8.865714643376626e+120 1.2128866293943648e-62 9.239885023019721e+119 6.817065037592718e+120 7.90906252715931e+120 2.6474134613371637e+108 37
9.487966767391141e+113 3.224518393418549e-198 8.865714643376626e+120 1.328315347434761e+115 9.239885023019721e+119 6.817065037592718e+120 2.162587781181883e-15 2.6474134613371637e+108 38
9.487966767391141e+113 5.633487853072015e+93 8.865714643376626e+120 1.328315347434761e+115 9.239885023019721e+119 6.817065037592718e+120 7.90906252715931e+120 2.6474134613371637e+108 38
9.487966767391141e+113 5.633487853072015e+93 8.865714643376626e+120 1.328315347434761e+115 9.239885023019721e+119 6.817065037592718e+120 7.90906252715931e+120 2.6474134613371637e+108 37
9.487966767391141e+113 5.633487853072015e+93 8.865714643376626e+120 1.328315347434761e+115 9.239885023019721e+119 6.817065037592718e+120 1.1507118357098222e-50 2.6474134613371637e+108 38
9.487966767391141e+113 5.633487853072015e+93 3.4782501507649035e-35 1.328315347434761e+115 9.239885023019721e+119 6.817065037592718e+120 7.90906252715931e+120 2.6474134613371637e+108 38
5.0318474421482435e-43 5.633487853072015e+93 8.865714643376626e+120 1.328315347434761e+115 9.239885023019721e+119 6.817065037592718e+120 7.90906252715931e+120 2.6474134613371637e+108 37
9.487966767391141e+113 5.633487853072015e+93 8.865714643376626e+120 1.328315347434761e+115 9.239885023019721e+119 6.817065037592718e+120 7.90906252715931e+120 2.6474134613371637e+108 37
3.244388422696621e-31 5.633487853072015e+93 8.865714643376626e+120 1.328315347434761e+115 9.239885023019721e+119 6.817065037592718e+120 7.90906252715931e+120 2.714046164663439e-55 37
9.487966767391141e+113 5.633487853072015e+93 8.865714643376626e+120 1.328315347434761e+115 9.239885023019721e+119 6.817065037592718e+120 7.90906252715931e+120 2.6474134613371637e+108 37
9.487966767391141e+113 5.633487853072015e+93 8.865714643376626e+120 1.328315347434761e+115 9.239885023019721e+119 6.817065037592718e+120 7.90906252715931e+120 2.6474134613371637e+108 37
9.487966767391141e+113 4.934629390297163e-56 8.865714643376626e+120 1.328315347434761e+115 9.239885023019721e+119 6.817065037592718e+120 7.90906252715931e+120 2.6474134613371637e+108 37
9.487966767391141e+113 5.633487853072015e+93 8.865714643376626e+120 1.328315347434761e+115 9.239885023019721e+119 6.817065037592718e+120 7.90906252715931e+120 2.6474134613371637e+108 37
9.487966767391141e+113 5.633487853072015e+93 8.865714643376626e+120 1.328315347434761e+115 9.239885023019721e+119 6.817065037592718e+120 7.90906252715931e+120 2.6474134613371637e+108 37
9.487966767391141e+113 5.633487853072015e+93 8.865714643376626e+120 1.328315347434761e+115 9.239885023019721e+119 6.817065037592718e+120 7.90906252715931e+120 2.6474134613371637e+108 37
9.487966767391141e+113 5.633487853072015e+93 8.865714643376626e+120 1.2128866293943648e-62 9.239885023019721e+119 6.817065037592718e+120 7.90906252715931e+120 2.6474134613371637e+108 37
9.487966767391141e+113 5.633487853072015e+93 8.865714643376626e+120 1.328315347434761e+115 9.239885023019721e+119 6.817065037592718e+120 7.90906252715931e+120 2.6474134613371637e+108 37
9.487966767391141e+113 4.934629390297163e-56 8.865714643376626e+120 1.328315347434761e+115 9.239885023019721e+119 6.817065037592718e+120 7.90906252715931e+120 2.6474134613371637e+108 37
9.487966767391141e+113 5.633487853072015e+93 8.865714643376626e+120 1.328315347434761e+115 9.239885023019721e+119 6.817065037592718e+120 7.90906252715931e+120 2.6474134613371637e+108 37
9.487966767391141e+113 5.633487853072015e+93 8.865714643376626e+120 1.328315347434761e+115 9.239885023019721e+119 6.817065037592718e+120 7.90906252715931e+120 6.884883370398483e-70 37
5.0318474421482435e-43 5.633487853072015e+93 8.865714643376626e+120 1.328315347434761e+115 9.239885023019721e+119 6.817065037592718e+120 7.90906252715931e+120 2.6474134613371637e+108 37
9.487966767391141e+113 5.633487853072015e+93 8.865714643376626e+120 1.328315347434761e+115 9.239885023019721e+119 6.817065037592718e+120 7.90906252715931e+120 2.6474134613371637e+108 37
9.487966767391141e+113 5.633487853072015e+93 8.865714643376626e+120 1.328315347434761e+115 9.239885023019721e+119 6.817065037592718e+120 7.90906252715931e+120 2.6474134613371637e+108 37
9.487966767391141e+113 5.633487853072015e+93 8.865714643376626e+120 1.328315347434761e+115 9.239885023019721e+119 6.817065037592718e+120 7.90906252715931e+120 2.6474134613371637e+108 37
9.487966767391141e+113 5.633487853072015e+93 8.865714643376626e+120 1.328315347434761e+115 9.239885023019721e+119 6.817065037592718e+120 7.90906252715931e+120 2.6474134613371637e+108 38
9.487966767391141e+113 5.633487853072015e+93 3.4782501507649035e-35 1.328315347434761e+115 9.239885023019721e+119 1.1002097995696849e-13 7.90906252715931e+120 2.6474134613371637e+108 37
9.487966767391141e+113 4.934629390297163e-56 8.865714643376626e+120 1.328315347434761e+115 9.239885023019721e+119 6.817065037592718e+120 7.90906252715931e+120 6.884883370398483e-70 38
9.487966767391141e+113 5.633487853072015e+93 8.865714643376626e+120 1.328315347434761e+115 9.239885023019721e+119 6.817065037592718e+120 7.90906252715931e+120 2.6474134613371637e+108 37
2.885196560601048e-28 5.633487853072015e+93 1.5913266574992756e-08 1.328315347434761e+115 9.239885023019721e+119 6.817065037592718e+120 7.90906252715931e+120 2.714046164663439e-55 37
9.487966767391141e+113 3.224518393418549e-198 8.865714643376626e+120 1.328315347434761e+115 1.2033529853392318e-28 6.817065037592718e+120 7.90906252715931e+120 2.6474134613371637e+108 38
9.487966767391141e+113 5.633487853072015e+93 8.865714643376626e+120 1.328315347434761e+115 9.239885023019721e+119 6.817065037592718e+120 2.162587781181883e-15 2.6474134613371637e+108 37
9.487966767391141e+113 5.633487853072015e+93 8.865714643376626e+120 1.328315347434761e+115 9.239885023019721e+119 6.817065037592718e+120 7.90906252715931e+120 2.6474134613371637e+108 38
9.487966767391141e+113 5.633487853072015e+93 8.865714643376626e+120 2.169990896589921e-08 9.239885023019721e+119 6.817065037592718e+120 7.90906252715931e+120 2.6474134613371637e+108 37
9.487966767391141e+113 5.633487853072015e+93 8.865714643376626e+120 1.328315347434761e+115 9.239885023019721e+119 6.817065037592718e+120 7.90906252715931e+120 2.6474134613371637e+108 37
9.487966767391141e+113 1.8524179169958212e-14 8.865714643376626e+120 1.328315347434761e+115 9.239885023019721e+119 6.817065037592718e+120 7.90906252715931e+120 2.6474134613371637e+108 37
9.487966767391141e+113 5.633487853072015e+93 8.865714643376626e+120 1.328315347434761e+115 9.239885023019721e+119 6.817065037592718e+120 0.84 2.6474134613371637e+108 37
9.487966767391141e+113 5.633487853072015e+93 8.865714643376626e+120 4.880821433096995e-07 9.239885023019721e+119 6.817065037592718e+120 7.90906252715931e+120 2.6474134613371637e+108 37
9.487966767391141e+113 5.633487853072015e+93 8.865714643376626e+120 1.328315347434761e+115 9.239885023019721e+119 6.817065037592718e+120 7.90906252715931e+120 2.6474134613371637e+108 37
9.487966767391141e+113 5.633487853072015e+93 8.865714643376626e+120 1.328315347434761e+115 9.239885023019721e+119 6.817065037592718e+120 7.90906252715931e+120 2.6474134613371637e+108 37
9.487966767391141e+113 5.633487853072015e+93 8.865714643376626e+120 1.328315347434761e+115 9.239885023019721e+119 6.817065037592718e+120 7.90906252715931e+120 2.6474134613371637e+108 37
9.487966767391141e+113 5.633487853072015e+93 8.865714643376626e+120 1.328315347434761e+115 9.239885023019721e+119 6.817065037592718e+120 7.90906252715931e+120 2.6474134613371637e+108 37
9.487966767391141e+113 5.633487853072015e+93 8.865714643376626e+120 1.328315347434761e+115 9.239885023019721e+119 6.817065037592718e+120 7.90906252715931e+120 2.6474134613371637e+108 37
9.487966767391141e+113 5.633487853072015e+93 3.4782501507649035e-35 1.328315347434761e+115 9.239885023019721e+119 6.817065037592718e+120 7.90906252715931e+120 2.6474134613371637e+108 37
9.487966767391141e+113 5.633487853072015e+93 8.865714643376626e+120 1.328315347434761e+115 9.239885023019721e+119 6.817065037592718e+120 7.90906252715931e+120 2.6474134613371637e+108 37
9.487966767391141e+113 3.224518393418549e-198 8.865714643376626e+120 1.328315347434761e+115 9.239885023019721e+119 6.817065037592718e+120 7.90906252715931e+120 2.6474134613371637e+108 38
9.487966767391141e+113 5.633487853072015e+93 8.865714643376626e+120 1.328315347434761e+115 9.239885023019721e+119 6.817065037592718e+120 7.90906252715931e+120 2.6474134613371637e+108 37
9.487966767391141e+113 5.633487853072015e+93 3.4782501507649035e-35 1.328315347434761e+115 9.239885023019721e+119 1.1002097995696849e-13 7.90906252715931e+120 2.6474134613371637e+108 38
9.487966767391141e+113 5.633487853072015e+93 8.865714643376626e+120 2.169990896589921e-08 9.239885023019721e+119 6.817065037592718e+120 7.90906252715931e+120 2.6474134613371637e+108 37
9.487966767391141e+113 5.633487853072015e+93 8.865714643376626e+120 1.328315347434761e+115 9.239885023019721e+119 6.817065037592718e+120 7.90906252715931e+120 2.6474134613371637e+108 37
9.487966767391141e+113 3.224518393418549e-198 3.6606160748227466e-07 1.328315347434761e+115 9.239885023019721e+119 6.817065037592718e+120 7.90906252715931e+120 2.6474134613371637e+108 37
9.487966767391141e+113 5.633487853072015e+93 8.865714643376626e+120 1.328315347434761e+115 9.239885023019721e+119 6.817065037592718e+120 7.90906252715931e+120 2.6474134613371637e+108 37
9.487966767391141e+113 5.633487853072015e+93 8.865714643376626e+120 1.328315347434761e+115 9.239885023019721e+119 6.817065037592718e+120 7.90906252715931e+120 2.6474134613371637e+108 37
9.487966767391141e+113 5.633487853072015e+93 8.865714643376626e+120 1.328315347434761e+115 9.239885023019721e+119 6.817065037592718e+120 7.90906252715931e+120 2.714046164663439e-55 38
3.244388422696621e-31 3.224518393418549e-198 8.865714643376626e+120 1.328315347434761e+115 9.239885023019721e+119 6.817065037592718e+120 7.90906252715931e+120 2.6474134613371637e+108 38
9.487966767391141e+113 5.633487853072015e+93 8.865714643376626e+120 1.328315347434761e+115 9.239885023019721e+119 6.817065037592718e+120 7.90906252715931e+120 2.6474134613371637e+108 37
9.487966767391141e+113 5.633487853072015e+93 8.865714643376626e+120 2.169990896589921e-08 9.239885023019721e+119 6.817065037592718e+120 7.90906252715931e+120 2.6474134613371637e+108 37
9.487966767391141e+113 5.633487853072015e+93 8.865714643376626e+120 1.328315347434761e+115 9.239885023019721e+119 6.817065037592718e+120 7.90906252715931e+120 2.6474134613371637e+108 37
9.487966767391141e+113 5.633487853072015e+93 8.865714643376626e+120 1.328315347434761e+115 9.239885023019721e+119 6.817065037592718e+120 7.90906252715931e+120 6.884883370398483e-70 37
9.487966767391141e+113 5.633487853072015e+93 8.865714643376626e+120 1.2128866293943648e-62 9.239885023019721e+119 6.817065037592718e+120 7.90906252715931e+120 2.6474134613371637e+108 38
2.885196560601048e-28 4.934629390297163e-56 3.4782501507649035e-35 1.328315347434761e+115 9.239885023019721e+119 6.817065037592718e+120 7.90906252715931e+120 2.714046164663439e-55 38
9.487966767391141e+113 5.633487853072015e+93 8.865714643376626e+120 1.328315347434761e+115 9.239885023019721e+119 6.817065037592718e+120 7.90906252715931e+120 2.6474134613371637e+108 37
9.487966767391141e+113 5.633487853072015e+93 8.865714643376626e+120 1.328315347434761e+115 9.239885023019721e+119 6.817065037592718e+120 7.90906252715931e+120 2.6474134613371637e+108 37
9.487966767391141e+113 3.224518393418549e-198 8.865714643376626e+120 1.328315347434761e+115 9.239885023019721e+119 6.817065037592718e+120 7.90906252715931e+120 2.6474134613371637e+108 38
9.487966767391141e+113 3.224518393418549e-198 8.865714643376626e+120 1.328315347434761e+115 9.239885023019721e+119 6.817065037592718e+120 7.90906252715931e+120 2.6474134613371637e+108 38
9.487966767391141e+113 1.8524179169958212e-14 8.865714643376626e+120 1.328315347434761e+115 9.239885023019721e+119 6.817065037592718e+120 7.90906252715931e+120 2.6474134613371637e+108 37
9.487966767391141e+113 5.633487853072015e+93 8.865714643376626e+120 1.328315347434761e+115 9.239885023019721e+119 6.817065037592718e+120 7.90906252715931e+120 2.6474134613371637e+108 37
9.487966767391141e+113 5.633487853072015e+93 8.865714643376626e+120 1.328315347434761e+115 9.239885023019721e+119 6.817065037592718e+120 7.90906252715931e+120 2.6474134613371637e+108 38
9.487966767391141e+113 5.633487853072015e+93 8.865714643376626e+120 1.328315347434761e+115 9.239885023019721e+119 6.817065037592718e+120 1.1507118357098222e-50 2.6474134613371637e+108 38
9.487966767391141e+113 5.633487853072015e+93 8.865714643376626e+120 1.2128866293943648e-62 9.239885023019721e+119 1.1002097995696849e-13 7.90906252715931e+120 2.6474134613371637e+108 38
9.487966767391141e+113 5.633487853072015e+93 8.865714643376626e+120 6.055220384827465e-23 9.239885023019721e+119 6.817065037592718e+120 7.90906252715931e+120 2.6474134613371637e+108 37
9.487966767391141e+113 5.633487853072015e+93 8.865714643376626e+120 1.328315347434761e+115 9.239885023019721e+119 6.817065037592718e+120 7.90906252715931e+120 2.6474134613371637e+108 37
9.487966767391141e+113 5.633487853072015e+93 8.865714643376626e+120 1.328315347434761e+115 9.239885023019721e+119 6.817065037592718e+120 7.90906252715931e+120 2.6474134613371637e+108 37
9.487966767391141e+113 4.934629390297163e-56 8.865714643376626e+120 1.328315347434761e+115 9.239885023019721e+119 6.817065037592718e+120 7.90906252715931e+120 2.6474134613371637e+108 38
9.487966767391141e+113 3.224518393418549e-198 8.865714643376626e+120 1.328315347434761e+115 9.239885023019721e+119 6.817065037592718e+120 7.90906252715931e+120 2.6474134613371637e+108 38
9.487966767391141e+113 5.633487853072015e+93 8.865714643376626e+120 1.328315347434761e+115 9.239885023019721e+119 6.817065037592718e+120 7.90906252715931e+120 2.6474134613371637e+108 37
9.487966767391141e+113 3.224518393418549e-198 8.865714643376626e+120 1.328315347434761e+115 9.239885023019721e+119 6.817065037592718e+120 7.90906252715931e+120 2.6474134613371637e+108 38
9.487966767391141e+113 5.633487853072015e+93 8.865714643376626e+120 1.328315347434761e+115 9.239885023019721e+119 6.817065037592718e+120 7.90906252715931e+120 2.6474134613371637e+108 37
2.885196560601048e-28 5.633487853072015e+93 8.865714643376626e+120 1.328315347434761e+115 9.239885023019721e+119 6.817065037592718e+120 7.90906252715931e+120 2.6474134613371637e+108 38
9.487966767391141e+113 5.633487853072015e+93 8.865714643376626e+120 1.328315347434761e+115 9.239885023019721e+119 6.817065037592718e+120 7.90906252715931e+120 2.6474134613371637e+108 37
9.487966767391141e+113 5.633487853072015e+93 8.865714643376626e+120 1.328315347434761e+115 1.9643916664575713e-20 6.817065037592718e+120 7.90906252715931e+120 2.6474134613371637e+108 37
9.487966767391141e+113 5.633487853072015e+93 8.865714643376626e+120 6.055220384827465e-23 9.239885023019721e+119 6.817065037592718e+120 7.90906252715931e+120 2.6474134613371637e+108 37
9.487966767391141e+113 5.633487853072015e+93 8.865714643376626e+120 1.328315347434761e+115 9.239885023019721e+119 6.817065037592718e+120 7.90906252715931e+120 2.6474134613371637e+108 37
9.487966767391141e+113 5.633487853072015e+93 8.865714643376626e+120 1.328315347434761e+115 9.239885023019721e+119 6.817065037592718e+120 1.1507118357098222e-50 2.6474134613371637e+108 38
2.885196560601048e-28 5.633487853072015e+93 8.865714643376626e+120 1.328315347434761e+115 9.239885023019721e+119 6.817065037592718e+120 7.90906252715931e+120 2.6474134613371637e+108 37
3.244388422696621e-31 5.633487853072015e+93 8.865714643376626e+120 1.328315347434761e+115 9.239885023019721e+119 6.817065037592718e+120 1.1507118357098222e-50 2.6474134613371637e+108 38
9.487966767391141e+113 5.633487853072015e+93 8.865714643376626e+120 1.328315347434761e+115 9.239885023019721e+119 6.817065037592718e+120 7.90906252715931e+120 6.884883370398483e-70 37
9.487966767391141e+113 5.633487853072015e+93 8.865714643376626e+120 1.328315347434761e+115 9.239885023019721e+119 6.817065037592718e+120 7.90906252715931e+120 2.6474134613371637e+108 37
9.487966767391141e+113 5.633487853072015e+93 8.865714643376626e+120 1.328315347434761e+115 9.239885023019721e+119 6.817065037592718e+120 7.90906252715931e+120 1.0676796884899679e-06 37
9.487966767391141e+113 5.633487853072015e+93 8.865714643376626e+120 1.328315347434761e+115 9.239885023019721e+119 6.817065037592718e+120 7.90906252715931e+120 2.6474134613371637e+108 37
9.487966767391141e+113 5.633487853072015e+93 8.865714643376626e+120 1.328315347434761e+115 9.239885023019721e+119 6.817065037592718e+120 7.90906252715931e+120 6.884883370398483e-70 37
9.487966767391141e+113 5.633487853072015e+93 8.865714643376626e+120 1.2128866293943648e-62 9.239885023019721e+119 6.817065037592718e+120 7.90906252715931e+120 2.6474134613371637e+108 37
9.487966767391141e+113 3.224518393418549e-198 8.865714643376626e+120 1.328315347434761e+115 9.239885023019721e+119 6.817065037592718e+120 7.90906252715931e+120 2.6474134613371637e+108 38
9.487966767391141e+113 3.224518393418549e-198 8.865714643376626e+120 1.328315347434761e+115 1.2033529853392318e-28 6.817065037592718e+120 7.90906252715931e+120 6.884883370398483e-70 38
3.244388422696621e-31 3.224518393418549e-198 8.865714643376626e+120 1.328315347434761e+115 9.239885023019721e+119 6.817065037592718e+120 7.90906252715931e+120 2.6474134613371637e+108 37
9.487966767391141e+113 3.224518393418549e-198 8.865714643376626e+120 1.2128866293943648e-62 9.239885023019721e+119 6.817065037592718e+120 7.90906252715931e+120 2.6474134613371637e+108 38
9.487966767391141e+113 5.633487853072015e+93 8.865714643376626e+120 2.169990896589921e-08 9.239885023019721e+119 6.817065037592718e+120 7.90906252715931e+120 2.6474134613371637e+108 37
9.487966767391141e+113 5.633487853072015e+93 8.865714643376626e+120 1.328315347434761e+115 9.239885023019721e+119 6.817065037592718e+120 7.90906252715931e+120 2.6474134613371637e+108 37
9.487966767391141e+113 3.224518393418549e-198 8.865714643376626e+120 1.2128866293943648e-62 9.239885023019721e+119 1.1002097995696849e-13 7.90906252715931e+120 2.6474134613371637e+108 37
9.487966767391141e+113 3.224518393418549e-198 8.865714643376626e+120 1.328315347434761e+115 9.239885023019721e+119 6.817065037592718e+120 7.90906252715931e+120 2.6474134613371637e+108 37
9.487966767391141e+113 5.633487853072015e+93 8.865714643376626e+120 1.328315347434761e+115 9.239885023019721e+119 6.817065037592718e+120 0.84 2.6474134613371637e+108 38
2.885196560601048e-28 4.934629390297163e-56 3.4782501507649035e-35 1.328315347434761e+115 9.239885023019721e+119 6.817065037592718e+120 7.90906252715931e+120 2.714046164663439e-55 38
9.487966767391141e+113 4.934629390297163e-56 8.865714643376626e+120 1.328315347434761e+115 9.239885023019721e+119 6.817065037592718e+120 7.90906252715931e+120 6.884883370398483e-70 38
2.885196560601048e-28 4.934629390297163e-56 3.4782501507649035e-35 1.328315347434761e+115 9.239885023019721e+119 6.817065037592718e+120 7.90906252715931e+120 2.714046164663439e-55 38
9.487966767391141e+113 3.224518393418549e-198 8.865714643376626e+120 1.328315347434761e+115 9.239885023019721e+119 6.817065037592718e+120 7.90906252715931e+120 2.6474134613371637e+108 38
9.487966767391141e+113 5.633487853072015e+93 8.865714643376626e+120 1.328315347434761e+115 9.239885023019721e+119 6.817065037592718e+120 7.90906252715931e+120 2.6474134613371637e+108 37
9.487966767391141e+113 3.224518393418549e-198 8.865714643376626e+120 1.328315347434761e+115 9.239885023019721e+119 6.817065037592718e+120 7.90906252715931e+120 2.6474134613371637e+108 38
9.487966767391141e+113 3.224518393418549e-198 8.865714643376626e+120 1.328315347434761e+115 9.239885023019721e+119 6.817065037592718e+120 7.90906252715931e+120 2.6474134613371637e+108 37
9.487966767391141e+113 5.633487853072015e+93 8.865714643376626e+120 2.169990896589921e-08 9.239885023019721e+119 6.817065037592718e+120 7.90906252715931e+120 2.6474134613371637e+108 37
9.487966767391141e+113 5.633487853072015e+93 0.39 1.328315347434761e+115 9.239885023019721e+119 6.817065037592718e+120 7.90906252715931e+120 2.6474134613371637e+108 37
9.487966767391141e+113 4.934629390297163e-56 8.865714643376626e+120 1.328315347434761e+115 9.239885023019721e+119 6.817065037592718e+120 7.90906252715931e+120 2.6474134613371637e+108 37
9.487966767391141e+113 3.224518393418549e-198 8.865714643376626e+120 1.328315347434761e+115 9.239885023019721e+119 6.817065037592718e+120 7.90906252715931e+120 2.6474134613371637e+108 38
9.487966767391141e+113 5.633487853072015e+93 8.865714643376626e+120 1.328315347434761e+115 9.239885023019721e+119 6.817065037592718e+120 7.90906252715931e+120 2.6474134613371637e+108 37
9.487966767391141e+113 5.633487853072015e+93 8.865714643376626e+120 1.328315347434761e+115 9.239885023019721e+119 6.817065037592718e+120 7.90906252715931e+120 2.6474134613371637e+108 38
9.487966767391141e+113 3.224518393418549e-198 8.865714643376626e+120 1.328315347434761e+115 9.239885023019721e+119 6.817065037592718e+120 7.90906252715931e+120 6.884883370398483e-70 38
2.885196560601048e-28 5.633487853072015e+93 8.865714643376626e+120 2.169990896589921e-08 9.239885023019721e+119 6.080270976848743e-26 7.90906252715931e+120 2.6474134613371637e+108 37
9.487966767391141e+113 5.633487853072015e+93 8.865714643376626e+120 1.328315347434761e+115 9.239885023019721e+119 6.817065037592718e+120 7.90906252715931e+120 6.884883370398483e-70 37
9.487966767391141e+113 4.934629390297163e-56 8.865714643376626e+120 1.328315347434761e+115 9.239885023019721e+119 6.817065037592718e+120 7.90906252715931e+120 2.6474134613371637e+108 37
9.487966767391141e+113 5.633487853072015e+93 8.865714643376626e+120 1.328315347434761e+115 9.239885023019721e+119 6.817065037592718e+120 7.90906252715931e+120 6.884883370398483e-70 38
9.487966767391141e+113 5.633487853072015e+93 3.6606160748227466e-07 1.328315347434761e+115 9.239885023019721e+119 1.1002097995696849e-13 7.90906252715931e+120 2.6474134613371637e+108 38
9.487966767391141e+113 5.633487853072015e+93 8.865714643376626e+120 1.328315347434761e+115 9.239885023019721e+119 6.817065037592718e+120 7.90906252715931e+120 2.6474134613371637e+108 38
9.487966767391141e+113 3.224518393418549e-198 1.5913266574992756e-08 1.328315347434761e+115 9.239885023019721e+119 6.817065037592718e+120 7.90906252715931e+120 2.6474134613371637e+108 38
2.885196560601048e-28 5.633487853072015e+93 8.865714643376626e+120 1.328315347434761e+115 9.239885023019721e+119 6.817065037592718e+120 7.90906252715931e+120 2.6474134613371637e+108 37
2.885196560601048e-28 5.633487853072015e+93 8.865714643376626e+120 1.328315347434761e+115 9.239885023019721e+119 6.817065037592718e+120 7.90906252715931e+120 2.6474134613371637e+108 38
9.487966767391141e+113 3.224518393418549e-198 8.865714643376626e+120 1.328315347434761e+115 9.239885023019721e+119 6.817065037592718e+120 7.90906252715931e+120 2.6474134613371637e+108 38
9.487966767391141e+113 5.633487853072015e+93 8.865714643376626e+120 1.328315347434761e+115 9.239885023019721e+119 6.817065037592718e+120 7.90906252715931e+120 2.6474134613371637e+108 37
9.487966767391141e+113 5.633487853072015e+93 8.865714643376626e+120 1.328315347434761e+115 9.239885023019721e+119 6.817065037592718e+120 7.90906252715931e+120 2.6474134613371637e+108 37
9.487966767391141e+113 5.633487853072015e+93 8.865714643376626e+120 1.328315347434761e+115 9.239885023019721e+119 6.817065037592718e+120 7.90906252715931e+120 2.6474134613371637e+108 37
9.487966767391141e+113 5.633487853072015e+93 8.865714643376626e+120 1.328315347434761e+115 9.239885023019721e+119 6.817065037592718e+120 7.90906252715931e+120 2.6474134613371637e+108 37
9.487966767391141e+113 5.633487853072015e+93 8.865714643376626e+120 1.328315347434761e+115 9.239885023019721e+119 6.817065037592718e+120 7.90906252715931e+120 2.6474134613371637e+108 37
9.487966767391141e+113 3.224518393418549e-198 8.865714643376626e+120 1.328315347434761e+115 9.239885023019721e+119 6.817065037592718e+120 7.90906252715931e+120 2.6474134613371637e+108 38
9.487966767391141e+113 5.633487853072015e+93 8.865714643376626e+120 1.328315347434761e+115 9.239885023019721e+119 6.817065037592718e+120 7.90906252715931e+120 2.6474134613371637e+108 37
9.487966767391141e+113 3.224518393418549e-198 8.865714643376626e+120 1.328315347434761e+115 9.239885023019721e+119 6.817065037592718e+120 7.90906252715931e+120 2.6474134613371637e+108 38
9.487966767391141e+113 5.633487853072015e+93 8.865714643376626e+120 1.328315347434761e+115 9.239885023019721e+119 6.817065037592718e+120 7.90906252715931e+120 2.6474134613371637e+108 37
9.487966767391141e+113 5.633487853072015e+93 8.865714643376626e+120 1.328315347434761e+115 9.239885023019721e+119 6.817065037592718e+120 7.90906252715931e+120 2.6474134613371637e+108 38
9.487966767391141e+113 5.633487853072015e+93 8.865714643376626e+120 1.328315347434761e+115 9.239885023019721e+119 6.817065037592718e+120 7.90906252715931e+120 6.884883370398483e-70 38
9.487966767391141e+113 3.224518393418549e-198 8.865714643376626e+120 1.328315347434761e+115 9.239885023019721e+119 6.817065037592718e+120 7.90906252715931e+120 2.6474134613371637e+108 38
2.885196560601048e-28 3.224518393418549e-198 8.865714643376626e+120 1.328315347434761e+115 9.239885023019721e+119 6.817065037592718e+120 7.90906252715931e+120 2.6474134613371637e+108 38
2.885196560601048e-28 4.934629390297163e-56 8.865714643376626e+120 1.328315347434761e+115 9.239885023019721e+119 6.817065037592718e+120 7.90906252715931e+120 6.884883370398483e-70 37
3.244388422696621e-31 5.633487853072015e+93 8.865714643376626e+120 1.328315347434761e+115 9.239885023019721e+119 6.817065037592718e+120 7.90906252715931e+120 2.6474134613371637e+108 38
9.487966767391141e+113 4.934629390297163e-56 8.865714643376626e+120 1.328315347434761e+115 9.239885023019721e+119 6.817065037592718e+120 7.90906252715931e+120 2.6474134613371637e+108 37
9.487966767391141e+113 5.633487853072015e+93 8.865714643376626e+120 1.328315347434761e+115 9.239885023019721e+119 6.817065037592718e+120 7.90906252715931e+120 6.884883370398483e-70 37
9.487966767391141e+113 5.633487853072015e+93 8.865714643376626e+120 1.328315347434761e+115 9.239885023019721e+119 6.817065037592718e+120 1.1507118357098222e-50 2.6474134613371637e+108 38
9.487966767391141e+113 5.633487853072015e+93 8.865714643376626e+120 1.328315347434761e+115 9.239885023019721e+119 6.817065037592718e+120 7.90906252715931e+120 2.6474134613371637e+108 37
9.487966767391141e+113 3.224518393418549e-198 8.865714643376626e+120 1.328315347434761e+115 9.239885023019721e+119 6.817065037592718e+120 7.90906252715931e+120 2.6474134613371637e+108 38
9.487966767391141e+113 3.224518393418549e-198 1.5913266574992756e-08 1.328315347434761e+115 9.239885023019721e+119 6.817065037592718e+120 7.90906252715931e+120 2.714046164663439e-55 38
9.487966767391141e+113 3.224518393418549e-198 8.865714643376626e+120 1.328315347434761e+115 9.239885023019721e+119 6.817065037592718e+120 7.90906252715931e+120 2.6474134613371637e+108 38
9.487966767391141e+113 5.633487853072015e+93 8.865714643376626e+120 1.328315347434761e+115 9.239885023019721e+119 6.817065037592718e+120 2.162587781181883e-15 2.6474134613371637e+108 38
9.487966767391141e+113 5.633487853072015e+93 3.4782501507649035e-35 1.328315347434761e+115 9.239885023019721e+119 1.1002097995696849e-13 7.90906252715931e+120 2.6474134613371637e+108 38
9.487966767391141e+113 1.8524179169958212e-14 8.865714643376626e+120 1.2128866293943648e-62 6.101026791371244e-07 6.817065037592718e+120 7.90906252715931e+120 2.6474134613371637e+108 37
9.487966767391141e+113 4.934629390297163e-56 8.865714643376626e+120 1.328315347434761e+115 9.239885023019721e+119 6.817065037592718e+120 7.90906252715931e+120 2.6474134613371637e+108 37
9.487966767391141e+113 3.224518393418549e-198 8.865714643376626e+120 1.328315347434761e+115 1.2033529853392318e-28 6.817065037592718e+120 7.90906252715931e+120 2.6474134613371637e+108 38
9.487966767391141e+113 5.633487853072015e+93 8.865714643376626e+120 1.328315347434761e+115 9.239885023019721e+119 6.817065037592718e+120 7.90906252715931e+120 2.6474134613371637e+108 37
9.487966767391141e+113 5.633487853072015e+93 8.865714643376626e+120 1.328315347434761e+115 9.239885023019721e+119 6.817065037592718e+120 7.90906252715931e+120 2.6474134613371637e+108 37
9.487966767391141e+113 3.224518393418549e-198 3.4782501507649035e-35 1.328315347434761e+115 9.239885023019721e+119 6.817065037592718e+120 7.90906252715931e+120 6.884883370398483e-70 37
2.885196560601048e-28 5.633487853072015e+93 8.865714643376626e+120 1.328315347434761e+115 9.239885023019721e+119 6.817065037592718e+120 7.90906252715931e+120 2.6474134613371637e+108 38
5.0318474421482435e-43 5.633487853072015e+93 1.5913266574992756e-08 1.328315347434761e+115 9.239885023019721e+119 6.817065037592718e+120 7.90906252715931e+120 2.714046164663439e-55 37
9.487966767391141e+113 5.633487853072015e+93 8.865714643376626e+120 1.328315347434761e+115 9.239885023019721e+119 6.817065037592718e+120 7.90906252715931e+120 2.6474134613371637e+108 37
2.885196560601048e-28 5.633487853072015e+93 8.865714643376626e+120 1.328315347434761e+115 9.239885023019721e+119 6.817065037592718e+120 7.90906252715931e+120 2.6474134613371637e+108 37
9.487966767391141e+113 5.633487853072015e+93 8.865714643376626e+120 1.328315347434761e+115 9.239885023019721e+119 6.817065037592718e+120 7.90906252715931e+120 2.6474134613371637e+108 37
9.487966767391141e+113 3.224518393418549e-198 8.865714643376626e+120 1.328315347434761e+115 9.239885023019721e+119 6.817065037592718e+120 7.90906252715931e+120 2.6474134613371637e+108 38
9.487966767391141e+113 5.633487853072015e+93 8.865714643376626e+120 1.328315347434761e+115 9.239885023019721e+119 6.817065037592718e+120 7.90906252715931e+120 2.6474134613371637e+108 37
9.487966767391141e+113 3.224518393418549e-198 8.865714643376626e+120 1.328315347434761e+115 9.239885023019721e+119 6.817065037592718e+120 7.90906252715931e+120 2.6474134613371637e+108 38
9.487966767391141e+113 4.934629390297163e-56 8.865714643376626e+120 1.328315347434761e+115 9.239885023019721e+119 6.817065037592718e+120 7.90906252715931e+120 2.6474134613371637e+108 38
2.885196560601048e-28 4.934629390297163e-56 3.4782501507649035e-35 1.328315347434761e+115 9.239885023019721e+119 6.817065037592718e+120 7.90906252715931e+120 2.714046164663439e-55 38
9.487966767391141e+113 3.224518393418549e-198 8.865714643376626e+120 1.328315347434761e+115 9.239885023019721e+119 6.817065037592718e+120 7.90906252715931e+120 2.6474134613371637e+108 38
9.487966767391141e+113 5.633487853072015e+93 8.865714643376626e+120 1.328315347434761e+115 9.239885023019721e+119 6.817065037592718e+120 0.84 2.6474134613371637e+108 38
9.487966767391141e+113 5.633487853072015e+93 8.865714643376626e+120 1.328315347434761e+115 9.239885023019721e+119 6.817065037592718e+120 7.90906252715931e+120 2.6474134613371637e+108 38
9.487966767391141e+113 5.633487853072015e+93 8.865714643376626e+120 1.2128866293943648e-62 9.239885023019721e+119 6.817065037592718e+120 7.90906252715931e+120 2.6474134613371637e+108 38
9.487966767391141e+113 5.633487853072015e+93 8.865714643376626e+120 1.328315347434761e+115 9.239885023019721e+119 6.817065037592718e+120 7.90906252715931e+120 2.6474134613371637e+108 37
2.885196560601048e-28 3.224518393418549e-198 8.865714643376626e+120 1.328315347434761e+115 9.239885023019721e+119 6.817065037592718e+120 1.1507118357098222e-50 2.714046164663439e-55 38
2.885196560601048e-28 5.633487853072015e+93 8.865714643376626e+120 1.328315347434761e+115 9.239885023019721e+119 6.817065037592718e+120 7.90906252715931e+120 2.6474134613371637e+108 37
9.487966767391141e+113 5.633487853072015e+93 8.865714643376626e+120 1.328315347434761e+115 9.239885023019721e+119 6.817065037592718e+120 7.90906252715931e+120 2.6474134613371637e+108 37
9.487966767391141e+113 5.633487853072015e+93 8.865714643376626e+120 1.328315347434761e+115 9.239885023019721e+119 6.817065037592718e+120 7.90906252715931e+120 2.6474134613371637e+108 37
2.885196560601048e-28 5.633487853072015e+93 8.865714643376626e+120 1.328315347434761e+115 9.239885023019721e+119 6.817065037592718e+120 7.90906252715931e+120 2.6474134613371637e+108 38
9.487966767391141e+113 5.633487853072015e+93 8.865714643376626e+120 2.169990896589921e-08 9.239885023019721e+119 6.817065037592718e+120 7.90906252715931e+120 2.6474134613371637e+108 38
9.487966767391141e+113 5.633487853072015e+93 8.865714643376626e+120 1.328315347434761e+115 9.239885023019721e+119 6.817065037592718e+120 7.90906252715931e+120 2.6474134613371637e+108 37
9.487966767391141e+113 3.224518393418549e-198 8.865714643376626e+120 1.328315347434761e+115 9.239885023019721e+119 6.817065037592718e+120 7.90906252715931e+120 2.6474134613371637e+108 38
9.487966767391141e+113 5.633487853072015e+93 8.865714643376626e+120 1.2128866293943648e-62 9.239885023019721e+119 6.817065037592718e+120 7.90906252715931e+120 2.6474134613371637e+108 37
9.487966767391141e+113 5.633487853072015e+93 8.865714643376626e+120 1.328315347434761e+115 9.239885023019721e+119 6.817065037592718e+120 7.90906252715931e+120 2.6474134613371637e+108 37
5.0318474421482435e-43 5.633487853072015e+93 8.865714643376626e+120 1.328315347434761e+115 9.239885023019721e+119 6.080270976848743e-26 1.1507118357098222e-50 2.6474134613371637e+108 38
9.487966767391141e+113 3.224518393418549e-198 1.5913266574992756e-08 1.328315347434761e+115 9.239885023019721e+119 6.817065037592718e+120 7.90906252715931e+120 2.6474134613371637e+108 38
9.487966767391141e+113 3.224518393418549e-198 8.865714643376626e+120 1.328315347434761e+115 9.239885023019721e+119 6.817065037592718e+120 7.90906252715931e+120 2.6474134613371637e+108 37
9.487966767391141e+113 5.633487853072015e+93 8.865714643376626e+120 1.328315347434761e+115 9.239885023019721e+119 6.817065037592718e+120 7.90906252715931e+120 2.6474134613371637e+108 37
9.487966767391141e+113 5.633487853072015e+93 8.865714643376626e+120 1.328315347434761e+115 9.239885023019721e+119 6.817065037592718e+120 7.90906252715931e+120 2.6474134613371637e+108 38
9.487966767391141e+113 5.633487853072015e+93 8.865714643376626e+120 1.328315347434761e+115 9.239885023019721e+119 6.817065037592718e+120 7.90906252715931e+120 2.6474134613371637e+108 37
9.487966767391141e+113 5.633487853072015e+93 8.865714643376626e+120 1.328315347434761e+115 9.239885023019721e+119 6.817065037592718e+120 7.90906252715931e+120 2.6474134613371637e+108 37
9.487966767391141e+113 5.633487853072015e+93 8.865714643376626e+120 1.328315347434761e+115 9.239885023019721e+119 6.817065037592718e+120 7.90906252715931e+120 2.6474134613371637e+108 38
9.487966767391141e+113 5.633487853072015e+93 8.865714643376626e+120 1.2128866293943648e-62 9.239885023019721e+119 6.080270976848743e-26 7.90906252715931e+120 2.6474134613371637e+108 38
2.885196560601048e-28 5.633487853072015e+93 8.865714643376626e+120 1.328315347434761e+115 9.239885023019721e+119 6.817065037592718e+120 7.90906252715931e+120 2.6474134613371637e+108 38
9.487966767391141e+113 5.633487853072015e+93 8.865714643376626e+120 1.328315347434761e+115 9.239885023019721e+119 3.471985434543874e-08 7.90906252715931e+120 2.6474134613371637e+108 37
2.885196560601048e-28 1.8524179169958212e-14 8.865714643376626e+120 2.169990896589921e-08 9.239885023019721e+119 6.817065037592718e+120 7.90906252715931e+120 2.6474134613371637e+108 38
9.487966767391141e+113 5.633487853072015e+93 8.865714643376626e+120 1.328315347434761e+115 9.239885023019721e+119 6.817065037592718e+120 7.90906252715931e+120 2.6474134613371637e+108 37
9.487966767391141e+113 3.224518393418549e-198 8.865714643376626e+120 1.328315347434761e+115 9.239885023019721e+119 6.817065037592718e+120 7.90906252715931e+120 2.6474134613371637e+108 38
9.487966767391141e+113 5.633487853072015e+93 8.865714643376626e+120 1.328315347434761e+115 9.239885023019721e+119 6.817065037592718e+120 7.90906252715931e+120 2.6474134613371637e+108 37
9.487966767391141e+113 3.224518393418549e-198 8.865714643376626e+120 6.055220384827465e-23 1.2033529853392318e-28 6.817065037592718e+120 7.90906252715931e+120 2.6474134613371637e+108 38
5.0318474421482435e-43 4.934629390297163e-56 8.865714643376626e+120 6.055220384827465e-23 9.239885023019721e+119 6.817065037592718e+120 1.1507118357098222e-50 2.714046164663439e-55 38
9.487966767391141e+113 5.633487853072015e+93 3.4782501507649035e-35 1.328315347434761e+115 9.239885023019721e+119 6.817065037592718e+120 7.90906252715931e+120 2.6474134613371637e+108 38
9.487966767391141e+113 3.224518393418549e-198 8.865714643376626e+120 1.328315347434761e+115 9.239885023019721e+119 6.817065037592718e+120 7.90906252715931e+120 6.884883370398483e-70 37
9.487966767391141e+113 5.633487853072015e+93 8.865714643376626e+120 1.328315347434761e+115 9.239885023019721e+119 6.817065037592718e+120 7.90906252715931e+120 2.6474134613371637e+108 37
9.487966767391141e+113 5.633487853072015e+93 8.865714643376626e+120 1.328315347434761e+115 9.239885023019721e+119 6.817065037592718e+120 7.90906252715931e+120 2.6474134613371637e+108 37
9.487966767391141e+113 5.633487853072015e+93 8.865714643376626e+120 6.055220384827465e-23 9.239885023019721e+119 6.817065037592718e+120 7.90906252715931e+120 2.6474134613371637e+108 37
9.487966767391141e+113 3.224518393418549e-198 8.865714643376626e+120 1.328315347434761e+115 9.239885023019721e+119 6.817065037592718e+120 7.90906252715931e+120 2.714046164663439e-55 38
9.487966767391141e+113 5.633487853072015e+93 8.865714643376626e+120 1.2128866293943648e-62 9.239885023019721e+119 1.1002097995696849e-13 7.90906252715931e+120 2.6474134613371637e+108 38
9.487966767391141e+113 5.633487853072015e+93 8.865714643376626e+120 1.328315347434761e+115 9.239885023019721e+119 6.817065037592718e+120 7.90906252715931e+120 2.6474134613371637e+108 37
3.244388422696621e-31 3.224518393418549e-198 8.865714643376626e+120 1.328315347434761e+115 9.239885023019721e+119 6.817065037592718e+120 7.90906252715931e+120 2.371870469683356e-15 38
9.487966767391141e+113 5.633487853072015e+93 8.865714643376626e+120 1.328315347434761e+115 9.239885023019721e+119 6.817065037592718e+120 7.90906252715931e+120 2.6474134613371637e+108 37
9.487966767391141e+113 5.633487853072015e+93 8.865714643376626e+120 1.328315347434761e+115 9.239885023019721e+119 6.817065037592718e+120 7.90906252715931e+120 2.6474134613371637e+108 37
9.487966767391141e+113 3.224518393418549e-198 8.865714643376626e+120 1.328315347434761e+115 1.2033529853392318e-28 6.817065037592718e+120 7.90906252715931e+120 6.884883370398483e-70 38
9.487966767391141e+113 3.224518393418549e-198 8.865714643376626e+120 1.328315347434761e+115 9.239885023019721e+119 6.817065037592718e+120 7.90906252715931e+120 6.884883370398483e-70 38
9.487966767391141e+113 5.633487853072015e+93 8.865714643376626e+120 1.328315347434761e+115 9.239885023019721e+119 6.817065037592718e+120 7.90906252715931e+120 2.6474134613371637e+108 37
9.487966767391141e+113 5.633487853072015e+93 8.865714643376626e+120 1.328315347434761e+115 9.239885023019721e+119 6.817065037592718e+120 7.90906252715931e+120 2.6474134613371637e+108 38
9.487966767391141e+113 5.633487853072015e+93 8.865714643376626e+120 1.328315347434761e+115 9.239885023019721e+119 6.817065037592718e+120 7.90906252715931e+120 2.6474134613371637e+108 38
9.487966767391141e+113 5.633487853072015e+93 8.865714643376626e+120 1.328315347434761e+115 9.239885023019721e+119 6.817065037592718e+120 7.90906252715931e+120 2.371870469683356e-15 37
9.487966767391141e+113 4.934629390297163e-56 8.865714643376626e+120 1.328315347434761e+115 1.2033529853392318e-28 6.817065037592718e+120 7.90906252715931e+120 2.6474134613371637e+108 38
9.487966767391141e+113 5.633487853072015e+93 8.865714643376626e+120 1.328315347434761e+115 9.239885023019721e+119 6.817065037592718e+120 7.90906252715931e+120 2.6474134613371637e+108 38
9.487966767391141e+113 5.633487853072015e+93 8.865714643376626e+120 1.328315347434761e+115 9.239885023019721e+119 6.817065037592718e+120 7.90906252715931e+120 2.6474134613371637e+108 37
9.487966767391141e+113 5.633487853072015e+93 8.865714643376626e+120 1.328315347434761e+115 9.239885023019721e+119 6.817065037592718e+120 7.90906252715931e+120 2.6474134613371637e+108 37
9.487966767391141e+113 5.633487853072015e+93 8.865714643376626e+120 1.328315347434761e+115 9.239885023019721e+119 6.817065037592718e+120 7.90906252715931e+120 2.6474134613371637e+108 37
9.487966767391141e+113 5.633487853072015e+93 8.865714643376626e+120 2.169990896589921e-08 9.239885023019721e+119 6.817065037592718e+120 7.90906252715931e+120 2.6474134613371637e+108 37
9.487966767391141e+113 5.633487853072015e+93 8.865714643376626e+120 1.328315347434761e+115 9.239885023019721e+119 6.817065037592718e+120 7.90906252715931e+120 2.6474134613371637e+108 37
9.487966767391141e+113 4.934629390297163e-56 8.865714643376626e+120 1.328315347434761e+115 6.101026791371244e-07 6.817065037592718e+120 7.90906252715931e+120 2.6474134613371637e+108 38
2.885196560601048e-28 5.633487853072015e+93 8.865714643376626e+120 1.328315347434761e+115 9.239885023019721e+119 6.817065037592718e+120 7.90906252715931e+120 2.6474134613371637e+108 38
9.487966767391141e+113 5.633487853072015e+93 8.865714643376626e+120 1.328315347434761e+115 9.239885023019721e+119 6.817065037592718e+120 7.90906252715931e+120 2.6474134613371637e+108 38
9.487966767391141e+113 5.633487853072015e+93 8.865714643376626e+120 1.328315347434761e+115 9.239885023019721e+119 6.817065037592718e+120 7.90906252715931e+120 2.714046164663439e-55 38
9.487966767391141e+113 5.633487853072015e+93 8.865714643376626e+120 1.328315347434761e+115 9.239885023019721e+119 6.817065037592718e+120 7.90906252715931e+120 2.6474134613371637e+108 37
9.487966767391141e+113 3.224518393418549e-198 8.865714643376626e+120 1.328315347434761e+115 9.239885023019721e+119 6.817065037592718e+120 7.90906252715931e+120 2.6474134613371637e+108 38
9.487966767391141e+113 5.633487853072015e+93 8.865714643376626e+120 1.328315347434761e+115 9.239885023019721e+119 6.817065037592718e+120 7.90906252715931e+120 2.6474134613371637e+108 37
9.487966767391141e+113 5.633487853072015e+93 8.865714643376626e+120 1.2128866293943648e-62 9.239885023019721e+119 6.817065037592718e+120 7.90906252715931e+120 2.6474134613371637e+108 37
2.885196560601048e-28 5.633487853072015e+93 8.865714643376626e+120 1.328315347434761e+115 9.239885023019721e+119 6.817065037592718e+120 7.90906252715931e+120 2.6474134613371637e+108 38
9.487966767391141e+113 5.633487853072015e+93 8.865714643376626e+120 1.328315347434761e+115 9.239885023019721e+119 6.817065037592718e+120 7.90906252715931e+120 2.6474134613371637e+108 37
9.487966767391141e+113 5.633487853072015e+93 8.865714643376626e+120 1.328315347434761e+115 9.239885023019721e+119 6.817065037592718e+120 7.90906252715931e+120 2.6474134613371637e+108 37
9.487966767391141e+113 5.633487853072015e+93 8.865714643376626e+120 1.328315347434761e+115 9.239885023019721e+119 6.817065037592718e+120 7.90906252715931e+120 2.6474134613371637e+108 37
9.487966767391141e+113 5.633487853072015e+93 8.865714643376626e+120 1.2128866293943648e-62 9.239885023019721e+119 6.817065037592718e+120 7.90906252715931e+120 2.6474134613371637e+108 37
9.487966767391141e+113 3.224518393418549e-198 8.865714643376626e+120 1.328315347434761e+115 9.239885023019721e+119 6.817065037592718e+120 0.87 2.6474134613371637e+108 38
3.244388422696621e-31 5.633487853072015e+93 8.865714643376626e+120 1.328315347434761e+115 9.239885023019721e+119 6.817065037592718e+120 7.90906252715931e+120 2.714046164663439e-55 37
9.487966767391141e+113 3.224518393418549e-198 8.865714643376626e+120 1.328315347434761e+115 9.239885023019721e+119 6.817065037592718e+120 7.90906252715931e+120 2.6474134613371637e+108 38
9.487966767391141e+113 5.633487853072015e+93 8.865714643376626e+120 1.328315347434761e+115 9.239885023019721e+119 6.817065037592718e+120 7.90906252715931e+120 2.6474134613371637e+108 37
9.487966767391141e+113 4.934629390297163e-56 8.865714643376626e+120 1.328315347434761e+115 9.239885023019721e+119 6.817065037592718e+120 7.90906252715931e+120 2.6474134613371637e+108 38
9.487966767391141e+113 5.633487853072015e+93 8.865714643376626e+120 1.328315347434761e+115 9.239885023019721e+119 6.817065037592718e+120 1.1507118357098222e-50 2.6474134613371637e+108 38
9.487966767391141e+113 5.633487853072015e+93 8.865714643376626e+120 1.328315347434761e+115 9.239885023019721e+119 6.817065037592718e+120 7.90906252715931e+120 2.714046164663439e-55 37
9.487966767391141e+113 3.224518393418549e-198 8.865714643376626e+120 1.328315347434761e+115 9.239885023019721e+119 6.817065037592718e+120 7.90906252715931e+120 2.6474134613371637e+108 38
5.0318474421482435e-43 5.633487853072015e+93 8.865714643376626e+120 1.328315347434761e+115 9.239885023019721e+119 6.817065037592718e+120 7.90906252715931e+120 2.6474134613371637e+108 37
9.487966767391141e+113 5.633487853072015e+93 8.865714643376626e+120 1.328315347434761e+115 9.239885023019721e+119 6.817065037592718e+120 7.90906252715931e+120 2.6474134613371637e+108 37
9.487966767391141e+113 5.633487853072015e+93 8.865714643376626e+120 1.328315347434761e+115 9.239885023019721e+119 6.817065037592718e+120 7.90906252715931e+120 2.6474134613371637e+108 37
9.487966767391141e+113 4.934629390297163e-56 8.865714643376626e+120 1.328315347434761e+115 9.239885023019721e+119 6.817065037592718e+120 7.90906252715931e+120 2.6474134613371637e+108 38
9.487966767391141e+113 5.633487853072015e+93 8.865714643376626e+120 1.328315347434761e+115 9.239885023019721e+119 6.817065037592718e+120 7.90906252715931e+120 2.6474134613371637e+108 37
9.487966767391141e+113 5.633487853072015e+93 8.865714643376626e+120 1.328315347434761e+115 9.239885023019721e+119 6.817065037592718e+120 7.90906252715931e+120 2.6474134613371637e+108 37
9.487966767391141e+113 5.633487853072015e+93 8.865714643376626e+120 1.2128866293943648e-62 9.239885023019721e+119 6.817065037592718e+120 7.90906252715931e+120 2.6474134613371637e+108 38
9.487966767391141e+113 5.633487853072015e+93 8.865714643376626e+120 1.328315347434761e+115 9.239885023019721e+119 6.817065037592718e+120 7.90906252715931e+120 2.6474134613371637e+108 37
9.487966767391141e+113 5.633487853072015e+93 8.865714643376626e+120 1.328315347434761e+115 9.239885023019721e+119 6.817065037592718e+120 7.90906252715931e+120 6.884883370398483e-70 37
3.244388422696621e-31 4.934629390297163e-56 8.865714643376626e+120 1.2128866293943648e-62 9.239885023019721e+119 6.817065037592718e+120 7.90906252715931e+120 2.6474134613371637e+108 38
9.487966767391141e+113 4.934629390297163e-56 8.865714643376626e+120 1.328315347434761e+115 9.239885023019721e+119 6.817065037592718e+120 7.90906252715931e+120 2.714046164663439e-55 38
9.487966767391141e+113 5.633487853072015e+93 8.865714643376626e+120 1.328315347434761e+115 9.239885023019721e+119 6.817065037592718e+120 7.90906252715931e+120 2.6474134613371637e+108 37
9.487966767391141e+113 5.633487853072015e+93 8.865714643376626e+120 1.328315347434761e+115 9.239885023019721e+119 6.817065037592718e+120 7.90906252715931e+120 2.714046164663439e-55 37
3.244388422696621e-31 3.224518393418549e-198 3.6606160748227466e-07 1.328315347434761e+115 9.239885023019721e+119 3.471985434543874e-08 7.90906252715931e+120 1.0676796884899679e-06 38
5.0318474421482435e-43 5.633487853072015e+93 8.865714643376626e+120 1.328315347434761e+115 9.239885023019721e+119 6.817065037592718e+120 7.90906252715931e+120 2.6474134613371637e+108 37
3.244388422696621e-31 3.224518393418549e-198 3.6606160748227466e-07 1.328315347434761e+115 9.239885023019721e+119 3.471985434543874e-08 7.90906252715931e+120 1.0676796884899679e-06 38
3.244388422696621e-31 5.633487853072015e+93 8.865714643376626e+120 1.328315347434761e+115 9.239885023019721e+119 6.817065037592718e+120 7.90906252715931e+120 2.6474134613371637e+108 37
9.487966767391141e+113 3.224518393418549e-198 8.865714643376626e+120 1.328315347434761e+115 9.239885023019721e+119 6.817065037592718e+120 7.90906252715931e+120 6.884883370398483e-70 38
9.487966767391141e+113 5.633487853072015e+93 8.865714643376626e+120 1.328315347434761e+115 9.239885023019721e+119 6.817065037592718e+120 2.162587781181883e-15 2.6474134613371637e+108 37
9.487966767391141e+113 5.633487853072015e+93 8.865714643376626e+120 1.328315347434761e+115 9.239885023019721e+119 6.817065037592718e+120 7.90906252715931e+120 2.6474134613371637e+108 37
9.487966767391141e+113 5.633487853072015e+93 8.865714643376626e+120 1.2128866293943648e-62 9.239885023019721e+119 6.817065037592718e+120 7.90906252715931e+120 2.6474134613371637e+108 37
9.487966767391141e+113 5.633487853072015e+93 8.865714643376626e+120 1.328315347434761e+115 9.239885023019721e+119 6.817065037592718e+120 7.90906252715931e+120 2.6474134613371637e+108 37
9.487966767391141e+113 5.633487853072015e+93 8.865714643376626e+120 4.880821433096995e-07 9.239885023019721e+119 6.817065037592718e+120 7.90906252715931e+120 2.6474134613371637e+108 37
9.487966767391141e+113 5.633487853072015e+93 8.865714643376626e+120 1.328315347434761e+115 9.239885023019721e+119 6.817065037592718e+120 7.90906252715931e+120 2.6474134613371637e+108 37
9.487966767391141e+113 5.633487853072015e+93 8.865714643376626e+120 1.328315347434761e+115 9.239885023019721e+119 6.817065037592718e+120 7.90906252715931e+120 2.6474134613371637e+108 38
2.885196560601048e-28 5.633487853072015e+93 8.865714643376626e+120 2.169990896589921e-08 9.239885023019721e+119 6.080270976848743e-26 7.90906252715931e+120 2.6474134613371637e+108 37
9.487966767391141e+113 5.633487853072015e+93 8.865714643376626e+120 1.328315347434761e+115 9.239885023019721e+119 6.817065037592718e+120 7.90906252715931e+120 2.6474134613371637e+108 37
9.487966767391141e+113 5.633487853072015e+93 8.865714643376626e+120 1.328315347434761e+115 9.239885023019721e+119 6.817065037592718e+120 7.90906252715931e+120 2.6474134613371637e+108 38
3.244388422696621e-31 5.633487853072015e+93 8.865714643376626e+120 1.328315347434761e+115 9.239885023019721e+119 6.817065037592718e+120 1.1507118357098222e-50 2.714046164663439e-55 38
2.885196560601048e-28 3.224518393418549e-198 3.6606160748227466e-07 1.328315347434761e+115 9.239885023019721e+119 6.817065037592718e+120 7.90906252715931e+120 2.6474134613371637e+108 38
9.487966767391141e+113 3.224518393418549e-198 8.865714643376626e+120 1.328315347434761e+115 9.239885023019721e+119 6.817065037592718e+120 7.90906252715931e+120 6.884883370398483e-70 38
9.487966767391141e+113 5.633487853072015e+93 8.865714643376626e+120 1.2128866293943648e-62 9.239885023019721e+119 6.817065037592718e+120 7.90906252715931e+120 2.6474134613371637e+108 37
9.487966767391141e+113 5.633487853072015e+93 8.865714643376626e+120 1.328315347434761e+115 9.239885023019721e+119 6.817065037592718e+120 7.90906252715931e+120 6.884883370398483e-70 37
9.487966767391141e+113 3.224518393418549e-198 8.865714643376626e+120 1.328315347434761e+115 9.239885023019721e+119 6.817065037592718e+120 7.90906252715931e+120 2.6474134613371637e+108 38
5.0318474421482435e-43 5.633487853072015e+93 8.865714643376626e+120 1.328315347434761e+115 9.239885023019721e+119 6.817065037592718e+120 7.90906252715931e+120 2.6474134613371637e+108 38
9.487966767391141e+113 5.633487853072015e+93 3.4782501507649035e-35 1.328315347434761e+115 9.239885023019721e+119 6.817065037592718e+120 7.90906252715931e+120 2.6474134613371637e+108 38
9.487966767391141e+113 5.633487853072015e+93 8.865714643376626e+120 1.328315347434761e+115 9.239885023019721e+119 6.817065037592718e+120 0.87 2.6474134613371637e+108 37
9.487966767391141e+113 5.633487853072015e+93 8.865714643376626e+120 1.328315347434761e+115 9.239885023019721e+119 6.817065037592718e+120 7.90906252715931e+120 2.6474134613371637e+108 37
9.487966767391141e+113 4.934629390297163e-56 8.865714643376626e+120 1.328315347434761e+115 9.239885023019721e+119 6.817065037592718e+120 7.90906252715931e+120 2.714046164663439e-55 38
9.487966767391141e+113 5.633487853072015e+93 8.865714643376626e+120 4.880821433096995e-07 9.239885023019721e+119 6.817065037592718e+120 7.90906252715931e+120 2.6474134613371637e+108 37
9.487966767391141e+113 5.633487853072015e+93 8.865714643376626e+120 1.328315347434761e+115 9.239885023019721e+119 6.817065037592718e+120 7.90906252715931e+120 2.6474134613371637e+108 37
9.487966767391141e+113 5.633487853072015e+93 8.865714643376626e+120 1.328315347434761e+115 9.239885023019721e+119 6.817065037592718e+120 7.90906252715931e+120 2.6474134613371637e+108 37
9.487966767391141e+113 4.934629390297163e-56 8.865714643376626e+120 1.328315347434761e+115 9.239885023019721e+119 6.817065037592718e+120 1.1507118357098222e-50 2.6474134613371637e+108 37
9.487966767391141e+113 5.633487853072015e+93 8.865714643376626e+120 1.328315347434761e+115 9.239885023019721e+119 6.817065037592718e+120 7.90906252715931e+120 2.6474134613371637e+108 37
9.487966767391141e+113 5.633487853072015e+93 8.865714643376626e+120 1.328315347434761e+115 9.239885023019721e+119 6.817065037592718e+120 7.90906252715931e+120 2.6474134613371637e+108 37
9.487966767391141e+113 3.224518393418549e-198 8.865714643376626e+120 1.328315347434761e+115 9.239885023019721e+119 6.817065037592718e+120 7.90906252715931e+120 2.6474134613371637e+108 38
9.487966767391141e+113 3.224518393418549e-198 8.865714643376626e+120 1.328315347434761e+115 9.239885023019721e+119 6.817065037592718e+120 7.90906252715931e+120 2.6474134613371637e+108 38
9.487966767391141e+113 5.633487853072015e+93 8.865714643376626e+120 1.328315347434761e+115 9.239885023019721e+119 6.817065037592718e+120 7.90906252715931e+120 2.6474134613371637e+108 37
3.244388422696621e-31 5.633487853072015e+93 8.865714643376626e+120 1.328315347434761e+115 9.239885023019721e+119 6.817065037592718e+120 7.90906252715931e+120 2.714046164663439e-55 37
9.487966767391141e+113 3.224518393418549e-198 8.865714643376626e+120 1.328315347434761e+115 9.239885023019721e+119 6.817065037592718e+120 7.90906252715931e+120 2.714046164663439e-55 38
9.487966767391141e+113 5.633487853072015e+93 8.865714643376626e+120 1.328315347434761e+115 9.239885023019721e+119 6.817065037592718e+120 7.90906252715931e+120 2.6474134613371637e+108 37
9.487966767391141e+113 5.633487853072015e+93 8.865714643376626e+120 1.328315347434761e+115 9.239885023019721e+119 6.817065037592718e+120 7.90906252715931e+120 2.6474134613371637e+108 37
9.487966767391141e+113 5.633487853072015e+93 8.865714643376626e+120 1.328315347434761e+115 9.239885023019721e+119 6.817065037592718e+120 7.90906252715931e+120 2.6474134613371637e+108 37
9.487966767391141e+113 3.224518393418549e-198 8.865714643376626e+120 6.055220384827465e-23 1.2033529853392318e-28 6.817065037592718e+120 2.162587781181883e-15 2.6474134613371637e+108 38
9.487966767391141e+113 5.633487853072015e+93 8.865714643376626e+120 1.328315347434761e+115 9.239885023019721e+119 6.817065037592718e+120 7.90906252715931e+120 2.6474134613371637e+108 37
9.487966767391141e+113 5.633487853072015e+93 8.865714643376626e+120 1.328315347434761e+115 9.239885023019721e+119 6.817065037592718e+120 7.90906252715931e+120 2.6474134613371637e+108 38
9.487966767391141e+113 5.633487853072015e+93 8.865714643376626e+120 1.328315347434761e+115 9.239885023019721e+119 6.817065037592718e+120 7.90906252715931e+120 2.6474134613371637e+108 37
2.885196560601048e-28 5.633487853072015e+93 8.865714643376626e+120 1.328315347434761e+115 9.239885023019721e+119 6.817065037592718e+120 7.90906252715931e+120 6.884883370398483e-70 37
9.487966767391141e+113 3.224518393418549e-198 8.865714643376626e+120 1.328315347434761e+115 9.239885023019721e+119 6.817065037592718e+120 7.90906252715931e+120 2.6474134613371637e+108 38
3.244388422696621e-31 3.224518393418549e-198 8.865714643376626e+120 1.328315347434761e+115 9.239885023019721e+119 6.817065037592718e+120 7.90906252715931e+120 2.714046164663439e-55 38
9.487966767391141e+113 5.633487853072015e+93 8.865714643376626e+120 1.328315347434761e+115 9.239885023019721e+119 6.817065037592718e+120 7.90906252715931e+120 2.6474134613371637e+108 38
9.487966767391141e+113 3.224518393418549e-198 8.865714643376626e+120 1.328315347434761e+115 9.239885023019721e+119 6.817065037592718e+120 7.90906252715931e+120 2.714046164663439e-55 38
9.487966767391141e+113 5.633487853072015e+93 8.865714643376626e+120 1.328315347434761e+115 9.239885023019721e+119 6.817065037592718e+120 0.84 2.6474134613371637e+108 38
9.487966767391141e+113 5.633487853072015e+93 8.865714643376626e+120 1.328315347434761e+115 9.239885023019721e+119 6.817065037592718e+120 7.90906252715931e+120 2.6474134613371637e+108 38
9.487966767391141e+113 5.633487853072015e+93 8.865714643376626e+120 1.328315347434761e+115 9.239885023019721e+119 6.817065037592718e+120 7.90906252715931e+120 2.6474134613371637e+108 37
9.487966767391141e+113 5.633487853072015e+93 8.865714643376626e+120 1.328315347434761e+115 9.239885023019721e+119 6.817065037592718e+120 7.90906252715931e+120 2.6474134613371637e+108 37
9.487966767391141e+113 5.633487853072015e+93 8.865714643376626e+120 1.328315347434761e+115 9.239885023019721e+119 6.817065037592718e+120 7.90906252715931e+120 2.6474134613371637e+108 37
9.487966767391141e+113 3.224518393418549e-198 8.865714643376626e+120 6.055220384827465e-23 1.2033529853392318e-28 6.817065037592718e+120 7.90906252715931e+120 2.6474134613371637e+108 38
2.885196560601048e-28 5.633487853072015e+93 8.865714643376626e+120 1.328315347434761e+115 9.239885023019721e+119 6.817065037592718e+120 7.90906252715931e+120 2.6474134613371637e+108 37
9.487966767391141e+113 5.633487853072015e+93 8.865714643376626e+120 1.328315347434761e+115 9.239885023019721e+119 6.817065037592718e+120 7.90906252715931e+120 6.884883370398483e-70 37
9.487966767391141e+113 5.633487853072015e+93 8.865714643376626e+120 1.328315347434761e+115 9.239885023019721e+119 6.817065037592718e+120 7.90906252715931e+120 2.6474134613371637e+108 38
9.487966767391141e+113 5.633487853072015e+93 8.865714643376626e+120 1.328315347434761e+115 9.239885023019721e+119 6.817065037592718e+120 1.1507118357098222e-50 2.6474134613371637e+108 38
9.487966767391141e+113 3.224518393418549e-198 8.865714643376626e+120 1.328315347434761e+115 9.239885023019721e+119 6.817065037592718e+120 7.90906252715931e+120 2.6474134613371637e+108 38
9.487966767391141e+113 5.633487853072015e+93 8.865714643376626e+120 4.880821433096995e-07 9.239885023019721e+119 6.817065037592718e+120 7.90906252715931e+120 2.6474134613371637e+108 38
9.487966767391141e+113 5.633487853072015e+93 8.865714643376626e+120 1.328315347434761e+115 9.239885023019721e+119 6.817065037592718e+120 7.90906252715931e+120 2.6474134613371637e+108 38
9.487966767391141e+113 5.633487853072015e+93 8.865714643376626e+120 1.328315347434761e+115 9.239885023019721e+119 6.817065037592718e+120 7.90906252715931e+120 2.6474134613371637e+108 38
9.487966767391141e+113 3.224518393418549e-198 8.865714643376626e+120 1.328315347434761e+115 9.239885023019721e+119 6.817065037592718e+120 7.90906252715931e+120 2.6474134613371637e+108 38
9.487966767391141e+113 5.633487853072015e+93 8.865714643376626e+120 1.328315347434761e+115 9.239885023019721e+119 6.817065037592718e+120 7.90906252715931e+120 2.6474134613371637e+108 37
9.487966767391141e+113 5.633487853072015e+93 8.865714643376626e+120 1.328315347434761e+115 9.239885023019721e+119 6.817065037592718e+120 7.90906252715931e+120 2.6474134613371637e+108 37
9.487966767391141e+113 5.633487853072015e+93 8.865714643376626e+120 1.328315347434761e+115 9.239885023019721e+119 6.817065037592718e+120 7.90906252715931e+120 2.6474134613371637e+108 37
9.487966767391141e+113 5.633487853072015e+93 8.865714643376626e+120 1.328315347434761e+115 9.239885023019721e+119 6.817065037592718e+120 7.90906252715931e+120 2.6474134613371637e+108 38
9.487966767391141e+113 5.633487853072015e+93 8.865714643376626e+120 1.328315347434761e+115 9.239885023019721e+119 6.817065037592718e+120 7.90906252715931e+120 2.6474134613371637e+108 37
9.487966767391141e+113 5.633487853072015e+93 8.865714643376626e+120 1.328315347434761e+115 9.239885023019721e+119 6.817065037592718e+120 7.90906252715931e+120 2.6474134613371637e+108 38
9.487966767391141e+113 5.633487853072015e+93 8.865714643376626e+120 1.328315347434761e+115 9.239885023019721e+119 6.817065037592718e+120 7.90906252715931e+120 2.6474134613371637e+108 37
9.487966767391141e+113 5.633487853072015e+93 8.865714643376626e+120 1.2128866293943648e-62 9.239885023019721e+119 6.817065037592718e+120 7.90906252715931e+120 2.6474134613371637e+108 37
9.487966767391141e+113 5.633487853072015e+93 8.865714643376626e+120 1.328315347434761e+115 9.239885023019721e+119 6.817065037592718e+120 7.90906252715931e+120 2.6474134613371637e+108 37
9.487966767391141e+113 5.633487853072015e+93 8.865714643376626e+120 1.328315347434761e+115 9.239885023019721e+119 6.817065037592718e+120 7.90906252715931e+120 2.6474134613371637e+108 37
9.487966767391141e+113 5.633487853072015e+93 8.865714643376626e+120 1.328315347434761e+115 9.239885023019721e+119 6.817065037592718e+120 7.90906252715931e+120 2.6474134613371637e+108 37
9.487966767391141e+113 5.633487853072015e+93 8.865714643376626e+120 1.328315347434761e+115 9.239885023019721e+119 6.817065037592718e+120 7.90906252715931e+120 2.6474134613371637e+108 37
9.487966767391141e+113 5.633487853072015e+93 8.865714643376626e+120 1.328315347434761e+115 9.239885023019721e+119 6.817065037592718e+120 7.90906252715931e+120 2.6474134613371637e+108 37
9.487966767391141e+113 5.633487853072015e+93 8.865714643376626e+120 1.328315347434761e+115 9.239885023019721e+119 6.817065037592718e+120 7.90906252715931e+120 2.6474134613371637e+108 37
9.487966767391141e+113 5.633487853072015e+93 8.865714643376626e+120 1.328315347434761e+115 9.239885023019721e+119 6.817065037592718e+120 1.1507118357098222e-50 2.6474134613371637e+108 38
9.487966767391141e+113 5.633487853072015e+93 8.865714643376626e+120 1.328315347434761e+115 9.239885023019721e+119 6.817065037592718e+120 7.90906252715931e+120 2.6474134613371637e+108 37
9.487966767391141e+113 3.224518393418549e-198 8.865714643376626e+120 1.328315347434761e+115 1.2033529853392318e-28 6.817065037592718e+120 1.1507118357098222e-50 2.6474134613371637e+108 38
9.487966767391141e+113 5.633487853072015e+93 8.865714643376626e+120 4.880821433096995e-07 9.239885023019721e+119 6.817065037592718e+120 7.90906252715931e+120 2.6474134613371637e+108 38
9.487966767391141e+113 5.633487853072015e+93 8.865714643376626e+120 1.328315347434761e+115 9.239885023019721e+119 6.817065037592718e+120 7.90906252715931e+120 2.6474134613371637e+108 37
9.487966767391141e+113 5.633487853072015e+93 8.865714643376626e+120 1.328315347434761e+115 9.239885023019721e+119 6.817065037592718e+120 7.90906252715931e+120 2.6474134613371637e+108 37
9.487966767391141e+113 5.633487853072015e+93 8.865714643376626e+120 1.328315347434761e+115 9.239885023019721e+119 6.817065037592718e+120 7.90906252715931e+120 2.714046164663439e-55 37
9.487966767391141e+113 5.633487853072015e+93 8.865714643376626e+120 1.328315347434761e+115 9.239885023019721e+119 6.817065037592718e+120 7.90906252715931e+120 2.6474134613371637e+108 37
9.487966767391141e+113 5.633487853072015e+93 8.865714643376626e+120 4.880821433096995e-07 9.239885023019721e+119 6.080270976848743e-26 1.1507118357098222e-50 2.6474134613371637e+108 37
9.487966767391141e+113 5.633487853072015e+93 8.865714643376626e+120 1.328315347434761e+115 9.239885023019721e+119 6.817065037592718e+120 7.90906252715931e+120 2.6474134613371637e+108 37
9.487966767391141e+113 5.633487853072015e+93 8.865714643376626e+120 1.328315347434761e+115 9.239885023019721e+119 6.817065037592718e+120 7.90906252715931e+120 2.6474134613371637e+108 38
9.487966767391141e+113 3.224518393418549e-198 8.865714643376626e+120 1.328315347434761e+115 9.239885023019721e+119 6.817065037592718e+120 7.90906252715931e+120 2.6474134613371637e+108 38
9.487966767391141e+113 5.633487853072015e+93 8.865714643376626e+120 1.328315347434761e+115 9.239885023019721e+119 6.817065037592718e+120 7.90906252715931e+120 2.6474134613371637e+108 37
2.885196560601048e-28 5.633487853072015e+93 8.865714643376626e+120 2.169990896589921e-08 9.239885023019721e+119 6.817065037592718e+120 7.90906252715931e+120 2.714046164663439e-55 37
9.487966767391141e+113 5.633487853072015e+93 8.865714643376626e+120 1.328315347434761e+115 9.239885023019721e+119 6.817065037592718e+120 7.90906252715931e+120 2.6474134613371637e+108 37
9.487966767391141e+113 5.633487853072015e+93 8.865714643376626e+120 1.328315347434761e+115 9.239885023019721e+119 6.817065037592718e+120 7.90906252715931e+120 2.6474134613371637e+108 37
9.487966767391141e+113 5.633487853072015e+93 8.865714643376626e+120 1.328315347434761e+115 9.239885023019721e+119 6.817065037592718e+120 7.90906252715931e+120 2.6474134613371637e+108 37
9.487966767391141e+113 5.633487853072015e+93 8.865714643376626e+120 1.328315347434761e+115 9.239885023019721e+119 6.817065037592718e+120 7.90906252715931e+120 2.6474134613371637e+108 37
9.487966767391141e+113 3.224518393418549e-198 8.865714643376626e+120 1.328315347434761e+115 9.239885023019721e+119 6.817065037592718e+120 2.162587781181883e-15 2.6474134613371637e+108 38
9.487966767391141e+113 5.633487853072015e+93 8.865714643376626e+120 1.328315347434761e+115 9.239885023019721e+119 6.817065037592718e+120 7.90906252715931e+120 2.6474134613371637e+108 38
9.487966767391141e+113 1.8524179169958212e-14 8.865714643376626e+120 1.328315347434761e+115 9.239885023019721e+119 6.817065037592718e+120 7.90906252715931e+120 2.6474134613371637e+108 37
9.487966767391141e+113 5.633487853072015e+93 8.865714643376626e+120 1.328315347434761e+115 9.239885023019721e+119 6.817065037592718e+120 7.90906252715931e+120 2.6474134613371637e+108 37
9.487966767391141e+113 1.8524179169958212e-14 8.865714643376626e+120 1.328315347434761e+115 9.239885023019721e+119 6.817065037592718e+120 7.90906252715931e+120 2.6474134613371637e+108 38
2.885196560601048e-28 5.633487853072015e+93 1.5913266574992756e-08 1.328315347434761e+115 9.239885023019721e+119 6.817065037592718e+120 7.90906252715931e+120 2.714046164663439e-55 37
9.487966767391141e+113 5.633487853072015e+93 8.865714643376626e+120 1.328315347434761e+115 9.239885023019721e+119 6.817065037592718e+120 7.90906252715931e+120 2.6474134613371637e+108 37
9.487966767391141e+113 3.224518393418549e-198 8.865714643376626e+120 1.328315347434761e+115 1.2033529853392318e-28 1.1002097995696849e-13 7.90906252715931e+120 2.6474134613371637e+108 37
2.885196560601048e-28 5.633487853072015e+93 8.865714643376626e+120 1.328315347434761e+115 9.239885023019721e+119 6.817065037592718e+120 7.90906252715931e+120 2.6474134613371637e+108 38
9.487966767391141e+113 5.633487853072015e+93 8.865714643376626e+120 1.328315347434761e+115 9.239885023019721e+119 6.817065037592718e+120 7.90906252715931e+120 2.6474134613371637e+108 37
9.487966767391141e+113 5.633487853072015e+93 8.865714643376626e+120 1.328315347434761e+115 9.239885023019721e+119 6.817065037592718e+120 7.90906252715931e+120 2.6474134613371637e+108 37
9.487966767391141e+113 5.633487853072015e+93 8.865714643376626e+120 1.328315347434761e+115 9.239885023019721e+119 6.817065037592718e+120 7.90906252715931e+120 2.6474134613371637e+108 37
9.487966767391141e+113 5.633487853072015e+93 8.865714643376626e+120 1.328315347434761e+115 9.239885023019721e+119 6.817065037592718e+120 7.90906252715931e+120 2.6474134613371637e+108 37
9.487966767391141e+113 5.633487853072015e+93 8.865714643376626e+120 1.328315347434761e+115 9.239885023019721e+119 6.817065037592718e+120 7.90906252715931e+120 2.6474134613371637e+108 37
9.487966767391141e+113 5.633487853072015e+93 8.865714643376626e+120 1.328315347434761e+115 9.239885023019721e+119 6.817065037592718e+120 7.90906252715931e+120 2.6474134613371637e+108 37
9.487966767391141e+113 5.633487853072015e+93 8.865714643376626e+120 1.328315347434761e+115 9.239885023019721e+119 6.817065037592718e+120 7.90906252715931e+120 2.6474134613371637e+108 37
9.487966767391141e+113 5.633487853072015e+93 8.865714643376626e+120 1.328315347434761e+115 9.239885023019721e+119 6.817065037592718e+120 7.90906252715931e+120 2.6474134613371637e+108 37
5.0318474421482435e-43 5.633487853072015e+93 8.865714643376626e+120 1.328315347434761e+115 9.239885023019721e+119 6.817065037592718e+120 7.90906252715931e+120 2.6474134613371637e+108 38
9.487966767391141e+113 5.633487853072015e+93 8.865714643376626e+120 6.055220384827465e-23 9.239885023019721e+119 6.817065037592718e+120 7.90906252715931e+120 2.6474134613371637e+108 38
9.487966767391141e+113 5.633487853072015e+93 8.865714643376626e+120 1.328315347434761e+115 9.239885023019721e+119 6.817065037592718e+120 7.90906252715931e+120 2.6474134613371637e+108 37
9.487966767391141e+113 4.934629390297163e-56 8.865714643376626e+120 1.328315347434761e+115 9.239885023019721e+119 6.817065037592718e+120 7.90906252715931e+120 2.6474134613371637e+108 37
9.487966767391141e+113 5.633487853072015e+93 8.865714643376626e+120 1.328315347434761e+115 9.239885023019721e+119 6.817065037592718e+120 7.90906252715931e+120 2.6474134613371637e+108 37
5.0318474421482435e-43 5.633487853072015e+93 8.865714643376626e+120 1.328315347434761e+115 9.239885023019721e+119 6.817065037592718e+120 7.90906252715931e+120 2.6474134613371637e+108 37
9.487966767391141e+113 5.633487853072015e+93 8.865714643376626e+120 1.328315347434761e+115 9.239885023019721e+119 6.817065037592718e+120 7.90906252715931e+120 2.6474134613371637e+108 38
9.487966767391141e+113 5.633487853072015e+93 8.865714643376626e+120 1.2128866293943648e-62 9.239885023019721e+119 6.817065037592718e+120 7.90906252715931e+120 2.6474134613371637e+108 37
9.487966767391141e+113 5.633487853072015e+93 8.865714643376626e+120 1.328315347434761e+115 9.239885023019721e+119 6.817065037592718e+120 7.90906252715931e+120 6.884883370398483e-70 37
9.487966767391141e+113 5.633487853072015e+93 8.865714643376626e+120 1.328315347434761e+115 9.239885023019721e+119 6.817065037592718e+120 2.162587781181883e-15 2.6474134613371637e+108 37
9.487966767391141e+113 5.633487853072015e+93 8.865714643376626e+120 1.328315347434761e+115 9.239885023019721e+119 6.817065037592718e+120 7.90906252715931e+120 2.6474134613371637e+108 38
5.0318474421482435e-43 5.633487853072015e+93 8.865714643376626e+120 1.328315347434761e+115 9.239885023019721e+119 6.817065037592718e+120 7.90906252715931e+120 2.6474134613371637e+108 38
2.885196560601048e-28 1.8524179169958212e-14 8.865714643376626e+120 2.169990896589921e-08 9.239885023019721e+119 6.817065037592718e+120 7.90906252715931e+120 2.6474134613371637e+108 38
9.487966767391141e+113 5.633487853072015e+93 8.865714643376626e+120 1.328315347434761e+115 9.239885023019721e+119 6.817065037592718e+120 7.90906252715931e+120 2.6474134613371637e+108 38
3.244388422696621e-31 3.224518393418549e-198 8.865714643376626e+120 1.328315347434761e+115 9.239885023019721e+119 6.817065037592718e+120 7.90906252715931e+120 2.6474134613371637e+108 38
9.487966767391141e+113 4.934629390297163e-56 8.865714643376626e+120 1.328315347434761e+115 9.239885023019721e+119 6.817065037592718e+120 7.90906252715931e+120 2.6474134613371637e+108 38
9.487966767391141e+113 4.934629390297163e-56 8.865714643376626e+120 1.328315347434761e+115 9.239885023019721e+119 6.817065037592718e+120 7.90906252715931e+120 2.714046164663439e-55 38
9.487966767391141e+113 3.224518393418549e-198 8.865714643376626e+120 1.328315347434761e+115 9.239885023019721e+119 6.817065037592718e+120 7.90906252715931e+120 2.6474134613371637e+108 37
9.487966767391141e+113 5.633487853072015e+93 8.865714643376626e+120 1.328315347434761e+115 9.239885023019721e+119 6.817065037592718e+120 7.90906252715931e+120 2.6474134613371637e+108 37
9.487966767391141e+113 5.633487853072015e+93 8.865714643376626e+120 1.328315347434761e+115 9.239885023019721e+119 6.817065037592718e+120 7.90906252715931e+120 2.6474134613371637e+108 37
9.487966767391141e+113 5.633487853072015e+93 8.865714643376626e+120 1.328315347434761e+115 9.239885023019721e+119 6.817065037592718e+120 7.90906252715931e+120 2.6474134613371637e+108 38
9.487966767391141e+113 4.934629390297163e-56 8.865714643376626e+120 1.328315347434761e+115 9.239885023019721e+119 3.471985434543874e-08 7.90906252715931e+120 2.714046164663439e-55 37
9.487966767391141e+113 5.633487853072015e+93 8.865714643376626e+120 1.328315347434761e+115 9.239885023019721e+119 6.817065037592718e+120 7.90906252715931e+120 2.6474134613371637e+108 37
9.487966767391141e+113 5.633487853072015e+93 8.865714643376626e+120 1.328315347434761e+115 9.239885023019721e+119 6.817065037592718e+120 7.90906252715931e+120 2.6474134613371637e+108 37
2.885196560601048e-28 5.633487853072015e+93 8.865714643376626e+120 1.328315347434761e+115 9.239885023019721e+119 6.817065037592718e+120 7.90906252715931e+120 2.6474134613371637e+108 38
9.487966767391141e+113 5.633487853072015e+93 8.865714643376626e+120 1.328315347434761e+115 9.239885023019721e+119 6.817065037592718e+120 7.90906252715931e+120 2.6474134613371637e+108 37
9.487966767391141e+113 5.633487853072015e+93 8.865714643376626e+120 1.328315347434761e+115 9.239885023019721e+119 6.817065037592718e+120 7.90906252715931e+120 2.6474134613371637e+108 37
9.487966767391141e+113 5.633487853072015e+93 8.865714643376626e+120 1.328315347434761e+115 9.239885023019721e+119 6.817065037592718e+120 7.90906252715931e+120 2.6474134613371637e+108 37
9.487966767391141e+113 5.633487853072015e+93 8.865714643376626e+120 1.328315347434761e+115 9.239885023019721e+119 6.817065037592718e+120 7.90906252715931e+120 2.6474134613371637e+108 38
9.487966767391141e+113 5.633487853072015e+93 8.865714643376626e+120 1.328315347434761e+115 9.239885023019721e+119 6.817065037592718e+120 7.90906252715931e+120 2.6474134613371637e+108 37
2.885196560601048e-28 5.633487853072015e+93 8.865714643376626e+120 1.328315347434761e+115 9.239885023019721e+119 6.817065037592718e+120 7.90906252715931e+120 2.6474134613371637e+108 38
9.487966767391141e+113 5.633487853072015e+93 8.865714643376626e+120 1.328315347434761e+115 9.239885023019721e+119 6.817065037592718e+120 7.90906252715931e+120 2.6474134613371637e+108 37
9.487966767391141e+113 5.633487853072015e+93 8.865714643376626e+120 1.328315347434761e+115 9.239885023019721e+119 6.817065037592718e+120 7.90906252715931e+120 2.6474134613371637e+108 37
9.487966767391141e+113 5.633487853072015e+93 8.865714643376626e+120 1.328315347434761e+115 9.239885023019721e+119 6.817065037592718e+120 7.90906252715931e+120 2.6474134613371637e+108 37
9.487966767391141e+113 5.633487853072015e+93 8.865714643376626e+120 6.055220384827465e-23 9.239885023019721e+119 6.817065037592718e+120 1.1507118357098222e-50 2.6474134613371637e+108 37
9.487966767391141e+113 5.633487853072015e+93 8.865714643376626e+120 1.328315347434761e+115 9.239885023019721e+119 6.817065037592718e+120 7.90906252715931e+120 2.6474134613371637e+108 38
9.487966767391141e+113 5.633487853072015e+93 8.865714643376626e+120 1.328315347434761e+115 9.239885023019721e+119 6.817065037592718e+120 7.90906252715931e+120 2.6474134613371637e+108 38
9.487966767391141e+113 4.934629390297163e-56 8.865714643376626e+120 1.328315347434761e+115 9.239885023019721e+119 6.817065037592718e+120 7.90906252715931e+120 2.6474134613371637e+108 37
2.885196560601048e-28 3.224518393418549e-198 8.865714643376626e+120 4.880821433096995e-07 9.239885023019721e+119 6.817065037592718e+120 7.90906252715931e+120 2.714046164663439e-55 38
9.487966767391141e+113 5.633487853072015e+93 8.865714643376626e+120 1.328315347434761e+115 9.239885023019721e+119 6.817065037592718e+120 7.90906252715931e+120 2.6474134613371637e+108 37
9.487966767391141e+113 3.224518393418549e-198 8.865714643376626e+120 1.328315347434761e+115 9.239885023019721e+119 6.080270976848743e-26 1.1507118357098222e-50 6.884883370398483e-70 37
9.487966767391141e+113 5.633487853072015e+93 8.865714643376626e+120 1.328315347434761e+115 9.239885023019721e+119 6.817065037592718e+120 7.90906252715931e+120 2.6474134613371637e+108 37
9.487966767391141e+113 5.633487853072015e+93 8.865714643376626e+120 1.328315347434761e+115 9.239885023019721e+119 6.817065037592718e+120 7.90906252715931e+120 2.6474134613371637e+108 37
9.487966767391141e+113 5.633487853072015e+93 8.865714643376626e+120 1.328315347434761e+115 9.239885023019721e+119 6.817065037592718e+120 7.90906252715931e+120 2.6474134613371637e+108 37
9.487966767391141e+113 5.633487853072015e+93 8.865714643376626e+120 1.328315347434761e+115 9.239885023019721e+119 6.817065037592718e+120 7.90906252715931e+120 2.6474134613371637e+108 37
9.487966767391141e+113 5.633487853072015e+93 8.865714643376626e+120 1.328315347434761e+115 9.239885023019721e+119 6.817065037592718e+120 7.90906252715931e+120 2.6474134613371637e+108 37
9.487966767391141e+113 5.633487853072015e+93 8.865714643376626e+120 1.328315347434761e+115 9.239885023019721e+119 6.817065037592718e+120 7.90906252715931e+120 6.884883370398483e-70 37
9.487966767391141e+113 3.224518393418549e-198 8.865714643376626e+120 1.328315347434761e+115 9.239885023019721e+119 6.817065037592718e+120 7.90906252715931e+120 2.6474134613371637e+108 38
3.244388422696621e-31 3.224518393418549e-198 8.865714643376626e+120 1.328315347434761e+115 9.239885023019721e+119 6.817065037592718e+120 7.90906252715931e+120 2.714046164663439e-55 38
9.487966767391141e+113 4.934629390297163e-56 8.865714643376626e+120 1.328315347434761e+115 9.239885023019721e+119 6.817065037592718e+120 2.162587781181883e-15 2.6474134613371637e+108 37
9.487966767391141e+113 5.633487853072015e+93 8.865714643376626e+120 1.328315347434761e+115 9.239885023019721e+119 6.817065037592718e+120 7.90906252715931e+120 2.6474134613371637e+108 38
9.487966767391141e+113 5.633487853072015e+93 8.865714643376626e+120 1.2128866293943648e-62 9.239885023019721e+119 6.817065037592718e+120 2.162587781181883e-15 6.884883370398483e-70 38
9.487966767391141e+113 5.633487853072015e+93 8.865714643376626e+120 1.328315347434761e+115 9.239885023019721e+119 6.817065037592718e+120 7.90906252715931e+120 2.6474134613371637e+108 37
9.487966767391141e+113 3.224518393418549e-198 8.865714643376626e+120 1.328315347434761e+115 9.239885023019721e+119 6.817065037592718e+120 7.90906252715931e+120 2.6474134613371637e+108 38
3.244388422696621e-31 4.934629390297163e-56 8.865714643376626e+120 1.328315347434761e+115 9.239885023019721e+119 6.817065037592718e+120 7.90906252715931e+120 2.371870469683356e-15 38
9.487966767391141e+113 5.633487853072015e+93 8.865714643376626e+120 1.328315347434761e+115 9.239885023019721e+119 6.817065037592718e+120 7.90906252715931e+120 2.6474134613371637e+108 37
9.487966767391141e+113 5.633487853072015e+93 8.865714643376626e+120 1.328315347434761e+115 9.239885023019721e+119 6.817065037592718e+120 7.90906252715931e+120 2.6474134613371637e+108 37
9.487966767391141e+113 5.633487853072015e+93 8.865714643376626e+120 1.328315347434761e+115 9.239885023019721e+119 6.817065037592718e+120 7.90906252715931e+120 2.6474134613371637e+108 37
9.487966767391141e+113 5.633487853072015e+93 8.865714643376626e+120 1.328315347434761e+115 9.239885023019721e+119 6.817065037592718e+120 7.90906252715931e+120 2.6474134613371637e+108 38
9.487966767391141e+113 5.633487853072015e+93 8.865714643376626e+120 1.328315347434761e+115 9.239885023019721e+119 6.817065037592718e+120 7.90906252715931e+120 2.6474134613371637e+108 37
9.487966767391141e+113 5.633487853072015e+93 8.865714643376626e+120 1.328315347434761e+115 9.239885023019721e+119 6.817065037592718e+120 7.90906252715931e+120 2.6474134613371637e+108 37
9.487966767391141e+113 5.633487853072015e+93 8.865714643376626e+120 1.328315347434761e+115 9.239885023019721e+119 6.817065037592718e+120 7.90906252715931e+120 2.6474134613371637e+108 37
9.487966767391141e+113 4.934629390297163e-56 8.865714643376626e+120 1.2128866293943648e-62 9.239885023019721e+119 6.080270976848743e-26 7.90906252715931e+120 2.6474134613371637e+108 38
9.487966767391141e+113 4.934629390297163e-56 8.865714643376626e+120 2.169990896589921e-08 9.239885023019721e+119 6.817065037592718e+120 7.90906252715931e+120 2.6474134613371637e+108 37
9.487966767391141e+113 5.633487853072015e+93 3.4782501507649035e-35 1.328315347434761e+115 9.239885023019721e+119 6.817065037592718e+120 7.90906252715931e+120 2.6474134613371637e+108 38
9.487966767391141e+113 5.633487853072015e+93 3.4782501507649035e-35 1.328315347434761e+115 9.239885023019721e+119 1.1002097995696849e-13 7.90906252715931e+120 2.6474134613371637e+108 37
3.244388422696621e-31 5.633487853072015e+93 8.865714643376626e+120 1.328315347434761e+115 9.239885023019721e+119 6.817065037592718e+120 7.90906252715931e+120 6.884883370398483e-70 37
9.487966767391141e+113 3.224518393418549e-198 8.865714643376626e+120 1.328315347434761e+115 9.239885023019721e+119 6.817065037592718e+120 7.90906252715931e+120 2.6474134613371637e+108 38
9.487966767391141e+113 5.633487853072015e+93 8.865714643376626e+120 1.328315347434761e+115 9.239885023019721e+119 6.817065037592718e+120 7.90906252715931e+120 2.6474134613371637e+108 37
5.0318474421482435e-43 5.633487853072015e+93 8.865714643376626e+120 1.328315347434761e+115 9.239885023019721e+119 6.817065037592718e+120 7.90906252715931e+120 2.6474134613371637e+108 38
9.487966767391141e+113 5.633487853072015e+93 8.865714643376626e+120 1.328315347434761e+115 9.239885023019721e+119 6.817065037592718e+120 7.90906252715931e+120 2.6474134613371637e+108 37
9.487966767391141e+113 5.633487853072015e+93 8.865714643376626e+120 1.328315347434761e+115 9.239885023019721e+119 6.817065037592718e+120 7.90906252715931e+120 2.6474134613371637e+108 38
9.487966767391141e+113 5.633487853072015e+93 8.865714643376626e+120 1.328315347434761e+115 9.239885023019721e+119 6.817065037592718e+120 1.1507118357098222e-50 2.6474134613371637e+108 37
9.487966767391141e+113 5.633487853072015e+93 8.865714643376626e+120 1.328315347434761e+115 9.239885023019721e+119 6.817065037592718e+120 7.90906252715931e+120 2.6474134613371637e+108 37
9.487966767391141e+113 5.633487853072015e+93 8.865714643376626e+120 1.328315347434761e+115 9.239885023019721e+119 6.817065037592718e+120 7.90906252715931e+120 2.371870469683356e-15 37
9.487966767391141e+113 5.633487853072015e+93 8.865714643376626e+120 1.328315347434761e+115 9.239885023019721e+119 6.817065037592718e+120 7.90906252715931e+120 2.6474134613371637e+108 37
9.487966767391141e+113 5.633487853072015e+93 8.865714643376626e+120 1.328315347434761e+115 9.239885023019721e+119 6.817065037592718e+120 7.90906252715931e+120 2.6474134613371637e+108 38
3.244388422696621e-31 3.224518393418549e-198 8.865714643376626e+120 1.328315347434761e+115 9.239885023019721e+119 6.817065037592718e+120 7.90906252715931e+120 2.6474134613371637e+108 37
9.487966767391141e+113 5.633487853072015e+93 8.865714643376626e+120 1.328315347434761e+115 9.239885023019721e+119 6.817065037592718e+120 7.90906252715931e+120 2.6474134613371637e+108 37
9.487966767391141e+113 3.224518393418549e-198 8.865714643376626e+120 1.328315347434761e+115 1.2033529853392318e-28 1.1002097995696849e-13 7.90906252715931e+120 2.6474134613371637e+108 37
3.244388422696621e-31 3.224518393418549e-198 8.865714643376626e+120 1.328315347434761e+115 9.239885023019721e+119 6.817065037592718e+120 7.90906252715931e+120 2.6474134613371637e+108 38
9.487966767391141e+113 5.633487853072015e+93 8.865714643376626e+120 1.328315347434761e+115 9.239885023019721e+119 6.817065037592718e+120 7.90906252715931e+120 2.6474134613371637e+108 37
9.487966767391141e+113 5.633487853072015e+93 3.4782501507649035e-35 1.328315347434761e+115 9.239885023019721e+119 6.817065037592718e+120 7.90906252715931e+120 2.6474134613371637e+108 37
9.487966767391141e+113 3.224518393418549e-198 3.4782501507649035e-35 1.328315347434761e+115 9.239885023019721e+119 6.817065037592718e+120 2.162587781181883e-15 2.6474134613371637e+108 37
9.487966767391141e+113 5.633487853072015e+93 8.865714643376626e+120 1.328315347434761e+115 9.239885023019721e+119 6.817065037592718e+120 7.90906252715931e+120 2.6474134613371637e+108 37
9.487966767391141e+113 5.633487853072015e+93 8.865714643376626e+120 1.2128866293943648e-62 9.239885023019721e+119 6.817065037592718e+120 1.1507118357098222e-50 2.6474134613371637e+108 37
9.487966767391141e+113 5.633487853072015e+93 8.865714643376626e+120 1.328315347434761e+115 9.239885023019721e+119 6.817065037592718e+120 7.90906252715931e+120 2.6474134613371637e+108 37
9.487966767391141e+113 5.633487853072015e+93 8.865714643376626e+120 4.880821433096995e-07 9.239885023019721e+119 6.817065037592718e+120 7.90906252715931e+120 2.6474134613371637e+108 37
9.487966767391141e+113 5.633487853072015e+93 8.865714643376626e+120 1.328315347434761e+115 9.239885023019721e+119 6.817065037592718e+120 2.162587781181883e-15 2.6474134613371637e+108 37
9.487966767391141e+113 5.633487853072015e+93 8.865714643376626e+120 1.328315347434761e+115 9.239885023019721e+119 6.817065037592718e+120 7.90906252715931e+120 2.6474134613371637e+108 37
9.487966767391141e+113 5.633487853072015e+93 8.865714643376626e+120 1.328315347434761e+115 9.239885023019721e+119 6.817065037592718e+120 7.90906252715931e+120 2.6474134613371637e+108 37
9.487966767391141e+113 5.633487853072015e+93 8.865714643376626e+120 1.328315347434761e+115 9.239885023019721e+119 6.817065037592718e+120 7.90906252715931e+120 2.6474134613371637e+108 37
9.487966767391141e+113 5.633487853072015e+93 8.865714643376626e+120 1.328315347434761e+115 9.239885023019721e+119 6.817065037592718e+120 7.90906252715931e+120 6.884883370398483e-70 37
9.487966767391141e+113 4.934629390297163e-56 8.865714643376626e+120 1.328315347434761e+115 9.239885023019721e+119 6.817065037592718e+120 2.162587781181883e-15 2.6474134613371637e+108 37
9.487966767391141e+113 3.224518393418549e-198 8.865714643376626e+120 1.328315347434761e+115 9.239885023019721e+119 6.817065037592718e+120 7.90906252715931e+120 6.884883370398483e-70 38
2.885196560601048e-28 5.633487853072015e+93 8.865714643376626e+120 1.328315347434761e+115 9.239885023019721e+119 6.817065037592718e+120 7.90906252715931e+120 2.714046164663439e-55 38
9.487966767391141e+113 5.633487853072015e+93 8.865714643376626e+120 1.328315347434761e+115 9.239885023019721e+119 6.817065037592718e+120 0.84 2.6474134613371637e+108 38
9.487966767391141e+113 5.633487853072015e+93 8.865714643376626e+120 1.328315347434761e+115 9.239885023019721e+119 6.817065037592718e+120 7.90906252715931e+120 2.6474134613371637e+108 37
9.487966767391141e+113 5.633487853072015e+93 8.865714643376626e+120 1.328315347434761e+115 9.239885023019721e+119 6.817065037592718e+120 7.90906252715931e+120 2.6474134613371637e+108 37
9.487966767391141e+113 3.224518393418549e-198 8.865714643376626e+120 1.328315347434761e+115 9.239885023019721e+119 6.817065037592718e+120 0.87 2.6474134613371637e+108 38
9.487966767391141e+113 5.633487853072015e+93 8.865714643376626e+120 1.328315347434761e+115 9.239885023019721e+119 6.817065037592718e+120 7.90906252715931e+120 2.6474134613371637e+108 37
5.0318474421482435e-43 5.633487853072015e+93 8.865714643376626e+120 1.328315347434761e+115 9.239885023019721e+119 6.817065037592718e+120 7.90906252715931e+120 2.6474134613371637e+108 37
9.487966767391141e+113 5.633487853072015e+93 8.865714643376626e+120 6.055220384827465e-23 9.239885023019721e+119 6.817065037592718e+120 1.1507118357098222e-50 2.6474134613371637e+108 37
9.487966767391141e+113 5.633487853072015e+93 8.865714643376626e+120 1.328315347434761e+115 9.239885023019721e+119 6.817065037592718e+120 7.90906252715931e+120 2.6474134613371637e+108 37
9.487966767391141e+113 5.633487853072015e+93 8.865714643376626e+120 1.328315347434761e+115 9.239885023019721e+119 6.817065037592718e+120 7.90906252715931e+120 2.6474134613371637e+108 37
9.487966767391141e+113 4.934629390297163e-56 8.865714643376626e+120 1.328315347434761e+115 6.101026791371244e-07 6.817065037592718e+120 7.90906252715931e+120 2.6474134613371637e+108 38
9.487966767391141e+113 4.934629390297163e-56 8.865714643376626e+120 1.2128866293943648e-62 9.239885023019721e+119 6.080270976848743e-26 7.90906252715931e+120 2.6474134613371637e+108 38
9.487966767391141e+113 3.224518393418549e-198 8.865714643376626e+120 1.328315347434761e+115 9.239885023019721e+119 6.817065037592718e+120 7.90906252715931e+120 2.6474134613371637e+108 38
9.487966767391141e+113 3.224518393418549e-198 8.865714643376626e+120 1.328315347434761e+115 9.239885023019721e+119 6.817065037592718e+120 7.90906252715931e+120 2.6474134613371637e+108 38
9.487966767391141e+113 5.633487853072015e+93 8.865714643376626e+120 1.328315347434761e+115 9.239885023019721e+119 6.817065037592718e+120 7.90906252715931e+120 2.6474134613371637e+108 37
9.487966767391141e+113 5.633487853072015e+93 8.865714643376626e+120 1.328315347434761e+115 9.239885023019721e+119 6.817065037592718e+120 7.90906252715931e+120 2.6474134613371637e+108 37
2.885196560601048e-28 5.633487853072015e+93 1.5913266574992756e-08 1.328315347434761e+115 9.239885023019721e+119 6.817065037592718e+120 7.90906252715931e+120 2.714046164663439e-55 37
9.487966767391141e+113 5.633487853072015e+93 8.865714643376626e+120 1.328315347434761e+115 9.239885023019721e+119 6.817065037592718e+120 7.90906252715931e+120 2.6474134613371637e+108 37
