6.27967043987694e-19 3.2457517589573716e-15 9.591220670413186e-24 2.126740281917865e-10 7.925742024379247e-16 6.934565406388653e-16 0.03573268030697528 2.363798242747462e-06 4.3537462576622794e-14 1.8987070601254496e-15 0.02246334464656798 2.761426772788411e-08 3.469394216440388e-10 67
6.27967043987694e-19 1.9614857850960657e-12 9.591220670413186e-24 6.499506338301736e-06 2.381809836316525e-16 2.0034266097786628e-12 2.199484259543724e-12 1.960398268929566e-12 4.3537462576622794e-14 1.2669899854028099e-09 4.910566266727171e-13 1.0646985802373926e-11 3.2235908873930136e-08 68
6.27967043987694e-19 3.2457517589573716e-15 1.9989458065438824e-07 0.2584557744266779 7.925742024379247e-16 7.54805297505232e-09 3.7107655910511865e-11 0.041146722777729114 4.3537462576622794e-14 1.8987070601254496e-15 4.085161063209101e-12 2.761426772788411e-08 1.24 67
6.27967043987694e-19 0.000586237117502525 0.007730689367922904 2.126740281917865e-10 7.925742024379247e-16 2.0034266097786628e-12 2.199484259543724e-12 1.960398268929566e-12 1.384730896696058e-06 1.2669899854028099e-09 4.910566266727171e-13 1.0646985802373926e-11 3.2235908873930136e-08 68
2.208921696432001e-18 3.2457517589573716e-15 1.9989458065438824e-07 6.499506338301736e-06 0.005586002248202625 6.934565406388653e-16 0.03573268030697528 4.218679417927646e-17 0.00013647824403991183 1.8987070601254496e-15 5.064380433730707e-06 1.9527086232092395e-08 2.0867825529092802e-16 66
2.208921696432001e-18 3.2457517589573716e-15 9.591220670413186e-24 2.3087079671283687e-17 2.381809836316525e-16 6.934565406388653e-16 1.5608542853945036e-12 4.218679417927646e-17 4.599312988744921e-11 1.2104692979233375e-05 5.064380433730707e-06 1.9527086232092395e-08 2.0867825529092802e-16 66
2.208921696432001e-18 3.2457517589573716e-15 9.591220670413186e-24 2.3087079671283687e-17 2.381809836316525e-16 6.934565406388653e-16 1.5608542853945036e-12 4.218679417927646e-17 4.599312988744921e-11 1.2104692979233375e-05 0.02246334464656798 1.9527086232092395e-08 2.0867825529092802e-16 66
2.208921696432001e-18 3.2457517589573716e-15 9.591220670413186e-24 2.3087079671283687e-17 2.381809836316525e-16 6.934565406388653e-16 1.5608542853945036e-12 4.218679417927646e-17 4.599312988744921e-11 1.2104692979233375e-05 0.02246334464656798 1.9527086232092395e-08 2.0867825529092802e-16 66
6.27967043987694e-19 0.000586237117502525 0.007730689367922904 2.126740281917865e-10 7.925742024379247e-16 2.0034266097786628e-12 2.199484259543724e-12 1.960398268929566e-12 1.384730896696058e-06 1.2669899854028099e-09 4.910566266727171e-13 1.0646985802373926e-11 3.2235908873930136e-08 68
6.27967043987694e-19 3.576713686803154e-09 9.591220670413186e-24 2.3087079671283687e-17 2.381809836316525e-16 2.0034266097786628e-12 3.7107655910511865e-11 1.960398268929566e-12 1.384730896696058e-06 1.8987070601254496e-15 0.0001453493217248615 1.5543325428643833e-07 3.469394216440388e-10 67
6.27967043987694e-19 3.576713686803154e-09 9.591220670413186e-24 1.792353256547682e-05 2.381809836316525e-16 2.0034266097786628e-12 2.199484259543724e-12 4.218679417927646e-17 1.384730896696058e-06 1.2104692979233375e-05 4.910566266727171e-13 1.0646985802373926e-11 3.469394216440388e-10 68
2.208921696432001e-18 3.2457517589573716e-15 1.9989458065438824e-07 2.3087079671283687e-17 2.381809836316525e-16 6.934565406388653e-16 1.5608542853945036e-12 4.218679417927646e-17 0.00013647824403991183 1.2104692979233375e-05 0.02246334464656798 1.9527086232092395e-08 2.0867825529092802e-16 66
2.208921696432001e-18 1.9614857850960657e-12 0.007730689367922904 2.3087079671283687e-17 2.381809836316525e-16 6.934565406388653e-16 1.5608542853945036e-12 4.218679417927646e-17 4.599312988744921e-11 1.2104692979233375e-05 0.02246334464656798 0.05835811044395526 2.0867825529092802e-16 66
2.208921696432001e-18 3.2457517589573716e-15 9.591220670413186e-24 2.3087079671283687e-17 2.381809836316525e-16 6.934565406388653e-16 0.03573268030697528 0.78 4.599312988744921e-11 1.8987070601254496e-15 4.085161063209101e-12 0.05835811044395526 2.0867825529092802e-16 66
6.27967043987694e-19 3.2457517589573716e-15 0.0005681863807566694 1.792353256547682e-05 2.381809836316525e-16 6.934565406388653e-16 0.03573268030697528 1.960398268929566e-12 4.599312988744921e-11 1.8987070601254496e-15 5.064380433730707e-06 2.761426772788411e-08 2.0867825529092802e-16 66
2.208921696432001e-18 3.2457517589573716e-15 9.591220670413186e-24 2.3087079671283687e-17 2.381809836316525e-16 6.934565406388653e-16 1.5608542853945036e-12 4.218679417927646e-17 4.599312988744921e-11 1.2104692979233375e-05 5.064380433730707e-06 1.9527086232092395e-08 2.0867825529092802e-16 66
2.208921696432001e-18 1.9614857850960657e-12 9.591220670413186e-24 2.3087079671283687e-17 0.023821786871316853 7.54805297505232e-09 3.7107655910511865e-11 4.218679417927646e-17 4.3537462576622794e-14 7.226957915966344e-07 5.064380433730707e-06 0.05835811044395526 2.0867825529092802e-16 66
6.27967043987694e-19 3.576713686803154e-09 0.007730689367922904 2.126740281917865e-10 2.381809836316525e-16 2.0034266097786628e-12 3.7107655910511865e-11 4.218679417927646e-17 4.3537462576622794e-14 1.2669899854028099e-09 4.910566266727171e-13 1.0646985802373926e-11 3.469394216440388e-10 68
6.27967043987694e-19 0.000586237117502525 9.591220670413186e-24 2.126740281917865e-10 7.925742024379247e-16 6.934565406388653e-16 1.5608542853945036e-12 4.218679417927646e-17 4.599312988744921e-11 1.8987070601254496e-15 4.910566266727171e-13 1.9527086232092395e-08 3.469394216440388e-10 67
2.208921696432001e-18 3.576713686803154e-09 1.9989458065438824e-07 1.792353256547682e-05 2.381809836316525e-16 2.0034266097786628e-12 3.7107655910511865e-11 4.218679417927646e-17 4.3537462576622794e-14 1.2669899854028099e-09 4.910566266727171e-13 1.0646985802373926e-11 3.469394216440388e-10 68
2.208921696432001e-18 3.2457517589573716e-15 1.9989458065438824e-07 2.3087079671283687e-17 0.023821786871316853 6.934565406388653e-16 1.5608542853945036e-12 4.218679417927646e-17 4.599312988744921e-11 1.2104692979233375e-05 4.085161063209101e-12 1.9527086232092395e-08 2.0867825529092802e-16 66
2.208921696432001e-18 3.576713686803154e-09 1.9989458065438824e-07 1.792353256547682e-05 2.381809836316525e-16 2.0034266097786628e-12 3.7107655910511865e-11 4.218679417927646e-17 4.3537462576622794e-14 1.2669899854028099e-09 4.910566266727171e-13 1.0646985802373926e-11 3.469394216440388e-10 68
6.27967043987694e-19 3.2457517589573716e-15 9.591220670413186e-24 2.3087079671283687e-17 0.005586002248202625 2.0034266097786628e-12 3.7107655910511865e-11 2.363798242747462e-06 1.384730896696058e-06 1.8987070601254496e-15 4.085161063209101e-12 1.5543325428643833e-07 3.469394216440388e-10 67
6.27967043987694e-19 3.576713686803154e-09 9.591220670413186e-24 2.3087079671283687e-17 2.381809836316525e-16 2.0034266097786628e-12 3.7107655910511865e-11 1.960398268929566e-12 1.384730896696058e-06 1.8987070601254496e-15 0.0001453493217248615 1.5543325428643833e-07 3.469394216440388e-10 67
2.208921696432001e-18 3.2457517589573716e-15 0.007730689367922904 2.126740281917865e-10 2.381809836316525e-16 6.934565406388653e-16 0.68 4.218679417927646e-17 4.599312988744921e-11 1.2104692979233375e-05 0.0001453493217248615 2.761426772788411e-08 2.0867825529092802e-16 66
2.208921696432001e-18 0.000586237117502525 0.0005681863807566694 1.792353256547682e-05 2.381809836316525e-16 7.54805297505232e-09 2.199484259543724e-12 4.218679417927646e-17 1.384730896696058e-06 1.2669899854028099e-09 4.910566266727171e-13 1.0646985802373926e-11 3.2235908873930136e-08 68
6.27967043987694e-19 3.2457517589573716e-15 9.591220670413186e-24 2.3087079671283687e-17 0.005586002248202625 2.0034266097786628e-12 3.7107655910511865e-11 2.363798242747462e-06 1.384730896696058e-06 1.8987070601254496e-15 4.085161063209101e-12 1.5543325428643833e-07 3.469394216440388e-10 67
0.0032484254824522983 3.576713686803154e-09 9.591220670413186e-24 2.126740281917865e-10 2.381809836316525e-16 2.0034266097786628e-12 2.199484259543724e-12 1.960398268929566e-12 4.3537462576622794e-14 1.8987070601254496e-15 4.910566266727171e-13 1.0646985802373926e-11 2.0867825529092802e-16 68
6.27967043987694e-19 1.9614857850960657e-12 9.591220670413186e-24 2.3087079671283687e-17 7.925742024379247e-16 7.54805297505232e-09 2.199484259543724e-12 4.218679417927646e-17 1.384730896696058e-06 1.8987070601254496e-15 5.064380433730707e-06 1.0646985802373926e-11 3.469394216440388e-10 67
2.208921696432001e-18 3.2457517589573716e-15 1.9989458065438824e-07 6.499506338301736e-06 0.005586002248202625 6.934565406388653e-16 0.03573268030697528 4.218679417927646e-17 0.00013647824403991183 1.8987070601254496e-15 5.064380433730707e-06 1.9527086232092395e-08 2.0867825529092802e-16 66
2.208921696432001e-18 3.2457517589573716e-15 0.0034001752815146415 6.499506338301736e-06 2.381809836316525e-16 6.934565406388653e-16 1.5608542853945036e-12 4.218679417927646e-17 4.599312988744921e-11 1.2104692979233375e-05 5.064380433730707e-06 1.5543325428643833e-07 2.0867825529092802e-16 66
2.208921696432001e-18 3.576713686803154e-09 1.9989458065438824e-07 1.792353256547682e-05 2.381809836316525e-16 2.0034266097786628e-12 3.7107655910511865e-11 4.218679417927646e-17 4.3537462576622794e-14 1.2669899854028099e-09 4.910566266727171e-13 1.0646985802373926e-11 3.469394216440388e-10 68
6.27967043987694e-19 3.2457517589573716e-15 9.591220670413186e-24 1.792353256547682e-05 7.925742024379247e-16 2.0034266097786628e-12 3.7107655910511865e-11 1.960398268929566e-12 4.3537462576622794e-14 1.8987070601254496e-15 4.085161063209101e-12 1.5543325428643833e-07 3.469394216440388e-10 67
6.27967043987694e-19 3.2457517589573716e-15 9.591220670413186e-24 2.126740281917865e-10 7.925742024379247e-16 7.54805297505232e-09 3.7107655910511865e-11 4.218679417927646e-17 4.3537462576622794e-14 1.8987070601254496e-15 5.064380433730707e-06 1.9527086232092395e-08 3.2235908873930136e-08 67
6.27967043987694e-19 1.9614857850960657e-12 9.591220670413186e-24 2.3087079671283687e-17 7.925742024379247e-16 6.934565406388653e-16 1.5608542853945036e-12 4.218679417927646e-17 0.030784391870267325 1.8987070601254496e-15 4.085161063209101e-12 0.05835811044395526 3.469394216440388e-10 67
2.208921696432001e-18 3.576713686803154e-09 1.9989458065438824e-07 1.792353256547682e-05 2.381809836316525e-16 2.0034266097786628e-12 3.7107655910511865e-11 4.218679417927646e-17 4.3537462576622794e-14 1.2669899854028099e-09 4.910566266727171e-13 1.0646985802373926e-11 3.469394216440388e-10 68
2.208921696432001e-18 3.2457517589573716e-15 1.9989458065438824e-07 2.3087079671283687e-17 2.381809836316525e-16 0.2234124904398581 3.7107655910511865e-11 4.218679417927646e-17 4.3537462576622794e-14 1.8987070601254496e-15 5.064380433730707e-06 0.05835811044395526 2.0867825529092802e-16 66
6.27967043987694e-19 0.18 1.9989458065438824e-07 2.3087079671283687e-17 2.381809836316525e-16 0.58 3.7107655910511865e-11 4.218679417927646e-17 4.599312988744921e-11 1.8987070601254496e-15 5.064380433730707e-06 1.9527086232092395e-08 2.0867825529092802e-16 66
6.27967043987694e-19 3.576713686803154e-09 9.591220670413186e-24 2.3087079671283687e-17 0.005586002248202625 2.0034266097786628e-12 2.199484259543724e-12 0.041146722777729114 1.384730896696058e-06 1.2104692979233375e-05 4.910566266727171e-13 1.0646985802373926e-11 3.469394216440388e-10 68
6.27967043987694e-19 1.9614857850960657e-12 9.591220670413186e-24 2.3087079671283687e-17 7.925742024379247e-16 7.54805297505232e-09 2.199484259543724e-12 4.218679417927646e-17 1.384730896696058e-06 1.8987070601254496e-15 5.064380433730707e-06 1.0646985802373926e-11 3.469394216440388e-10 67
2.208921696432001e-18 3.2457517589573716e-15 0.007730689367922904 2.3087079671283687e-17 2.381809836316525e-16 6.934565406388653e-16 1.5608542853945036e-12 4.218679417927646e-17 4.599312988744921e-11 1.2669899854028099e-09 0.02246334464656798 1.9527086232092395e-08 2.0867825529092802e-16 66
0.0032484254824522983 3.576713686803154e-09 0.0005681863807566694 2.126740281917865e-10 2.381809836316525e-16 6.934565406388653e-16 0.03573268030697528 0.041146722777729114 0.030784391870267325 1.8987070601254496e-15 5.064380433730707e-06 0.05835811044395526 2.0867825529092802e-16 66
6.27967043987694e-19 3.2457517589573716e-15 9.591220670413186e-24 2.126740281917865e-10 7.925742024379247e-16 2.0034266097786628e-12 3.7107655910511865e-11 1.960398268929566e-12 0.00013647824403991183 1.8987070601254496e-15 0.02246334464656798 1.5543325428643833e-07 3.469394216440388e-10 67
6.27967043987694e-19 1.9614857850960657e-12 9.591220670413186e-24 2.3087079671283687e-17 2.381809836316525e-16 7.54805297505232e-09 2.199484259543724e-12 1.960398268929566e-12 1.384730896696058e-06 1.8987070601254496e-15 4.085161063209101e-12 1.0646985802373926e-11 3.2235908873930136e-08 67
6.27967043987694e-19 1.9614857850960657e-12 9.591220670413186e-24 6.499506338301736e-06 7.925742024379247e-16 7.54805297505232e-09 3.7107655910511865e-11 4.218679417927646e-17 1.384730896696058e-06 1.8987070601254496e-15 5.064380433730707e-06 1.9527086232092395e-08 3.469394216440388e-10 67
6.27967043987694e-19 1.9614857850960657e-12 9.591220670413186e-24 1.792353256547682e-05 7.925742024379247e-16 7.54805297505232e-09 3.7107655910511865e-11 0.78 4.3537462576622794e-14 1.8987070601254496e-15 5.064380433730707e-06 2.761426772788411e-08 3.2235908873930136e-08 67
6.27967043987694e-19 1.9614857850960657e-12 9.591220670413186e-24 1.792353256547682e-05 7.925742024379247e-16 7.54805297505232e-09 3.7107655910511865e-11 0.78 4.3537462576622794e-14 1.8987070601254496e-15 5.064380433730707e-06 2.761426772788411e-08 3.2235908873930136e-08 67
0.04 0.000586237117502525 9.591220670413186e-24 2.126740281917865e-10 2.381809836316525e-16 2.0034266097786628e-12 3.7107655910511865e-11 2.363798242747462e-06 1.384730896696058e-06 1.2669899854028099e-09 4.910566266727171e-13 1.0646985802373926e-11 3.469394216440388e-10 68
2.208921696432001e-18 3.2457517589573716e-15 9.591220670413186e-24 2.3087079671283687e-17 2.381809836316525e-16 6.934565406388653e-16 1.5608542853945036e-12 2.363798242747462e-06 4.599312988744921e-11 1.2104692979233375e-05 0.0001453493217248615 1.9527086232092395e-08 2.0867825529092802e-16 66
0.0032484254824522983 0.000586237117502525 9.591220670413186e-24 2.126740281917865e-10 7.925742024379247e-16 2.0034266097786628e-12 2.199484259543724e-12 1.960398268929566e-12 4.3537462576622794e-14 1.2669899854028099e-09 4.910566266727171e-13 1.0646985802373926e-11 2.0867825529092802e-16 68
0.0032484254824522983 3.576713686803154e-09 9.591220670413186e-24 2.3087079671283687e-17 2.381809836316525e-16 2.0034266097786628e-12 2.199484259543724e-12 1.960398268929566e-12 0.030784391870267325 1.2669899854028099e-09 4.910566266727171e-13 1.0646985802373926e-11 3.2235908873930136e-08 68
6.27967043987694e-19 3.576713686803154e-09 9.591220670413186e-24 2.3087079671283687e-17 2.381809836316525e-16 2.0034266097786628e-12 3.7107655910511865e-11 1.960398268929566e-12 1.384730896696058e-06 1.8987070601254496e-15 0.0001453493217248615 1.5543325428643833e-07 3.469394216440388e-10 67
6.27967043987694e-19 1.9614857850960657e-12 9.591220670413186e-24 6.499506338301736e-06 2.381809836316525e-16 2.0034266097786628e-12 2.199484259543724e-12 1.960398268929566e-12 4.3537462576622794e-14 1.2669899854028099e-09 4.910566266727171e-13 1.0646985802373926e-11 3.2235908873930136e-08 68
6.27967043987694e-19 3.576713686803154e-09 9.591220670413186e-24 2.126740281917865e-10 7.925742024379247e-16 2.0034266097786628e-12 3.7107655910511865e-11 1.960398268929566e-12 4.3537462576622794e-14 1.8987070601254496e-15 0.02246334464656798 1.9527086232092395e-08 3.469394216440388e-10 67
2.208921696432001e-18 3.2457517589573716e-15 1.9989458065438824e-07 2.3087079671283687e-17 2.381809836316525e-16 6.934565406388653e-16 1.5608542853945036e-12 4.218679417927646e-17 0.00013647824403991183 1.2104692979233375e-05 0.02246334464656798 1.9527086232092395e-08 2.0867825529092802e-16 66
6.27967043987694e-19 3.576713686803154e-09 9.591220670413186e-24 2.3087079671283687e-17 7.925742024379247e-16 7.54805297505232e-09 3.7107655910511865e-11 2.363798242747462e-06 0.030784391870267325 1.8987070601254496e-15 0.0001453493217248615 2.761426772788411e-08 1.24 67
6.27967043987694e-19 0.000586237117502525 0.007730689367922904 2.126740281917865e-10 7.925742024379247e-16 2.0034266097786628e-12 2.199484259543724e-12 1.960398268929566e-12 1.384730896696058e-06 1.2669899854028099e-09 4.910566266727171e-13 1.0646985802373926e-11 3.2235908873930136e-08 68
6.27967043987694e-19 3.2457517589573716e-15 9.591220670413186e-24 1.792353256547682e-05 7.925742024379247e-16 7.54805297505232e-09 3.7107655910511865e-11 0.041146722777729114 4.599312988744921e-11 1.8987070601254496e-15 0.02246334464656798 1.5543325428643833e-07 3.469394216440388e-10 67
0.04 1.9614857850960657e-12 9.591220670413186e-24 2.3087079671283687e-17 2.381809836316525e-16 0.58 0.03573268030697528 4.218679417927646e-17 4.3537462576622794e-14 1.8987070601254496e-15 4.085161063209101e-12 1.5543325428643833e-07 2.0867825529092802e-16 66
2.208921696432001e-18 3.2457517589573716e-15 9.591220670413186e-24 2.3087079671283687e-17 2.381809836316525e-16 6.934565406388653e-16 1.5608542853945036e-12 4.218679417927646e-17 4.599312988744921e-11 1.2669899854028099e-09 5.064380433730707e-06 2.761426772788411e-08 2.0867825529092802e-16 66
6.27967043987694e-19 3.576713686803154e-09 9.591220670413186e-24 6.499506338301736e-06 2.381809836316525e-16 2.0034266097786628e-12 3.7107655910511865e-11 4.218679417927646e-17 1.384730896696058e-06 0.96 4.910566266727171e-13 1.0646985802373926e-11 3.469394216440388e-10 68
6.27967043987694e-19 3.2457517589573716e-15 9.591220670413186e-24 2.3087079671283687e-17 0.005586002248202625 2.0034266097786628e-12 3.7107655910511865e-11 2.363798242747462e-06 1.384730896696058e-06 1.8987070601254496e-15 4.085161063209101e-12 1.5543325428643833e-07 3.469394216440388e-10 67
6.27967043987694e-19 3.576713686803154e-09 9.591220670413186e-24 2.126740281917865e-10 7.925742024379247e-16 2.0034266097786628e-12 3.7107655910511865e-11 1.960398268929566e-12 4.3537462576622794e-14 1.8987070601254496e-15 0.02246334464656798 1.9527086232092395e-08 3.469394216440388e-10 67
0.05290294465144419 3.2457517589573716e-15 9.591220670413186e-24 2.3087079671283687e-17 0.023821786871316853 0.58 3.7107655910511865e-11 4.218679417927646e-17 4.3537462576622794e-14 1.8987070601254496e-15 5.064380433730707e-06 1.5543325428643833e-07 2.0867825529092802e-16 66
6.27967043987694e-19 0.000586237117502525 9.591220670413186e-24 2.126740281917865e-10 7.925742024379247e-16 0.2234124904398581 2.199484259543724e-12 1.960398268929566e-12 1.384730896696058e-06 1.2669899854028099e-09 4.910566266727171e-13 1.0646985802373926e-11 3.469394216440388e-10 68
6.27967043987694e-19 3.2457517589573716e-15 9.591220670413186e-24 2.3087079671283687e-17 7.925742024379247e-16 6.934565406388653e-16 1.5608542853945036e-12 4.218679417927646e-17 4.599312988744921e-11 1.2669899854028099e-09 5.064380433730707e-06 0.05835811044395526 2.0867825529092802e-16 66
2.208921696432001e-18 3.2457517589573716e-15 0.007730689367922904 2.3087079671283687e-17 2.381809836316525e-16 6.934565406388653e-16 1.5608542853945036e-12 4.218679417927646e-17 0.030784391870267325 1.2669899854028099e-09 4.085161063209101e-12 0.05835811044395526 2.0867825529092802e-16 66
2.208921696432001e-18 0.000586237117502525 9.591220670413186e-24 2.3087079671283687e-17 2.381809836316525e-16 6.934565406388653e-16 0.03573268030697528 4.218679417927646e-17 4.3537462576622794e-14 7.226957915966344e-07 0.02246334464656798 1.9527086232092395e-08 2.0867825529092802e-16 66
6.27967043987694e-19 3.2457517589573716e-15 9.591220670413186e-24 1.792353256547682e-05 7.925742024379247e-16 7.54805297505232e-09 3.7107655910511865e-11 0.041146722777729114 4.599312988744921e-11 1.8987070601254496e-15 0.02246334464656798 1.5543325428643833e-07 3.469394216440388e-10 67
6.27967043987694e-19 3.576713686803154e-09 0.0034001752815146415 2.126740281917865e-10 0.005586002248202625 2.0034266097786628e-12 2.199484259543724e-12 1.960398268929566e-12 1.384730896696058e-06 1.8987070601254496e-15 4.910566266727171e-13 1.5543325428643833e-07 0.027215206014111204 68
0.04 0.000586237117502525 9.591220670413186e-24 2.126740281917865e-10 2.381809836316525e-16 2.0034266097786628e-12 3.7107655910511865e-11 2.363798242747462e-06 1.384730896696058e-06 1.2669899854028099e-09 4.910566266727171e-13 1.0646985802373926e-11 3.469394216440388e-10 68
2.208921696432001e-18 1.9614857850960657e-12 9.591220670413186e-24 2.3087079671283687e-17 0.023821786871316853 7.54805297505232e-09 3.7107655910511865e-11 4.218679417927646e-17 4.3537462576622794e-14 7.226957915966344e-07 5.064380433730707e-06 0.05835811044395526 2.0867825529092802e-16 66
6.27967043987694e-19 1.9614857850960657e-12 9.591220670413186e-24 2.3087079671283687e-17 7.925742024379247e-16 0.2234124904398581 3.7107655910511865e-11 0.041146722777729114 4.599312988744921e-11 1.8987070601254496e-15 0.02246334464656798 2.761426772788411e-08 3.469394216440388e-10 67
2.208921696432001e-18 3.576713686803154e-09 1.9989458065438824e-07 2.3087079671283687e-17 2.381809836316525e-16 6.934565406388653e-16 1.5608542853945036e-12 4.218679417927646e-17 0.00013647824403991183 7.226957915966344e-07 0.0001453493217248615 1.9527086232092395e-08 2.0867825529092802e-16 66
6.27967043987694e-19 3.2457517589573716e-15 9.591220670413186e-24 2.3087079671283687e-17 7.925742024379247e-16 7.54805297505232e-09 3.7107655910511865e-11 4.218679417927646e-17 0.00013647824403991183 1.8987070601254496e-15 5.064380433730707e-06 2.761426772788411e-08 2.0867825529092802e-16 67
2.208921696432001e-18 0.000586237117502525 0.0005681863807566694 1.792353256547682e-05 2.381809836316525e-16 7.54805297505232e-09 2.199484259543724e-12 4.218679417927646e-17 1.384730896696058e-06 1.2669899854028099e-09 4.910566266727171e-13 1.0646985802373926e-11 3.2235908873930136e-08 68
6.27967043987694e-19 0.000586237117502525 9.591220670413186e-24 2.3087079671283687e-17 2.381809836316525e-16 2.0034266097786628e-12 2.199484259543724e-12 4.218679417927646e-17 1.384730896696058e-06 1.2669899854028099e-09 4.910566266727171e-13 1.0646985802373926e-11 2.0867825529092802e-16 68
6.27967043987694e-19 1.9614857850960657e-12 9.591220670413186e-24 2.3087079671283687e-17 2.381809836316525e-16 7.54805297505232e-09 3.7107655910511865e-11 1.960398268929566e-12 1.384730896696058e-06 1.2104692979233375e-05 0.0001453493217248615 1.0646985802373926e-11 3.469394216440388e-10 67
2.208921696432001e-18 3.2457517589573716e-15 0.007730689367922904 2.3087079671283687e-17 2.381809836316525e-16 6.934565406388653e-16 1.5608542853945036e-12 4.218679417927646e-17 0.030784391870267325 1.2669899854028099e-09 4.085161063209101e-12 0.05835811044395526 2.0867825529092802e-16 66
2.208921696432001e-18 3.2457517589573716e-15 0.0034001752815146415 6.499506338301736e-06 0.02016727765866052 6.934565406388653e-16 0.68 1.960398268929566e-12 4.3537462576622794e-14 0.96 4.085161063209101e-12 2.761426772788411e-08 2.0867825529092802e-16 66
6.27967043987694e-19 1.9614857850960657e-12 9.591220670413186e-24 2.3087079671283687e-17 7.925742024379247e-16 6.934565406388653e-16 3.7107655910511865e-11 4.218679417927646e-17 0.00013647824403991183 1.8987070601254496e-15 4.085161063209101e-12 1.5543325428643833e-07 3.469394216440388e-10 67
6.27967043987694e-19 3.576713686803154e-09 9.591220670413186e-24 2.3087079671283687e-17 2.381809836316525e-16 2.0034266097786628e-12 2.199484259543724e-12 0.041146722777729114 1.384730896696058e-06 7.226957915966344e-07 4.910566266727171e-13 1.0646985802373926e-11 3.2235908873930136e-08 68
6.27967043987694e-19 3.576713686803154e-09 9.591220670413186e-24 6.499506338301736e-06 7.925742024379247e-16 2.0034266097786628e-12 2.199484259543724e-12 1.960398268929566e-12 1.384730896696058e-06 1.2669899854028099e-09 4.910566266727171e-13 1.0646985802373926e-11 3.469394216440388e-10 68
2.208921696432001e-18 3.2457517589573716e-15 9.591220670413186e-24 2.3087079671283687e-17 2.381809836316525e-16 6.934565406388653e-16 1.5608542853945036e-12 2.363798242747462e-06 4.599312988744921e-11 1.2104692979233375e-05 0.0001453493217248615 1.9527086232092395e-08 2.0867825529092802e-16 66
2.208921696432001e-18 0.000586237117502525 9.591220670413186e-24 6.499506338301736e-06 7.925742024379247e-16 2.0034266097786628e-12 2.199484259543724e-12 0.041146722777729114 1.384730896696058e-06 7.226957915966344e-07 4.910566266727171e-13 1.0646985802373926e-11 3.469394216440388e-10 68
6.27967043987694e-19 0.000586237117502525 0.0034001752815146415 0.2584557744266779 2.381809836316525e-16 7.54805297505232e-09 3.7107655910511865e-11 1.960398268929566e-12 0.00013647824403991183 1.8987070601254496e-15 0.0001453493217248615 2.761426772788411e-08 3.469394216440388e-10 67
6.27967043987694e-19 3.2457517589573716e-15 9.591220670413186e-24 2.126740281917865e-10 7.925742024379247e-16 7.54805297505232e-09 3.7107655910511865e-11 4.218679417927646e-17 4.3537462576622794e-14 1.8987070601254496e-15 5.064380433730707e-06 1.9527086232092395e-08 3.2235908873930136e-08 67
2.208921696432001e-18 3.576713686803154e-09 1.9989458065438824e-07 1.792353256547682e-05 2.381809836316525e-16 2.0034266097786628e-12 3.7107655910511865e-11 4.218679417927646e-17 4.3537462576622794e-14 1.2669899854028099e-09 4.910566266727171e-13 1.0646985802373926e-11 3.469394216440388e-10 68
2.208921696432001e-18 1.9614857850960657e-12 9.591220670413186e-24 2.3087079671283687e-17 0.023821786871316853 7.54805297505232e-09 3.7107655910511865e-11 4.218679417927646e-17 1.384730896696058e-06 1.8987070601254496e-15 4.085161063209101e-12 1.5543325428643833e-07 3.2235908873930136e-08 67
6.27967043987694e-19 3.576713686803154e-09 1.9989458065438824e-07 2.126740281917865e-10 2.381809836316525e-16 2.0034266097786628e-12 2.199484259543724e-12 1.960398268929566e-12 1.384730896696058e-06 1.2104692979233375e-05 0.02246334464656798 1.5543325428643833e-07 1.24 68
0.04 1.9614857850960657e-12 9.591220670413186e-24 2.3087079671283687e-17 7.925742024379247e-16 6.934565406388653e-16 1.5608542853945036e-12 4.218679417927646e-17 4.599312988744921e-11 7.226957915966344e-07 5.064380433730707e-06 2.761426772788411e-08 3.469394216440388e-10 67
6.27967043987694e-19 3.576713686803154e-09 0.0005681863807566694 6.499506338301736e-06 2.381809836316525e-16 2.0034266097786628e-12 3.7107655910511865e-11 1.960398268929566e-12 1.384730896696058e-06 1.8987070601254496e-15 4.085161063209101e-12 1.5543325428643833e-07 0.027215206014111204 67
6.27967043987694e-19 3.576713686803154e-09 9.591220670413186e-24 2.3087079671283687e-17 2.381809836316525e-16 2.0034266097786628e-12 2.199484259543724e-12 0.041146722777729114 1.384730896696058e-06 7.226957915966344e-07 4.910566266727171e-13 1.0646985802373926e-11 3.2235908873930136e-08 68
2.208921696432001e-18 3.576713686803154e-09 0.0034001752815146415 1.792353256547682e-05 2.381809836316525e-16 2.0034266097786628e-12 2.199484259543724e-12 0.041146722777729114 4.3537462576622794e-14 1.2669899854028099e-09 4.910566266727171e-13 1.0646985802373926e-11 2.0867825529092802e-16 68
2.208921696432001e-18 3.576713686803154e-09 0.0034001752815146415 1.792353256547682e-05 0.005586002248202625 2.0034266097786628e-12 2.199484259543724e-12 1.960398268929566e-12 1.384730896696058e-06 1.8987070601254496e-15 0.02246334464656798 1.0646985802373926e-11 3.469394216440388e-10 68
0.05290294465144419 3.576713686803154e-09 9.591220670413186e-24 2.126740281917865e-10 7.925742024379247e-16 7.54805297505232e-09 2.199484259543724e-12 1.960398268929566e-12 4.3537462576622794e-14 1.2669899854028099e-09 4.910566266727171e-13 1.0646985802373926e-11 3.2235908873930136e-08 68
6.27967043987694e-19 3.576713686803154e-09 9.591220670413186e-24 6.499506338301736e-06 7.925742024379247e-16 2.0034266097786628e-12 2.199484259543724e-12 0.041146722777729114 1.384730896696058e-06 1.2669899854028099e-09 4.910566266727171e-13 1.0646985802373926e-11 3.2235908873930136e-08 68
6.27967043987694e-19 3.2457517589573716e-15 9.591220670413186e-24 2.3087079671283687e-17 0.005586002248202625 2.0034266097786628e-12 3.7107655910511865e-11 2.363798242747462e-06 1.384730896696058e-06 1.8987070601254496e-15 4.085161063209101e-12 1.5543325428643833e-07 3.469394216440388e-10 67
2.208921696432001e-18 3.576713686803154e-09 9.591220670413186e-24 6.499506338301736e-06 7.925742024379247e-16 2.0034266097786628e-12 2.199484259543724e-12 1.960398268929566e-12 1.384730896696058e-06 1.2104692979233375e-05 4.910566266727171e-13 1.0646985802373926e-11 1.24 68
2.208921696432001e-18 3.2457517589573716e-15 9.591220670413186e-24 2.3087079671283687e-17 2.381809836316525e-16 6.934565406388653e-16 1.5608542853945036e-12 4.218679417927646e-17 0.030784391870267325 1.2669899854028099e-09 5.064380433730707e-06 2.761426772788411e-08 2.0867825529092802e-16 66
2.208921696432001e-18 3.2457517589573716e-15 1.9989458065438824e-07 2.3087079671283687e-17 2.381809836316525e-16 6.934565406388653e-16 0.68 0.041146722777729114 0.00013647824403991183 1.2104692979233375e-05 5.064380433730707e-06 0.05835811044395526 2.0867825529092802e-16 66
2.208921696432001e-18 3.2457517589573716e-15 1.9989458065438824e-07 2.3087079671283687e-17 2.381809836316525e-16 6.934565406388653e-16 1.5608542853945036e-12 4.218679417927646e-17 0.00013647824403991183 1.2104692979233375e-05 0.02246334464656798 1.9527086232092395e-08 2.0867825529092802e-16 66
0.0032484254824522983 3.576713686803154e-09 9.591220670413186e-24 2.3087079671283687e-17 2.381809836316525e-16 2.0034266097786628e-12 2.199484259543724e-12 1.960398268929566e-12 0.030784391870267325 1.2669899854028099e-09 4.910566266727171e-13 1.0646985802373926e-11 3.2235908873930136e-08 68
6.27967043987694e-19 3.576713686803154e-09 9.591220670413186e-24 2.126740281917865e-10 7.925742024379247e-16 6.934565406388653e-16 3.7107655910511865e-11 4.218679417927646e-17 1.384730896696058e-06 1.8987070601254496e-15 0.02246334464656798 1.5543325428643833e-07 3.469394216440388e-10 67
0.04 3.2457517589573716e-15 0.0005681863807566694 0.2584557744266779 2.381809836316525e-16 7.54805297505232e-09 3.7107655910511865e-11 4.218679417927646e-17 4.3537462576622794e-14 1.2669899854028099e-09 4.910566266727171e-13 1.0646985802373926e-11 3.469394216440388e-10 68
2.208921696432001e-18 3.2457517589573716e-15 9.591220670413186e-24 2.3087079671283687e-17 2.381809836316525e-16 6.934565406388653e-16 0.03573268030697528 0.78 4.599312988744921e-11 1.8987070601254496e-15 4.085161063209101e-12 0.05835811044395526 2.0867825529092802e-16 66
0.0032484254824522983 0.000586237117502525 9.591220670413186e-24 6.499506338301736e-06 2.381809836316525e-16 2.0034266097786628e-12 2.199484259543724e-12 1.960398268929566e-12 4.3537462576622794e-14 1.2669899854028099e-09 4.910566266727171e-13 1.0646985802373926e-11 2.0867825529092802e-16 68
2.208921696432001e-18 3.2457517589573716e-15 9.591220670413186e-24 2.3087079671283687e-17 7.925742024379247e-16 6.934565406388653e-16 1.5608542853945036e-12 1.960398268929566e-12 4.599312988744921e-11 0.96 4.085161063209101e-12 1.5543325428643833e-07 2.0867825529092802e-16 66
0.05290294465144419 3.576713686803154e-09 9.591220670413186e-24 2.126740281917865e-10 7.925742024379247e-16 7.54805297505232e-09 2.199484259543724e-12 1.960398268929566e-12 4.3537462576622794e-14 1.2669899854028099e-09 4.910566266727171e-13 1.0646985802373926e-11 3.2235908873930136e-08 68
2.208921696432001e-18 3.576713686803154e-09 1.9989458065438824e-07 2.3087079671283687e-17 2.381809836316525e-16 6.934565406388653e-16 1.5608542853945036e-12 4.218679417927646e-17 0.00013647824403991183 7.226957915966344e-07 0.0001453493217248615 1.9527086232092395e-08 2.0867825529092802e-16 66
6.27967043987694e-19 3.2457517589573716e-15 0.0005681863807566694 2.126740281917865e-10 0.02016727765866052 2.0034266097786628e-12 2.199484259543724e-12 4.218679417927646e-17 4.3537462576622794e-14 1.8987070601254496e-15 0.0001453493217248615 1.5543325428643833e-07 3.2235908873930136e-08 67
6.27967043987694e-19 0.000586237117502525 9.591220670413186e-24 2.3087079671283687e-17 2.381809836316525e-16 2.0034266097786628e-12 2.199484259543724e-12 4.218679417927646e-17 1.384730896696058e-06 1.2669899854028099e-09 4.910566266727171e-13 1.0646985802373926e-11 2.0867825529092802e-16 68
2.208921696432001e-18 3.2457517589573716e-15 9.591220670413186e-24 2.3087079671283687e-17 2.381809836316525e-16 6.934565406388653e-16 1.5608542853945036e-12 2.363798242747462e-06 4.599312988744921e-11 1.2104692979233375e-05 0.0001453493217248615 1.9527086232092395e-08 2.0867825529092802e-16 66
6.27967043987694e-19 1.9614857850960657e-12 9.591220670413186e-24 1.792353256547682e-05 7.925742024379247e-16 7.54805297505232e-09 3.7107655910511865e-11 0.78 4.3537462576622794e-14 1.8987070601254496e-15 5.064380433730707e-06 2.761426772788411e-08 3.2235908873930136e-08 67
