8.950065614049728e-14 1.0523764579938202e-09 2.9078450046918885e-18 3.4916701033250272e-12 1.1547371714125485e-11 1.1753306282907115e-09 5.9300368044509053e-08 6.654636487144881e-08 1.3046196559321843e-08 0.96 1.594535135028226e-08 2.563957727936417e-05 5.876605486399704e-11 66
8.950065614049728e-14 5.0200310281952975e-06 2.9078450046918885e-18 0.00033070097233668314 1.1547371714125485e-11 1.4698758163476079e-08 3.689525837291638e-08 6.654636487144881e-08 5.4162890944408365e-05 0.0026220230560533874 3.5689595185271317e-09 1.608781010253974e-08 1.24 68
1.0744218164376859e-12 2.1336555212730183e-10 2.9078450046918885e-18 3.4916701033250272e-12 1.1547371714125485e-11 2.9765073112244494e-08 6.5898946707459546e-09 7.276961040684796e-12 8.72851343337718e-09 9.213886990786085e-12 1.594535135028226e-08 2.563957727936417e-05 1.8498090516083663e-07 67
1.0744218164376859e-12 1.0523764579938202e-09 2.9078450046918885e-18 0.00033070097233668314 1.1547371714125485e-11 1.1753306282907115e-09 6.5898946707459546e-09 4.568951319914015e-05 8.72851343337718e-09 9.213886990786085e-12 0.002836065754506725 2.563957727936417e-05 1.8498090516083663e-07 67
1.0744218164376859e-12 2.1336555212730183e-10 2.9078450046918885e-18 3.4916701033250272e-12 1.1547371714125485e-11 2.9765073112244494e-08 3.689525837291638e-08 7.276961040684796e-12 5.4162890944408365e-05 9.213886990786085e-12 0.00019623009567516311 1.608781010253974e-08 1.8498090516083663e-07 67
8.950065614049728e-14 2.1336555212730183e-10 2.9078450046918885e-18 3.4916701033250272e-12 0.054464914438404025 2.9765073112244494e-08 6.5898946707459546e-09 7.276961040684796e-12 8.72851343337718e-09 0.0002382594435645476 0.00019623009567516311 0.3050606585458946 5.876605486399704e-11 66
0.007427033787055094 5.0200310281952975e-06 2.9078450046918885e-18 1.6030665251111878e-07 9.317245551603319e-10 1.4698758163476079e-08 3.689525837291638e-08 6.654636487144881e-08 8.72851343337718e-09 9.213886990786085e-12 3.5689595185271317e-09 1.608781010253974e-08 5.876605486399704e-11 68
8.950065614049728e-14 0.00306449060411433 2.9078450046918885e-18 0.00033070097233668314 1.1547371714125485e-11 1.4698758163476079e-08 3.689525837291638e-08 6.654636487144881e-08 8.72851343337718e-09 9.460478642251534e-07 3.5689595185271317e-09 1.608781010253974e-08 1.8498090516083663e-07 68
8.950065614049728e-14 1.0523764579938202e-09 2.9078450046918885e-18 3.4916701033250272e-12 9.317245551603319e-10 1.1753306282907115e-09 5.9300368044509053e-08 7.276961040684796e-12 1.3046196559321843e-08 0.0026220230560533874 0.271018572899529 1.1874628106965653e-05 5.876605486399704e-11 66
1.0744218164376859e-12 1.0523764579938202e-09 2.9078450046918885e-18 3.4916701033250272e-12 1.1547371714125485e-11 1.1753306282907115e-09 5.9300368044509053e-08 7.276961040684796e-12 1.3046196559321843e-08 9.460478642251534e-07 0.00019623009567516311 0.3050606585458946 5.876605486399704e-11 66
1.0744218164376859e-12 1.0523764579938202e-09 2.9078450046918885e-18 1.6030665251111878e-07 1.1547371714125485e-11 1.1753306282907115e-09 6.5898946707459546e-09 6.654636487144881e-08 1.3046196559321843e-08 9.213886990786085e-12 1.594535135028226e-08 0.3050606585458946 1.8498090516083663e-07 67
1.0744218164376859e-12 0.00306449060411433 2.9078450046918885e-18 1.6030665251111878e-07 1.1547371714125485e-11 2.9765073112244494e-08 6.5898946707459546e-09 0.78 8.72851343337718e-09 9.213886990786085e-12 3.5689595185271317e-09 2.563957727936417e-05 1.24 67
8.950065614049728e-14 0.00306449060411433 2.9078450046918885e-18 0.00033070097233668314 1.1547371714125485e-11 2.9765073112244494e-08 3.689525837291638e-08 6.654636487144881e-08 5.4162890944408365e-05 9.213886990786085e-12 0.271018572899529 1.608781010253974e-08 1.8498090516083663e-07 68
0.007427033787055094 0.00306449060411433 2.9078450046918885e-18 1.6030665251111878e-07 1.1547371714125485e-11 1.4698758163476079e-08 3.689525837291638e-08 6.654636487144881e-08 8.72851343337718e-09 9.460478642251534e-07 3.5689595185271317e-09 1.608781010253974e-08 5.876605486399704e-11 68
8.950065614049728e-14 1.0523764579938202e-09 6.590154821998126e-05 0.00033070097233668314 9.317245551603319e-10 1.1753306282907115e-09 5.9300368044509053e-08 0.09407576130269786 0.0016311387267423502 0.0026220230560533874 0.00019623009567516311 2.563957727936417e-05 5.876605486399704e-11 66
1.0744218164376859e-12 2.1336555212730183e-10 2.9078450046918885e-18 0.00033070097233668314 9.317245551603319e-10 1.4698758163476079e-08 3.689525837291638e-08 6.654636487144881e-08 8.72851343337718e-09 9.460478642251534e-07 3.5689595185271317e-09 1.608781010253974e-08 4.604631339541215e-06 68
1.0744218164376859e-12 0.00306449060411433 0.1720405539394301 1.6030665251111878e-07 1.1547371714125485e-11 1.4698758163476079e-08 3.689525837291638e-08 6.654636487144881e-08 5.4162890944408365e-05 9.213886990786085e-12 3.5689595185271317e-09 1.608781010253974e-08 5.876605486399704e-11 68
1.0744218164376859e-12 5.0200310281952975e-06 2.9078450046918885e-18 3.4916701033250272e-12 0.029200217613489367 1.4698758163476079e-08 3.689525837291638e-08 0.09407576130269786 5.4162890944408365e-05 0.0026220230560533874 3.5689595185271317e-09 1.608781010253974e-08 1.8498090516083663e-07 68
1.0744218164376859e-12 0.00306449060411433 6.590154821998126e-05 0.00018781996664880298 0.029200217613489367 1.4698758163476079e-08 3.689525837291638e-08 6.654636487144881e-08 5.4162890944408365e-05 0.0002382594435645476 3.5689595185271317e-09 1.608781010253974e-08 1.8498090516083663e-07 68
1.0744218164376859e-12 1.0523764579938202e-09 6.590154821998126e-05 1.1003069776287786 1.1547371714125485e-11 2.9765073112244494e-08 6.5898946707459546e-09 0.09407576130269786 8.72851343337718e-09 9.213886990786085e-12 1.594535135028226e-08 9.018430601983199e-06 1.24 67
1.0744218164376859e-12 5.0200310281952975e-06 2.9078450046918885e-18 0.00033070097233668314 0.029200217613489367 1.1753306282907115e-09 0.68 7.276961040684796e-12 0.29964062696265176 9.213886990786085e-12 3.5689595185271317e-09 1.1874628106965653e-05 4.604631339541215e-06 67
1.0744218164376859e-12 5.0200310281952975e-06 2.9078450046918885e-18 0.00033070097233668314 1.1547371714125485e-11 1.4698758163476079e-08 3.689525837291638e-08 0.09407576130269786 5.4162890944408365e-05 9.460478642251534e-07 3.5689595185271317e-09 1.608781010253974e-08 4.604631339541215e-06 68
1.0744218164376859e-12 1.0523764579938202e-09 6.590154821998126e-05 1.1003069776287786 1.1547371714125485e-11 2.9765073112244494e-08 6.5898946707459546e-09 0.09407576130269786 8.72851343337718e-09 9.213886990786085e-12 1.594535135028226e-08 9.018430601983199e-06 1.24 67
8.950065614049728e-14 1.0523764579938202e-09 0.017774045503863092 0.00033070097233668314 9.317245551603319e-10 1.1753306282907115e-09 5.9300368044509053e-08 7.276961040684796e-12 1.3046196559321843e-08 0.0026220230560533874 0.00019623009567516311 2.563957727936417e-05 5.876605486399704e-11 66
1.0744218164376859e-12 1.0523764579938202e-09 2.9078450046918885e-18 3.4916701033250272e-12 0.029200217613489367 2.9765073112244494e-08 6.5898946707459546e-09 7.276961040684796e-12 8.72851343337718e-09 9.213886990786085e-12 1.594535135028226e-08 0.3050606585458946 5.876605486399704e-11 67
8.950065614049728e-14 1.0523764579938202e-09 2.9078450046918885e-18 3.4916701033250272e-12 9.317245551603319e-10 1.1753306282907115e-09 5.9300368044509053e-08 7.276961040684796e-12 1.3046196559321843e-08 0.0026220230560533874 0.00019623009567516311 2.563957727936417e-05 5.876605486399704e-11 66
8.950065614049728e-14 5.0200310281952975e-06 6.590154821998126e-05 0.00018781996664880298 9.317245551603319e-10 1.4698758163476079e-08 6.5898946707459546e-09 7.276961040684796e-12 8.72851343337718e-09 9.460478642251534e-07 3.5689595185271317e-09 1.608781010253974e-08 1.8498090516083663e-07 68
1.0744218164376859e-12 1.0523764579938202e-09 6.590154821998126e-05 1.1003069776287786 1.1547371714125485e-11 2.9765073112244494e-08 6.5898946707459546e-09 0.09407576130269786 8.72851343337718e-09 9.213886990786085e-12 1.594535135028226e-08 9.018430601983199e-06 1.24 67
1.0744218164376859e-12 1.0523764579938202e-09 2.9078450046918885e-18 0.00018781996664880298 1.1547371714125485e-11 1.4698758163476079e-08 6.5898946707459546e-09 6.654636487144881e-08 8.72851343337718e-09 9.213886990786085e-12 1.594535135028226e-08 2.563957727936417e-05 1.8498090516083663e-07 67
1.0744218164376859e-12 2.1336555212730183e-10 2.9078450046918885e-18 3.4916701033250272e-12 1.1547371714125485e-11 1.1789342709291366 6.5898946707459546e-09 0.09407576130269786 1.3046196559321843e-08 9.213886990786085e-12 0.271018572899529 9.018430601983199e-06 1.8498090516083663e-07 67
8.950065614049728e-14 1.0523764579938202e-09 6.590154821998126e-05 0.00033070097233668314 9.317245551603319e-10 1.1753306282907115e-09 5.9300368044509053e-08 0.09407576130269786 0.0016311387267423502 0.0026220230560533874 0.00019623009567516311 2.563957727936417e-05 5.876605486399704e-11 66
8.950065614049728e-14 1.0523764579938202e-09 2.9078450046918885e-18 3.4916701033250272e-12 0.029200217613489367 1.1753306282907115e-09 6.5898946707459546e-09 7.276961040684796e-12 1.3046196559321843e-08 9.213886990786085e-12 0.00019623009567516311 1.1874628106965653e-05 5.876605486399704e-11 66
1.0744218164376859e-12 1.0523764579938202e-09 2.9078450046918885e-18 0.00033070097233668314 1.1547371714125485e-11 1.1753306282907115e-09 6.5898946707459546e-09 4.568951319914015e-05 8.72851343337718e-09 9.213886990786085e-12 0.002836065754506725 2.563957727936417e-05 1.8498090516083663e-07 67
1.0744218164376859e-12 2.1336555212730183e-10 2.9078450046918885e-18 0.00033070097233668314 1.1547371714125485e-11 2.9765073112244494e-08 6.5898946707459546e-09 7.276961040684796e-12 5.4162890944408365e-05 9.213886990786085e-12 0.00019623009567516311 1.1874628106965653e-05 1.8498090516083663e-07 67
1.0744218164376859e-12 1.0523764579938202e-09 2.9078450046918885e-18 3.4916701033250272e-12 0.029200217613489367 1.4698758163476079e-08 6.5898946707459546e-09 4.568951319914015e-05 5.4162890944408365e-05 9.213886990786085e-12 1.594535135028226e-08 2.563957727936417e-05 1.8498090516083663e-07 67
8.950065614049728e-14 0.00306449060411433 0.012644551479693109 0.00018781996664880298 9.317245551603319e-10 2.9765073112244494e-08 3.689525837291638e-08 7.276961040684796e-12 5.4162890944408365e-05 9.460478642251534e-07 3.5689595185271317e-09 1.608781010253974e-08 4.604631339541215e-06 68
1.0744218164376859e-12 0.00306449060411433 2.9078450046918885e-18 1.6030665251111878e-07 1.1547371714125485e-11 1.1789342709291366 3.689525837291638e-08 6.654636487144881e-08 5.4162890944408365e-05 9.460478642251534e-07 3.5689595185271317e-09 1.608781010253974e-08 1.8498090516083663e-07 68
8.950065614049728e-14 1.0523764579938202e-09 2.9078450046918885e-18 3.4916701033250272e-12 9.317245551603319e-10 1.1753306282907115e-09 5.9300368044509053e-08 7.276961040684796e-12 1.3046196559321843e-08 0.0026220230560533874 0.00019623009567516311 1.1874628106965653e-05 5.876605486399704e-11 66
8.950065614049728e-14 1.0523764579938202e-09 2.9078450046918885e-18 3.4916701033250272e-12 1.1547371714125485e-11 1.1753306282907115e-09 0.68 7.276961040684796e-12 0.0016311387267423502 0.0026220230560533874 0.00019623009567516311 0.3050606585458946 5.876605486399704e-11 66
1.0744218164376859e-12 1.0523764579938202e-09 6.590154821998126e-05 1.1003069776287786 1.1547371714125485e-11 2.9765073112244494e-08 6.5898946707459546e-09 0.09407576130269786 8.72851343337718e-09 9.213886990786085e-12 1.594535135028226e-08 9.018430601983199e-06 1.24 67
1.0744218164376859e-12 5.0200310281952975e-06 0.1720405539394301 1.6030665251111878e-07 9.317245551603319e-10 1.1753306282907115e-09 6.5898946707459546e-09 4.568951319914015e-05 8.72851343337718e-09 9.213886990786085e-12 3.5689595185271317e-09 1.1874628106965653e-05 1.8498090516083663e-07 67
1.0744218164376859e-12 1.0523764579938202e-09 2.9078450046918885e-18 1.6030665251111878e-07 1.1547371714125485e-11 1.1753306282907115e-09 0.08169737165760604 4.568951319914015e-05 8.72851343337718e-09 9.213886990786085e-12 0.271018572899529 9.018430601983199e-06 1.8498090516083663e-07 67
1.0744218164376859e-12 1.0523764579938202e-09 2.9078450046918885e-18 3.4916701033250272e-12 9.317245551603319e-10 1.1753306282907115e-09 6.5898946707459546e-09 7.276961040684796e-12 8.72851343337718e-09 9.213886990786085e-12 0.00019623009567516311 0.3050606585458946 1.8498090516083663e-07 67
1.0744218164376859e-12 5.0200310281952975e-06 2.9078450046918885e-18 1.6030665251111878e-07 1.1547371714125485e-11 1.4698758163476079e-08 6.5898946707459546e-09 6.654636487144881e-08 8.72851343337718e-09 9.213886990786085e-12 0.271018572899529 1.1874628106965653e-05 1.8498090516083663e-07 67
8.950065614049728e-14 1.0523764579938202e-09 6.590154821998126e-05 0.00018781996664880298 1.1547371714125485e-11 1.1753306282907115e-09 5.9300368044509053e-08 7.276961040684796e-12 0.29964062696265176 9.213886990786085e-12 1.594535135028226e-08 9.018430601983199e-06 1.8498090516083663e-07 67
1.0744218164376859e-12 2.1336555212730183e-10 0.1720405539394301 3.4916701033250272e-12 9.317245551603319e-10 2.9765073112244494e-08 6.5898946707459546e-09 6.654636487144881e-08 5.4162890944408365e-05 9.213886990786085e-12 1.594535135028226e-08 2.563957727936417e-05 1.8498090516083663e-07 67
8.950065614049728e-14 0.00306449060411433 0.012644551479693109 0.00018781996664880298 9.317245551603319e-10 2.9765073112244494e-08 3.689525837291638e-08 7.276961040684796e-12 5.4162890944408365e-05 9.460478642251534e-07 3.5689595185271317e-09 1.608781010253974e-08 4.604631339541215e-06 68
1.0744218164376859e-12 1.0523764579938202e-09 2.9078450046918885e-18 1.6030665251111878e-07 1.1547371714125485e-11 1.1753306282907115e-09 0.08169737165760604 4.568951319914015e-05 8.72851343337718e-09 9.213886990786085e-12 0.271018572899529 9.018430601983199e-06 1.8498090516083663e-07 67
1.0744218164376859e-12 2.1336555212730183e-10 2.9078450046918885e-18 3.4916701033250272e-12 1.1547371714125485e-11 1.1789342709291366 6.5898946707459546e-09 0.09407576130269786 1.3046196559321843e-08 9.213886990786085e-12 0.271018572899529 9.018430601983199e-06 1.8498090516083663e-07 67
1.0744218164376859e-12 1.0523764579938202e-09 6.590154821998126e-05 1.1003069776287786 0.007661226510285825 1.1753306282907115e-09 5.9300368044509053e-08 7.276961040684796e-12 1.3046196559321843e-08 9.213886990786085e-12 1.594535135028226e-08 1.1874628106965653e-05 5.876605486399704e-11 67
8.950065614049728e-14 5.0200310281952975e-06 0.017774045503863092 0.00018781996664880298 0.029200217613489367 1.4698758163476079e-08 3.689525837291638e-08 6.654636487144881e-08 5.4162890944408365e-05 9.213886990786085e-12 0.271018572899529 1.608781010253974e-08 1.8498090516083663e-07 68
1.0744218164376859e-12 5.0200310281952975e-06 2.9078450046918885e-18 3.4916701033250272e-12 9.317245551603319e-10 1.4698758163476079e-08 3.689525837291638e-08 0.09407576130269786 5.4162890944408365e-05 0.0002382594435645476 3.5689595185271317e-09 1.608781010253974e-08 4.604631339541215e-06 68
1.0744218164376859e-12 1.0523764579938202e-09 0.012644551479693109 1.1003069776287786 1.1547371714125485e-11 2.9765073112244494e-08 6.5898946707459546e-09 6.654636487144881e-08 0.0016311387267423502 9.213886990786085e-12 0.002836065754506725 2.563957727936417e-05 1.8498090516083663e-07 67
1.0744218164376859e-12 1.0523764579938202e-09 2.9078450046918885e-18 1.6030665251111878e-07 1.1547371714125485e-11 1.1753306282907115e-09 0.08169737165760604 4.568951319914015e-05 8.72851343337718e-09 9.213886990786085e-12 0.271018572899529 9.018430601983199e-06 1.8498090516083663e-07 67
8.950065614049728e-14 0.00306449060411433 2.9078450046918885e-18 3.4916701033250272e-12 1.1547371714125485e-11 1.1753306282907115e-09 0.08169737165760604 7.276961040684796e-12 8.72851343337718e-09 9.213886990786085e-12 0.271018572899529 9.018430601983199e-06 5.876605486399704e-11 66
8.950065614049728e-14 2.1336555212730183e-10 2.9078450046918885e-18 3.4916701033250272e-12 0.054464914438404025 2.9765073112244494e-08 6.5898946707459546e-09 7.276961040684796e-12 5.4162890944408365e-05 9.213886990786085e-12 1.594535135028226e-08 2.563957727936417e-05 4.604631339541215e-06 67
8.950065614049728e-14 1.0523764579938202e-09 2.9078450046918885e-18 3.4916701033250272e-12 9.317245551603319e-10 1.1753306282907115e-09 5.9300368044509053e-08 7.276961040684796e-12 8.72851343337718e-09 0.0026220230560533874 0.002836065754506725 9.018430601983199e-06 5.876605486399704e-11 66
1.0744218164376859e-12 2.1336555212730183e-10 2.9078450046918885e-18 3.4916701033250272e-12 1.1547371714125485e-11 1.1753306282907115e-09 6.5898946707459546e-09 7.276961040684796e-12 0.0016311387267423502 9.213886990786085e-12 1.594535135028226e-08 2.563957727936417e-05 1.8498090516083663e-07 67
1.0744218164376859e-12 5.0200310281952975e-06 2.9078450046918885e-18 3.4916701033250272e-12 1.1547371714125485e-11 1.1753306282907115e-09 5.9300368044509053e-08 6.654636487144881e-08 1.3046196559321843e-08 9.213886990786085e-12 1.594535135028226e-08 0.3050606585458946 1.8498090516083663e-07 67
8.950065614049728e-14 5.0200310281952975e-06 0.017774045503863092 0.00018781996664880298 0.029200217613489367 1.4698758163476079e-08 3.689525837291638e-08 6.654636487144881e-08 5.4162890944408365e-05 9.213886990786085e-12 0.271018572899529 1.608781010253974e-08 1.8498090516083663e-07 68
1.0744218164376859e-12 1.0523764579938202e-09 2.9078450046918885e-18 1.6030665251111878e-07 1.1547371714125485e-11 1.4698758163476079e-08 6.5898946707459546e-09 6.654636487144881e-08 0.0016311387267423502 9.213886990786085e-12 0.271018572899529 2.563957727936417e-05 1.8498090516083663e-07 67
1.0744218164376859e-12 0.00306449060411433 2.9078450046918885e-18 1.6030665251111878e-07 1.1547371714125485e-11 1.1753306282907115e-09 5.9300368044509053e-08 7.276961040684796e-12 1.3046196559321843e-08 9.213886990786085e-12 3.5689595185271317e-09 1.1874628106965653e-05 1.8498090516083663e-07 67
1.0744218164376859e-12 1.0523764579938202e-09 2.9078450046918885e-18 1.6030665251111878e-07 1.1547371714125485e-11 1.1753306282907115e-09 6.5898946707459546e-09 6.654636487144881e-08 1.3046196559321843e-08 9.213886990786085e-12 1.594535135028226e-08 0.3050606585458946 1.8498090516083663e-07 67
1.0744218164376859e-12 1.0523764579938202e-09 2.9078450046918885e-18 3.4916701033250272e-12 1.1547371714125485e-11 1.4698758163476079e-08 6.5898946707459546e-09 6.654636487144881e-08 0.0016311387267423502 9.213886990786085e-12 0.00019623009567516311 2.563957727936417e-05 1.8498090516083663e-07 67
1.0744218164376859e-12 5.0200310281952975e-06 2.9078450046918885e-18 0.00033070097233668314 1.1547371714125485e-11 1.4698758163476079e-08 3.689525837291638e-08 6.654636487144881e-08 5.4162890944408365e-05 9.460478642251534e-07 3.5689595185271317e-09 1.608781010253974e-08 1.8498090516083663e-07 68
8.950065614049728e-14 5.0200310281952975e-06 2.9078450046918885e-18 3.4916701033250272e-12 9.317245551603319e-10 1.1753306282907115e-09 5.9300368044509053e-08 7.276961040684796e-12 1.3046196559321843e-08 0.0002382594435645476 0.00019623009567516311 1.1874628106965653e-05 5.876605486399704e-11 66
1.0744218164376859e-12 1.0523764579938202e-09 2.9078450046918885e-18 3.4916701033250272e-12 0.029200217613489367 2.9765073112244494e-08 6.5898946707459546e-09 7.276961040684796e-12 8.72851343337718e-09 9.213886990786085e-12 1.594535135028226e-08 0.3050606585458946 5.876605486399704e-11 67
8.950065614049728e-14 1.0523764579938202e-09 2.9078450046918885e-18 3.4916701033250272e-12 9.317245551603319e-10 1.1753306282907115e-09 5.9300368044509053e-08 7.276961040684796e-12 1.3046196559321843e-08 0.0026220230560533874 0.271018572899529 1.1874628106965653e-05 5.876605486399704e-11 66
1.0744218164376859e-12 0.00306449060411433 2.9078450046918885e-18 1.6030665251111878e-07 1.1547371714125485e-11 2.9765073112244494e-08 6.5898946707459546e-09 0.78 8.72851343337718e-09 9.213886990786085e-12 3.5689595185271317e-09 2.563957727936417e-05 1.24 67
8.950065614049728e-14 2.1336555212730183e-10 2.9078450046918885e-18 3.4916701033250272e-12 0.054464914438404025 2.9765073112244494e-08 6.5898946707459546e-09 7.276961040684796e-12 8.72851343337718e-09 0.0002382594435645476 0.00019623009567516311 0.3050606585458946 5.876605486399704e-11 66
8.950065614049728e-14 1.0523764579938202e-09 2.9078450046918885e-18 3.4916701033250272e-12 9.317245551603319e-10 1.1753306282907115e-09 5.9300368044509053e-08 4.568951319914015e-05 1.3046196559321843e-08 0.0026220230560533874 0.002836065754506725 1.1874628106965653e-05 5.876605486399704e-11 66
8.950065614049728e-14 1.0523764579938202e-09 6.590154821998126e-05 0.00033070097233668314 0.029200217613489367 1.1753306282907115e-09 0.08169737165760604 7.276961040684796e-12 0.0016311387267423502 9.213886990786085e-12 0.00019623009567516311 1.1874628106965653e-05 5.876605486399704e-11 66
1.0744218164376859e-12 2.1336555212730183e-10 2.9078450046918885e-18 3.4916701033250272e-12 1.1547371714125485e-11 2.9765073112244494e-08 6.5898946707459546e-09 7.276961040684796e-12 8.72851343337718e-09 9.213886990786085e-12 1.594535135028226e-08 2.563957727936417e-05 1.8498090516083663e-07 67
1.0744218164376859e-12 1.0523764579938202e-09 2.9078450046918885e-18 3.4916701033250272e-12 9.317245551603319e-10 1.1753306282907115e-09 6.5898946707459546e-09 7.276961040684796e-12 8.72851343337718e-09 9.213886990786085e-12 0.00019623009567516311 0.3050606585458946 1.8498090516083663e-07 67
1.0744218164376859e-12 5.0200310281952975e-06 2.9078450046918885e-18 1.6030665251111878e-07 1.1547371714125485e-11 1.1753306282907115e-09 6.5898946707459546e-09 7.276961040684796e-12 5.4162890944408365e-05 9.213886990786085e-12 0.271018572899529 2.563957727936417e-05 1.8498090516083663e-07 67
1.0744218164376859e-12 5.0200310281952975e-06 2.9078450046918885e-18 3.4916701033250272e-12 9.317245551603319e-10 1.4698758163476079e-08 6.5898946707459546e-09 6.654636487144881e-08 5.4162890944408365e-05 9.213886990786085e-12 0.002836065754506725 2.563957727936417e-05 1.8498090516083663e-07 67
1.0744218164376859e-12 5.0200310281952975e-06 2.9078450046918885e-18 3.4916701033250272e-12 1.1547371714125485e-11 2.9765073112244494e-08 6.5898946707459546e-09 4.568951319914015e-05 0.29964062696265176 9.213886990786085e-12 0.002836065754506725 9.018430601983199e-06 1.24 67
1.0744218164376859e-12 1.0523764579938202e-09 0.012644551479693109 1.1003069776287786 1.1547371714125485e-11 2.9765073112244494e-08 6.5898946707459546e-09 6.654636487144881e-08 0.0016311387267423502 9.213886990786085e-12 0.002836065754506725 2.563957727936417e-05 1.8498090516083663e-07 67
8.950065614049728e-14 0.00306449060411433 2.9078450046918885e-18 1.6030665251111878e-07 1.1547371714125485e-11 1.4698758163476079e-08 3.689525837291638e-08 6.654636487144881e-08 5.4162890944408365e-05 0.0026220230560533874 3.5689595185271317e-09 1.608781010253974e-08 1.8498090516083663e-07 68
1.0744218164376859e-12 1.0523764579938202e-09 2.9078450046918885e-18 3.4916701033250272e-12 1.1547371714125485e-11 2.9765073112244494e-08 6.5898946707459546e-09 7.276961040684796e-12 0.0016311387267423502 9.213886990786085e-12 0.00019623009567516311 9.018430601983199e-06 5.876605486399704e-11 67
1.0744218164376859e-12 5.0200310281952975e-06 0.012644551479693109 0.00033070097233668314 9.317245551603319e-10 1.4698758163476079e-08 6.5898946707459546e-09 6.654636487144881e-08 5.4162890944408365e-05 9.213886990786085e-12 1.594535135028226e-08 2.563957727936417e-05 0.3283494248590448 67
8.950065614049728e-14 1.0523764579938202e-09 2.9078450046918885e-18 3.4916701033250272e-12 9.317245551603319e-10 1.1753306282907115e-09 5.9300368044509053e-08 7.276961040684796e-12 1.3046196559321843e-08 0.0026220230560533874 0.00019623009567516311 0.3050606585458946 5.876605486399704e-11 66
8.950065614049728e-14 1.0523764579938202e-09 2.9078450046918885e-18 3.4916701033250272e-12 1.1547371714125485e-11 1.1753306282907115e-09 0.68 7.276961040684796e-12 0.0016311387267423502 0.0026220230560533874 0.00019623009567516311 0.3050606585458946 5.876605486399704e-11 66
8.950065614049728e-14 1.0523764579938202e-09 2.9078450046918885e-18 3.4916701033250272e-12 9.317245551603319e-10 1.1753306282907115e-09 5.9300368044509053e-08 7.276961040684796e-12 1.3046196559321843e-08 0.0026220230560533874 0.00019623009567516311 1.1874628106965653e-05 5.876605486399704e-11 66
8.950065614049728e-14 5.0200310281952975e-06 6.590154821998126e-05 0.00018781996664880298 9.317245551603319e-10 1.4698758163476079e-08 6.5898946707459546e-09 7.276961040684796e-12 8.72851343337718e-09 9.460478642251534e-07 3.5689595185271317e-09 1.608781010253974e-08 1.8498090516083663e-07 68
8.950065614049728e-14 2.1336555212730183e-10 0.1720405539394301 3.4916701033250272e-12 9.317245551603319e-10 1.1753306282907115e-09 5.9300368044509053e-08 7.276961040684796e-12 1.3046196559321843e-08 0.0026220230560533874 0.271018572899529 0.3050606585458946 5.876605486399704e-11 66
1.0744218164376859e-12 2.1336555212730183e-10 2.9078450046918885e-18 3.4916701033250272e-12 9.317245551603319e-10 1.4698758163476079e-08 6.5898946707459546e-09 7.276961040684796e-12 5.4162890944408365e-05 9.213886990786085e-12 3.5689595185271317e-09 1.608781010253974e-08 4.604631339541215e-06 68
8.950065614049728e-14 1.0523764579938202e-09 2.9078450046918885e-18 3.4916701033250272e-12 0.029200217613489367 1.1753306282907115e-09 6.5898946707459546e-09 7.276961040684796e-12 1.3046196559321843e-08 0.0002382594435645476 0.00019623009567516311 1.1874628106965653e-05 5.876605486399704e-11 66
8.950065614049728e-14 1.0523764579938202e-09 2.9078450046918885e-18 3.4916701033250272e-12 1.1547371714125485e-11 1.1753306282907115e-09 5.9300368044509053e-08 6.654636487144881e-08 1.3046196559321843e-08 0.96 1.594535135028226e-08 2.563957727936417e-05 5.876605486399704e-11 66
8.950065614049728e-14 1.0523764579938202e-09 2.9078450046918885e-18 3.4916701033250272e-12 1.1547371714125485e-11 1.1753306282907115e-09 0.68 7.276961040684796e-12 0.0016311387267423502 0.0026220230560533874 0.00019623009567516311 0.3050606585458946 5.876605486399704e-11 66
8.950065614049728e-14 1.0523764579938202e-09 2.9078450046918885e-18 3.4916701033250272e-12 9.317245551603319e-10 1.1753306282907115e-09 5.9300368044509053e-08 4.568951319914015e-05 1.3046196559321843e-08 0.0026220230560533874 0.00019623009567516311 0.3050606585458946 5.876605486399704e-11 66
8.950065614049728e-14 1.0523764579938202e-09 0.1720405539394301 3.4916701033250272e-12 9.317245551603319e-10 1.1753306282907115e-09 5.9300368044509053e-08 7.276961040684796e-12 0.29964062696265176 9.460478642251534e-07 1.594535135028226e-08 0.3050606585458946 5.876605486399704e-11 66
1.0744218164376859e-12 2.1336555212730183e-10 0.1720405539394301 1.6030665251111878e-07 1.1547371714125485e-11 1.1753306282907115e-09 6.5898946707459546e-09 0.78 8.72851343337718e-09 9.213886990786085e-12 0.00019623009567516311 2.563957727936417e-05 1.8498090516083663e-07 67
1.0744218164376859e-12 2.1336555212730183e-10 0.1720405539394301 1.6030665251111878e-07 1.1547371714125485e-11 1.1753306282907115e-09 6.5898946707459546e-09 0.78 8.72851343337718e-09 9.213886990786085e-12 0.00019623009567516311 2.563957727936417e-05 1.8498090516083663e-07 67
1.0744218164376859e-12 0.00306449060411433 2.9078450046918885e-18 0.00018781996664880298 9.317245551603319e-10 1.1753306282907115e-09 0.08169737165760604 6.654636487144881e-08 1.3046196559321843e-08 9.213886990786085e-12 1.594535135028226e-08 9.018430601983199e-06 1.8498090516083663e-07 67
8.950065614049728e-14 5.0200310281952975e-06 6.590154821998126e-05 0.00018781996664880298 9.317245551603319e-10 1.4698758163476079e-08 6.5898946707459546e-09 7.276961040684796e-12 8.72851343337718e-09 9.460478642251534e-07 3.5689595185271317e-09 1.608781010253974e-08 1.8498090516083663e-07 68
1.0744218164376859e-12 2.1336555212730183e-10 2.9078450046918885e-18 1.6030665251111878e-07 9.317245551603319e-10 1.1753306282907115e-09 6.5898946707459546e-09 7.276961040684796e-12 0.0016311387267423502 9.213886990786085e-12 0.00019623009567516311 9.018430601983199e-06 5.876605486399704e-11 67
1.0744218164376859e-12 5.0200310281952975e-06 2.9078450046918885e-18 0.00018781996664880298 9.317245551603319e-10 1.4698758163476079e-08 3.689525837291638e-08 7.276961040684796e-12 5.4162890944408365e-05 0.0026220230560533874 3.5689595185271317e-09 1.608781010253974e-08 1.8498090516083663e-07 68
8.950065614049728e-14 1.0523764579938202e-09 2.9078450046918885e-18 3.4916701033250272e-12 9.317245551603319e-10 1.1753306282907115e-09 5.9300368044509053e-08 7.276961040684796e-12 1.3046196559321843e-08 0.0026220230560533874 0.271018572899529 1.1874628106965653e-05 5.876605486399704e-11 66
1.0744218164376859e-12 1.0523764579938202e-09 2.9078450046918885e-18 1.6030665251111878e-07 1.1547371714125485e-11 1.4698758163476079e-08 6.5898946707459546e-09 6.654636487144881e-08 0.0016311387267423502 9.213886990786085e-12 0.271018572899529 2.563957727936417e-05 1.8498090516083663e-07 67
1.0744218164376859e-12 0.00306449060411433 2.9078450046918885e-18 1.6030665251111878e-07 1.1547371714125485e-11 1.1753306282907115e-09 5.9300368044509053e-08 7.276961040684796e-12 1.3046196559321843e-08 9.213886990786085e-12 3.5689595185271317e-09 1.1874628106965653e-05 1.8498090516083663e-07 67
8.950065614049728e-14 5.0200310281952975e-06 0.017774045503863092 0.00018781996664880298 9.317245551603319e-10 1.4698758163476079e-08 3.689525837291638e-08 0.09407576130269786 8.72851343337718e-09 9.460478642251534e-07 3.5689595185271317e-09 1.608781010253974e-08 5.876605486399704e-11 68
1.0744218164376859e-12 0.00306449060411433 2.9078450046918885e-18 3.4916701033250272e-12 9.317245551603319e-10 1.4698758163476079e-08 3.689525837291638e-08 7.276961040684796e-12 5.4162890944408365e-05 9.460478642251534e-07 3.5689595185271317e-09 1.608781010253974e-08 5.876605486399704e-11 68
1.0744218164376859e-12 2.1336555212730183e-10 0.1720405539394301 1.6030665251111878e-07 1.1547371714125485e-11 1.1753306282907115e-09 6.5898946707459546e-09 6.654636487144881e-08 5.4162890944408365e-05 9.213886990786085e-12 0.002836065754506725 9.018430601983199e-06 1.8498090516083663e-07 67
1.0744218164376859e-12 5.0200310281952975e-06 2.9078450046918885e-18 3.4916701033250272e-12 9.317245551603319e-10 1.4698758163476079e-08 3.689525837291638e-08 0.09407576130269786 5.4162890944408365e-05 0.0002382594435645476 3.5689595185271317e-09 1.608781010253974e-08 4.604631339541215e-06 68
1.0744218164376859e-12 1.0523764579938202e-09 2.9078450046918885e-18 3.4916701033250272e-12 1.1547371714125485e-11 1.4698758163476079e-08 6.5898946707459546e-09 6.654636487144881e-08 0.0016311387267423502 9.213886990786085e-12 0.00019623009567516311 2.563957727936417e-05 1.8498090516083663e-07 67
1.0744218164376859e-12 1.0523764579938202e-09 2.9078450046918885e-18 0.00033070097233668314 1.1547371714125485e-11 1.1753306282907115e-09 6.5898946707459546e-09 4.568951319914015e-05 8.72851343337718e-09 9.213886990786085e-12 0.002836065754506725 2.563957727936417e-05 1.8498090516083663e-07 67
1.0744218164376859e-12 1.0523764579938202e-09 2.9078450046918885e-18 0.00018781996664880298 1.1547371714125485e-11 1.4698758163476079e-08 6.5898946707459546e-09 6.654636487144881e-08 8.72851343337718e-09 9.213886990786085e-12 1.594535135028226e-08 2.563957727936417e-05 1.8498090516083663e-07 67
1.0744218164376859e-12 1.0523764579938202e-09 2.9078450046918885e-18 1.6030665251111878e-07 1.1547371714125485e-11 1.1753306282907115e-09 5.9300368044509053e-08 0.09407576130269786 0.0016311387267423502 9.213886990786085e-12 3.5689595185271317e-09 0.3050606585458946 1.8498090516083663e-07 67
1.0744218164376859e-12 1.0523764579938202e-09 2.9078450046918885e-18 1.6030665251111878e-07 1.1547371714125485e-11 1.1753306282907115e-09 0.08169737165760604 4.568951319914015e-05 8.72851343337718e-09 9.213886990786085e-12 0.271018572899529 9.018430601983199e-06 1.8498090516083663e-07 67
8.950065614049728e-14 1.0523764579938202e-09 2.9078450046918885e-18 3.4916701033250272e-12 9.317245551603319e-10 1.1753306282907115e-09 5.9300368044509053e-08 7.276961040684796e-12 1.3046196559321843e-08 0.0026220230560533874 0.00019623009567516311 2.563957727936417e-05 5.876605486399704e-11 66
1.0744218164376859e-12 2.1336555212730183e-10 2.9078450046918885e-18 3.4916701033250272e-12 9.317245551603319e-10 1.4698758163476079e-08 6.5898946707459546e-09 7.276961040684796e-12 5.4162890944408365e-05 9.213886990786085e-12 3.5689595185271317e-09 1.608781010253974e-08 4.604631339541215e-06 68
8.950065614049728e-14 5.0200310281952975e-06 0.017774045503863092 0.00018781996664880298 9.317245551603319e-10 1.4698758163476079e-08 3.689525837291638e-08 0.09407576130269786 8.72851343337718e-09 9.460478642251534e-07 3.5689595185271317e-09 1.608781010253974e-08 5.876605486399704e-11 68
1.0744218164376859e-12 1.0523764579938202e-09 0.1720405539394301 3.4916701033250272e-12 0.054464914438404025 1.1753306282907115e-09 6.5898946707459546e-09 7.276961040684796e-12 8.72851343337718e-09 9.213886990786085e-12 0.00019623009567516311 1.1874628106965653e-05 5.876605486399704e-11 66
