4.420207035171009e-05 0.004157400185559106 1.8701280893635034e-06 0.0022578983766398616 0.0005852074685666533 0.003172425605489418 0.0011545968129755874 0.0029784975017801965 0.026009354992298183 0.0003790623708012298 0.24418534383167362 0.16725259436167306 0.039924336024320814 67
0.0002720757701036498 0.18810370761517228 0.013942224424713686 0.002201197209606566 0.008822606228121246 0.27135082994021437 0.0011545968129755874 0.0050916115077098475 0.026009354992298183 0.0003790623708012298 0.14642039862783685 4.674596821593933 0.037046935179539026 66
4.420207035171009e-05 0.18810370761517228 1.8701280893635034e-06 0.002201197209606566 0.447449517405841 0.0016411141029157748 0.0011545968129755874 0.0050916115077098475 0.026009354992298183 0.0003790623708012298 0.013471745603926197 4.674596821593933 0.037046935179539026 67
0.07781730737492884 0.18810370761517228 1.8701280893635034e-06 0.002201197209606566 0.21320422352445415 0.58 0.0011545968129755874 0.0050916115077098475 0.026009354992298183 0.0003790623708012298 0.14642039862783685 0.07489034097906451 0.037046935179539026 66
4.420207035171009e-05 4.1491166553748325e-05 1.8701280893635034e-06 0.0022578983766398616 0.008822606228121246 0.1892809142308658 0.0011545968129755874 0.0050916115077098475 0.09784256577755265 0.0003790623708012298 0.14642039862783685 0.12702342352663604 0.037046935179539026 67
4.420207035171009e-05 0.18810370761517228 1.8701280893635034e-06 0.0022578983766398616 0.0005852074685666533 0.003172425605489418 0.0011545968129755874 0.0029784975017801965 0.09784256577755265 0.0003790623708012298 0.14642039862783685 0.07489034097906451 0.039924336024320814 67
4.420207035171009e-05 0.004157400185559106 1.8701280893635034e-06 0.07765177434515254 0.008822606228121246 0.003172425605489418 0.0011545968129755874 0.0050916115077098475 0.010324257504586523 0.96 0.0030153060693427322 0.0007991886268981422 0.039924336024320814 68
4.420207035171009e-05 0.004157400185559106 0.7584734146741547 0.07765177434515254 0.008822606228121246 0.003172425605489418 0.0011545968129755874 0.0029784975017801965 0.010324257504586523 0.0003790623708012298 0.013471745603926197 0.07489034097906451 0.2958399357960661 67
4.420207035171009e-05 0.18810370761517228 0.7584734146741547 4.307178249020983 0.0005852074685666533 0.0016411141029157748 0.0011545968129755874 0.0029784975017801965 0.09784256577755265 0.0003790623708012298 2.6068208490056333 0.07489034097906451 0.039924336024320814 67
4.420207035171009e-05 0.18 1.8701280893635034e-06 0.07765177434515254 0.008822606228121246 0.1892809142308658 0.31980633528668123 0.0050916115077098475 0.011022337312303246 0.0003790623708012298 0.0030153060693427322 4.674596821593933 1.24 67
0.0002720757701036498 0.004157400185559106 1.8701280893635034e-06 0.002201197209606566 0.008822606228121246 0.1892809142308658 0.767724012957939 0.0050916115077098475 0.011022337312303246 0.05040650368934948 0.14642039862783685 0.16725259436167306 0.037046935179539026 66
0.04 0.04695871996762954 1.8701280893635034e-06 0.0022578983766398616 0.008822606228121246 0.003172425605489418 0.0011545968129755874 0.1643956792056897 0.010324257504586523 0.05216088286289353 0.0030153060693427322 0.0007991886268981422 0.039924336024320814 68
0.0002720757701036498 0.18810370761517228 1.8701280893635034e-06 0.002201197209606566 0.008822606228121246 0.1892809142308658 0.767724012957939 0.0050916115077098475 0.011022337312303246 2.410079652854265 2.6068208490056333 0.16725259436167306 0.037046935179539026 66
0.0002720757701036498 0.04695871996762954 0.6067787317393236 0.010150775732324063 0.008822606228121246 0.003172425605489418 0.0018328331009730332 0.0029784975017801965 0.026009354992298183 0.05216088286289353 0.0030153060693427322 0.0007991886268981422 0.037046935179539026 68
4.420207035171009e-05 4.1491166553748325e-05 0.27236057581225104 0.07765177434515254 0.21320422352445415 0.1892809142308658 0.767724012957939 0.0050916115077098475 0.011022337312303246 0.0003790623708012298 2.6068208490056333 0.12702342352663604 0.016567948387988706 67
4.420207035171009e-05 4.1491166553748325e-05 0.6067787317393236 0.0022578983766398616 0.0005852074685666533 0.1892809142308658 0.0011545968129755874 0.0029784975017801965 0.010324257504586523 0.0003790623708012298 2.6068208490056333 0.12702342352663604 0.039924336024320814 67
0.07781730737492884 0.004157400185559106 1.8701280893635034e-06 0.0022578983766398616 0.0005852074685666533 0.0016411141029157748 0.0018328331009730332 0.0029784975017801965 0.026009354992298183 0.05216088286289353 0.0030153060693427322 0.0007991886268981422 0.016567948387988706 68
0.0002720757701036498 0.18810370761517228 0.27236057581225104 0.07765177434515254 0.008822606228121246 0.1892809142308658 0.767724012957939 0.0050916115077098475 0.011022337312303246 2.410079652854265 0.14642039862783685 0.07489034097906451 0.037046935179539026 66
0.0002720757701036498 4.1491166553748325e-05 1.8701280893635034e-06 0.002201197209606566 0.21320422352445415 0.0016411141029157748 0.0011545968129755874 0.0050916115077098475 0.026009354992298183 0.05040650368934948 0.14642039862783685 4.674596821593933 0.037046935179539026 66
0.0002720757701036498 0.18810370761517228 1.8701280893635034e-06 0.002201197209606566 0.008822606228121246 0.1892809142308658 0.31980633528668123 0.78 0.011022337312303246 0.0003790623708012298 0.013471745603926197 4.674596821593933 0.037046935179539026 66
4.420207035171009e-05 0.18810370761517228 0.7584734146741547 4.307178249020983 0.0005852074685666533 0.0016411141029157748 0.0011545968129755874 0.0029784975017801965 0.09784256577755265 0.0003790623708012298 2.6068208490056333 0.07489034097906451 0.039924336024320814 67
0.0002720757701036498 0.18810370761517228 0.27236057581225104 0.07765177434515254 0.11739679991907385 0.1892809142308658 0.68 0.0029784975017801965 0.026009354992298183 0.96 0.013471745603926197 0.12702342352663604 0.037046935179539026 66
0.0002720757701036498 0.04695871996762954 1.8701280893635034e-06 0.0022578983766398616 0.0005852074685666533 0.003172425605489418 0.0018328331009730332 0.0029784975017801965 0.010324257504586523 2.410079652854265 0.0030153060693427322 0.0007991886268981422 0.039924336024320814 68
4.420207035171009e-05 0.18810370761517228 0.7584734146741547 0.010150775732324063 0.008822606228121246 0.1892809142308658 0.31980633528668123 0.0029784975017801965 0.011022337312303246 0.0003790623708012298 0.14642039862783685 0.12702342352663604 0.037046935179539026 66
4.420207035171009e-05 4.1491166553748325e-05 1.8701280893635034e-06 0.002201197209606566 0.0005852074685666533 0.0016411141029157748 0.0018328331009730332 0.0050916115077098475 0.010324257504586523 0.0003790623708012298 0.14642039862783685 0.0007991886268981422 0.039924336024320814 67
4.420207035171009e-05 0.18810370761517228 1.8701280893635034e-06 0.0022578983766398616 0.0005852074685666533 0.003172425605489418 0.0011545968129755874 0.0029784975017801965 0.09784256577755265 0.0003790623708012298 0.14642039862783685 0.07489034097906451 0.039924336024320814 67
0.0002720757701036498 0.18810370761517228 1.8701280893635034e-06 0.002201197209606566 0.008822606228121246 0.1892809142308658 0.767724012957939 0.0050916115077098475 0.011022337312303246 2.410079652854265 0.14642039862783685 0.16725259436167306 0.037046935179539026 66
4.420207035171009e-05 0.04695871996762954 1.8701280893635034e-06 0.002201197209606566 0.008822606228121246 0.003172425605489418 0.0018328331009730332 0.0050916115077098475 0.010324257504586523 0.05216088286289353 0.0030153060693427322 0.0007991886268981422 0.037046935179539026 68
0.0002720757701036498 0.18810370761517228 0.013942224424713686 0.002201197209606566 0.008822606228121246 0.27135082994021437 0.0011545968129755874 0.0050916115077098475 0.026009354992298183 0.0003790623708012298 0.14642039862783685 4.674596821593933 0.037046935179539026 66
0.04 0.04695871996762954 1.8701280893635034e-06 0.0022578983766398616 0.008822606228121246 0.003172425605489418 0.0011545968129755874 0.1643956792056897 0.010324257504586523 0.05216088286289353 0.0030153060693427322 0.0007991886268981422 0.039924336024320814 68
0.0002720757701036498 0.18810370761517228 0.013942224424713686 0.010150775732324063 0.0005852074685666533 0.1892809142308658 0.767724012957939 0.0050916115077098475 4.591542970819682 0.0003790623708012298 0.013471745603926197 0.12702342352663604 0.039924336024320814 67
4.420207035171009e-05 0.004157400185559106 0.013942224424713686 0.0022578983766398616 0.008822606228121246 0.003172425605489418 0.0018328331009730332 0.0029784975017801965 0.010324257504586523 2.410079652854265 0.24418534383167362 0.07489034097906451 1.24 68
4.420207035171009e-05 0.18810370761517228 1.8701280893635034e-06 0.002201197209606566 0.447449517405841 0.003172425605489418 0.0011545968129755874 0.1643956792056897 0.010324257504586523 0.0003790623708012298 0.013471745603926197 0.07489034097906451 0.039924336024320814 67
4.420207035171009e-05 0.18810370761517228 1.8701280893635034e-06 0.07765177434515254 0.0005852074685666533 0.1892809142308658 0.0011545968129755874 0.1643956792056897 0.026009354992298183 0.0003790623708012298 2.6068208490056333 0.07489034097906451 0.039924336024320814 67
4.420207035171009e-05 4.1491166553748325e-05 0.6067787317393236 0.0022578983766398616 0.0005852074685666533 0.1892809142308658 0.0011545968129755874 0.0029784975017801965 0.010324257504586523 0.0003790623708012298 2.6068208490056333 0.12702342352663604 0.039924336024320814 67
0.0002720757701036498 0.18810370761517228 1.8701280893635034e-06 0.002201197209606566 0.008822606228121246 0.1892809142308658 0.767724012957939 0.1643956792056897 0.011022337312303246 2.410079652854265 2.6068208490056333 0.16725259436167306 0.037046935179539026 66
4.420207035171009e-05 0.18810370761517228 1.8701280893635034e-06 0.07765177434515254 0.0005852074685666533 0.1892809142308658 0.0011545968129755874 0.1643956792056897 0.026009354992298183 0.0003790623708012298 2.6068208490056333 0.07489034097906451 0.039924336024320814 67
4.420207035171009e-05 0.18810370761517228 1.8701280893635034e-06 0.0022578983766398616 0.0005852074685666533 0.1892809142308658 0.31980633528668123 0.1643956792056897 0.026009354992298183 0.0003790623708012298 0.24418534383167362 0.12702342352663604 0.039924336024320814 67
0.0002720757701036498 0.18810370761517228 0.6067787317393236 0.002201197209606566 0.008822606228121246 0.1892809142308658 0.767724012957939 0.0050916115077098475 0.011022337312303246 0.05216088286289353 0.24418534383167362 0.16725259436167306 0.037046935179539026 66
0.04 4.1491166553748325e-05 1.8701280893635034e-06 0.002201197209606566 0.008822606228121246 0.58 0.31980633528668123 0.0050916115077098475 0.026009354992298183 0.0003790623708012298 0.013471745603926197 0.07489034097906451 0.037046935179539026 66
4.420207035171009e-05 4.1491166553748325e-05 1.8701280893635034e-06 0.002201197209606566 0.0005852074685666533 0.0016411141029157748 0.0018328331009730332 0.0050916115077098475 0.010324257504586523 0.0003790623708012298 0.14642039862783685 0.0007991886268981422 0.039924336024320814 67
4.420207035171009e-05 0.18810370761517228 1.8701280893635034e-06 0.0022578983766398616 0.008822606228121246 0.003172425605489418 0.0018328331009730332 0.1643956792056897 0.026009354992298183 0.0003790623708012298 0.24418534383167362 0.0007991886268981422 0.037046935179539026 67
4.420207035171009e-05 4.1491166553748325e-05 0.27236057581225104 0.07765177434515254 0.21320422352445415 0.1892809142308658 0.767724012957939 0.0050916115077098475 0.011022337312303246 0.0003790623708012298 2.6068208490056333 0.12702342352663604 0.016567948387988706 67
0.0002720757701036498 0.18810370761517228 1.8701280893635034e-06 0.002201197209606566 0.447449517405841 0.1892809142308658 0.0011545968129755874 0.0050916115077098475 0.011022337312303246 0.0003790623708012298 0.14642039862783685 0.16725259436167306 0.037046935179539026 66
4.420207035171009e-05 0.004157400185559106 1.8701280893635034e-06 0.07765177434515254 0.008822606228121246 0.003172425605489418 0.0011545968129755874 0.0050916115077098475 0.010324257504586523 0.96 0.0030153060693427322 0.0007991886268981422 0.039924336024320814 68
4.420207035171009e-05 4.1491166553748325e-05 1.8701280893635034e-06 0.002201197209606566 0.0005852074685666533 0.1892809142308658 0.0011545968129755874 0.0050916115077098475 0.09784256577755265 0.0003790623708012298 0.013471745603926197 0.07489034097906451 0.039924336024320814 67
0.0002720757701036498 0.04695871996762954 0.7584734146741547 0.010150775732324063 0.008822606228121246 0.0016411141029157748 0.0018328331009730332 0.0050916115077098475 0.010324257504586523 0.05216088286289353 0.0030153060693427322 0.0007991886268981422 0.016567948387988706 68
4.420207035171009e-05 0.18810370761517228 1.8701280893635034e-06 0.0022578983766398616 0.0005852074685666533 0.1892809142308658 0.31980633528668123 0.1643956792056897 0.026009354992298183 0.0003790623708012298 0.24418534383167362 0.12702342352663604 0.039924336024320814 67
0.0002720757701036498 0.18810370761517228 1.8701280893635034e-06 0.002201197209606566 0.008822606228121246 0.1892809142308658 0.767724012957939 0.0050916115077098475 0.026009354992298183 2.410079652854265 2.6068208490056333 0.12702342352663604 0.037046935179539026 66
0.0002720757701036498 0.18810370761517228 1.8701280893635034e-06 0.002201197209606566 0.008822606228121246 0.1892809142308658 0.31980633528668123 0.78 0.011022337312303246 0.0003790623708012298 0.013471745603926197 4.674596821593933 0.037046935179539026 66
4.420207035171009e-05 0.004157400185559106 1.8701280893635034e-06 0.010150775732324063 0.008822606228121246 0.003172425605489418 0.0018328331009730332 0.0050916115077098475 0.010324257504586523 2.410079652854265 0.0030153060693427322 0.0007991886268981422 0.039924336024320814 68
0.0002720757701036498 0.18810370761517228 1.8701280893635034e-06 0.002201197209606566 0.008822606228121246 0.1892809142308658 0.767724012957939 0.0050916115077098475 0.011022337312303246 2.410079652854265 2.6068208490056333 0.16725259436167306 0.037046935179539026 66
0.04 4.1491166553748325e-05 1.8701280893635034e-06 0.002201197209606566 0.008822606228121246 0.58 0.31980633528668123 0.0050916115077098475 0.026009354992298183 0.0003790623708012298 0.013471745603926197 0.07489034097906451 0.037046935179539026 66
0.0002720757701036498 0.04695871996762954 1.8701280893635034e-06 0.07765177434515254 0.0005852074685666533 0.003172425605489418 0.0018328331009730332 0.0029784975017801965 0.026009354992298183 0.05216088286289353 0.0030153060693427322 0.0007991886268981422 0.039924336024320814 68
4.420207035171009e-05 4.1491166553748325e-05 1.8701280893635034e-06 0.002201197209606566 0.008822606228121246 0.0016411141029157748 0.0011545968129755874 0.0029784975017801965 0.010324257504586523 2.410079652854265 2.6068208490056333 0.0007991886268981422 0.039924336024320814 67
4.420207035171009e-05 4.1491166553748325e-05 1.8701280893635034e-06 0.002201197209606566 0.0005852074685666533 0.0016411141029157748 0.0011545968129755874 0.0050916115077098475 0.026009354992298183 0.0003790623708012298 0.013471745603926197 0.07489034097906451 0.039924336024320814 67
0.0002720757701036498 0.004157400185559106 0.013942224424713686 0.010150775732324063 0.008822606228121246 0.003172425605489418 0.0011545968129755874 0.0050916115077098475 0.026009354992298183 0.05216088286289353 0.0030153060693427322 0.0007991886268981422 0.039924336024320814 68
0.02907330320788011 0.004157400185559106 0.013942224424713686 0.002201197209606566 0.008822606228121246 0.1892809142308658 0.767724012957939 0.0050916115077098475 0.011022337312303246 2.410079652854265 0.14642039862783685 0.12702342352663604 0.037046935179539026 66
4.420207035171009e-05 0.18 0.013942224424713686 0.002201197209606566 0.008822606228121246 0.58 0.0011545968129755874 0.0050916115077098475 0.011022337312303246 0.0003790623708012298 0.14642039862783685 0.16725259436167306 0.037046935179539026 66
4.420207035171009e-05 0.18810370761517228 1.8701280893635034e-06 0.010150775732324063 0.0005852074685666533 0.003172425605489418 0.0011545968129755874 0.0029784975017801965 0.026009354992298183 0.0003790623708012298 0.013471745603926197 0.07489034097906451 0.039924336024320814 67
0.0002720757701036498 0.18810370761517228 0.27236057581225104 0.07765177434515254 0.11739679991907385 0.1892809142308658 0.68 0.0029784975017801965 0.026009354992298183 0.96 0.013471745603926197 0.12702342352663604 0.037046935179539026 66
0.04 0.04695871996762954 1.8701280893635034e-06 0.0022578983766398616 0.008822606228121246 0.003172425605489418 0.0011545968129755874 0.1643956792056897 0.010324257504586523 0.05216088286289353 0.0030153060693427322 0.0007991886268981422 0.039924336024320814 68
4.420207035171009e-05 0.004157400185559106 1.8701280893635034e-06 0.002201197209606566 0.447449517405841 0.003172425605489418 0.0018328331009730332 0.36826184063314804 0.010324257504586523 2.410079652854265 0.0030153060693427322 0.0007991886268981422 0.039924336024320814 68
4.420207035171009e-05 4.1491166553748325e-05 1.8701280893635034e-06 0.0022578983766398616 0.008822606228121246 0.1892809142308658 0.0011545968129755874 0.0050916115077098475 0.09784256577755265 0.0003790623708012298 0.14642039862783685 0.12702342352663604 0.037046935179539026 67
0.04 4.1491166553748325e-05 1.8701280893635034e-06 0.002201197209606566 0.0005852074685666533 0.1892809142308658 0.767724012957939 0.0050916115077098475 0.011022337312303246 0.05040650368934948 0.14642039862783685 0.12702342352663604 0.039924336024320814 67
0.0002720757701036498 0.18810370761517228 1.8701280893635034e-06 0.002201197209606566 0.008822606228121246 0.1892809142308658 0.767724012957939 0.0050916115077098475 4.591542970819682 0.05216088286289353 0.14642039862783685 0.12702342352663604 0.037046935179539026 66
4.420207035171009e-05 0.004157400185559106 1.8701280893635034e-06 0.07765177434515254 0.008822606228121246 0.003172425605489418 0.0011545968129755874 0.0050916115077098475 0.010324257504586523 0.96 0.0030153060693427322 0.0007991886268981422 0.039924336024320814 68
0.0002720757701036498 0.04695871996762954 1.8701280893635034e-06 0.002201197209606566 0.0005852074685666533 0.1892809142308658 0.31980633528668123 0.0050916115077098475 0.026009354992298183 0.0003790623708012298 0.24418534383167362 0.12702342352663604 0.037046935179539026 66
4.420207035171009e-05 0.18810370761517228 1.8701280893635034e-06 0.002201197209606566 0.11739679991907385 0.1892809142308658 0.0011545968129755874 0.0050916115077098475 0.011022337312303246 0.0003790623708012298 0.14642039862783685 0.07489034097906451 0.037046935179539026 67
4.420207035171009e-05 0.18810370761517228 1.8701280893635034e-06 0.002201197209606566 0.11739679991907385 0.1892809142308658 0.0011545968129755874 0.0050916115077098475 0.011022337312303246 0.0003790623708012298 0.14642039862783685 0.07489034097906451 0.037046935179539026 67
4.420207035171009e-05 0.18810370761517228 1.8701280893635034e-06 0.07765177434515254 0.0005852074685666533 0.1892809142308658 0.0011545968129755874 0.1643956792056897 0.026009354992298183 0.0003790623708012298 2.6068208490056333 0.07489034097906451 0.039924336024320814 67
4.420207035171009e-05 0.004157400185559106 1.8701280893635034e-06 0.07765177434515254 0.447449517405841 0.1892809142308658 0.68 0.0050916115077098475 4.591542970819682 0.0003790623708012298 0.0030153060693427322 0.16725259436167306 0.016567948387988706 67
4.420207035171009e-05 0.18810370761517228 1.8701280893635034e-06 0.002201197209606566 0.0005852074685666533 0.1892809142308658 0.767724012957939 0.0050916115077098475 0.011022337312303246 0.05216088286289353 0.14642039862783685 4.674596821593933 0.037046935179539026 66
4.420207035171009e-05 0.004157400185559106 1.8701280893635034e-06 0.002201197209606566 0.0005852074685666533 0.1892809142308658 0.767724012957939 0.0029784975017801965 0.011022337312303246 0.0003790623708012298 0.013471745603926197 4.674596821593933 0.039924336024320814 67
0.0002720757701036498 0.18810370761517228 0.013942224424713686 0.002201197209606566 0.008822606228121246 0.1892809142308658 0.767724012957939 0.0050916115077098475 0.09784256577755265 2.410079652854265 0.24418534383167362 0.16725259436167306 0.037046935179539026 66
0.04 0.18810370761517228 0.7584734146741547 4.307178249020983 0.008822606228121246 0.0016411141029157748 0.0011545968129755874 0.0050916115077098475 0.026009354992298183 0.05216088286289353 0.0030153060693427322 0.0007991886268981422 0.039924336024320814 68
0.07781730737492884 0.004157400185559106 1.8701280893635034e-06 0.0022578983766398616 0.0005852074685666533 0.0016411141029157748 0.0018328331009730332 0.0029784975017801965 0.026009354992298183 0.05216088286289353 0.0030153060693427322 0.0007991886268981422 0.016567948387988706 68
4.420207035171009e-05 4.1491166553748325e-05 1.8701280893635034e-06 0.002201197209606566 0.008822606228121246 0.003172425605489418 0.0011545968129755874 0.0050916115077098475 0.010324257504586523 0.0003790623708012298 0.0030153060693427322 0.0007991886268981422 0.016567948387988706 68
0.0002720757701036498 0.18810370761517228 1.8701280893635034e-06 0.002201197209606566 0.0005852074685666533 0.1892809142308658 0.767724012957939 0.0029784975017801965 0.011022337312303246 0.96 0.013471745603926197 0.07489034097906451 0.037046935179539026 66
0.0002720757701036498 0.18810370761517228 1.8701280893635034e-06 0.002201197209606566 0.008822606228121246 0.1892809142308658 0.767724012957939 0.0050916115077098475 0.011022337312303246 2.410079652854265 0.24418534383167362 0.16725259436167306 0.037046935179539026 66
4.420207035171009e-05 4.1491166553748325e-05 1.8701280893635034e-06 0.010150775732324063 0.0005852074685666533 0.0016411141029157748 0.0011545968129755874 0.78 0.026009354992298183 0.0003790623708012298 0.14642039862783685 0.12702342352663604 0.016567948387988706 67
0.07781730737492884 0.004157400185559106 1.8701280893635034e-06 0.0022578983766398616 0.0005852074685666533 0.0016411141029157748 0.0018328331009730332 0.0029784975017801965 0.026009354992298183 0.05216088286289353 0.0030153060693427322 0.0007991886268981422 0.016567948387988706 68
4.420207035171009e-05 0.004157400185559106 0.013942224424713686 0.0022578983766398616 0.008822606228121246 0.003172425605489418 0.0018328331009730332 0.0029784975017801965 0.010324257504586523 2.410079652854265 0.24418534383167362 0.07489034097906451 1.24 68
0.0002720757701036498 4.1491166553748325e-05 1.8701280893635034e-06 0.002201197209606566 0.008822606228121246 0.1892809142308658 0.767724012957939 0.0050916115077098475 4.591542970819682 0.05216088286289353 0.14642039862783685 0.16725259436167306 0.037046935179539026 66
0.0002720757701036498 0.04695871996762954 1.8701280893635034e-06 0.07765177434515254 0.0005852074685666533 0.0016411141029157748 0.0018328331009730332 0.0029784975017801965 0.010324257504586523 0.0003790623708012298 0.24418534383167362 0.0007991886268981422 0.039924336024320814 68
0.0002720757701036498 4.1491166553748325e-05 1.8701280893635034e-06 0.002201197209606566 0.008822606228121246 0.1892809142308658 0.767724012957939 0.0050916115077098475 4.591542970819682 0.05216088286289353 0.14642039862783685 0.16725259436167306 0.037046935179539026 66
0.0002720757701036498 0.04695871996762954 1.8701280893635034e-06 0.002201197209606566 0.0005852074685666533 0.1892809142308658 0.31980633528668123 0.0050916115077098475 0.026009354992298183 0.0003790623708012298 0.24418534383167362 0.12702342352663604 0.037046935179539026 66
4.420207035171009e-05 0.004157400185559106 1.8701280893635034e-06 0.0022578983766398616 0.0005852074685666533 0.003172425605489418 0.0011545968129755874 0.0029784975017801965 0.026009354992298183 0.0003790623708012298 0.24418534383167362 0.16725259436167306 0.039924336024320814 67
0.0002720757701036498 0.18810370761517228 1.8701280893635034e-06 0.002201197209606566 0.008822606228121246 0.1892809142308658 0.767724012957939 0.0050916115077098475 0.011022337312303246 0.05216088286289353 0.14642039862783685 0.12702342352663604 0.037046935179539026 66
4.420207035171009e-05 4.1491166553748325e-05 1.8701280893635034e-06 0.0022578983766398616 0.008822606228121246 0.1892809142308658 0.0011545968129755874 0.0050916115077098475 0.09784256577755265 0.0003790623708012298 0.14642039862783685 0.12702342352663604 0.037046935179539026 67
0.0002720757701036498 4.1491166553748325e-05 1.8701280893635034e-06 0.002201197209606566 0.21320422352445415 0.0016411141029157748 0.0011545968129755874 0.0050916115077098475 0.010324257504586523 0.0003790623708012298 0.013471745603926197 0.07489034097906451 0.016567948387988706 67
4.420207035171009e-05 0.18810370761517228 0.6067787317393236 0.002201197209606566 0.21320422352445415 0.1892809142308658 0.0011545968129755874 0.0050916115077098475 0.026009354992298183 0.0003790623708012298 0.14642039862783685 0.16725259436167306 0.037046935179539026 66
0.0002720757701036498 0.04695871996762954 0.7584734146741547 0.010150775732324063 0.008822606228121246 0.0016411141029157748 0.0018328331009730332 0.0050916115077098475 0.010324257504586523 0.05216088286289353 0.0030153060693427322 0.0007991886268981422 0.016567948387988706 68
0.0002720757701036498 0.18810370761517228 1.8701280893635034e-06 0.002201197209606566 0.008822606228121246 0.1892809142308658 0.767724012957939 0.0050916115077098475 0.011022337312303246 0.05216088286289353 0.14642039862783685 0.12702342352663604 0.037046935179539026 66
4.420207035171009e-05 4.1491166553748325e-05 1.8701280893635034e-06 0.002201197209606566 0.0005852074685666533 0.0016411141029157748 0.0018328331009730332 0.0050916115077098475 0.010324257504586523 0.0003790623708012298 0.14642039862783685 0.0007991886268981422 0.039924336024320814 67
4.420207035171009e-05 0.18810370761517228 0.6067787317393236 0.002201197209606566 0.21320422352445415 0.1892809142308658 0.0011545968129755874 0.0050916115077098475 0.026009354992298183 0.0003790623708012298 0.14642039862783685 0.16725259436167306 0.037046935179539026 66
0.04 4.1491166553748325e-05 1.8701280893635034e-06 0.002201197209606566 0.0005852074685666533 0.1892809142308658 0.767724012957939 0.0050916115077098475 0.011022337312303246 0.05040650368934948 0.14642039862783685 0.12702342352663604 0.039924336024320814 67
0.0002720757701036498 0.18810370761517228 0.013942224424713686 0.002201197209606566 0.008822606228121246 0.1892809142308658 0.68 0.36826184063314804 0.09784256577755265 2.410079652854265 0.14642039862783685 4.674596821593933 0.037046935179539026 66
4.420207035171009e-05 0.18810370761517228 1.8701280893635034e-06 0.002201197209606566 0.447449517405841 0.0016411141029157748 0.0011545968129755874 0.0050916115077098475 0.026009354992298183 0.0003790623708012298 0.013471745603926197 4.674596821593933 0.037046935179539026 67
4.420207035171009e-05 0.004157400185559106 0.27236057581225104 0.0022578983766398616 0.447449517405841 0.003172425605489418 0.0018328331009730332 0.0029784975017801965 0.010324257504586523 0.0003790623708012298 0.0030153060693427322 0.07489034097906451 0.2958399357960661 68
4.420207035171009e-05 0.18810370761517228 1.8701280893635034e-06 0.0022578983766398616 0.0005852074685666533 0.003172425605489418 0.0011545968129755874 0.0029784975017801965 0.09784256577755265 0.0003790623708012298 0.14642039862783685 0.07489034097906451 0.039924336024320814 67
4.420207035171009e-05 4.1491166553748325e-05 1.8701280893635034e-06 0.07765177434515254 0.0005852074685666533 0.0016411141029157748 0.0011545968129755874 0.0050916115077098475 0.010324257504586523 0.0003790623708012298 0.14642039862783685 0.16725259436167306 0.039924336024320814 67
0.0002720757701036498 0.18810370761517228 1.8701280893635034e-06 0.002201197209606566 0.008822606228121246 0.1892809142308658 0.767724012957939 0.1643956792056897 0.011022337312303246 2.410079652854265 0.14642039862783685 4.674596821593933 0.037046935179539026 66
0.0002720757701036498 0.18810370761517228 1.8701280893635034e-06 0.002201197209606566 0.008822606228121246 0.1892809142308658 0.767724012957939 0.0050916115077098475 4.591542970819682 0.05216088286289353 0.14642039862783685 0.12702342352663604 0.037046935179539026 66
0.04 0.04695871996762954 1.8701280893635034e-06 0.0022578983766398616 0.008822606228121246 0.003172425605489418 0.0011545968129755874 0.1643956792056897 0.010324257504586523 0.05216088286289353 0.0030153060693427322 0.0007991886268981422 0.039924336024320814 68
4.420207035171009e-05 0.18810370761517228 1.8701280893635034e-06 0.002201197209606566 0.11739679991907385 0.1892809142308658 0.0011545968129755874 0.0050916115077098475 0.011022337312303246 0.0003790623708012298 0.14642039862783685 0.07489034097906451 0.037046935179539026 67
4.420207035171009e-05 0.04695871996762954 1.8701280893635034e-06 0.0022578983766398616 0.0005852074685666533 0.003172425605489418 0.0011545968129755874 0.0029784975017801965 0.026009354992298183 0.0003790623708012298 0.0030153060693427322 0.0007991886268981422 0.039924336024320814 67
0.0002720757701036498 0.04695871996762954 1.8701280893635034e-06 0.07765177434515254 0.0005852074685666533 0.003172425605489418 0.0018328331009730332 0.0029784975017801965 0.026009354992298183 0.05216088286289353 0.0030153060693427322 0.0007991886268981422 0.039924336024320814 68
4.420207035171009e-05 0.04695871996762954 0.27236057581225104 4.307178249020983 0.008822606228121246 0.0016411141029157748 0.0011545968129755874 0.0029784975017801965 0.09784256577755265 0.0003790623708012298 2.6068208490056333 0.12702342352663604 0.039924336024320814 67
4.420207035171009e-05 0.18810370761517228 1.8701280893635034e-06 0.0022578983766398616 0.0005852074685666533 0.0016411141029157748 0.0011545968129755874 0.0050916115077098475 0.026009354992298183 0.0003790623708012298 0.14642039862783685 0.16725259436167306 0.016567948387988706 67
0.0002720757701036498 0.18810370761517228 1.8701280893635034e-06 0.002201197209606566 0.008822606228121246 0.1892809142308658 0.767724012957939 0.0050916115077098475 0.011022337312303246 2.410079652854265 0.14642039862783685 0.16725259436167306 0.037046935179539026 66
4.420207035171009e-05 0.18810370761517228 0.013942224424713686 4.307178249020983 0.11739679991907385 0.1892809142308658 0.767724012957939 0.0050916115077098475 0.011022337312303246 0.0003790623708012298 0.013471745603926197 0.16725259436167306 0.037046935179539026 67
0.0002720757701036498 0.18810370761517228 0.6067787317393236 0.002201197209606566 0.008822606228121246 0.1892809142308658 0.767724012957939 0.0050916115077098475 4.591542970819682 0.05216088286289353 0.013471745603926197 4.674596821593933 0.037046935179539026 66
4.420207035171009e-05 0.18810370761517228 1.8701280893635034e-06 0.010150775732324063 0.0005852074685666533 0.003172425605489418 0.0011545968129755874 0.0029784975017801965 0.026009354992298183 0.0003790623708012298 0.013471745603926197 0.07489034097906451 0.039924336024320814 67
