0.1 0.14 0.22 0.32 0.48 0.6 0.7000000000000001 0.72 0.9 0.98 1.08 1.2 1.3 66
0.1 0.14 0.3 0.34 0.48 0.6 0.7000000000000001 0.74 0.86 0.92 1.1 1.2 1.3 66
0.02 0.14 0.22 0.32 0.48 0.6 0.64 0.72 0.84 0.92 1.08 1.16 1.22 67
0.02 0.12 0.22 0.32 0.5 0.54 0.64 0.74 0.9 0.92 1.08 1.1400000000000001 1.3 67
0.02 0.12 0.22 0.32 0.48 0.52 0.64 0.72 0.8200000000000001 0.92 1.02 1.12 1.28 68
0.1 0.14 0.28 0.34 0.48 0.6 0.7000000000000001 0.72 0.9 0.98 1.08 1.1400000000000001 1.3 66
0.1 0.16 0.24 0.34 0.48 0.54 0.62 0.8 0.8200000000000001 0.98 1.06 1.12 1.28 68
0.02 0.16 0.22 0.34 0.42 0.52 0.62 0.8 0.8200000000000001 1.0 1.02 1.12 1.22 68
0.06 0.16 0.3 0.36 0.48 0.6 0.66 0.76 0.88 0.92 1.08 1.16 1.3 66
0.04 0.14 0.3 0.4 0.48 0.54 0.64 0.72 0.84 1.0 1.02 1.12 1.22 68
0.02 0.14 0.22 0.32 0.46 0.54 0.64 0.72 0.84 0.92 1.1 1.16 1.3 67
0.02 0.14 0.22 0.36 0.48 0.52 0.62 0.74 0.84 0.92 1.04 1.12 1.3 67
0.1 0.14 0.28 0.34 0.48 0.6 0.7000000000000001 0.72 0.9 0.98 1.08 1.1400000000000001 1.3 66
0.02 0.2 0.22 0.36 0.42 0.6 0.66 0.72 0.9 0.92 1.02 1.18 1.22 67
0.1 0.14 0.22 0.36 0.48 0.6 0.7000000000000001 0.72 0.88 0.9400000000000001 1.08 1.2 1.3 66
0.06 0.16 0.22 0.32 0.48 0.52 0.62 0.8 0.88 1.0 1.02 1.12 1.28 68
0.02 0.14 0.22 0.32 0.46 0.52 0.64 0.74 0.8200000000000001 0.92 1.1 1.1400000000000001 1.22 67
0.02 0.12 0.22 0.32 0.48 0.52 0.64 0.72 0.8200000000000001 0.92 1.02 1.12 1.28 68
0.1 0.12 0.22 0.32 0.48 0.6 0.7000000000000001 0.72 0.88 1.0 1.08 1.2 1.3 66
0.1 0.16 0.26 0.38 0.48 0.52 0.64 0.72 0.84 1.0 1.02 1.12 1.22 68
0.02 0.16 0.3 0.34 0.48 0.52 0.64 0.8 0.8200000000000001 0.92 1.1 1.1400000000000001 1.26 67
0.1 0.12 0.22 0.32 0.48 0.6 0.7000000000000001 0.72 0.88 1.0 1.08 1.2 1.3 66
0.1 0.2 0.22 0.36 0.42 0.52 0.62 0.8 0.8200000000000001 0.98 1.02 1.12 1.22 68
0.1 0.14 0.22 0.32 0.48 0.6 0.7000000000000001 0.72 0.9 1.0 1.08 1.18 1.3 66
0.06 0.16 0.22 0.34 0.48 0.52 0.62 0.8 0.84 1.0 1.02 1.12 1.3 68
0.1 0.14 0.22 0.32 0.48 0.6 0.7000000000000001 0.72 0.9 1.0 1.08 1.18 1.3 66
0.02 0.14 0.22 0.36 0.48 0.54 0.64 0.74 0.84 0.92 1.08 1.16 1.22 67
0.1 0.14 0.24 0.36 0.48 0.6 0.68 0.72 0.9 0.98 1.06 1.18 1.3 66
0.02 0.16 0.3 0.34 0.48 0.52 0.64 0.8 0.8200000000000001 0.92 1.1 1.1400000000000001 1.26 67
0.06 0.2 0.22 0.36 0.42 0.52 0.62 0.8 0.84 1.0 1.02 1.12 1.3 68
0.02 0.14 0.22 0.32 0.48 0.6 0.64 0.72 0.84 0.92 1.08 1.16 1.22 67
0.1 0.14 0.26 0.32 0.48 0.6 0.68 0.76 0.86 0.98 1.08 1.16 1.3 66
0.02 0.14 0.22 0.36 0.42 0.6 0.64 0.8 0.9 0.92 1.1 1.16 1.22 67
0.1 0.14 0.26 0.36 0.42 0.6 0.62 0.8 0.9 1.0 1.02 1.12 1.28 68
0.02 0.14 0.3 0.38 0.48 0.6 0.66 0.8 0.9 0.92 1.08 1.18 1.3 66
0.02 0.12 0.22 0.38 0.42 0.54 0.64 0.78 0.84 0.92 1.08 1.18 1.28 67
0.1 0.14 0.26 0.32 0.42 0.6 0.7000000000000001 0.74 0.84 0.92 1.06 1.18 1.3 66
0.02 0.12 0.24 0.32 0.48 0.54 0.64 0.8 0.8200000000000001 0.92 1.1 1.1400000000000001 1.22 67
0.02 0.12 0.22 0.36 0.48 0.6 0.64 0.72 0.86 0.92 1.08 1.18 1.3 67
0.1 0.14 0.26 0.32 0.44 0.6 0.7000000000000001 0.72 0.9 0.98 1.1 1.2 1.3 66
0.1 0.14 0.26 0.32 0.42 0.6 0.7000000000000001 0.74 0.84 0.92 1.06 1.18 1.3 66
0.06 0.14 0.3 0.32 0.48 0.6 0.66 0.74 0.84 0.92 1.08 1.1400000000000001 1.3 66
0.1 0.14 0.22 0.32 0.48 0.6 0.7000000000000001 0.72 0.9 0.98 1.08 1.2 1.3 66
0.02 0.16 0.22 0.34 0.48 0.52 0.64 0.72 0.8200000000000001 0.96 1.02 1.12 1.22 68
0.02 0.16 0.3 0.34 0.48 0.52 0.64 0.8 0.8200000000000001 0.92 1.1 1.1400000000000001 1.26 67
0.1 0.16 0.24 0.34 0.48 0.54 0.62 0.8 0.8200000000000001 0.98 1.06 1.12 1.28 68
0.1 0.14 0.26 0.34 0.48 0.6 0.7000000000000001 0.76 0.86 0.98 1.08 1.1400000000000001 1.3 66
0.1 0.14 0.22 0.32 0.48 0.6 0.66 0.78 0.9 0.92 1.1 1.16 1.3 66
0.1 0.14 0.22 0.32 0.48 0.6 0.66 0.78 0.9 0.92 1.1 1.16 1.3 66
0.02 0.14 0.3 0.38 0.48 0.6 0.66 0.8 0.9 0.92 1.08 1.18 1.3 66
0.1 0.14 0.22 0.32 0.48 0.6 0.7000000000000001 0.72 0.9 0.98 1.06 1.2 1.3 66
0.02 0.16 0.26 0.38 0.48 0.56 0.62 0.8 0.8200000000000001 0.9400000000000001 1.04 1.1400000000000001 1.26 68
0.1 0.14 0.22 0.38 0.42 0.54 0.64 0.72 0.8200000000000001 0.92 1.06 1.1400000000000001 1.22 67
0.02 0.14 0.22 0.36 0.48 0.54 0.64 0.74 0.84 0.92 1.08 1.16 1.22 67
0.1 0.14 0.26 0.32 0.42 0.6 0.7000000000000001 0.74 0.84 0.92 1.06 1.18 1.3 66
0.04 0.12 0.22 0.32 0.42 0.6 0.7000000000000001 0.72 0.9 0.9400000000000001 1.08 1.18 1.22 67
0.02 0.2 0.24 0.36 0.42 0.52 0.62 0.8 0.8200000000000001 0.92 1.02 1.12 1.3 68
0.02 0.16 0.26 0.4 0.46 0.54 0.62 0.8 0.8200000000000001 1.0 1.02 1.12 1.3 68
0.1 0.2 0.22 0.32 0.42 0.6 0.66 0.72 0.84 0.92 1.04 1.18 1.3 66
0.06 0.14 0.22 0.32 0.48 0.6 0.68 0.72 0.84 0.92 1.08 1.2 1.3 66
0.1 0.16 0.26 0.38 0.48 0.52 0.64 0.72 0.84 1.0 1.02 1.12 1.22 68
0.1 0.2 0.22 0.36 0.44 0.52 0.62 0.8 0.8200000000000001 1.0 1.02 1.12 1.3 68
0.02 0.12 0.26 0.32 0.44 0.54 0.64 0.72 0.9 0.92 1.02 1.18 1.22 67
0.02 0.12 0.22 0.32 0.42 0.6 0.64 0.72 0.84 0.92 1.1 1.18 1.22 67
0.1 0.14 0.22 0.32 0.48 0.6 0.7000000000000001 0.72 0.9 0.98 1.1 1.18 1.3 66
0.1 0.14 0.22 0.32 0.48 0.6 0.7000000000000001 0.72 0.9 0.98 1.08 1.2 1.3 66
0.02 0.12 0.22 0.32 0.5 0.54 0.64 0.72 0.9 0.92 1.1 1.18 1.3 67
0.1 0.14 0.26 0.32 0.42 0.6 0.7000000000000001 0.74 0.84 0.92 1.06 1.18 1.3 66
0.02 0.16 0.22 0.32 0.42 0.6 0.64 0.72 0.9 0.92 1.08 1.2 1.22 67
0.02 0.2 0.22 0.36 0.42 0.6 0.66 0.72 0.9 0.92 1.02 1.18 1.22 67
0.1 0.16 0.26 0.38 0.48 0.52 0.62 0.8 0.84 1.0 1.02 1.12 1.3 68
0.1 0.14 0.26 0.32 0.44 0.6 0.7000000000000001 0.72 0.9 0.98 1.1 1.2 1.3 66
0.02 0.12 0.24 0.36 0.42 0.6 0.64 0.78 0.84 0.92 1.08 1.1400000000000001 1.22 67
0.02 0.16 0.3 0.34 0.48 0.52 0.64 0.8 0.8200000000000001 0.92 1.1 1.1400000000000001 1.26 67
0.04 0.14 0.3 0.4 0.48 0.54 0.64 0.72 0.84 1.0 1.02 1.12 1.22 68
0.02 0.14 0.22 0.36 0.48 0.54 0.64 0.74 0.84 0.92 1.08 1.16 1.22 67
0.1 0.12 0.22 0.32 0.48 0.6 0.7000000000000001 0.72 0.88 1.0 1.08 1.2 1.3 66
0.02 0.14 0.22 0.32 0.48 0.6 0.7000000000000001 0.72 0.9 0.9400000000000001 1.04 1.2 1.3 66
0.1 0.16 0.26 0.38 0.48 0.52 0.62 0.8 0.84 1.0 1.02 1.12 1.3 68
0.02 0.14 0.22 0.32 0.5 0.6 0.64 0.72 0.9 0.92 1.08 1.1400000000000001 1.3 67
0.1 0.12 0.28 0.36 0.48 0.6 0.7000000000000001 0.72 0.9 0.98 1.1 1.1400000000000001 1.3 66
0.1 0.16 0.28 0.38 0.48 0.52 0.62 0.76 0.84 1.0 1.02 1.12 1.3 68
0.06 0.2 0.22 0.34 0.48 0.52 0.62 0.8 0.84 1.0 1.02 1.12 1.3 68
0.1 0.14 0.22 0.32 0.48 0.6 0.7000000000000001 0.72 0.9 1.0 1.08 1.18 1.3 66
0.1 0.14 0.22 0.38 0.42 0.54 0.64 0.72 0.8200000000000001 0.92 1.06 1.1400000000000001 1.22 67
0.02 0.12 0.22 0.32 0.42 0.6 0.7000000000000001 0.72 0.9 0.92 1.08 1.1400000000000001 1.28 67
0.02 0.12 0.22 0.32 0.48 0.54 0.62 0.8 0.8200000000000001 0.92 1.1 1.12 1.28 67
0.1 0.12 0.28 0.36 0.48 0.6 0.7000000000000001 0.72 0.9 0.98 1.1 1.1400000000000001 1.3 66
0.02 0.14 0.22 0.36 0.42 0.52 0.64 0.8 0.86 0.92 1.04 1.1400000000000001 1.22 67
0.02 0.14 0.3 0.38 0.48 0.6 0.66 0.8 0.9 0.92 1.08 1.18 1.3 66
0.02 0.14 0.22 0.32 0.42 0.6 0.7000000000000001 0.72 0.9 1.0 1.08 1.16 1.3 66
0.02 0.16 0.26 0.4 0.46 0.54 0.62 0.8 0.8200000000000001 1.0 1.02 1.12 1.3 68
0.02 0.16 0.3 0.34 0.48 0.52 0.64 0.8 0.8200000000000001 0.92 1.1 1.1400000000000001 1.26 67
0.1 0.14 0.26 0.32 0.48 0.56 0.64 0.72 0.84 0.92 1.08 1.16 1.3 66
0.1 0.14 0.26 0.32 0.42 0.6 0.7000000000000001 0.74 0.84 0.92 1.06 1.18 1.3 66
0.02 0.14 0.22 0.32 0.48 0.6 0.64 0.72 0.84 0.92 1.08 1.16 1.22 67
0.02 0.16 0.24 0.36 0.48 0.6 0.64 0.74 0.84 0.92 1.02 1.2 1.22 67
0.1 0.12 0.28 0.36 0.48 0.6 0.7000000000000001 0.72 0.9 0.98 1.1 1.1400000000000001 1.3 66
0.1 0.14 0.26 0.32 0.48 0.56 0.64 0.72 0.84 0.92 1.08 1.16 1.3 66
0.1 0.2 0.3 0.38 0.48 0.54 0.62 0.72 0.8200000000000001 1.0 1.02 1.12 1.28 68
0.02 0.12 0.22 0.32 0.48 0.54 0.62 0.8 0.8200000000000001 0.92 1.1 1.12 1.28 67
0.02 0.16 0.22 0.38 0.48 0.52 0.62 0.72 0.8200000000000001 0.98 1.02 1.12 1.22 68
0.02 0.12 0.22 0.36 0.48 0.6 0.64 0.72 0.86 0.92 1.08 1.18 1.3 67
0.1 0.14 0.26 0.34 0.48 0.6 0.7000000000000001 0.76 0.86 0.98 1.08 1.1400000000000001 1.3 66
0.02 0.12 0.22 0.32 0.42 0.54 0.62 0.8 0.84 0.98 1.02 1.12 1.28 68
0.02 0.12 0.26 0.32 0.44 0.54 0.64 0.72 0.9 0.92 1.02 1.18 1.22 67
0.02 0.14 0.24 0.32 0.44 0.6 0.64 0.72 0.84 0.92 1.08 1.2 1.3 66
0.02 0.12 0.24 0.36 0.42 0.6 0.64 0.78 0.84 0.92 1.08 1.1400000000000001 1.22 67
0.1 0.16 0.24 0.34 0.48 0.54 0.62 0.8 0.8200000000000001 0.98 1.06 1.12 1.28 68
0.06 0.2 0.22 0.32 0.48 0.6 0.66 0.72 0.86 0.92 1.02 1.18 1.28 66
0.1 0.2 0.22 0.36 0.42 0.52 0.62 0.8 0.8200000000000001 0.98 1.02 1.12 1.22 68
0.02 0.2 0.22 0.32 0.48 0.52 0.62 0.72 0.8200000000000001 1.0 1.02 1.12 1.3 68
0.02 0.16 0.22 0.32 0.42 0.52 0.64 0.8 0.8200000000000001 0.92 1.02 1.1400000000000001 1.22 67
0.02 0.14 0.22 0.38 0.42 0.52 0.64 0.8 0.84 0.92 1.1 1.1400000000000001 1.22 67
0.1 0.2 0.22 0.32 0.42 0.6 0.66 0.72 0.84 0.92 1.04 1.18 1.3 66
0.04 0.2 0.22 0.36 0.48 0.52 0.64 0.74 0.8200000000000001 1.0 1.02 1.12 1.22 68
0.04 0.14 0.3 0.4 0.48 0.54 0.64 0.72 0.84 1.0 1.02 1.12 1.22 68
0.08 0.16 0.22 0.36 0.42 0.54 0.62 0.8 0.84 1.0 1.02 1.12 1.28 68
0.02 0.14 0.22 0.38 0.42 0.52 0.64 0.8 0.84 0.92 1.1 1.1400000000000001 1.22 67
0.1 0.14 0.28 0.34 0.48 0.6 0.7000000000000001 0.72 0.9 0.98 1.08 1.1400000000000001 1.3 66
0.02 0.12 0.26 0.32 0.44 0.54 0.64 0.72 0.9 0.92 1.02 1.18 1.22 67
0.02 0.14 0.22 0.36 0.42 0.6 0.64 0.8 0.9 0.92 1.1 1.16 1.22 67
0.02 0.14 0.22 0.36 0.48 0.52 0.62 0.74 0.84 0.92 1.04 1.12 1.3 67
0.02 0.2 0.22 0.36 0.42 0.6 0.66 0.72 0.9 0.92 1.02 1.18 1.22 67
0.02 0.16 0.26 0.38 0.48 0.56 0.62 0.8 0.8200000000000001 0.9400000000000001 1.04 1.1400000000000001 1.26 68
0.02 0.12 0.22 0.32 0.5 0.54 0.64 0.72 0.9 0.92 1.1 1.18 1.3 67
0.1 0.14 0.28 0.34 0.5 0.6 0.68 0.8 0.84 0.96 1.1 1.18 1.3 66
0.02 0.16 0.22 0.36 0.42 0.52 0.64 0.8 0.84 0.92 1.04 1.2 1.22 67
