2.2466906617974077e-08 0.00012258419600870974 0.053669951873338215 0.0003964141808472301 2.3127883973542284e-05 0.00022472278570928516 8.506807898314414e-06 2.8136493318796908e-05 0.00019163103863792144 1.0334777044268078e-06 0.0029153029360700694 0.001162977880396504 0.003729494595593502 67
2.2466906617974077e-08 0.0007299054758456923 0.053669951873338215 0.0003964141808472301 3.4975272465262416e-06 0.00033881553918566634 8.506807898314414e-06 1.3881797240117982e-05 0.00019163103863792144 0.007142549613813616 0.0002511694514830929 6.657094319227353e-05 0.0007949133803971403 68
2.2466906617974077e-08 0.0007299054758456923 7.893493705669585e-09 3.6507027587423965e-06 2.3127883973542284e-05 7.503623505940203e-05 8.506807898314414e-06 1.3881797240117982e-05 0.0009181404318919768 1.0334777044268078e-06 0.0029153029360700694 0.005474291068842692 0.0007949133803971403 67
2.2466906617974077e-08 0.00012258419600870974 7.893493705669585e-09 3.6507027587423965e-06 0.07141399714344014 7.503623505940203e-05 8.506807898314414e-06 1.3881797240117982e-05 0.0009181404318919768 1.0334777044268078e-06 0.0029153029360700694 0.001162977880396504 6.144263125204826e-05 67
2.2466906617974077e-08 0.00012258419600870974 7.893493705669585e-09 0.0003964141808472301 2.3127883973542284e-05 7.503623505940203e-05 8.506807898314414e-06 2.8136493318796908e-05 0.0009181404318919768 1.0334777044268078e-06 0.0011221716389790831 2.84361792054099 0.0007949133803971403 67
2.2466906617974077e-08 2.695594752778383e-06 0.003138436300309705 3.6507027587423965e-06 0.1662874008875598 0.00022472278570928516 8.506807898314414e-06 1.3881797240117982e-05 0.0009181404318919768 1.0334777044268078e-06 0.0002511694514830929 0.022301219092356744 0.0007949133803971403 67
5.1016014985789e-06 0.028565598857376057 7.893493705669585e-09 3.6507027587423965e-06 2.3127883973542284e-05 7.503623505940203e-05 0.2494311013313397 1.3881797240117982e-05 0.00019163103863792144 1.0334777044268078e-06 0.1485411140583555 0.022301219092356744 6.144263125204826e-05 66
5.1016014985789e-06 0.00012258419600870974 0.003138436300309705 3.6507027587423965e-06 3.4975272465262416e-06 7.503623505940203e-05 0.68 0.28722369244214874 0.04642142389044492 0.12967591922059027 0.0029153029360700694 2.84361792054099 6.144263125204826e-05 66
2.2466906617974077e-08 2.695594752778383e-06 7.893493705669585e-09 3.6507027587423965e-06 2.3127883973542284e-05 7.503623505940203e-05 8.506807898314414e-06 1.3881797240117982e-05 0.04642142389044492 1.0334777044268078e-06 0.0011221716389790831 0.001162977880396504 0.0007949133803971403 67
5.1016014985789e-06 0.00012258419600870974 0.053669951873338215 3.6507027587423965e-06 3.4975272465262416e-06 7.503623505940203e-05 0.007252334960281294 1.3881797240117982e-05 0.0009181404318919768 0.007142549613813616 0.1485411140583555 0.005474291068842692 6.144263125204826e-05 66
2.2466906617974077e-08 0.028565598857376057 7.893493705669585e-09 0.0003964141808472301 2.3127883973542284e-05 0.00033881553918566634 8.506807898314414e-06 2.8136493318796908e-05 0.00019163103863792144 1.0334777044268078e-06 0.0002511694514830929 6.657094319227353e-05 0.0007949133803971403 67
5.1016014985789e-06 0.00012258419600870974 7.893493705669585e-09 3.6507027587423965e-06 3.4975272465262416e-06 7.503623505940203e-05 0.007252334960281294 1.3881797240117982e-05 0.0009181404318919768 0.12967591922059027 0.0029153029360700694 0.001162977880396504 6.144263125204826e-05 66
2.2466906617974077e-08 0.00012258419600870974 7.893493705669585e-09 3.6507027587423965e-06 0.2721893491124258 0.00022472278570928516 8.506807898314414e-06 1.3881797240117982e-05 0.00019163103863792144 1.0334777044268078e-06 0.0011221716389790831 2.84361792054099 6.144263125204826e-05 67
0.022675554666485426 0.028565598857376057 7.893493705669585e-09 0.0003964141808472301 2.3127883973542284e-05 0.00033881553918566634 0.00015267162737207609 2.8136493318796908e-05 0.00019163103863792144 0.007142549613813616 0.0002511694514830929 6.657094319227353e-05 6.144263125204826e-05 68
0.022675554666485426 0.00012258419600870974 7.893493705669585e-09 3.6507027587423965e-06 3.4975272465262416e-06 7.503623505940203e-05 0.68 1.3881797240117982e-05 0.00019163103863792144 1.0334777044268078e-06 0.0029153029360700694 0.005474291068842692 6.144263125204826e-05 66
5.1016014985789e-06 0.0007299054758456923 0.003138436300309705 3.6507027587423965e-06 3.4975272465262416e-06 7.503623505940203e-05 0.007252334960281294 1.3881797240117982e-05 0.04642142389044492 0.011346654316504319 0.14026170854472006 0.005474291068842692 6.144263125204826e-05 66
2.2466906617974077e-08 0.00012258419600870974 7.893493705669585e-09 0.028734626069549844 2.3127883973542284e-05 7.503623505940203e-05 8.506807898314414e-06 0.037005957694860536 0.00019163103863792144 1.0334777044268078e-06 0.14026170854472006 0.001162977880396504 0.0007949133803971403 67
5.1016014985789e-06 0.00012258419600870974 0.003138436300309705 0.028734626069549844 3.4975272465262416e-06 7.503623505940203e-05 0.007252334960281294 0.28722369244214874 0.04642142389044492 0.12967591922059027 0.0029153029360700694 0.001162977880396504 6.144263125204826e-05 66
5.1016014985789e-06 0.0007299054758456923 7.893493705669585e-09 0.028734626069549844 2.3127883973542284e-05 0.00033881553918566634 0.00015267162737207609 2.8136493318796908e-05 0.0014137322339065588 0.12967591922059027 0.0002511694514830929 6.657094319227353e-05 1.24 68
0.04 2.695594752778383e-06 7.893493705669585e-09 3.6507027587423965e-06 3.4975272465262416e-06 0.58 0.2494311013313397 1.3881797240117982e-05 0.00019163103863792144 1.0334777044268078e-06 0.0011221716389790831 0.001162977880396504 6.144263125204826e-05 66
2.2466906617974077e-08 0.00012258419600870974 0.0670874398416728 0.6262772241219776 2.3127883973542284e-05 0.00022472278570928516 8.506807898314414e-06 2.8136493318796908e-05 0.04642142389044492 1.0334777044268078e-06 0.14026170854472006 0.001162977880396504 0.0007949133803971403 67
2.2466906617974077e-08 2.695594752778383e-06 7.893493705669585e-09 3.6507027587423965e-06 2.3127883973542284e-05 0.00022472278570928516 0.00015267162737207609 1.3881797240117982e-05 0.0014137322339065588 1.0334777044268078e-06 0.0029153029360700694 6.657094319227353e-05 0.0007949133803971403 67
2.2466906617974077e-08 0.0007299054758456923 0.1656804733727809 0.0003964141808472301 0.2721893491124258 0.00033881553918566634 0.00015267162737207609 2.8136493318796908e-05 0.0014137322339065588 1.0334777044268078e-06 0.0002511694514830929 0.001162977880396504 0.17996327280146915 68
2.2466906617974077e-08 0.18 0.003138436300309705 3.6507027587423965e-06 3.4975272465262416e-06 0.58 8.506807898314414e-06 1.3881797240117982e-05 0.0009181404318919768 1.0334777044268078e-06 0.0029153029360700694 0.005474291068842692 6.144263125204826e-05 66
2.2466906617974077e-08 0.028565598857376057 0.053669951873338215 0.0003964141808472301 2.3127883973542284e-05 0.00033881553918566634 0.00015267162737207609 2.8136493318796908e-05 0.0014137322339065588 0.007142549613813616 0.0002511694514830929 6.657094319227353e-05 0.003729494595593502 68
5.1016014985789e-06 0.00012258419600870974 7.893493705669585e-09 3.6507027587423965e-06 3.4975272465262416e-06 7.503623505940203e-05 0.007252334960281294 1.3881797240117982e-05 0.0009181404318919768 0.12967591922059027 0.0029153029360700694 0.005474291068842692 6.144263125204826e-05 66
2.2466906617974077e-08 0.00012258419600870974 7.893493705669585e-09 3.6507027587423965e-06 3.4975272465262416e-06 7.503623505940203e-05 8.506807898314414e-06 1.3881797240117982e-05 0.00019163103863792144 1.0334777044268078e-06 0.0029153029360700694 2.84361792054099 0.0007949133803971403 67
5.1016014985789e-06 0.00012258419600870974 0.003138436300309705 0.028734626069549844 0.2721893491124258 7.503623505940203e-05 0.2494311013313397 1.3881797240117982e-05 0.04642142389044492 1.0334777044268078e-06 0.0029153029360700694 0.005474291068842692 6.144263125204826e-05 66
0.022675554666485426 0.0007299054758456923 7.893493705669585e-09 3.6507027587423965e-06 3.4975272465262416e-06 0.00033881553918566634 0.00015267162737207609 2.8136493318796908e-05 0.520710059171597 0.007142549613813616 0.0002511694514830929 6.657094319227353e-05 0.003729494595593502 68
5.1016014985789e-06 0.00012258419600870974 0.003138436300309705 3.6507027587423965e-06 0.1662874008875598 7.503623505940203e-05 0.007252334960281294 1.3881797240117982e-05 0.0009181404318919768 0.12967591922059027 0.0011221716389790831 0.005474291068842692 6.144263125204826e-05 66
5.1016014985789e-06 0.00012258419600870974 7.893493705669585e-09 3.6507027587423965e-06 3.4975272465262416e-06 7.503623505940203e-05 0.007252334960281294 0.037005957694860536 0.0009181404318919768 0.12967591922059027 0.14026170854472006 0.005474291068842692 6.144263125204826e-05 66
2.2466906617974077e-08 0.0007299054758456923 7.893493705669585e-09 0.028734626069549844 0.2721893491124258 7.503623505940203e-05 0.68 1.3881797240117982e-05 0.520710059171597 1.0334777044268078e-06 0.0002511694514830929 0.005474291068842692 0.003729494595593502 67
2.2466906617974077e-08 0.028565598857376057 0.003138436300309705 0.002929658103675651 0.2721893491124258 0.00033881553918566634 0.00015267162737207609 2.8136493318796908e-05 0.0014137322339065588 0.011346654316504319 0.0002511694514830929 6.657094319227353e-05 0.0007949133803971403 68
2.2466906617974077e-08 2.695594752778383e-06 0.1656804733727809 0.028734626069549844 0.1662874008875598 7.503623505940203e-05 0.007252334960281294 1.3881797240117982e-05 0.0009181404318919768 1.0334777044268078e-06 0.14026170854472006 0.022301219092356744 0.003729494595593502 67
5.1016014985789e-06 0.00012258419600870974 7.893493705669585e-09 3.6507027587423965e-06 3.4975272465262416e-06 7.503623505940203e-05 0.007252334960281294 1.3881797240117982e-05 0.0009181404318919768 0.12967591922059027 0.14026170854472006 0.005474291068842692 6.144263125204826e-05 66
5.1016014985789e-06 0.0007299054758456923 7.893493705669585e-09 0.028734626069549844 2.3127883973542284e-05 0.00033881553918566634 0.00015267162737207609 2.8136493318796908e-05 0.0014137322339065588 0.12967591922059027 0.0002511694514830929 6.657094319227353e-05 1.24 68
2.2466906617974077e-08 2.695594752778383e-06 0.1656804733727809 0.028734626069549844 0.1662874008875598 7.503623505940203e-05 0.007252334960281294 1.3881797240117982e-05 0.0009181404318919768 1.0334777044268078e-06 0.14026170854472006 0.022301219092356744 0.003729494595593502 67
5.1016014985789e-06 0.00012258419600870974 0.053669951873338215 3.6507027587423965e-06 3.4975272465262416e-06 7.503623505940203e-05 0.007252334960281294 1.3881797240117982e-05 0.520710059171597 0.007142549613813616 0.0011221716389790831 2.84361792054099 6.144263125204826e-05 66
2.2466906617974077e-08 0.028565598857376057 7.893493705669585e-09 0.002929658103675651 3.4975272465262416e-06 7.503623505940203e-05 0.2494311013313397 2.8136493318796908e-05 0.0009181404318919768 1.0334777044268078e-06 0.0011221716389790831 0.022301219092356744 0.0007949133803971403 67
2.2466906617974077e-08 0.028565598857376057 7.893493705669585e-09 0.0003964141808472301 2.3127883973542284e-05 0.00033881553918566634 8.506807898314414e-06 2.8136493318796908e-05 0.00019163103863792144 1.0334777044268078e-06 0.0002511694514830929 6.657094319227353e-05 0.0007949133803971403 67
2.2466906617974077e-08 0.00012258419600870974 7.893493705669585e-09 3.6507027587423965e-06 2.3127883973542284e-05 0.00033881553918566634 8.506807898314414e-06 2.8136493318796908e-05 0.04642142389044492 1.0334777044268078e-06 0.0029153029360700694 0.001162977880396504 0.0007949133803971403 67
2.2466906617974077e-08 0.028565598857376057 7.893493705669585e-09 0.0003964141808472301 2.3127883973542284e-05 0.00033881553918566634 8.506807898314414e-06 2.8136493318796908e-05 0.00019163103863792144 1.0334777044268078e-06 0.0002511694514830929 6.657094319227353e-05 0.0007949133803971403 67
2.2466906617974077e-08 2.695594752778383e-06 7.893493705669585e-09 0.002929658103675651 2.3127883973542284e-05 0.00022472278570928516 8.506807898314414e-06 0.78 0.00019163103863792144 1.0334777044268078e-06 0.0029153029360700694 0.022301219092356744 0.003729494595593502 67
0.022675554666485426 0.00012258419600870974 7.893493705669585e-09 3.6507027587423965e-06 3.4975272465262416e-06 7.503623505940203e-05 0.68 1.3881797240117982e-05 0.00019163103863792144 1.0334777044268078e-06 0.0029153029360700694 0.005474291068842692 6.144263125204826e-05 66
2.2466906617974077e-08 0.028565598857376057 0.1656804733727809 0.6262772241219776 3.4975272465262416e-06 0.00022472278570928516 8.506807898314414e-06 2.8136493318796908e-05 0.04642142389044492 1.0334777044268078e-06 0.14026170854472006 0.022301219092356744 0.0007949133803971403 67
5.1016014985789e-06 0.00012258419600870974 7.893493705669585e-09 3.6507027587423965e-06 3.4975272465262416e-06 7.503623505940203e-05 0.007252334960281294 0.037005957694860536 0.0009181404318919768 0.12967591922059027 0.0029153029360700694 2.84361792054099 6.144263125204826e-05 66
2.2466906617974077e-08 0.0007299054758456923 0.003138436300309705 0.0003964141808472301 3.4975272465262416e-06 0.00033881553918566634 0.00015267162737207609 2.8136493318796908e-05 0.0014137322339065588 0.12967591922059027 0.1485411140583555 0.001162977880396504 1.24 68
2.2466906617974077e-08 0.00012258419600870974 7.893493705669585e-09 3.6507027587423965e-06 2.3127883973542284e-05 0.00022472278570928516 8.506807898314414e-06 1.3881797240117982e-05 0.04642142389044492 1.0334777044268078e-06 0.0029153029360700694 0.022301219092356744 6.144263125204826e-05 67
5.1016014985789e-06 2.695594752778383e-06 0.053669951873338215 3.6507027587423965e-06 3.4975272465262416e-06 7.503623505940203e-05 0.007252334960281294 1.3881797240117982e-05 0.0009181404318919768 0.12967591922059027 0.1485411140583555 2.84361792054099 6.144263125204826e-05 66
2.2466906617974077e-08 0.00012258419600870974 7.893493705669585e-09 0.0003964141808472301 2.3127883973542284e-05 0.00033881553918566634 8.506807898314414e-06 2.8136493318796908e-05 0.04642142389044492 1.0334777044268078e-06 0.1485411140583555 0.001162977880396504 0.0007949133803971403 67
2.2466906617974077e-08 0.00012258419600870974 7.893493705669585e-09 3.6507027587423965e-06 3.4975272465262416e-06 7.503623505940203e-05 8.506807898314414e-06 1.3881797240117982e-05 0.00019163103863792144 1.0334777044268078e-06 0.0029153029360700694 2.84361792054099 0.0007949133803971403 67
5.1016014985789e-06 0.00012258419600870974 7.893493705669585e-09 3.6507027587423965e-06 3.4975272465262416e-06 7.503623505940203e-05 0.2494311013313397 0.78 0.0009181404318919768 1.0334777044268078e-06 0.0011221716389790831 2.84361792054099 6.144263125204826e-05 66
2.2466906617974077e-08 0.0007299054758456923 0.053669951873338215 0.0003964141808472301 3.4975272465262416e-06 0.00033881553918566634 8.506807898314414e-06 1.3881797240117982e-05 0.00019163103863792144 0.007142549613813616 0.0002511694514830929 6.657094319227353e-05 0.0007949133803971403 68
5.1016014985789e-06 0.00012258419600870974 7.893493705669585e-09 3.6507027587423965e-06 3.4975272465262416e-06 7.503623505940203e-05 0.2494311013313397 0.78 0.0009181404318919768 1.0334777044268078e-06 0.0011221716389790831 2.84361792054099 6.144263125204826e-05 66
5.1016014985789e-06 0.00012258419600870974 7.893493705669585e-09 3.6507027587423965e-06 0.2721893491124258 7.503623505940203e-05 8.506807898314414e-06 1.3881797240117982e-05 0.0009181404318919768 1.0334777044268078e-06 0.0029153029360700694 0.005474291068842692 6.144263125204826e-05 66
5.1016014985789e-06 0.00012258419600870974 7.893493705669585e-09 3.6507027587423965e-06 3.4975272465262416e-06 7.503623505940203e-05 0.007252334960281294 1.3881797240117982e-05 0.0009181404318919768 0.12967591922059027 0.1485411140583555 0.005474291068842692 6.144263125204826e-05 66
2.2466906617974077e-08 0.0007299054758456923 7.893493705669585e-09 0.0003964141808472301 2.3127883973542284e-05 7.503623505940203e-05 8.506807898314414e-06 1.3881797240117982e-05 0.0014137322339065588 1.0334777044268078e-06 0.1485411140583555 0.001162977880396504 0.0007949133803971403 67
2.2466906617974077e-08 0.028565598857376057 7.893493705669585e-09 0.0003964141808472301 2.3127883973542284e-05 0.00033881553918566634 8.506807898314414e-06 2.8136493318796908e-05 0.00019163103863792144 1.0334777044268078e-06 0.0002511694514830929 6.657094319227353e-05 0.0007949133803971403 67
2.2466906617974077e-08 0.0007299054758456923 7.893493705669585e-09 0.028734626069549844 3.4975272465262416e-06 0.00033881553918566634 8.506807898314414e-06 1.3881797240117982e-05 0.0014137322339065588 0.96 0.0002511694514830929 6.657094319227353e-05 0.0007949133803971403 68
2.2466906617974077e-08 2.695594752778383e-06 7.893493705669585e-09 3.6507027587423965e-06 2.3127883973542284e-05 0.21163851022053065 8.506807898314414e-06 0.28722369244214874 0.0009181404318919768 1.0334777044268078e-06 0.1485411140583555 0.022301219092356744 0.0007949133803971403 67
2.2466906617974077e-08 0.00012258419600870974 7.893493705669585e-09 0.002929658103675651 2.3127883973542284e-05 0.00033881553918566634 8.506807898314414e-06 2.8136493318796908e-05 0.00019163103863792144 1.0334777044268078e-06 0.0011221716389790831 0.001162977880396504 0.0007949133803971403 67
2.2466906617974077e-08 0.028565598857376057 0.003138436300309705 0.002929658103675651 0.2721893491124258 0.00033881553918566634 0.00015267162737207609 2.8136493318796908e-05 0.0014137322339065588 0.011346654316504319 0.0002511694514830929 6.657094319227353e-05 0.0007949133803971403 68
2.2466906617974077e-08 2.695594752778383e-06 0.1656804733727809 0.028734626069549844 0.1662874008875598 7.503623505940203e-05 0.007252334960281294 1.3881797240117982e-05 0.0009181404318919768 1.0334777044268078e-06 0.14026170854472006 0.022301219092356744 0.003729494595593502 67
5.1016014985789e-06 0.00012258419600870974 0.1656804733727809 0.028734626069549844 3.4975272465262416e-06 7.503623505940203e-05 0.007252334960281294 1.3881797240117982e-05 0.0009181404318919768 0.12967591922059027 0.0029153029360700694 0.001162977880396504 6.144263125204826e-05 66
2.2466906617974077e-08 0.0007299054758456923 7.893493705669585e-09 0.028734626069549844 0.2721893491124258 7.503623505940203e-05 0.68 1.3881797240117982e-05 0.520710059171597 1.0334777044268078e-06 0.0002511694514830929 0.005474291068842692 0.003729494595593502 67
2.2466906617974077e-08 0.0007299054758456923 0.003138436300309705 0.6262772241219776 0.2721893491124258 0.00022472278570928516 0.00015267162737207609 2.8136493318796908e-05 0.0014137322339065588 0.007142549613813616 0.0002511694514830929 6.657094319227353e-05 6.144263125204826e-05 68
5.1016014985789e-06 0.0007299054758456923 7.893493705669585e-09 0.028734626069549844 2.3127883973542284e-05 0.00033881553918566634 0.00015267162737207609 2.8136493318796908e-05 0.0014137322339065588 0.12967591922059027 0.0002511694514830929 6.657094319227353e-05 1.24 68
2.2466906617974077e-08 0.028565598857376057 7.893493705669585e-09 0.0003964141808472301 2.3127883973542284e-05 7.503623505940203e-05 0.2494311013313397 1.3881797240117982e-05 0.0009181404318919768 1.0334777044268078e-06 0.0002511694514830929 0.022301219092356744 0.0007949133803971403 67
2.2466906617974077e-08 2.695594752778383e-06 7.893493705669585e-09 3.6507027587423965e-06 2.3127883973542284e-05 7.503623505940203e-05 0.007252334960281294 1.3881797240117982e-05 0.520710059171597 1.0334777044268078e-06 0.0011221716389790831 2.84361792054099 0.0007949133803971403 67
5.1016014985789e-06 0.00012258419600870974 0.003138436300309705 0.002929658103675651 2.3127883973542284e-05 7.503623505940203e-05 0.007252334960281294 1.3881797240117982e-05 0.520710059171597 1.0334777044268078e-06 0.0011221716389790831 0.022301219092356744 0.0007949133803971403 67
5.1016014985789e-06 2.695594752778383e-06 0.053669951873338215 3.6507027587423965e-06 3.4975272465262416e-06 7.503623505940203e-05 0.007252334960281294 1.3881797240117982e-05 0.0009181404318919768 0.12967591922059027 0.1485411140583555 2.84361792054099 6.144263125204826e-05 66
2.2466906617974077e-08 0.00012258419600870974 7.893493705669585e-09 0.0003964141808472301 2.3127883973542284e-05 7.503623505940203e-05 0.007252334960281294 0.28722369244214874 0.04642142389044492 1.0334777044268078e-06 0.0002511694514830929 2.84361792054099 0.0007949133803971403 67
2.2466906617974077e-08 0.0007299054758456923 7.893493705669585e-09 3.6507027587423965e-06 2.3127883973542284e-05 7.503623505940203e-05 0.007252334960281294 2.8136493318796908e-05 0.0009181404318919768 1.0334777044268078e-06 0.0011221716389790831 2.84361792054099 0.0007949133803971403 67
5.1016014985789e-06 0.00012258419600870974 0.003138436300309705 3.6507027587423965e-06 0.1662874008875598 7.503623505940203e-05 0.007252334960281294 1.3881797240117982e-05 0.0009181404318919768 0.12967591922059027 0.0011221716389790831 0.005474291068842692 6.144263125204826e-05 66
0.04 0.028565598857376057 7.893493705669585e-09 0.0003964141808472301 3.4975272465262416e-06 0.00033881553918566634 8.506807898314414e-06 0.037005957694860536 0.0014137322339065588 0.007142549613813616 0.0002511694514830929 6.657094319227353e-05 0.0007949133803971403 68
2.2466906617974077e-08 0.18 7.893493705669585e-09 0.028734626069549844 3.4975272465262416e-06 7.503623505940203e-05 0.2494311013313397 1.3881797240117982e-05 0.0009181404318919768 1.0334777044268078e-06 0.0002511694514830929 2.84361792054099 1.24 67
5.1016014985789e-06 0.00012258419600870974 0.003138436300309705 3.6507027587423965e-06 0.1662874008875598 7.503623505940203e-05 0.007252334960281294 1.3881797240117982e-05 0.0009181404318919768 0.12967591922059027 0.0011221716389790831 0.005474291068842692 6.144263125204826e-05 66
5.1016014985789e-06 0.00012258419600870974 0.1656804733727809 0.002929658103675651 3.4975272465262416e-06 7.503623505940203e-05 8.506807898314414e-06 2.8136493318796908e-05 0.0009181404318919768 0.007142549613813616 0.0002511694514830929 6.657094319227353e-05 0.003729494595593502 68
2.2466906617974077e-08 0.0007299054758456923 7.893493705669585e-09 3.6507027587423965e-06 0.1662874008875598 0.00033881553918566634 0.00015267162737207609 2.8136493318796908e-05 0.0014137322339065588 0.007142549613813616 0.0002511694514830929 6.657094319227353e-05 6.144263125204826e-05 68
2.2466906617974077e-08 2.695594752778383e-06 7.893493705669585e-09 3.6507027587423965e-06 2.3127883973542284e-05 7.503623505940203e-05 8.506807898314414e-06 1.3881797240117982e-05 0.04642142389044492 1.0334777044268078e-06 0.0011221716389790831 0.001162977880396504 0.0007949133803971403 67
2.2466906617974077e-08 0.00012258419600870974 7.893493705669585e-09 0.0003964141808472301 2.3127883973542284e-05 0.00033881553918566634 8.506807898314414e-06 2.8136493318796908e-05 0.04642142389044492 1.0334777044268078e-06 0.0029153029360700694 0.001162977880396504 0.0007949133803971403 67
5.1016014985789e-06 0.00012258419600870974 0.053669951873338215 0.0003964141808472301 3.4975272465262416e-06 7.503623505940203e-05 0.68 1.3881797240117982e-05 0.0009181404318919768 0.12967591922059027 0.14026170854472006 0.022301219092356744 6.144263125204826e-05 66
2.2466906617974077e-08 0.00012258419600870974 7.893493705669585e-09 3.6507027587423965e-06 0.2721893491124258 0.00022472278570928516 8.506807898314414e-06 1.3881797240117982e-05 0.00019163103863792144 1.0334777044268078e-06 0.0011221716389790831 2.84361792054099 6.144263125204826e-05 67
2.2466906617974077e-08 0.0007299054758456923 7.893493705669585e-09 0.0003964141808472301 2.3127883973542284e-05 7.503623505940203e-05 8.506807898314414e-06 1.3881797240117982e-05 0.0014137322339065588 1.0334777044268078e-06 0.1485411140583555 0.001162977880396504 0.0007949133803971403 67
5.1016014985789e-06 0.0007299054758456923 0.1656804733727809 0.002929658103675651 0.2721893491124258 0.00033881553918566634 0.00015267162737207609 2.8136493318796908e-05 0.0014137322339065588 1.0334777044268078e-06 0.1485411140583555 6.657094319227353e-05 0.0007949133803971403 68
2.2466906617974077e-08 0.00012258419600870974 0.0670874398416728 0.6262772241219776 2.3127883973542284e-05 0.00022472278570928516 8.506807898314414e-06 2.8136493318796908e-05 0.04642142389044492 1.0334777044268078e-06 0.14026170854472006 0.001162977880396504 0.0007949133803971403 67
2.2466906617974077e-08 0.028565598857376057 0.1656804733727809 0.6262772241219776 3.4975272465262416e-06 0.00022472278570928516 8.506807898314414e-06 2.8136493318796908e-05 0.04642142389044492 1.0334777044268078e-06 0.14026170854472006 0.022301219092356744 0.0007949133803971403 67
2.2466906617974077e-08 2.695594752778383e-06 7.893493705669585e-09 0.002929658103675651 2.3127883973542284e-05 0.00022472278570928516 8.506807898314414e-06 0.78 0.00019163103863792144 1.0334777044268078e-06 0.0029153029360700694 0.022301219092356744 0.003729494595593502 67
2.2466906617974077e-08 2.695594752778383e-06 7.893493705669585e-09 0.0003964141808472301 3.4975272465262416e-06 7.503623505940203e-05 8.506807898314414e-06 1.3881797240117982e-05 0.04642142389044492 1.0334777044268078e-06 0.0029153029360700694 0.022301219092356744 6.144263125204826e-05 67
2.2466906617974077e-08 0.18 0.003138436300309705 3.6507027587423965e-06 3.4975272465262416e-06 0.58 8.506807898314414e-06 1.3881797240117982e-05 0.0009181404318919768 1.0334777044268078e-06 0.0029153029360700694 0.005474291068842692 6.144263125204826e-05 66
2.2466906617974077e-08 0.0007299054758456923 7.893493705669585e-09 0.028734626069549844 2.3127883973542284e-05 0.00033881553918566634 0.00015267162737207609 2.8136493318796908e-05 0.0014137322339065588 0.007142549613813616 0.0002511694514830929 6.657094319227353e-05 0.0007949133803971403 68
2.2466906617974077e-08 0.00012258419600870974 7.893493705669585e-09 0.0003964141808472301 2.3127883973542284e-05 7.503623505940203e-05 8.506807898314414e-06 2.8136493318796908e-05 0.0009181404318919768 1.0334777044268078e-06 0.0011221716389790831 2.84361792054099 0.0007949133803971403 67
2.2466906617974077e-08 0.0007299054758456923 0.003138436300309705 0.0003964141808472301 3.4975272465262416e-06 0.00033881553918566634 0.00015267162737207609 2.8136493318796908e-05 0.0014137322339065588 0.12967591922059027 0.1485411140583555 0.001162977880396504 1.24 68
5.1016014985789e-06 0.028565598857376057 7.893493705669585e-09 0.028734626069549844 2.3127883973542284e-05 0.00033881553918566634 0.00015267162737207609 2.8136493318796908e-05 0.00019163103863792144 0.007142549613813616 0.0002511694514830929 6.657094319227353e-05 0.0007949133803971403 68
5.1016014985789e-06 0.028565598857376057 7.893493705669585e-09 0.028734626069549844 2.3127883973542284e-05 0.00033881553918566634 0.00015267162737207609 2.8136493318796908e-05 0.00019163103863792144 0.007142549613813616 0.0002511694514830929 6.657094319227353e-05 0.0007949133803971403 68
5.1016014985789e-06 0.028565598857376057 0.053669951873338215 3.6507027587423965e-06 3.4975272465262416e-06 7.503623505940203e-05 0.007252334960281294 1.3881797240117982e-05 0.0009181404318919768 0.011346654316504319 0.1485411140583555 0.005474291068842692 6.144263125204826e-05 66
2.2466906617974077e-08 0.00012258419600870974 7.893493705669585e-09 3.6507027587423965e-06 0.07141399714344014 7.503623505940203e-05 8.506807898314414e-06 1.3881797240117982e-05 0.0009181404318919768 1.0334777044268078e-06 0.0029153029360700694 0.001162977880396504 6.144263125204826e-05 67
5.1016014985789e-06 2.695594752778383e-06 7.893493705669585e-09 3.6507027587423965e-06 3.4975272465262416e-06 7.503623505940203e-05 0.007252334960281294 1.3881797240117982e-05 0.520710059171597 0.007142549613813616 0.0029153029360700694 0.005474291068842692 6.144263125204826e-05 66
5.1016014985789e-06 2.695594752778383e-06 0.053669951873338215 3.6507027587423965e-06 3.4975272465262416e-06 7.503623505940203e-05 0.007252334960281294 1.3881797240117982e-05 0.0009181404318919768 0.12967591922059027 0.1485411140583555 2.84361792054099 6.144263125204826e-05 66
2.2466906617974077e-08 0.028565598857376057 7.893493705669585e-09 0.0003964141808472301 2.3127883973542284e-05 7.503623505940203e-05 0.007252334960281294 1.3881797240117982e-05 0.0009181404318919768 1.0334777044268078e-06 0.0002511694514830929 0.005474291068842692 0.0007949133803971403 67
2.2466906617974077e-08 0.028565598857376057 7.893493705669585e-09 0.0003964141808472301 2.3127883973542284e-05 0.00022472278570928516 8.506807898314414e-06 0.78 0.00019163103863792144 1.0334777044268078e-06 0.0002511694514830929 0.001162977880396504 1.24 67
5.1016014985789e-06 2.695594752778383e-06 7.893493705669585e-09 3.6507027587423965e-06 0.1662874008875598 0.00022472278570928516 8.506807898314414e-06 1.3881797240117982e-05 0.00019163103863792144 0.011346654316504319 0.0029153029360700694 2.84361792054099 6.144263125204826e-05 66
0.022675554666485426 0.0007299054758456923 0.003138436300309705 3.6507027587423965e-06 3.4975272465262416e-06 7.503623505940203e-05 0.007252334960281294 1.3881797240117982e-05 0.0009181404318919768 0.12967591922059027 0.0029153029360700694 0.022301219092356744 6.144263125204826e-05 66
2.2466906617974077e-08 0.028565598857376057 7.893493705669585e-09 0.0003964141808472301 2.3127883973542284e-05 0.00033881553918566634 8.506807898314414e-06 2.8136493318796908e-05 0.00019163103863792144 1.0334777044268078e-06 0.0002511694514830929 6.657094319227353e-05 0.0007949133803971403 67
2.2466906617974077e-08 0.00012258419600870974 0.0670874398416728 0.002929658103675651 3.4975272465262416e-06 7.503623505940203e-05 0.2494311013313397 2.8136493318796908e-05 0.0009181404318919768 1.0334777044268078e-06 0.0029153029360700694 0.022301219092356744 6.144263125204826e-05 66
2.2466906617974077e-08 0.0007299054758456923 7.893493705669585e-09 0.002929658103675651 3.4975272465262416e-06 0.00033881553918566634 0.00015267162737207609 1.3881797240117982e-05 0.0014137322339065588 0.12967591922059027 0.0002511694514830929 6.657094319227353e-05 0.0007949133803971403 68
5.1016014985789e-06 0.00012258419600870974 0.003138436300309705 0.028734626069549844 3.4975272465262416e-06 7.503623505940203e-05 0.007252334960281294 0.28722369244214874 0.04642142389044492 0.12967591922059027 0.0029153029360700694 0.001162977880396504 6.144263125204826e-05 66
5.1016014985789e-06 0.00012258419600870974 7.893493705669585e-09 3.6507027587423965e-06 2.3127883973542284e-05 7.503623505940203e-05 0.007252334960281294 2.8136493318796908e-05 0.0009181404318919768 0.96 0.0011221716389790831 0.001162977880396504 6.144263125204826e-05 66
5.1016014985789e-06 0.00012258419600870974 7.893493705669585e-09 3.6507027587423965e-06 3.4975272465262416e-06 7.503623505940203e-05 0.007252334960281294 1.3881797240117982e-05 0.0009181404318919768 0.12967591922059027 0.0029153029360700694 0.001162977880396504 6.144263125204826e-05 66
5.1016014985789e-06 0.00012258419600870974 0.053669951873338215 3.6507027587423965e-06 3.4975272465262416e-06 7.503623505940203e-05 0.007252334960281294 1.3881797240117982e-05 0.520710059171597 0.007142549613813616 0.0011221716389790831 2.84361792054099 6.144263125204826e-05 66
2.2466906617974077e-08 0.028565598857376057 7.893493705669585e-09 3.6507027587423965e-06 3.4975272465262416e-06 0.00033881553918566634 0.00015267162737207609 1.3881797240117982e-05 0.0014137322339065588 0.007142549613813616 0.0002511694514830929 6.657094319227353e-05 6.144263125204826e-05 68
5.1016014985789e-06 0.00012258419600870974 7.893493705669585e-09 3.6507027587423965e-06 3.4975272465262416e-06 7.503623505940203e-05 0.007252334960281294 1.3881797240117982e-05 0.0009181404318919768 0.12967591922059027 0.14026170854472006 0.005474291068842692 6.144263125204826e-05 66
0.022675554666485426 0.0007299054758456923 7.893493705669585e-09 0.0003964141808472301 3.4975272465262416e-06 0.00033881553918566634 0.00015267162737207609 2.8136493318796908e-05 0.00019163103863792144 1.0334777044268078e-06 0.0002511694514830929 6.657094319227353e-05 6.144263125204826e-05 68
0.022675554666485426 0.00012258419600870974 7.893493705669585e-09 3.6507027587423965e-06 3.4975272465262416e-06 7.503623505940203e-05 0.68 1.3881797240117982e-05 0.00019163103863792144 1.0334777044268078e-06 0.0029153029360700694 0.005474291068842692 6.144263125204826e-05 66
