0.007449055146144808 0.00011145132463595665 0.03497884671734146 0.05596615474774633 0.007090050561796526 0.0015895121048785557 0.042898492725161635 0.015320890258986159 0.008323263385545966 0.0008191672360742833 0.0007801592724516968 0.003014535428753387 0.18888577227364384 0.015803796353305425 0.0006329212395387806 0.07651622719418376 36
0.007449055146144808 0.00011145132463595665 0.03497884671734146 0.05596615474774633 0.007090050561796526 0.0015895121048785557 0.042898492725161635 0.015320890258986159 0.008323263385545966 0.0008191672360742833 0.0007801592724516968 0.003014535428753387 0.18888577227364384 0.015803796353305425 0.0006329212395387806 0.07651622719418376 36
0.000144501100443505 0.00011145132463595665 0.00046159183345028634 0.0005385238056920008 0.007090050561796526 0.044694330876868825 0.042898492725161635 0.008430815554606093 0.019786552731946964 0.24966253227819185 0.0007801592724516968 0.003014535428753387 0.037213268071892645 0.03167115283224801 0.0006329212395387806 0.008370198579898605 42
0.007449055146144808 0.00011145132463595665 0.03497884671734146 0.05596615474774633 0.007090050561796526 0.0015895121048785557 0.042898492725161635 0.015320890258986159 0.008323263385545966 0.0008191672360742833 0.0007801592724516968 0.003014535428753387 0.18888577227364384 0.015803796353305425 0.0006329212395387806 0.07651622719418376 36
0.007449055146144808 0.00011145132463595665 0.03497884671734146 0.05596615474774633 0.007090050561796526 0.0015895121048785557 0.002283345879372461 0.015320890258986159 0.008323263385545966 0.0008191672360742833 0.0007801592724516968 0.003014535428753387 0.18888577227364384 0.015803796353305425 0.0006329212395387806 0.07651622719418376 36
0.007449055146144808 0.00011145132463595665 0.03497884671734146 0.05596615474774633 0.007090050561796526 0.044694330876868825 0.042898492725161635 0.015320890258986159 0.008323263385545966 0.0008191672360742833 0.0007801592724516968 0.09855099958349592 0.09311318932681005 0.03167115283224801 0.0006329212395387806 0.07651622719418376 36
0.007449055146144808 0.00011145132463595665 0.03497884671734146 0.05596615474774633 0.007090050561796526 0.0015895121048785557 0.042898492725161635 0.015320890258986159 0.008323263385545966 0.0008191672360742833 0.0007801592724516968 0.003014535428753387 0.18888577227364384 0.015803796353305425 0.0006329212395387806 0.07651622719418376 36
0.000144501100443505 0.05794798775509621 0.00046159183345028634 0.0005385238056920008 0.006831805999480629 0.0015895121048785557 0.042898492725161635 0.008430815554606093 0.008323263385545966 0.0008191672360742833 0.0007801592724516968 0.003014535428753387 0.37666192040812535 0.015803796353305425 0.0006329212395387806 0.07651622719418376 37
0.000144501100443505 0.00011145132463595665 0.03497884671734146 0.05596615474774633 0.007090050561796526 0.044694330876868825 0.042898492725161635 0.015320890258986159 0.008323263385545966 0.0008191672360742833 0.0007801592724516968 0.09855099958349592 0.09311318932681005 0.015803796353305425 0.0006329212395387806 0.07651622719418376 36
0.000144501100443505 0.05794798775509621 0.00046159183345028634 0.0005385238056920008 0.007090050561796526 0.044694330876868825 0.042898492725161635 0.008430815554606093 0.008323263385545966 0.0008191672360742833 0.0007801592724516968 0.003014535428753387 0.37666192040812535 0.015803796353305425 0.0006329212395387806 0.07651622719418376 37
0.007449055146144808 0.00011145132463595665 0.03497884671734146 0.05596615474774633 0.007090050561796526 0.0015895121048785557 0.042898492725161635 0.015320890258986159 0.008323263385545966 0.0008191672360742833 0.0007801592724516968 0.003014535428753387 0.18888577227364384 0.015803796353305425 0.0006329212395387806 0.008370198579898605 36
0.007449055146144808 0.00011145132463595665 0.03497884671734146 0.05596615474774633 0.007090050561796526 0.0015895121048785557 0.002283345879372461 0.015320890258986159 0.008323263385545966 0.0008191672360742833 0.0007801592724516968 0.003014535428753387 0.18888577227364384 0.015803796353305425 0.897959183673468 0.008370198579898605 36
0.000144501100443505 0.00011145132463595665 0.00046159183345028634 0.0005385238056920008 0.007090050561796526 0.0015895121048785557 0.002283345879372461 0.008430815554606093 0.019786552731946964 0.0008191672360742833 0.0007801592724516968 0.003014535428753387 0.037213268071892645 0.03167115283224801 0.0006329212395387806 0.008370198579898605 41
0.007449055146144808 0.00011145132463595665 0.03497884671734146 0.05596615474774633 0.007090050561796526 0.044694330876868825 0.042898492725161635 0.015320890258986159 0.008323263385545966 0.0008191672360742833 0.0007801592724516968 0.09855099958349592 0.09311318932681005 0.03167115283224801 0.0006329212395387806 0.07651622719418376 36
0.000144501100443505 0.05794798775509621 0.00046159183345028634 0.0005385238056920008 0.007090050561796526 0.0015895121048785557 0.002283345879372461 0.008430815554606093 0.008323263385545966 0.0008191672360742833 0.0007801592724516968 0.003014535428753387 0.37666192040812535 0.015803796353305425 0.0006329212395387806 0.07651622719418376 37
0.007449055146144808 0.00011145132463595665 0.03497884671734146 0.05596615474774633 0.007090050561796526 0.0015895121048785557 0.042898492725161635 0.015320890258986159 0.008323263385545966 0.0008191672360742833 0.0007801592724516968 0.003014535428753387 0.18888577227364384 0.015803796353305425 0.0006329212395387806 0.07651622719418376 36
0.007449055146144808 0.00011145132463595665 0.03497884671734146 0.05596615474774633 0.007090050561796526 0.0015895121048785557 0.002283345879372461 0.015320890258986159 0.008323263385545966 0.0008191672360742833 0.0007801592724516968 0.003014535428753387 0.18888577227364384 0.015803796353305425 0.0006329212395387806 0.008370198579898605 36
0.007449055146144808 0.00011145132463595665 0.03497884671734146 0.05596615474774633 0.007090050561796526 0.0015895121048785557 0.042898492725161635 0.015320890258986159 0.008323263385545966 0.0008191672360742833 0.0007801592724516968 0.003014535428753387 0.18888577227364384 0.015803796353305425 0.0006329212395387806 0.07651622719418376 36
0.000144501100443505 0.00011145132463595665 0.00046159183345028634 0.0005385238056920008 0.007090050561796526 0.0015895121048785557 0.042898492725161635 0.015320890258986159 0.008323263385545966 0.0008191672360742833 0.0007801592724516968 0.003014535428753387 0.09311318932681005 0.015803796353305425 0.0006329212395387806 0.008370198579898605 38
0.007449055146144808 0.00011145132463595665 0.03497884671734146 0.05596615474774633 0.007090050561796526 0.0015895121048785557 0.042898492725161635 0.015320890258986159 0.008323263385545966 0.0008191672360742833 0.0007801592724516968 0.003014535428753387 0.18888577227364384 0.015803796353305425 0.0006329212395387806 0.008370198579898605 36
0.000144501100443505 0.00011145132463595665 0.00046159183345028634 0.0005385238056920008 0.007090050561796526 0.044694330876868825 0.002283345879372461 0.015320890258986159 0.008323263385545966 0.24966253227819185 0.0007801592724516968 0.09855099958349592 0.09311318932681005 0.015803796353305425 0.0006329212395387806 0.008370198579898605 39
0.000144501100443505 0.05794798775509621 0.00046159183345028634 0.0005385238056920008 0.006831805999480629 0.0015895121048785557 0.002283345879372461 0.008430815554606093 0.008323263385545966 0.0008191672360742833 0.0007801592724516968 0.003014535428753387 0.37666192040812535 0.015803796353305425 0.0006329212395387806 0.07651622719418376 37
0.007449055146144808 0.00011145132463595665 0.03497884671734146 0.05596615474774633 0.007090050561796526 0.044694330876868825 0.042898492725161635 0.015320890258986159 0.008323263385545966 0.0008191672360742833 0.0007801592724516968 0.003014535428753387 0.18888577227364384 0.015803796353305425 0.0006329212395387806 0.07651622719418376 36
0.007449055146144808 0.00011145132463595665 0.03497884671734146 0.05596615474774633 0.007090050561796526 0.044694330876868825 0.042898492725161635 0.015320890258986159 0.008323263385545966 0.0008191672360742833 0.0007801592724516968 0.09855099958349592 0.37666192040812535 0.015803796353305425 0.0006329212395387806 0.07651622719418376 36
0.000144501100443505 0.00011145132463595665 0.00046159183345028634 0.0005385238056920008 0.007090050561796526 0.0015895121048785557 0.002283345879372461 0.008430815554606093 0.019786552731946964 0.0008191672360742833 0.0007801592724516968 0.003014535428753387 0.037213268071892645 0.03167115283224801 0.0006329212395387806 0.008370198579898605 41
0.007449055146144808 0.00011145132463595665 0.03497884671734146 0.05596615474774633 0.007090050561796526 0.044694330876868825 0.042898492725161635 0.015320890258986159 0.008323263385545966 0.0008191672360742833 0.0007801592724516968 0.09855099958349592 0.09311318932681005 0.03167115283224801 0.0006329212395387806 0.07651622719418376 36
0.007449055146144808 0.00011145132463595665 0.03497884671734146 0.05596615474774633 0.007090050561796526 0.0015895121048785557 0.042898492725161635 0.015320890258986159 0.008323263385545966 0.0008191672360742833 0.0007801592724516968 0.003014535428753387 0.18888577227364384 0.015803796353305425 0.0006329212395387806 0.07651622719418376 36
0.000144501100443505 0.00011145132463595665 0.00046159183345028634 0.0005385238056920008 0.007090050561796526 0.044694330876868825 0.042898492725161635 0.015320890258986159 0.008323263385545966 0.24966253227819185 0.0007801592724516968 0.09855099958349592 0.09311318932681005 0.015803796353305425 0.0006329212395387806 0.008370198579898605 39
0.007449055146144808 0.00011145132463595665 0.03497884671734146 0.05596615474774633 0.007090050561796526 0.0015895121048785557 0.002283345879372461 0.015320890258986159 0.008323263385545966 0.0008191672360742833 0.0007801592724516968 0.003014535428753387 0.18888577227364384 0.015803796353305425 0.897959183673468 0.008370198579898605 36
0.000144501100443505 0.05794798775509621 0.00046159183345028634 0.0005385238056920008 0.006831805999480629 0.0015895121048785557 0.002283345879372461 0.008430815554606093 0.008323263385545966 0.0008191672360742833 0.0007801592724516968 0.003014535428753387 0.37666192040812535 0.015803796353305425 0.0006329212395387806 0.07651622719418376 37
0.000144501100443505 0.05794798775509621 0.00046159183345028634 0.0005385238056920008 0.007090050561796526 0.0015895121048785557 0.042898492725161635 0.008430815554606093 0.008323263385545966 0.0008191672360742833 0.0007801592724516968 0.003014535428753387 0.37666192040812535 0.015803796353305425 0.0006329212395387806 0.07651622719418376 37
0.007449055146144808 0.00011145132463595665 0.03497884671734146 0.05596615474774633 0.007090050561796526 0.044694330876868825 0.042898492725161635 0.015320890258986159 0.008323263385545966 0.0008191672360742833 0.0007801592724516968 0.09855099958349592 0.37666192040812535 0.015803796353305425 0.0006329212395387806 0.07651622719418376 36
0.000144501100443505 0.00011145132463595665 0.00046159183345028634 0.0005385238056920008 0.007090050561796526 0.044694330876868825 0.042898492725161635 0.008430815554606093 0.019786552731946964 0.24966253227819185 0.0007801592724516968 0.003014535428753387 0.84 0.03167115283224801 0.0006329212395387806 0.008370198579898605 42
0.000144501100443505 0.00011145132463595665 0.00046159183345028634 0.0005385238056920008 0.007090050561796526 0.044694330876868825 0.002283345879372461 0.015320890258986159 0.008323263385545966 0.24966253227819185 0.0007801592724516968 0.09855099958349592 0.09311318932681005 0.015803796353305425 0.0006329212395387806 0.008370198579898605 39
0.000144501100443505 0.00011145132463595665 0.00046159183345028634 0.0005385238056920008 0.007090050561796526 0.044694330876868825 0.042898492725161635 0.015320890258986159 0.008323263385545966 0.24966253227819185 0.0007801592724516968 0.09855099958349592 0.09311318932681005 0.015803796353305425 0.0006329212395387806 0.07651622719418376 39
0.000144501100443505 0.00011145132463595665 0.00046159183345028634 0.0005385238056920008 0.007090050561796526 0.0015895121048785557 0.042898492725161635 0.015320890258986159 0.008323263385545966 0.0008191672360742833 0.0007801592724516968 0.003014535428753387 0.09311318932681005 0.015803796353305425 0.0006329212395387806 0.008370198579898605 38
0.000144501100443505 0.05794798775509621 0.00046159183345028634 0.0005385238056920008 0.007090050561796526 0.0015895121048785557 0.042898492725161635 0.008430815554606093 0.008323263385545966 0.0008191672360742833 0.0007801592724516968 0.003014535428753387 0.37666192040812535 0.015803796353305425 0.0006329212395387806 0.07651622719418376 37
0.000144501100443505 0.00011145132463595665 0.00046159183345028634 0.0005385238056920008 0.007090050561796526 0.044694330876868825 0.042898492725161635 0.008430815554606093 0.019786552731946964 0.24966253227819185 0.0007801592724516968 0.003014535428753387 0.84 0.03167115283224801 0.0006329212395387806 0.07651622719418376 42
