0.01202085050699241 5.230867897123771e-06 0.10859162820954614 0.17374660513527382 0.007339337632002494 0.017804687595211484 0.048485400838375714 0.022644173052805826 0.005352343869297844 1.1346015590065347e-05 3.662741229355626e-05 0.046918340031238445 0.1638813838506098 0.002998192499180744 3.812973726925063e-06 0.018935571705460987 36
0.01202085050699241 5.230867897123771e-06 0.10859162820954614 0.17374660513527382 0.007339337632002494 8.147949816800943e-05 4.125429499933869e-05 0.022644173052805826 0.005352343869297844 1.1346015590065347e-05 3.662741229355626e-05 0.0001293019907841922 0.5863947923315495 0.002998192499180744 3.812973726925063e-06 0.0006906806858994598 36
1.8285362378706035e-06 0.02521252059240151 3.0362231128414733e-06 3.542260298315052e-06 0.007339337632002494 8.147949816800943e-05 0.048485400838375714 0.00011648326857846864 0.005352343869297844 1.1346015590065347e-05 3.662741229355626e-05 0.0001293019907841922 0.1638813838506098 0.002998192499180744 3.812973726925063e-06 0.018935571705460987 37
1.8285362378706035e-06 0.02521252059240151 3.0362231128414733e-06 3.542260298315052e-06 0.00013477036810239504 8.147949816800943e-05 0.048485400838375714 0.00011648326857846864 0.005352343869297844 1.1346015590065347e-05 3.662741229355626e-05 0.0001293019907841922 0.1638813838506098 0.002998192499180744 3.812973726925063e-06 0.018935571705460987 37
1.8285362378706035e-06 0.02521252059240151 3.0362231128414733e-06 3.542260298315052e-06 0.007339337632002494 8.147949816800943e-05 4.125429499933869e-05 0.00011648326857846864 0.005352343869297844 1.1346015590065347e-05 3.662741229355626e-05 0.0001293019907841922 0.1638813838506098 0.002998192499180744 3.812973726925063e-06 0.018935571705460987 37
0.01202085050699241 5.230867897123771e-06 0.10859162820954614 0.17374660513527382 0.007339337632002494 8.147949816800943e-05 4.125429499933869e-05 0.022644173052805826 0.005352343869297844 1.1346015590065347e-05 3.662741229355626e-05 0.0001293019907841922 0.1638813838506098 0.002998192499180744 3.812973726925063e-06 0.018935571705460987 36
0.01202085050699241 5.230867897123771e-06 0.10859162820954614 0.17374660513527382 0.007339337632002494 8.147949816800943e-05 4.125429499933869e-05 0.022644173052805826 0.005352343869297844 1.1346015590065347e-05 3.662741229355626e-05 0.0001293019907841922 0.5863947923315495 0.002998192499180744 3.043749292164008 0.018935571705460987 36
1.8285362378706035e-06 5.230867897123771e-06 3.0362231128414733e-06 3.542260298315052e-06 0.007339337632002494 0.017804687595211484 4.125429499933869e-05 0.022644173052805826 0.005352343869297844 0.3680857400238691 3.662741229355626e-05 0.046918340031238445 0.03709309915669059 0.002998192499180744 3.812973726925063e-06 0.0006906806858994598 39
1.8285362378706035e-06 5.230867897123771e-06 3.0362231128414733e-06 3.542260298315052e-06 0.007339337632002494 8.147949816800943e-05 4.125429499933869e-05 0.00011648326857846864 0.005352343869297844 1.1346015590065347e-05 3.662741229355626e-05 0.0001293019907841922 0.5863947923315495 0.002998192499180744 3.812973726925063e-06 0.018935571705460987 38
0.01202085050699241 5.230867897123771e-06 3.0362231128414733e-06 3.542260298315052e-06 0.00013477036810239504 8.147949816800943e-05 4.125429499933869e-05 0.00011648326857846864 0.0006283276782507048 1.1346015590065347e-05 3.662741229355626e-05 0.0001293019907841922 0.001412256403141036 0.0034090408661722614 3.812973726925063e-06 0.0006906806858994598 41
1.8285362378706035e-06 5.230867897123771e-06 3.0362231128414733e-06 3.542260298315052e-06 0.007339337632002494 8.147949816800943e-05 0.048485400838375714 0.022644173052805826 0.005352343869297844 1.1346015590065347e-05 3.662741229355626e-05 0.0001293019907841922 0.03709309915669059 0.002998192499180744 3.812973726925063e-06 0.0006906806858994598 38
1.8285362378706035e-06 5.230867897123771e-06 3.0362231128414733e-06 3.542260298315052e-06 0.007339337632002494 0.017804687595211484 4.125429499933869e-05 0.022644173052805826 0.005352343869297844 0.3680857400238691 3.662741229355626e-05 0.046918340031238445 0.03709309915669059 0.002998192499180744 3.812973726925063e-06 0.0006906806858994598 39
0.01202085050699241 5.230867897123771e-06 0.10859162820954614 0.17374660513527382 0.007339337632002494 8.147949816800943e-05 0.048485400838375714 0.022644173052805826 0.005352343869297844 1.1346015590065347e-05 3.662741229355626e-05 0.0001293019907841922 0.5863947923315495 0.002998192499180744 3.812973726925063e-06 0.018935571705460987 36
1.8285362378706035e-06 0.02521252059240151 3.0362231128414733e-06 3.542260298315052e-06 0.00013477036810239504 8.147949816800943e-05 4.125429499933869e-05 0.00011648326857846864 0.005352343869297844 1.1346015590065347e-05 3.662741229355626e-05 0.0001293019907841922 0.1638813838506098 0.002998192499180744 3.043749292164008 0.0006906806858994598 37
1.8285362378706035e-06 0.02521252059240151 3.0362231128414733e-06 3.542260298315052e-06 0.007339337632002494 0.017804687595211484 0.048485400838375714 0.00011648326857846864 0.005352343869297844 1.1346015590065347e-05 3.662741229355626e-05 0.0001293019907841922 0.1638813838506098 0.002998192499180744 3.812973726925063e-06 0.018935571705460987 37
1.8285362378706035e-06 0.02521252059240151 3.0362231128414733e-06 3.542260298315052e-06 0.007339337632002494 8.147949816800943e-05 4.125429499933869e-05 0.00011648326857846864 0.005352343869297844 1.1346015590065347e-05 3.662741229355626e-05 0.0001293019907841922 0.1638813838506098 0.002998192499180744 3.812973726925063e-06 0.018935571705460987 37
0.01202085050699241 5.230867897123771e-06 0.10859162820954614 0.17374660513527382 0.007339337632002494 8.147949816800943e-05 4.125429499933869e-05 0.022644173052805826 0.005352343869297844 1.1346015590065347e-05 3.662741229355626e-05 0.0001293019907841922 0.5863947923315495 0.002998192499180744 3.043749292164008 0.018935571705460987 36
0.01202085050699241 5.230867897123771e-06 0.10859162820954614 0.17374660513527382 0.007339337632002494 8.147949816800943e-05 0.048485400838375714 0.022644173052805826 0.005352343869297844 1.1346015590065347e-05 3.662741229355626e-05 0.0001293019907841922 0.5863947923315495 0.002998192499180744 3.812973726925063e-06 0.018935571705460987 36
1.8285362378706035e-06 0.02521252059240151 3.0362231128414733e-06 3.542260298315052e-06 0.007339337632002494 8.147949816800943e-05 4.125429499933869e-05 0.00011648326857846864 0.005352343869297844 1.1346015590065347e-05 3.662741229355626e-05 0.0001293019907841922 0.1638813838506098 0.002998192499180744 3.812973726925063e-06 0.018935571705460987 37
1.8285362378706035e-06 5.230867897123771e-06 3.0362231128414733e-06 3.542260298315052e-06 0.007339337632002494 0.017804687595211484 4.125429499933869e-05 0.022644173052805826 0.005352343869297844 0.3680857400238691 3.662741229355626e-05 0.046918340031238445 0.03709309915669059 0.002998192499180744 3.812973726925063e-06 0.0006906806858994598 39
1.8285362378706035e-06 5.230867897123771e-06 3.0362231128414733e-06 3.542260298315052e-06 0.007339337632002494 0.017804687595211484 0.048485400838375714 0.022644173052805826 0.005352343869297844 0.3680857400238691 3.662741229355626e-05 0.046918340031238445 0.03709309915669059 0.002998192499180744 3.812973726925063e-06 0.0006906806858994598 39
1.8285362378706035e-06 0.02521252059240151 3.0362231128414733e-06 3.542260298315052e-06 0.007339337632002494 8.147949816800943e-05 4.125429499933869e-05 0.00011648326857846864 0.005352343869297844 1.1346015590065347e-05 3.662741229355626e-05 0.0001293019907841922 0.1638813838506098 0.002998192499180744 3.812973726925063e-06 0.018935571705460987 37
1.8285362378706035e-06 0.02521252059240151 3.0362231128414733e-06 3.542260298315052e-06 0.00013477036810239504 8.147949816800943e-05 4.125429499933869e-05 0.00011648326857846864 0.005352343869297844 1.1346015590065347e-05 3.662741229355626e-05 0.0001293019907841922 0.1638813838506098 0.002998192499180744 3.812973726925063e-06 0.0006906806858994598 37
1.8285362378706035e-06 0.02521252059240151 3.0362231128414733e-06 3.542260298315052e-06 0.00013477036810239504 8.147949816800943e-05 4.125429499933869e-05 0.00011648326857846864 0.005352343869297844 1.1346015590065347e-05 3.662741229355626e-05 0.0001293019907841922 0.1638813838506098 0.002998192499180744 3.812973726925063e-06 0.0006906806858994598 37
1.8285362378706035e-06 0.02521252059240151 3.0362231128414733e-06 3.542260298315052e-06 0.00013477036810239504 8.147949816800943e-05 0.048485400838375714 0.00011648326857846864 0.005352343869297844 1.1346015590065347e-05 3.662741229355626e-05 0.0001293019907841922 0.1638813838506098 0.002998192499180744 3.812973726925063e-06 0.018935571705460987 37
1.8285362378706035e-06 5.230867897123771e-06 3.0362231128414733e-06 3.542260298315052e-06 0.007339337632002494 0.017804687595211484 0.048485400838375714 0.00011648326857846864 0.0006283276782507048 0.3680857400238691 3.662741229355626e-05 0.0001293019907841922 0.84 0.0034090408661722614 3.812973726925063e-06 0.018935571705460987 42
0.01202085050699241 5.230867897123771e-06 0.10859162820954614 0.17374660513527382 0.007339337632002494 8.147949816800943e-05 0.048485400838375714 0.022644173052805826 0.005352343869297844 1.1346015590065347e-05 3.662741229355626e-05 0.0001293019907841922 0.5863947923315495 0.0034090408661722614 3.812973726925063e-06 0.018935571705460987 36
1.8285362378706035e-06 0.02521252059240151 3.0362231128414733e-06 3.542260298315052e-06 0.00013477036810239504 8.147949816800943e-05 0.048485400838375714 0.00011648326857846864 0.005352343869297844 1.1346015590065347e-05 3.662741229355626e-05 0.0001293019907841922 0.1638813838506098 0.002998192499180744 3.812973726925063e-06 0.018935571705460987 37
1.8285362378706035e-06 0.02521252059240151 3.0362231128414733e-06 3.542260298315052e-06 0.00013477036810239504 8.147949816800943e-05 4.125429499933869e-05 0.00011648326857846864 0.005352343869297844 1.1346015590065347e-05 3.662741229355626e-05 0.0001293019907841922 0.1638813838506098 0.002998192499180744 3.812973726925063e-06 0.018935571705460987 37
0.01202085050699241 5.230867897123771e-06 0.10859162820954614 0.17374660513527382 0.007339337632002494 8.147949816800943e-05 0.048485400838375714 0.022644173052805826 0.005352343869297844 1.1346015590065347e-05 3.662741229355626e-05 0.0001293019907841922 0.5863947923315495 0.002998192499180744 3.812973726925063e-06 0.018935571705460987 36
1.8285362378706035e-06 0.02521252059240151 3.0362231128414733e-06 3.542260298315052e-06 0.007339337632002494 8.147949816800943e-05 4.125429499933869e-05 0.00011648326857846864 0.005352343869297844 1.1346015590065347e-05 3.662741229355626e-05 0.0001293019907841922 0.1638813838506098 0.002998192499180744 3.812973726925063e-06 0.018935571705460987 37
1.8285362378706035e-06 5.230867897123771e-06 3.0362231128414733e-06 3.542260298315052e-06 0.007339337632002494 8.147949816800943e-05 4.125429499933869e-05 0.00011648326857846864 0.0006283276782507048 1.1346015590065347e-05 3.662741229355626e-05 0.0001293019907841922 0.001412256403141036 0.0034090408661722614 3.812973726925063e-06 0.0006906806858994598 41
1.8285362378706035e-06 0.02521252059240151 3.0362231128414733e-06 3.542260298315052e-06 0.007339337632002494 8.147949816800943e-05 4.125429499933869e-05 0.00011648326857846864 0.005352343869297844 1.1346015590065347e-05 3.662741229355626e-05 0.0001293019907841922 0.1638813838506098 0.002998192499180744 3.812973726925063e-06 0.018935571705460987 37
1.8285362378706035e-06 0.02521252059240151 3.0362231128414733e-06 3.542260298315052e-06 0.007339337632002494 8.147949816800943e-05 4.125429499933869e-05 0.00011648326857846864 0.005352343869297844 1.1346015590065347e-05 3.662741229355626e-05 0.0001293019907841922 0.1638813838506098 0.002998192499180744 3.812973726925063e-06 0.018935571705460987 37
0.01202085050699241 5.230867897123771e-06 3.0362231128414733e-06 3.542260298315052e-06 0.00013477036810239504 8.147949816800943e-05 4.125429499933869e-05 0.00011648326857846864 0.0006283276782507048 1.1346015590065347e-05 3.662741229355626e-05 0.0001293019907841922 0.001412256403141036 0.0034090408661722614 3.812973726925063e-06 0.0006906806858994598 41
1.8285362378706035e-06 5.230867897123771e-06 3.0362231128414733e-06 3.542260298315052e-06 0.007339337632002494 8.147949816800943e-05 0.048485400838375714 0.022644173052805826 0.005352343869297844 1.1346015590065347e-05 3.662741229355626e-05 0.0001293019907841922 0.03709309915669059 0.002998192499180744 3.812973726925063e-06 0.0006906806858994598 38
0.01202085050699241 5.230867897123771e-06 0.10859162820954614 0.17374660513527382 0.007339337632002494 8.147949816800943e-05 0.048485400838375714 0.022644173052805826 0.005352343869297844 1.1346015590065347e-05 3.662741229355626e-05 0.0001293019907841922 0.5863947923315495 0.002998192499180744 3.812973726925063e-06 0.0006906806858994598 36
1.8285362378706035e-06 5.230867897123771e-06 3.0362231128414733e-06 3.542260298315052e-06 0.007339337632002494 0.017804687595211484 0.048485400838375714 0.022644173052805826 0.005352343869297844 0.3680857400238691 3.662741229355626e-05 0.046918340031238445 0.03709309915669059 0.002998192499180744 3.812973726925063e-06 0.0006906806858994598 39
