5.920247126564801e-24 8.529988243594262e-61 5.906676896515324e-20 9.450683034424518e-20 1.601984707627222e-48 1.9891040312353589e-47 1.5848248961172565e-35 7.447187855786828e-36 1.2982349194535451e-45 2.2707434325624694e-54 5.970993433083593e-60 2.5719608470544224e-53 3.189605524118277e-19 8.927978311548837e-40 5.629842724008045e-64 1.0366333226087338e-20 36
5.920247126564801e-24 8.529988243594262e-61 6.713282565473867e-52 7.832162993052844e-52 7.425762088827164e-23 1.9891040312353589e-47 1.5179133848387044e-35 4.259668674634144e-35 3.1154804299112253e-25 2.2707434325624694e-54 5.970993433083593e-60 2.5719608470544224e-53 8.594139511482277e-19 1.3768502554683329e-30 5.629842724008045e-64 1.517325245602911e-49 41
5.920247126564801e-24 8.529988243594262e-61 5.906676896515324e-20 9.450683034424518e-20 1.601984707627222e-48 8.771488961308915e-24 1.5848248961172565e-35 7.447187855786828e-36 1.2982349194535451e-45 2.2707434325624694e-54 5.970993433083593e-60 2.836818903266192e-17 1.2086569609695411e-10 8.927978311548837e-40 5.629842724008045e-64 1.0366333226087338e-20 36
4.465263040719526e-49 8.529988243594262e-61 6.713282565473867e-52 7.832162993052844e-52 1.601984707627222e-48 8.771488961308915e-24 1.5179133848387044e-35 7.447187855786828e-36 1.2982349194535451e-45 2.2119352888341862e-16 5.970993433083593e-60 2.836818903266192e-17 1.8273935336060238e-23 8.927978311548837e-40 2.479274098151673e-06 1.517325245602911e-49 39
5.920247126564801e-24 8.529988243594262e-61 5.906676896515324e-20 9.450683034424518e-20 1.601984707627222e-48 1.9891040312353589e-47 1.5848248961172565e-35 7.447187855786828e-36 1.2982349194535451e-45 2.2707434325624694e-54 5.970993433083593e-60 2.5719608470544224e-53 3.189605524118277e-19 8.927978311548837e-40 5.629842724008045e-64 1.0366333226087338e-20 36
4.465263040719526e-49 8.529988243594262e-61 6.713282565473867e-52 7.832162993052844e-52 1.601984707627222e-48 1.9891040312353589e-47 1.5848248961172565e-35 7.447187855786828e-36 1.2982349194535451e-45 2.2707434325624694e-54 5.970993433083593e-60 2.5719608470544224e-53 1.8273935336060238e-23 8.927978311548837e-40 5.629842724008045e-64 1.517325245602911e-49 38
5.920247126564801e-24 8.529988243594262e-61 5.906676896515324e-20 9.450683034424518e-20 1.601984707627222e-48 8.771488961308915e-24 1.5848248961172565e-35 7.447187855786828e-36 1.2982349194535451e-45 2.2707434325624694e-54 5.970993433083593e-60 2.836818903266192e-17 1.8273935336060238e-23 1.3768502554683329e-30 5.629842724008045e-64 1.0366333226087338e-20 36
5.920247126564801e-24 8.529988243594262e-61 5.906676896515324e-20 9.450683034424518e-20 1.601984707627222e-48 1.9891040312353589e-47 1.5848248961172565e-35 7.447187855786828e-36 1.2982349194535451e-45 2.2707434325624694e-54 5.970993433083593e-60 2.5719608470544224e-53 3.189605524118277e-19 8.927978311548837e-40 5.629842724008045e-64 1.517325245602911e-49 36
5.920247126564801e-24 8.529988243594262e-61 5.906676896515324e-20 9.450683034424518e-20 1.601984707627222e-48 1.9891040312353589e-47 1.5848248961172565e-35 7.447187855786828e-36 1.2982349194535451e-45 2.2707434325624694e-54 5.970993433083593e-60 2.5719608470544224e-53 3.189605524118277e-19 8.927978311548837e-40 5.629842724008045e-64 1.0366333226087338e-20 36
5.920247126564801e-24 8.529988243594262e-61 5.906676896515324e-20 9.450683034424518e-20 1.601984707627222e-48 1.9891040312353589e-47 1.5848248961172565e-35 7.447187855786828e-36 1.2982349194535451e-45 2.2707434325624694e-54 5.970993433083593e-60 2.5719608470544224e-53 3.189605524118277e-19 8.927978311548837e-40 5.629842724008045e-64 1.0366333226087338e-20 36
5.920247126564801e-24 8.529988243594262e-61 5.906676896515324e-20 9.450683034424518e-20 1.601984707627222e-48 1.9891040312353589e-47 1.5848248961172565e-35 7.447187855786828e-36 1.2982349194535451e-45 2.2707434325624694e-54 5.970993433083593e-60 2.5719608470544224e-53 3.189605524118277e-19 8.927978311548837e-40 5.629842724008045e-64 1.0366333226087338e-20 36
4.465263040719526e-49 8.529988243594262e-61 6.713282565473867e-52 7.832162993052844e-52 1.601984707627222e-48 8.771488961308915e-24 1.5848248961172565e-35 4.259668674634144e-35 3.1154804299112253e-25 2.2119352888341862e-16 5.970993433083593e-60 2.5719608470544224e-53 8.594139511482277e-19 1.3768502554683329e-30 5.629842724008045e-64 1.517325245602911e-49 42
4.465263040719526e-49 1.8594722476454478e-11 6.713282565473867e-52 7.832162993052844e-52 7.425762088827164e-23 1.9891040312353589e-47 1.5179133848387044e-35 4.259668674634144e-35 1.2982349194535451e-45 2.2707434325624694e-54 5.970993433083593e-60 2.5719608470544224e-53 1.2086569609695411e-10 8.927978311548837e-40 5.629842724008045e-64 1.517325245602911e-49 37
4.465263040719526e-49 8.529988243594262e-61 6.713282565473867e-52 7.832162993052844e-52 1.601984707627222e-48 1.9891040312353589e-47 1.5848248961172565e-35 7.447187855786828e-36 1.2982349194535451e-45 2.2707434325624694e-54 5.970993433083593e-60 2.5719608470544224e-53 1.8273935336060238e-23 8.927978311548837e-40 5.629842724008045e-64 1.517325245602911e-49 38
4.465263040719526e-49 8.529988243594262e-61 6.713282565473867e-52 7.832162993052844e-52 1.601984707627222e-48 1.9891040312353589e-47 1.5179133848387044e-35 4.259668674634144e-35 1.2982349194535451e-45 2.2707434325624694e-54 5.970993433083593e-60 2.5719608470544224e-53 3.189605524118277e-19 8.927978311548837e-40 5.629842724008045e-64 1.0366333226087338e-20 38
4.465263040719526e-49 8.529988243594262e-61 6.713282565473867e-52 7.832162993052844e-52 1.601984707627222e-48 1.9891040312353589e-47 1.5179133848387044e-35 4.259668674634144e-35 1.2982349194535451e-45 2.2707434325624694e-54 5.970993433083593e-60 2.5719608470544224e-53 3.189605524118277e-19 8.927978311548837e-40 5.629842724008045e-64 1.0366333226087338e-20 38
5.920247126564801e-24 8.529988243594262e-61 5.906676896515324e-20 9.450683034424518e-20 1.601984707627222e-48 1.9891040312353589e-47 1.5848248961172565e-35 7.447187855786828e-36 1.2982349194535451e-45 2.2707434325624694e-54 5.970993433083593e-60 2.5719608470544224e-53 3.189605524118277e-19 8.927978311548837e-40 5.629842724008045e-64 1.0366333226087338e-20 36
5.920247126564801e-24 8.529988243594262e-61 5.906676896515324e-20 9.450683034424518e-20 1.601984707627222e-48 1.9891040312353589e-47 1.5848248961172565e-35 7.447187855786828e-36 1.2982349194535451e-45 2.2707434325624694e-54 5.970993433083593e-60 2.5719608470544224e-53 3.189605524118277e-19 8.927978311548837e-40 5.629842724008045e-64 1.0366333226087338e-20 36
4.465263040719526e-49 8.529988243594262e-61 6.713282565473867e-52 7.832162993052844e-52 1.601984707627222e-48 8.771488961308915e-24 1.5848248961172565e-35 4.259668674634144e-35 3.1154804299112253e-25 2.2119352888341862e-16 5.970993433083593e-60 2.5719608470544224e-53 0.84 1.3768502554683329e-30 5.629842724008045e-64 1.517325245602911e-49 42
4.465263040719526e-49 1.8594722476454478e-11 6.713282565473867e-52 7.832162993052844e-52 7.425762088827164e-23 1.9891040312353589e-47 1.5179133848387044e-35 4.259668674634144e-35 1.2982349194535451e-45 2.2707434325624694e-54 5.970993433083593e-60 2.5719608470544224e-53 1.2086569609695411e-10 8.927978311548837e-40 5.629842724008045e-64 1.0366333226087338e-20 37
4.465263040719526e-49 8.529988243594262e-61 6.713282565473867e-52 7.832162993052844e-52 1.601984707627222e-48 8.771488961308915e-24 1.5179133848387044e-35 7.447187855786828e-36 1.2982349194535451e-45 2.2119352888341862e-16 5.970993433083593e-60 2.836818903266192e-17 1.8273935336060238e-23 8.927978311548837e-40 5.629842724008045e-64 1.517325245602911e-49 39
5.920247126564801e-24 8.529988243594262e-61 5.906676896515324e-20 9.450683034424518e-20 1.601984707627222e-48 8.771488961308915e-24 1.5848248961172565e-35 7.447187855786828e-36 1.2982349194535451e-45 2.2707434325624694e-54 5.970993433083593e-60 2.5719608470544224e-53 3.189605524118277e-19 8.927978311548837e-40 5.629842724008045e-64 1.0366333226087338e-20 36
5.920247126564801e-24 8.529988243594262e-61 5.906676896515324e-20 9.450683034424518e-20 1.601984707627222e-48 1.9891040312353589e-47 1.5179133848387044e-35 7.447187855786828e-36 1.2982349194535451e-45 2.2707434325624694e-54 5.970993433083593e-60 2.5719608470544224e-53 3.189605524118277e-19 8.927978311548837e-40 5.629842724008045e-64 1.517325245602911e-49 36
4.465263040719526e-49 8.529988243594262e-61 6.713282565473867e-52 7.832162993052844e-52 1.601984707627222e-48 8.771488961308915e-24 1.5848248961172565e-35 7.447187855786828e-36 1.2982349194535451e-45 2.2119352888341862e-16 5.970993433083593e-60 2.836818903266192e-17 1.8273935336060238e-23 8.927978311548837e-40 5.629842724008045e-64 1.517325245602911e-49 39
4.465263040719526e-49 1.8594722476454478e-11 6.713282565473867e-52 7.832162993052844e-52 1.601984707627222e-48 1.9891040312353589e-47 1.5179133848387044e-35 4.259668674634144e-35 1.2982349194535451e-45 2.2707434325624694e-54 5.970993433083593e-60 2.5719608470544224e-53 1.2086569609695411e-10 8.927978311548837e-40 5.629842724008045e-64 1.0366333226087338e-20 37
5.920247126564801e-24 8.529988243594262e-61 5.906676896515324e-20 9.450683034424518e-20 1.601984707627222e-48 1.9891040312353589e-47 1.5179133848387044e-35 7.447187855786828e-36 1.2982349194535451e-45 2.2707434325624694e-54 5.970993433083593e-60 2.5719608470544224e-53 3.189605524118277e-19 8.927978311548837e-40 5.629842724008045e-64 1.0366333226087338e-20 36
5.920247126564801e-24 8.529988243594262e-61 5.906676896515324e-20 9.450683034424518e-20 1.601984707627222e-48 1.9891040312353589e-47 1.5848248961172565e-35 7.447187855786828e-36 1.2982349194535451e-45 2.2707434325624694e-54 5.970993433083593e-60 2.5719608470544224e-53 3.189605524118277e-19 8.927978311548837e-40 5.629842724008045e-64 1.517325245602911e-49 36
4.465263040719526e-49 8.529988243594262e-61 5.906676896515324e-20 7.832162993052844e-52 1.601984707627222e-48 1.9891040312353589e-47 1.5848248961172565e-35 4.259668674634144e-35 3.1154804299112253e-25 2.2707434325624694e-54 1.0227094514409773e-10 2.5719608470544224e-53 0.84 8.927978311548837e-40 5.629842724008045e-64 1.517325245602911e-49 42
4.465263040719526e-49 8.529988243594262e-61 6.713282565473867e-52 7.832162993052844e-52 1.601984707627222e-48 8.771488961308915e-24 1.5848248961172565e-35 7.447187855786828e-36 1.2982349194535451e-45 2.2119352888341862e-16 5.970993433083593e-60 2.836818903266192e-17 1.8273935336060238e-23 8.927978311548837e-40 5.629842724008045e-64 1.517325245602911e-49 39
4.465263040719526e-49 1.8594722476454478e-11 6.713282565473867e-52 7.832162993052844e-52 7.425762088827164e-23 1.9891040312353589e-47 1.5179133848387044e-35 4.259668674634144e-35 1.2982349194535451e-45 2.2707434325624694e-54 5.970993433083593e-60 2.5719608470544224e-53 1.2086569609695411e-10 8.927978311548837e-40 2.479274098151673e-06 1.517325245602911e-49 37
5.920247126564801e-24 8.529988243594262e-61 5.906676896515324e-20 9.450683034424518e-20 1.601984707627222e-48 1.9891040312353589e-47 1.5179133848387044e-35 7.447187855786828e-36 1.2982349194535451e-45 2.2707434325624694e-54 5.970993433083593e-60 2.5719608470544224e-53 3.189605524118277e-19 8.927978311548837e-40 5.629842724008045e-64 1.517325245602911e-49 36
4.465263040719526e-49 8.529988243594262e-61 6.713282565473867e-52 7.832162993052844e-52 1.601984707627222e-48 1.9891040312353589e-47 1.5848248961172565e-35 7.447187855786828e-36 1.2982349194535451e-45 2.2707434325624694e-54 5.970993433083593e-60 2.5719608470544224e-53 1.8273935336060238e-23 8.927978311548837e-40 5.629842724008045e-64 1.517325245602911e-49 38
5.920247126564801e-24 8.529988243594262e-61 5.906676896515324e-20 9.450683034424518e-20 1.601984707627222e-48 1.9891040312353589e-47 1.5179133848387044e-35 7.447187855786828e-36 1.2982349194535451e-45 2.2707434325624694e-54 5.970993433083593e-60 2.5719608470544224e-53 3.189605524118277e-19 8.927978311548837e-40 5.629842724008045e-64 1.0366333226087338e-20 36
5.920247126564801e-24 8.529988243594262e-61 5.906676896515324e-20 9.450683034424518e-20 1.601984707627222e-48 1.9891040312353589e-47 1.5848248961172565e-35 7.447187855786828e-36 1.2982349194535451e-45 2.2707434325624694e-54 5.970993433083593e-60 2.5719608470544224e-53 3.189605524118277e-19 8.927978311548837e-40 5.629842724008045e-64 1.517325245602911e-49 36
4.465263040719526e-49 8.529988243594262e-61 6.713282565473867e-52 7.832162993052844e-52 1.601984707627222e-48 8.771488961308915e-24 1.5848248961172565e-35 7.447187855786828e-36 1.2982349194535451e-45 2.2119352888341862e-16 5.970993433083593e-60 2.836818903266192e-17 1.8273935336060238e-23 8.927978311548837e-40 5.629842724008045e-64 1.517325245602911e-49 39
5.920247126564801e-24 8.529988243594262e-61 5.906676896515324e-20 9.450683034424518e-20 1.601984707627222e-48 1.9891040312353589e-47 1.5848248961172565e-35 7.447187855786828e-36 1.2982349194535451e-45 2.2707434325624694e-54 5.970993433083593e-60 2.5719608470544224e-53 3.189605524118277e-19 8.927978311548837e-40 5.629842724008045e-64 1.0366333226087338e-20 36
5.920247126564801e-24 8.529988243594262e-61 5.906676896515324e-20 9.450683034424518e-20 1.601984707627222e-48 8.771488961308915e-24 1.5848248961172565e-35 7.447187855786828e-36 1.2982349194535451e-45 2.2707434325624694e-54 5.970993433083593e-60 2.836818903266192e-17 1.2086569609695411e-10 8.927978311548837e-40 5.629842724008045e-64 1.0366333226087338e-20 36
5.920247126564801e-24 8.529988243594262e-61 5.906676896515324e-20 9.450683034424518e-20 1.601984707627222e-48 1.9891040312353589e-47 1.5179133848387044e-35 7.447187855786828e-36 1.2982349194535451e-45 2.2707434325624694e-54 5.970993433083593e-60 2.5719608470544224e-53 3.189605524118277e-19 8.927978311548837e-40 5.629842724008045e-64 1.517325245602911e-49 36
