82.9920402643771 8707.61404836275 258.9451512093666 414.31224193498656 1012859.4026297341 1930.254338128763 47326.86765142134 22103.102431150797 255121.1699063114 2253.1452071014287 122678.35806580244 25677.398245351575 1398.30381653058 8473.17334370457 18377.18717546809 47373.264180392245 36
21.529476243283533 8707.61404836275 103.50310582619451 120.7536234638936 1012859.4026297341 61.094104637555084 47326.86765142134 22103.102431150797 255121.1699063114 150.67261496870302 122678.35806580244 19.205604058551835 127.27938466157309 8473.17334370457 18377.18717546809 47373.264180392245 39
21.529476243283533 1.2311812278286465 103.50310582619451 120.7536234638936 0.07938405069612826 1930.254338128763 3.435607458529714 9.700584783439437 255121.1699063114 2253.1452071014287 122678.35806580244 25677.398245351575 8.002677980886203 8473.17334370457 18377.18717546809 22.441586792659372 37
82.9920402643771 8707.61404836275 258.9451512093666 414.31224193498656 1012859.4026297341 1930.254338128763 47326.86765142134 22103.102431150797 255121.1699063114 2253.1452071014287 122678.35806580244 25677.398245351575 1398.30381653058 8473.17334370457 18377.18717546809 22.441586792659372 36
82.9920402643771 8707.61404836275 258.9451512093666 414.31224193498656 1012859.4026297341 1930.254338128763 3.435607458529714 22103.102431150797 255121.1699063114 2253.1452071014287 122678.35806580244 25677.398245351575 1398.30381653058 8473.17334370457 51.33632666838401 47373.264180392245 36
82.9920402643771 8707.61404836275 103.50310582619451 120.7536234638936 0.07938405069612826 1930.254338128763 3.435607458529714 9.700584783439437 1.0715559177867655 2253.1452071014287 122678.35806580244 25677.398245351575 0.28731783598692207 98.0565858091649 18377.18717546809 47373.264180392245 41
82.9920402643771 8707.61404836275 258.9451512093666 414.31224193498656 1012859.4026297341 1930.254338128763 47326.86765142134 22103.102431150797 255121.1699063114 2253.1452071014287 122678.35806580244 25677.398245351575 1398.30381653058 8473.17334370457 18377.18717546809 47373.264180392245 36
21.529476243283533 8707.61404836275 103.50310582619451 120.7536234638936 1012859.4026297341 1930.254338128763 47326.86765142134 22103.102431150797 255121.1699063114 2253.1452071014287 3.364448858747993 25677.398245351575 127.27938466157309 8473.17334370457 18377.18717546809 47373.264180392245 38
21.529476243283533 1.2311812278286465 103.50310582619451 120.7536234638936 0.07938405069612826 1930.254338128763 47326.86765142134 9.700584783439437 255121.1699063114 2253.1452071014287 122678.35806580244 25677.398245351575 8.002677980886203 8473.17334370457 18377.18717546809 22.441586792659372 37
21.529476243283533 1.2311812278286465 103.50310582619451 120.7536234638936 0.07938405069612826 1930.254338128763 3.435607458529714 9.700584783439437 255121.1699063114 2253.1452071014287 122678.35806580244 25677.398245351575 8.002677980886203 8473.17334370457 18377.18717546809 47373.264180392245 37
21.529476243283533 1.2311812278286465 103.50310582619451 120.7536234638936 1012859.4026297341 61.094104637555084 47326.86765142134 9.700584783439437 255121.1699063114 2253.1452071014287 122678.35806580244 25677.398245351575 8.002677980886203 8473.17334370457 18377.18717546809 22.441586792659372 37
82.9920402643771 8707.61404836275 258.9451512093666 414.31224193498656 1012859.4026297341 1930.254338128763 47326.86765142134 22103.102431150797 255121.1699063114 2253.1452071014287 122678.35806580244 25677.398245351575 1398.30381653058 8473.17334370457 18377.18717546809 47373.264180392245 36
21.529476243283533 8707.61404836275 103.50310582619451 120.7536234638936 1012859.4026297341 61.094104637555084 47326.86765142134 9.700584783439437 1.0715559177867655 150.67261496870302 122678.35806580244 25677.398245351575 0.84 98.0565858091649 18377.18717546809 22.441586792659372 42
82.9920402643771 8707.61404836275 258.9451512093666 414.31224193498656 1012859.4026297341 1930.254338128763 47326.86765142134 22103.102431150797 255121.1699063114 2253.1452071014287 122678.35806580244 25677.398245351575 1398.30381653058 8473.17334370457 18377.18717546809 47373.264180392245 36
82.9920402643771 8707.61404836275 258.9451512093666 414.31224193498656 1012859.4026297341 1930.254338128763 47326.86765142134 22103.102431150797 255121.1699063114 2253.1452071014287 122678.35806580244 25677.398245351575 1398.30381653058 8473.17334370457 18377.18717546809 47373.264180392245 36
21.529476243283533 8707.61404836275 103.50310582619451 120.7536234638936 1012859.4026297341 61.094104637555084 47326.86765142134 9.700584783439437 1.0715559177867655 150.67261496870302 122678.35806580244 25677.398245351575 0.84 98.0565858091649 18377.18717546809 22.441586792659372 42
82.9920402643771 8707.61404836275 258.9451512093666 414.31224193498656 1012859.4026297341 1930.254338128763 47326.86765142134 22103.102431150797 255121.1699063114 2253.1452071014287 122678.35806580244 25677.398245351575 1398.30381653058 8473.17334370457 18377.18717546809 22.441586792659372 36
82.9920402643771 8707.61404836275 258.9451512093666 414.31224193498656 1012859.4026297341 1930.254338128763 47326.86765142134 22103.102431150797 255121.1699063114 2253.1452071014287 122678.35806580244 25677.398245351575 1398.30381653058 8473.17334370457 18377.18717546809 22.441586792659372 36
82.9920402643771 8707.61404836275 258.9451512093666 414.31224193498656 1012859.4026297341 1930.254338128763 47326.86765142134 22103.102431150797 255121.1699063114 2253.1452071014287 122678.35806580244 25677.398245351575 1398.30381653058 8473.17334370457 18377.18717546809 22.441586792659372 36
21.529476243283533 1.2311812278286465 103.50310582619451 120.7536234638936 0.07938405069612826 1930.254338128763 3.435607458529714 9.700584783439437 255121.1699063114 2253.1452071014287 122678.35806580244 25677.398245351575 8.002677980886203 8473.17334370457 18377.18717546809 22.441586792659372 37
21.529476243283533 8707.61404836275 103.50310582619451 120.7536234638936 1012859.4026297341 61.094104637555084 3.435607458529714 22103.102431150797 255121.1699063114 150.67261496870302 122678.35806580244 19.205604058551835 127.27938466157309 8473.17334370457 18377.18717546809 47373.264180392245 39
21.529476243283533 1.2311812278286465 103.50310582619451 120.7536234638936 0.07938405069612826 1930.254338128763 3.435607458529714 9.700584783439437 255121.1699063114 2253.1452071014287 122678.35806580244 25677.398245351575 8.002677980886203 8473.17334370457 18377.18717546809 22.441586792659372 37
21.529476243283533 8707.61404836275 103.50310582619451 120.7536234638936 1012859.4026297341 1930.254338128763 47326.86765142134 22103.102431150797 255121.1699063114 2253.1452071014287 122678.35806580244 25677.398245351575 127.27938466157309 8473.17334370457 18377.18717546809 47373.264180392245 38
82.9920402643771 8707.61404836275 258.9451512093666 414.31224193498656 1012859.4026297341 1930.254338128763 47326.86765142134 22103.102431150797 255121.1699063114 2253.1452071014287 122678.35806580244 25677.398245351575 1398.30381653058 8473.17334370457 18377.18717546809 22.441586792659372 36
21.529476243283533 8707.61404836275 103.50310582619451 120.7536234638936 1012859.4026297341 61.094104637555084 3.435607458529714 22103.102431150797 255121.1699063114 150.67261496870302 122678.35806580244 19.205604058551835 127.27938466157309 8473.17334370457 18377.18717546809 47373.264180392245 39
82.9920402643771 8707.61404836275 258.9451512093666 414.31224193498656 1012859.4026297341 1930.254338128763 47326.86765142134 22103.102431150797 255121.1699063114 2253.1452071014287 122678.35806580244 25677.398245351575 1398.30381653058 8473.17334370457 18377.18717546809 22.441586792659372 36
21.529476243283533 8707.61404836275 103.50310582619451 120.7536234638936 1012859.4026297341 1930.254338128763 47326.86765142134 22103.102431150797 255121.1699063114 2253.1452071014287 122678.35806580244 25677.398245351575 127.27938466157309 8473.17334370457 18377.18717546809 47373.264180392245 38
21.529476243283533 1.2311812278286465 103.50310582619451 120.7536234638936 0.07938405069612826 1930.254338128763 3.435607458529714 9.700584783439437 255121.1699063114 2253.1452071014287 122678.35806580244 25677.398245351575 8.002677980886203 8473.17334370457 18377.18717546809 47373.264180392245 37
82.9920402643771 8707.61404836275 258.9451512093666 414.31224193498656 1012859.4026297341 1930.254338128763 3.435607458529714 22103.102431150797 255121.1699063114 2253.1452071014287 122678.35806580244 25677.398245351575 1398.30381653058 8473.17334370457 18377.18717546809 22.441586792659372 36
82.9920402643771 8707.61404836275 258.9451512093666 414.31224193498656 1012859.4026297341 1930.254338128763 47326.86765142134 22103.102431150797 255121.1699063114 2253.1452071014287 122678.35806580244 25677.398245351575 1398.30381653058 8473.17334370457 18377.18717546809 22.441586792659372 36
82.9920402643771 8707.61404836275 258.9451512093666 414.31224193498656 1012859.4026297341 1930.254338128763 47326.86765142134 22103.102431150797 255121.1699063114 2253.1452071014287 122678.35806580244 25677.398245351575 1398.30381653058 8473.17334370457 18377.18717546809 22.441586792659372 36
21.529476243283533 8707.61404836275 103.50310582619451 120.7536234638936 1012859.4026297341 61.094104637555084 47326.86765142134 9.700584783439437 1.0715559177867655 150.67261496870302 122678.35806580244 25677.398245351575 0.84 98.0565858091649 18377.18717546809 47373.264180392245 42
82.9920402643771 8707.61404836275 258.9451512093666 414.31224193498656 1012859.4026297341 1930.254338128763 3.435607458529714 22103.102431150797 255121.1699063114 2253.1452071014287 122678.35806580244 25677.398245351575 1398.30381653058 8473.17334370457 51.33632666838401 22.441586792659372 36
82.9920402643771 8707.61404836275 258.9451512093666 414.31224193498656 1012859.4026297341 1930.254338128763 3.435607458529714 22103.102431150797 255121.1699063114 2253.1452071014287 122678.35806580244 25677.398245351575 1398.30381653058 8473.17334370457 51.33632666838401 47373.264180392245 36
21.529476243283533 8707.61404836275 103.50310582619451 120.7536234638936 1012859.4026297341 61.094104637555084 47326.86765142134 9.700584783439437 1.0715559177867655 150.67261496870302 122678.35806580244 25677.398245351575 0.28731783598692207 98.0565858091649 18377.18717546809 47373.264180392245 42
21.529476243283533 1.2311812278286465 103.50310582619451 120.7536234638936 0.07938405069612826 1930.254338128763 47326.86765142134 9.700584783439437 255121.1699063114 2253.1452071014287 122678.35806580244 25677.398245351575 8.002677980886203 8473.17334370457 18377.18717546809 22.441586792659372 37
82.9920402643771 8707.61404836275 258.9451512093666 414.31224193498656 1012859.4026297341 1930.254338128763 47326.86765142134 22103.102431150797 255121.1699063114 2253.1452071014287 122678.35806580244 25677.398245351575 1398.30381653058 8473.17334370457 18377.18717546809 22.441586792659372 36
82.9920402643771 8707.61404836275 258.9451512093666 414.31224193498656 1012859.4026297341 1930.254338128763 47326.86765142134 22103.102431150797 255121.1699063114 2253.1452071014287 122678.35806580244 25677.398245351575 1398.30381653058 98.0565858091649 18377.18717546809 22.441586792659372 36
