25 96;0.2055,0.448,-4674.418
27 52 56 97;0.3765,0.965,-3971.518
27 52 97;0.3805,0.962,-3918.191
43 51 96;0.1821,0.451,-3614.689
43 96;0.1821,0.451,-3614.193
27 56 97;0.3799,0.950,-3438.229
27 97;0.3838,0.948,-3400.297
23 52 56 97;0.5917,0.875,-3212.432
42 52 56 97;0.2773,0.979,-3056.566
42 52 97;0.2789,0.976,-3002.877
52 56 97;0.7403,0.812,-2898.803
23 52 97;0.5983,0.866,-2881.225
42 56 97;0.2795,0.969,-2781.145
42 97;0.2811,0.967,-2737.084
24 51 96;0.1078,0.548,-2467.322
55 96;0.0419,0.954,-2415.047
23 56 97;0.5987,0.853,-2332.271
52 97;0.7493,0.795,-2108.701
24 96;0.1291,0.456,-2056.025
23 97;0.6052,0.844,-2056.025
50 56 97;0.2920,0.896,-1220.848
9 33 51 96;0.0513,0.576,-1122.867
33 51 96;0.0513,0.576,-1122.244
51 96;0.2041,0.305,-1114.277
50 97;0.2946,0.889,-1114.277
31 56 97;0.1394,0.955,-1033.178
31 61 97;0.1391,0.953,-1008.021
31 97;0.1404,0.952,-1007.762
44 56 61 97;0.2250,0.901,-927.557
44 56 97;0.2274,0.900,-925.648
44 61 97;0.2288,0.898,-904.467
44 97;0.2312,0.897,-901.166
9 33 96;0.0601,0.481,-876.256
33 96;0.0601,0.481,-875.402
16 56 61 97;0.1208,0.948,-818.438
16 56 97;0.1224,0.947,-816.432
16 61 97;0.1220,0.945,-796.008
16 97;0.1235,0.944,-792.918
34 96;0.0576,0.454,-707.576
56 97;0.7502,0.774,-683.699
14 96;0.0683,0.412,-643.404
21 96;0.0306,0.557,-592.332
57 96;0.0122,0.879,-571.922
18 96;0.0128,0.743,-435.463
26 61 97;0.1207,0.899,-431.959
26 97;0.1220,0.898,-427.822
17 61 97;0.2665,0.841,-397.967
17 97;0.2697,0.840,-392.059
4 96;0.0193,0.556,-365.059
9 41 50 61 96;0.0225,0.476,-289.762
9 41 61 96;0.0225,0.476,-289.721
41 50 61 96;0.0225,0.476,-289.375
41 61 96;0.0225,0.476,-289.334
22 96;0.0089,0.726,-289.158
9 41 50 96;0.0226,0.474,-288.105
9 41 96;0.0226,0.474,-288.066
41 50 96;0.0226,0.474,-287.723
41 96;0.0226,0.474,-287.686
49 61 97;0.0836,0.881,-216.791
49 97;0.0842,0.880,-214.332
2 36 61 97;0.0753,0.884,-204.012
45 66 96;0.2060,0.261,-202.551
2 36 97;0.0754,0.883,-202.359
2 61 72 97;0.0270,0.959,-194.154
2 72 97;0.0272,0.958,-193.824
61 72 97;0.0311,0.944,-187.635
72 97;0.0314,0.943,-185.930
36 61 97;0.0983,0.862,-185.766
36 97;0.0984,0.861,-183.270
45 96;0.2187,0.256,-175.531
2 61 97;0.5376,0.782,-143.525
54 96;0.0031,0.850,-135.535
2 35 97;0.0517,0.881,-132.275
2 97;0.5414,0.781,-129.971
35 61 97;0.0538,0.877,-128.992
35 97;0.0540,0.876,-127.109
59 96;0.0033,0.749,-114.623
15 61 97;0.1784,0.812,-102.193
15 97;0.1799,0.810,-95.104
58 96;0.0062,0.511,-94.215
5 96;0.0115,0.395,-80.326
37 97;0.0268,0.881,-67.617
6 39 96;0.0038,0.408,-30.768
6 9 96;0.0190,0.295,-26.092
6 96;0.0190,0.295,-26.012
9 66 96;0.2203,0.245,-25.873
66 96;0.2203,0.245,-25.756
48 97;0.0076,0.891,-23.686
47 97;0.0084,0.879,-21.535
3 61 96;0.0217,0.284,-20.754
61 97;0.7506,0.761,-19.924
3 96;0.0225,0.281,-19.066
63 96;0.0031,0.364,-16.828
32 96;0.0302,0.268,-13.111
9 39 96;0.0063,0.308,-13.107
39 96;0.0063,0.308,-13.012
61 73 96;0.0013,0.414,-12.328
73 96;0.0013,0.411,-12.062
69 97;0.0034,0.887,-10.670
3 30 66 97;0.0123,0.825,-10.504
9 29 96;0.0086,0.289,-10.393
29 96;0.0086,0.289,-10.322
3 30 97;0.0136,0.821,-10.281
38 97;0.0380,0.794,-9.578
2 15 30 96;0.0058,0.293,-8.443
61 68 96;0.0010,0.389,-8.041
15 30 96;0.0074,0.284,-7.863
68 96;0.0010,0.386,-7.816
7 9 96;0.0112,0.274,-7.643
7 96;0.0112,0.274,-7.592
2 46 74 96;0.0004,0.515,-7.402
46 74 96;0.0005,0.476,-7.172
70 96;0.0013,0.345,-6.430
87 96;0.0004,0.485,-6.209
46 96;0.0085,0.274,-6.133
2 20 30 61 96;0.0020,0.314,-5.703
30 97;0.0974,0.774,-5.645
2 20 30 96;0.0020,0.313,-5.594
2 65 96;0.0007,0.368,-5.193
89 96;0.0005,0.393,-5.131
2 28 50 96;0.0002,0.571,-4.795
7 19 97;0.0012,0.895,-4.768
65 96;0.0014,0.317,-4.682
20 30 96;0.0023,0.296,-4.500
61 82 96;0.0008,0.347,-4.355
90 97;0.0014,0.873,-4.312
26 49 53 96;0.0001,0.800,-4.281
26 53 96;0.0005,0.385,-4.197
2 28 61 96;0.0002,0.476,-4.123
84 97;0.0019,0.854,-4.117
17 35 53 96;0.0003,0.444,-4.107
82 96;0.0008,0.337,-3.877
2 28 96;0.0002,0.455,-3.756
75 96;0.0004,0.390,-3.717
53 96;0.0029,0.282,-3.666
2 74 96;0.0005,0.362,-3.633
81 96;0.0018,0.294,-3.602
28 61 96;0.0003,0.406,-3.545
8 97;0.0005,0.923,-3.412
74 96;0.0006,0.338,-3.328
9 19 30 96;0.0011,0.307,-3.297
6 32 66 97;0.0003,1.000,-3.289
77 96;0.0008,0.318,-3.203
19 30 96;0.0011,0.305,-3.191
88 97;0.0008,0.881,-3.182
7 29 97;0.0015,0.846,-3.129
28 96;0.0003,0.382,-3.047
20 71 96;0.0002,0.467,-3.037
