1 72;0.0767,1.000,-215.795
10 15 28 70;0.4715,1.000,-149.079
15 28 70;0.4715,0.997,-143.930
18 28 70;0.4468,1.000,-137.520
16 73;0.0396,0.941,-122.222
10 28 70;0.4715,0.977,-115.547
28 70;0.4715,0.974,-112.703
41 72;0.0347,1.000,-78.689
5 18 70;0.3082,0.992,-75.133
5 10 17 73;0.0396,0.352,-72.054
5 17 73;0.0396,0.333,-69.980
20 26 72;0.0545,0.454,-69.870
26 64 72;0.0545,0.454,-69.870
26 72;0.0545,0.449,-69.299
10 17 73;0.0396,0.308,-66.922
37 72;0.0297,1.000,-66.427
17 73;0.0396,0.269,-61.885
15 21 70;0.7488,0.813,-57.232
4 18 47 69;0.0693,0.368,-51.537
4 20 47 69;0.0693,0.366,-51.132
4 10 21 47 69;0.0693,0.366,-51.132
4 18 64 69;0.0792,0.311,-50.700
4 10 47 69;0.0693,0.361,-50.333
4 18 69;0.0792,0.303,-49.081
4 21 47 69;0.0693,0.350,-48.399
4 20 64 69;0.0792,0.298,-47.823
4 47 69;0.0693,0.346,-47.649
4 10 21 64 69;0.0792,0.295,-47.206
4 20 69;0.0792,0.291,-46.297
4 10 64 69;0.0792,0.288,-45.700
4 10 21 69;0.0792,0.288,-45.700
4 10 69;0.0792,0.282,-44.240
4 21 64 69;0.0792,0.282,-44.240
4 64 69;0.0792,0.276,-42.825
4 21 69;0.0792,0.276,-42.825
15 70;0.7599,0.793,-42.218
4 69;0.0792,0.270,-41.453
18 48 70;0.3800,0.908,-39.595
18 56 70;0.4827,0.871,-35.079
5 10 21 29 73;0.0285,0.237,-33.886
5 10 29 73;0.0285,0.228,-32.888
5 21 29 73;0.0285,0.223,-32.407
5 29 73;0.0285,0.215,-31.478
18 70;0.5334,0.852,-31.443
5 20 50 72;0.0223,0.581,-30.327
18 20 50 69;0.0371,0.441,-29.805
20 64 72;0.0767,0.118,-28.207
20 72;0.0767,0.117,-27.457
10 47 51 69;0.0149,1.000,-27.165
2 33 73;0.0099,1.000,-26.471
5 28 33 47 73;0.0099,1.000,-26.471
28 33 47 58 73;0.0099,1.000,-26.471
5 33 47 58 73;0.0099,1.000,-26.471
19 72;0.0223,0.486,-26.207
18 47 50 69;0.0322,0.441,-25.506
18 50 69;0.0371,0.385,-25.349
10 51 69;0.0161,0.867,-25.033
5 21 73;0.0408,0.085,-24.768
18 57 69;0.0149,0.923,-24.693
20 57 69;0.0149,0.923,-24.693
21 57 69;0.0149,0.923,-24.693
47 51 69;0.0149,0.923,-24.693
8 48 68;0.0062,1.000,-24.648
8 10 68;0.0062,1.000,-24.648
5 73;0.0408,0.084,-24.417
18 20 47 69;0.0767,0.208,-24.308
28 33 47 73;0.0099,0.889,-24.302
10 32 56 70;0.1275,0.981,-24.143
10 15 47 69;0.0916,0.178,-23.909
5 15 21 50 64 72;0.0223,0.429,-23.488
51 69;0.0161,0.812,-23.452
21 48 56 70;0.4616,0.852,-23.401
20 29 70;0.0990,1.000,-23.025
32 56 70;0.1324,0.973,-23.009
5 21 50 64 72;0.0223,0.419,-23.001
5 15 21 50 72;0.0223,0.419,-23.001
8 46 68;0.0062,0.833,-22.859
57 69;0.0149,0.857,-22.841
5 21 50 72;0.0223,0.409,-22.531
24 69;0.0124,1.000,-22.528
15 47 69;0.0916,0.174,-22.202
5 15 50 64 72;0.0223,0.400,-22.076
21 48 70;0.5161,0.837,-21.958
20 47 50 69;0.0322,0.388,-21.957
10 47 69;0.0916,0.172,-21.750
5 50 64 72;0.0223,0.391,-21.635
5 15 50 72;0.0223,0.391,-21.635
33 47 58 73;0.0099,0.727,-21.450
5 50 72;0.0223,0.383,-21.208
20 50 69;0.0371,0.330,-20.730
8 58 68;0.0062,0.625,-20.632
5 10 32 70;0.0891,1.000,-20.594
47 50 69;0.0347,0.341,-20.173
47 69;0.0916,0.168,-20.134
48 56 70;0.4653,0.843,-20.115
10 21 29 73;0.0285,0.129,-19.726
10 32 70;0.1349,0.956,-19.678
22 68;0.0050,1.000,-19.344
10 29 52 73;0.0149,0.308,-19.166
8 68;0.0062,0.500,-19.134
32 70;0.1399,0.950,-19.058
21 29 73;0.0285,0.125,-19.004
29 52 73;0.0149,0.300,-18.835
10 15 50 64 69;0.0421,0.279,-18.573
5 36 70;0.0804,1.000,-18.491
10 50 64 69;0.0421,0.276,-18.330
10 29 73;0.0285,0.120,-18.197
10 15 50 69;0.0421,0.274,-18.089
18 20 64 69;0.0903,0.164,-17.935
2 47 58 73;0.0099,0.533,-17.899
28 33 58 64 73;0.0099,0.533,-17.899
10 50 69;0.0421,0.272,-17.852
29 73;0.0285,0.117,-17.535
28 33 64 73;0.0099,0.500,-17.234
21 33 47 73;0.0099,0.500,-17.234
18 20 69;0.0903,0.162,-17.132
6 70;0.0743,1.000,-17.003
15 50 64 69;0.0421,0.264,-16.934
5 48 70;0.2995,0.871,-16.799
48 70;0.5198,0.825,-16.766
50 64 69;0.0421,0.262,-16.711
21 70;0.7512,0.780,-16.673
15 50 69;0.0421,0.260,-16.492
46 62 73;0.0062,1.000,-16.296
50 69;0.0421,0.258,-16.275
28 33 58 73;0.0099,0.444,-16.067
10 15 21 50 56 64 72;0.0285,0.230,-15.787
27 69;0.0087,1.000,-15.657
38 72;0.0074,1.000,-15.635
46 55 72;0.0074,1.000,-15.635
10 21 50 56 64 72;0.0285,0.228,-15.582
28 33 73;0.0099,0.421,-15.549
33 47 73;0.0099,0.421,-15.549
10 15 21 50 56 72;0.0285,0.225,-15.380
10 15 64 69;0.1101,0.130,-15.366
10 21 50 56 72;0.0285,0.223,-15.180
10 15 21 50 64 72;0.0297,0.214,-15.044
10 21 50 64 72;0.0297,0.212,-14.858
10 15 21 50 72;0.0297,0.211,-14.675
10 21 50 72;0.0297,0.209,-14.494
15 21 50 56 64 72;0.0285,0.215,-14.412
20 39 70;0.0631,1.000,-14.354
21 50 56 64 72;0.0285,0.213,-14.226
15 21 50 56 72;0.0285,0.211,-14.043
10 15 50 56 64 72;0.0285,0.211,-14.043
21 50 56 72;0.0285,0.209,-13.862
10 50 56 64 72;0.0285,0.209,-13.862
15 21 50 64 72;0.0297,0.202,-13.793
20 52 70;0.0606,1.000,-13.770
10 15 50 56 72;0.0285,0.207,-13.684
21 50 64 72;0.0297,0.200,-13.623
5 10 15 21 64 72;0.0545,0.130,-13.510
10 50 56 72;0.0285,0.205,-13.509
14 70;0.0594,1.000,-13.479
15 21 50 72;0.0297,0.198,-13.456
2 47 73;0.0099,0.333,-13.416
10 15 21 64 72;0.0767,0.094,-13.397
7 69;0.0124,0.588,-13.313
21 50 72;0.0297,0.197,-13.290
10 15 50 64 72;0.0297,0.197,-13.290
2 28 56 58 73;0.0111,0.273,-13.133
10 50 64 72;0.0297,0.195,-13.127
5 10 15 64 72;0.0545,0.129,-13.105
10 15 50 72;0.0297,0.194,-12.966
15 50 56 64 72;0.0285,0.198,-12.829
10 50 72;0.0297,0.192,-12.806
5 15 21 64 72;0.0545,0.127,-12.709
50 56 64 72;0.0285,0.197,-12.665
10 46 52 73;0.0136,0.200,-12.633
5 10 15 21 72;0.0545,0.126,-12.514
15 50 56 72;0.0285,0.195,-12.502
10 15 69;0.1101,0.126,-12.502
50 56 72;0.0285,0.193,-12.342
5 15 64 72;0.0545,0.126,-12.321
30 69;0.0111,0.600,-12.275
9 69;0.0111,0.600,-12.275
15 50 64 72;0.0297,0.186,-12.188
5 10 15 72;0.0545,0.125,-12.130
50 64 72;0.0297,0.185,-12.038
15 50 72;0.0297,0.183,-11.890
2 56 58 73;0.0111,0.237,-11.832
46 56 70;0.3144,0.847,-11.824
5 15 21 72;0.0545,0.124,-11.753
50 72;0.0297,0.182,-11.743
39 70;0.0804,0.956,-11.606
10 18 64 69;0.0903,0.147,-11.500
10 64 69;0.1101,0.124,-11.434
55 72;0.0074,0.667,-11.390
5 15 72;0.0545,0.122,-11.384
10 21 33 58 73;0.0111,0.225,-11.371
10 15 21 72;0.0767,0.091,-11.351
18 64 69;0.0903,0.146,-11.285
2 28 58 73;0.0111,0.220,-11.151
46 52 73;0.0149,0.158,-11.143
59 69;0.0062,1.000,-11.132
2 28 56 73;0.0111,0.214,-10.938
15 46 48 64 68;0.0099,0.038,-10.919
10 18 69;0.0903,0.145,-10.862
5 10 21 64 72;0.0545,0.120,-10.757
15 46 48 68;0.0099,0.037,-10.688
18 69;0.0903,0.144,-10.653
46 48 64 68;0.0099,0.037,-10.651
10 21 64 72;0.0767,0.090,-10.589
10 52 73;0.0149,0.150,-10.585
10 33 58 73;0.0111,0.205,-10.531
10 15 64 72;0.0767,0.090,-10.495
46 48 68;0.0099,0.036,-10.428
5 10 64 72;0.0545,0.119,-10.408
10 21 33 73;0.0111,0.200,-10.336
45 64 70;0.0458,1.000,-10.305
56 60 72;0.0062,0.714,-10.067
5 21 64 72;0.0545,0.117,-10.066
2 56 73;0.0111,0.191,-9.962
2 58 73;0.0111,0.188,-9.783
5 64 72;0.0545,0.116,-9.732
52 62 73;0.0037,1.000,-9.684
33 39 73;0.0037,1.000,-9.684
52 73;0.0161,0.126,-9.536
5 10 21 72;0.0545,0.115,-9.485
2 28 73;0.0111,0.180,-9.438
21 33 58 73;0.0111,0.180,-9.438
29 58 64 70;0.1559,0.881,-9.404
40 68;0.0025,1.000,-9.363
5 10 72;0.0545,0.114,-9.163
60 72;0.0062,0.625,-9.148
10 33 73;0.0111,0.173,-9.110
20 64 69;0.0903,0.139,-8.864
5 21 72;0.0545,0.113,-8.847
33 58 73;0.0111,0.167,-8.799
21 33 73;0.0111,0.164,-8.649
10 15 72;0.0767,0.088,-8.541
5 72;0.0545,0.112,-8.538
2 73;0.0111,0.158,-8.359
29 58 70;0.1745,0.865,-8.322
20 69;0.0903,0.138,-8.303
10 21 72;0.0767,0.087,-8.176
62 73;0.0087,0.200,-8.135
15 21 64 72;0.0767,0.087,-8.085
10 69;0.1101,0.120,-8.051
34 36 70;0.0891,0.911,-7.986
15 64 69;0.1101,0.120,-7.923
10 64 72;0.0767,0.087,-7.813
20 62 70;0.0347,1.000,-7.747
33 73;0.0111,0.145,-7.688
15 46 64 68;0.0099,0.025,-7.540
10 35 73;0.0062,0.263,-7.348
45 70;0.0507,0.953,-7.279
2 20 70;0.0322,1.000,-7.183
4 52 70;0.0322,1.000,-7.183
29 34 70;0.0322,1.000,-7.183
46 64 68;0.0099,0.024,-7.166
46 70;0.3713,0.815,-7.158
2 4 48 56 68;0.0025,0.400,-7.075
15 46 68;0.0099,0.023,-6.785
2 4 46 56 68;0.0025,0.333,-6.674
2 4 56 58 68;0.0025,0.333,-6.674
42 69;0.0037,1.000,-6.648
29 64 70;0.1856,0.847,-6.614
5 34 47 70;0.0743,0.909,-6.577
36 56 70;0.1300,0.868,-6.510
54 73;0.0025,1.000,-6.426
2 4 48 68;0.0025,0.286,-6.343
2 4 56 68;0.0025,0.286,-6.343
47 52 56 70;0.0285,1.000,-6.340
46 68;0.0099,0.022,-6.334
36 70;0.1386,0.862,-6.298
15 48 58 64 68;0.0099,0.022,-6.268
52 70;0.1114,0.874,-6.151
15 48 58 68;0.0099,0.021,-6.139
23 56 69;0.0074,0.429,-6.122
2 4 58 68;0.0025,0.250,-6.060
29 70;0.2042,0.838,-6.048
48 58 64 68;0.0099,0.021,-5.969
5 10 64 70;0.3713,0.809,-5.895
5 34 70;0.0928,0.882,-5.849
48 58 68;0.0099,0.020,-5.844
5 64 70;0.3787,0.807,-5.826
2 4 68;0.0025,0.222,-5.814
56 70;0.6844,0.779,-5.803
23 69;0.0074,0.400,-5.703
5 20 61 70;0.0681,0.902,-5.598
10 72;0.0767,0.084,-5.503
21 64 72;0.0767,0.084,-5.503
35 64 70;0.0248,1.000,-5.501
15 64 72;0.0767,0.083,-5.416
35 45 66 73;0.0025,0.667,-5.353
34 58 70;0.1052,0.867,-5.342
15 21 72;0.0767,0.083,-5.329
63 70;0.0235,1.000,-5.222
2 26 70;0.0235,1.000,-5.222
5 10 70;0.3837,0.803,-5.155
34 70;0.1485,0.845,-5.130
5 61 70;0.0928,0.872,-5.112
5 70;0.3911,0.802,-5.099
15 29 49 69;0.0050,0.500,-4.988
10 15 48 53 68;0.0037,0.068,-4.966
15 48 53 68;0.0037,0.064,-4.778
10 48 53 68;0.0037,0.062,-4.718
43 68;0.0012,1.000,-4.615
25 68;0.0012,1.000,-4.615
5 12 32 68;0.0012,1.000,-4.615
48 53 68;0.0037,0.059,-4.547
29 33 49 69;0.0025,1.000,-4.422
15 33 49 69;0.0025,1.000,-4.422
64 69;0.1101,0.115,-4.301
47 62 70;0.0347,0.933,-4.269
10 65 73;0.0025,0.400,-4.201
35 45 73;0.0025,0.400,-4.201
10 45 66 73;0.0025,0.400,-4.201
10 21 49 56 73;0.0062,0.132,-4.144
10 15 53 58 68;0.0037,0.050,-4.094
15 48 64 68;0.0099,0.016,-4.073
15 69;0.1101,0.115,-4.056
35 46 73;0.0062,0.128,-4.037
21 49 56 73;0.0062,0.128,-4.037
15 48 68;0.0099,0.016,-3.975
35 58 73;0.0062,0.125,-3.933
10 53 58 68;0.0037,0.047,-3.916
15 53 58 68;0.0037,0.047,-3.916
10 15 53 68;0.0037,0.046,-3.874
35 65 73;0.0025,0.333,-3.821
45 66 73;0.0025,0.333,-3.821
48 64 68;0.0099,0.016,-3.813
53 58 68;0.0037,0.044,-3.751
10 49 56 58 73;0.0050,0.143,-3.747
35 73;0.0062,0.119,-3.735
10 49 56 73;0.0062,0.119,-3.735
48 68;0.0099,0.016,-3.717
10 53 68;0.0037,0.043,-3.711
15 53 68;0.0037,0.043,-3.711
29 49 69;0.0050,0.364,-3.698
10 21 46 73;0.0223,0.061,-3.668
49 56 73;0.0062,0.116,-3.641
10 21 49 73;0.0062,0.116,-3.641
53 68;0.0037,0.041,-3.559
28 39 47 56 58 73;0.0037,0.176,-3.556
21 49 73;0.0062,0.114,-3.550
12 32 58 68;0.0012,0.333,-3.525
5 12 17 56 68;0.0012,0.333,-3.525
2 15 56 58 68;0.0025,0.069,-3.491
15 49 56 58 72;0.0062,0.200,-3.318
10 49 58 73;0.0050,0.125,-3.299
10 49 73;0.0062,0.106,-3.293
28 39 47 58 73;0.0037,0.158,-3.258
39 47 49 58 73;0.0025,0.250,-3.248
5 12 56 68;0.0012,0.250,-3.242
15 47 56 58 72;0.0297,0.106,-3.231
49 73;0.0062,0.104,-3.213
13 73;0.0012,1.000,-3.198
35 70;0.0458,0.881,-3.193
10 21 58 73;0.0334,0.050,-3.169
39 47 56 58 73;0.0037,0.150,-3.123
10 46 73;0.0223,0.058,-3.121
21 47 56 58 72;0.0297,0.104,-3.081
12 32 68;0.0012,0.200,-3.023
5 12 17 68;0.0012,0.200,-3.023
65 73;0.0025,0.222,-3.023
21 49 56 58 72;0.0062,0.185,-3.019
