25 27 47 56;0.5180,0.973,-17.009
23 27 29 56;0.6403,0.937,-16.986
23 27 56;0.6619,0.929,-16.824
27 29 30 56;0.6619,0.929,-16.824
25 27 34 56;0.4173,1.000,-16.780
25 27 29 56;0.5827,0.953,-16.764
15 25 27 56;0.4604,0.985,-16.132
15 25 29 56;0.4604,0.985,-16.132
27 30 56;0.6906,0.914,-15.646
25 29 30 56;0.5612,0.951,-15.315
23 29 30 47 56;0.5899,0.943,-15.234
27 29 56;0.7050,0.907,-15.207
23 25 56;0.5540,0.951,-14.856
25 27 56;0.5827,0.942,-14.753
25 30 47 56;0.5180,0.960,-14.721
6 11 12 22 55;0.0791,0.786,-14.458
6 12 54 55;0.1367,0.475,-14.410
6 11 12 24 55;0.1151,0.552,-14.165
15 25 30 56;0.4245,0.983,-14.146
15 23 29 56;0.4676,0.970,-14.042
23 29 30 56;0.6259,0.926,-14.039
26 55;0.0863,0.706,-13.922
6 12 24 55;0.1223,0.515,-13.906
29 30 47 56;0.6475,0.918,-13.866
25 29 56;0.5971,0.933,-13.853
1 23 29 56;0.5971,0.933,-13.853
25 30 34 56;0.4173,0.983,-13.768
15 25 47 56;0.4173,0.983,-13.768
15 25 56;0.4604,0.970,-13.651
25 47 56;0.5324,0.949,-13.550
25 30 56;0.5612,0.940,-13.390
6 11 24 55;0.1223,0.500,-13.305
6 24 55;0.1295,0.474,-13.261
6 12 22 55;0.0791,0.733,-13.260
23 29 47 56;0.6115,0.924,-13.059
27 56;0.7482,0.881,-12.873
29 30 56;0.6978,0.898,-12.873
25 34 53 56;0.3381,1.000,-12.685
6 14 54 55;0.1079,0.536,-12.521
12 54 55;0.1367,0.432,-12.355
21 25 53 56;0.3309,1.000,-12.342
15 23 56;0.4748,0.957,-12.319
1 25 53 56;0.3885,0.982,-12.319
21 24 55;0.0791,0.688,-12.222
23 29 56;0.6691,0.903,-12.188
6 12 55;0.1799,0.325,-12.160
25 53 56;0.4317,0.968,-12.160
25 34 56;0.4317,0.968,-12.160
23 30 47 56;0.5971,0.922,-12.144
14 19 54 55;0.0863,0.632,-12.065
12 33 55;0.0576,0.889,-11.994
34 53 56;0.3813,0.981,-11.971
47 53 56;0.4676,0.956,-11.948
14 54 55;0.1079,0.517,-11.898
1 30 53 56;0.4245,0.967,-11.804
23 30 56;0.6403,0.908,-11.728
1 53 56;0.4604,0.955,-11.584
30 47 56;0.6763,0.895,-11.181
19 30 53 56;0.4101,0.966,-11.111
1 29 47 56;0.6043,0.913,-11.004
6 19 28 54 55;0.0647,0.750,-10.992
15 17 29 56;0.5180,0.935,-10.974
6 54 55;0.1511,0.368,-10.869
30 53 56;0.4820,0.944,-10.845
11 12 19 24 55;0.0935,0.542,-10.715
12 24 55;0.1223,0.436,-10.693
29 47 56;0.6691,0.894,-10.671
25 56;0.5971,0.912,-10.584
33 55;0.0576,0.800,-10.523
11 12 22 55;0.0791,0.611,-10.489
11 19 24 55;0.1007,0.500,-10.395
24 55;0.1295,0.409,-10.370
19 28 54 55;0.0647,0.692,-9.949
6 19 28 55;0.0647,0.692,-9.949
30 56;0.7338,0.872,-9.879
23 53 56;0.4604,0.941,-9.813
12 22 55;0.0791,0.579,-9.751
6 11 22 55;0.0791,0.579,-9.751
13 29 56;0.3309,0.979,-9.678
39 53 56;0.4532,0.940,-9.484
54 55;0.1511,0.344,-9.413
53 56;0.5180,0.923,-9.413
15 29 56;0.5180,0.923,-9.413
6 14 55;0.1295,0.383,-9.158
6 22 55;0.0791,0.550,-9.081
19 28 55;0.0647,0.643,-9.055
6 28 55;0.0647,0.643,-9.055
1 29 56;0.6619,0.885,-8.813
12 55;0.1799,0.284,-8.572
17 49 55;0.0360,1.000,-8.513
15 47 56;0.4964,0.920,-8.420
17 23 47 56;0.5252,0.913,-8.340
13 56;0.3453,0.960,-8.279
28 55;0.0647,0.600,-8.276
23 47 56;0.6259,0.888,-8.067
15 17 56;0.5468,0.905,-8.007
23 34 52 56;0.2878,0.976,-7.895
17 23 56;0.5683,0.898,-7.732
29 56;0.7410,0.858,-7.705
1 23 56;0.6187,0.887,-7.696
11 22 55;0.0791,0.478,-7.386
8 14 55;0.1007,0.400,-7.152
14 55;0.1295,0.340,-7.090
22 55;0.0791,0.458,-6.905
49 55;0.0360,0.833,-6.869
15 56;0.5468,0.894,-6.785
23 56;0.6906,0.865,-6.784
1 47 56;0.6547,0.867,-6.019
34 52 56;0.3165,0.936,-5.648
47 52 56;0.4245,0.908,-5.623
17 47 56;0.5971,0.874,-5.593
6 11 16 55;0.0719,0.417,-5.333
47 56;0.7194,0.847,-5.041
44 55;0.0216,1.000,-5.009
20 23 38 39 47 55;0.0216,1.000,-5.009
1 19 20 23 38 39 55;0.0216,1.000,-5.009
6 19 20 23 38 39 55;0.0216,1.000,-5.009
11 16 19 55;0.0576,0.444,-4.779
11 16 55;0.0719,0.385,-4.616
6 16 55;0.0719,0.370,-4.294
18 39 56;0.1295,1.000,-4.181
9 17 56;0.3741,0.897,-4.061
6 8 11 55;0.1079,0.300,-4.051
6 11 55;0.1799,0.236,-4.004
6 8 55;0.1223,0.279,-3.796
6 45 55;0.0216,0.750,-3.765
23 38 39 47 55;0.0216,0.750,-3.765
19 20 23 38 39 55;0.0216,0.750,-3.765
6 19 20 23 38 55;0.0216,0.750,-3.765
1 19 20 38 39 55;0.0216,0.750,-3.765
1 20 23 38 39 55;0.0216,0.750,-3.765
6 20 23 38 39 55;0.0216,0.750,-3.765
6 20 23 38 47 55;0.0216,0.750,-3.765
1 19 23 38 39 55;0.0216,0.750,-3.765
6 19 23 38 39 55;0.0216,0.750,-3.765
1 18 56;0.1151,1.000,-3.683
11 12 20 52 56;0.1151,1.000,-3.683
16 19 55;0.0576,0.381,-3.679
52 56;0.4245,0.881,-3.672
1 34 56;0.4532,0.875,-3.621
16 21 55;0.0432,0.429,-3.489
16 55;0.0719,0.333,-3.452
17 34 56;0.4460,0.873,-3.431
8 51 55;0.0144,1.000,-3.308
34 51 55;0.0144,1.000,-3.308
47 51 55;0.0144,1.000,-3.308
6 51 55;0.0144,1.000,-3.308
9 31 55;0.0144,1.000,-3.308
31 39 55;0.0144,1.000,-3.308
8 17 45 55;0.0144,1.000,-3.308
1 17 45 55;0.0144,1.000,-3.308
23 38 39 52 55;0.0144,1.000,-3.308
8 19 38 39 55;0.0144,1.000,-3.308
8 19 30 38 55;0.0144,1.000,-3.308
23 25 38 39 55;0.0144,1.000,-3.308
8 23 30 38 52 55;0.0144,1.000,-3.308
19 25 38 39 52 55;0.0144,1.000,-3.308
19 27 38 39 52 55;0.0144,1.000,-3.308
1 19 38 39 52 55;0.0144,1.000,-3.308
6 23 30 38 52 55;0.0144,1.000,-3.308
8 23 25 30 38 55;0.0144,1.000,-3.308
8 17 23 38 39 55;0.0144,1.000,-3.308
8 17 23 30 38 55;0.0144,1.000,-3.308
8 23 29 38 39 55;0.0144,1.000,-3.308
8 23 30 38 47 55;0.0144,1.000,-3.308
8 23 29 30 38 55;0.0144,1.000,-3.308
6 23 25 30 38 55;0.0144,1.000,-3.308
1 17 23 38 39 55;0.0144,1.000,-3.308
6 17 23 38 39 55;0.0144,1.000,-3.308
6 17 23 30 38 55;0.0144,1.000,-3.308
6 19 23 30 38 55;0.0144,1.000,-3.308
1 23 29 38 39 55;0.0144,1.000,-3.308
6 23 29 38 39 55;0.0144,1.000,-3.308
6 23 30 38 47 55;0.0144,1.000,-3.308
6 23 29 30 38 55;0.0144,1.000,-3.308
6 19 25 30 38 52 55;0.0144,1.000,-3.308
6 19 27 30 38 52 55;0.0144,1.000,-3.308
1 6 19 30 38 52 55;0.0144,1.000,-3.308
17 21 56;0.4101,0.877,-3.298
34 39 56;0.4676,0.867,-3.217
17 56;0.6547,0.843,-3.206
7 56;0.1007,1.000,-3.194
6 55;0.1942,0.216,-3.194
9 34 56;0.2662,0.902,-3.056
