2 16 156;0.6013,0.864,-89.516
16 124 156;0.5538,0.902,-85.346
11 16 156;0.5506,0.897,-81.857
16 121 156;0.4652,0.936,-70.965
13 157;0.2057,0.942,-67.967
121 131 141 156;0.4272,0.938,-61.684
121 141 150 156;0.4335,0.932,-61.284
16 131 156;0.4399,0.927,-60.968
7 11 156;0.4715,0.903,-60.451
22 157;0.1835,0.951,-60.257
16 156;0.6013,0.798,-59.865
121 141 156;0.4525,0.911,-58.578
2 11 141 150 156;0.4525,0.911,-58.578
7 124 156;0.4620,0.901,-57.574
121 131 156;0.4399,0.914,-56.886
2 11 141 156;0.4715,0.892,-56.764
131 141 156;0.4462,0.910,-56.744
11 25 34 156;0.4241,0.924,-56.492
11 124 141 150 156;0.4272,0.918,-55.338
2 124 141 150 156;0.4715,0.887,-54.999
102 111 121 156;0.4019,0.934,-54.746
2 11 25 156;0.4304,0.913,-54.246
2 124 141 156;0.4905,0.871,-54.003
124 141 150 156;0.4715,0.882,-53.283
102 121 156;0.4399,0.903,-53.090
11 124 141 156;0.4462,0.898,-53.025
102 111 156;0.4177,0.917,-52.780
124 141 156;0.4905,0.866,-52.384
102 131 156;0.4146,0.916,-51.947
2 11 124 156;0.5348,0.833,-51.539
131 156;0.4589,0.884,-51.338
11 25 124 156;0.3861,0.931,-50.694
2 7 156;0.5095,0.847,-50.540
11 141 150 156;0.4525,0.883,-49.583
2 141 150 156;0.5000,0.849,-49.093
2 102 141 156;0.4684,0.871,-49.091
122 157;0.2215,0.787,-49.027
2 11 156;0.5791,0.792,-48.991
92 102 141 156;0.3608,0.942,-48.802
11 124 156;0.5348,0.824,-48.675
11 141 156;0.4715,0.866,-48.404
92 102 156;0.3924,0.919,-48.252
72 82 92 156;0.3038,0.980,-48.223
92 111 121 156;0.3576,0.942,-48.049
2 124 156;0.5854,0.784,-47.761
2 141 156;0.5190,0.832,-47.716
7 121 150 156;0.3449,0.948,-47.315
25 34 124 156;0.4177,0.898,-47.245
11 25 156;0.4304,0.889,-47.050
72 92 121 156;0.3228,0.962,-47.019
4 157;0.1930,0.836,-46.903
34 72 102 156;0.3608,0.934,-46.652
2 25 34 156;0.4589,0.868,-46.477
25 124 156;0.4209,0.893,-46.321
72 92 156;0.3291,0.954,-46.002
92 121 156;0.3829,0.917,-45.946
111 141 156;0.4114,0.897,-45.662
72 102 156;0.3639,0.927,-45.349
124 156;0.5854,0.777,-45.156
111 121 156;0.4146,0.891,-44.745
92 141 156;0.3608,0.927,-44.615
25 34 121 156;0.3418,0.939,-44.381
11 34 156;0.4937,0.839,-44.330
121 150 156;0.4557,0.862,-44.110
92 111 156;0.3576,0.926,-43.887
25 121 156;0.3481,0.932,-43.731
34 82 102 156;0.3639,0.920,-43.400
7 121 156;0.3797,0.909,-43.354
62 92 156;0.3449,0.932,-43.017
2 34 102 156;0.4557,0.857,-42.630
82 102 141 150 156;0.3418,0.931,-42.310
7 25 52 156;0.3006,0.960,-42.103
62 72 82 121 156;0.3006,0.960,-42.103
25 43 156;0.3576,0.919,-41.965
25 34 52 156;0.3481,0.924,-41.747
62 72 121 156;0.3196,0.944,-41.617
52 72 121 156;0.3196,0.944,-41.617
82 92 156;0.3291,0.937,-41.563
62 102 156;0.3544,0.918,-41.257
121 156;0.4968,0.826,-41.127
34 52 92 156;0.3449,0.924,-41.046
25 92 156;0.3165,0.943,-40.932
25 29 34 156;0.2943,0.959,-40.747
25 52 156;0.3513,0.917,-40.557
82 102 156;0.3671,0.906,-40.470
2 25 156;0.4684,0.841,-40.242
92 156;0.3956,0.887,-40.235
34 102 141 150 156;0.4272,0.865,-39.973
72 141 150 156;0.3386,0.922,-39.665
34 52 156;0.4051,0.877,-39.288
34 102 141 156;0.4304,0.861,-39.269
62 72 82 111 156;0.2975,0.949,-39.092
52 62 156;0.3608,0.905,-39.073
62 72 82 156;0.3070,0.942,-38.910
62 72 156;0.3259,0.928,-38.870
1 157;0.1108,1.000,-38.850
2 156;0.6329,0.712,-38.850
34 43 102 156;0.3513,0.910,-38.752
7 141 150 156;0.4019,0.876,-38.566
34 62 156;0.3734,0.894,-38.494
52 102 141 150 156;0.3323,0.921,-38.310
102 141 150 156;0.4494,0.845,-38.227
34 72 141 156;0.3386,0.915,-37.822
7 141 156;0.4177,0.863,-37.752
7 111 150 156;0.3006,0.941,-37.590
102 141 156;0.4684,0.831,-37.573
7 29 48 67 156;0.2532,0.976,-37.368
43 52 156;0.3671,0.892,-37.119
52 72 156;0.3259,0.920,-36.980
25 29 156;0.2975,0.940,-36.938
72 141 156;0.3418,0.908,-36.730
82 141 150 156;0.3418,0.908,-36.730
72 111 150 156;0.3323,0.913,-36.494
7 29 34 156;0.2848,0.947,-36.480
11 102 156;0.4525,0.836,-36.324
7 25 34 72 156;0.2722,0.956,-36.161
43 102 156;0.3544,0.896,-36.044
111 156;0.4335,0.846,-35.846
61 150 157;0.1297,0.911,-35.783
7 29 48 156;0.2911,0.939,-35.650
7 52 156;0.3101,0.925,-35.582
7 25 62 156;0.2785,0.946,-35.204
25 62 156;0.3259,0.912,-35.190
25 34 72 156;0.3165,0.917,-35.030
7 25 34 156;0.4114,0.855,-34.932
7 25 82 156;0.2753,0.946,-34.574
62 156;0.3766,0.875,-34.533
7 29 156;0.3386,0.899,-34.400
52 102 150 156;0.3386,0.899,-34.400
91 97 150 157;0.1203,0.927,-34.296
29 34 102 150 156;0.2627,0.954,-34.269
52 156;0.4082,0.854,-34.242
11 156;0.5791,0.753,-34.163
7 20 38 48 156;0.2500,0.963,-34.130
29 141 150 156;0.3291,0.904,-34.127
25 34 156;0.4589,0.824,-34.013
54 157;0.0981,1.000,-33.960
7 25 72 156;0.2722,0.945,-33.949
29 34 102 156;0.2722,0.945,-33.949
25 72 156;0.3196,0.910,-33.912
7 34 43 156;0.3196,0.910,-33.912
34 82 141 156;0.3418,0.893,-33.440
61 154 157;0.1171,0.925,-33.120
123 157;0.1108,0.946,-33.008
7 20 156;0.3544,0.882,-32.932
82 141 156;0.3449,0.886,-32.531
7 34 72 150 156;0.2532,0.952,-32.418
7 25 156;0.4177,0.841,-32.345
7 43 156;0.3196,0.902,-32.240
29 141 156;0.3354,0.891,-32.178
141 150 156;0.5000,0.794,-32.143
34 102 156;0.4557,0.818,-32.074
7 38 48 57 156;0.2690,0.934,-31.307
61 157;0.1519,0.800,-31.296
7 156;0.5095,0.785,-31.175
34 43 141 156;0.3259,0.888,-30.334
141 156;0.5190,0.777,-30.321
29 34 156;0.3544,0.868,-30.063
25 82 156;0.3165,0.893,-30.047
34 72 82 150 156;0.3165,0.893,-30.047
34 72 82 156;0.3386,0.877,-29.824
34 72 150 156;0.3386,0.877,-29.824
25 152 156;0.2247,0.959,-29.297
34 43 156;0.4146,0.829,-29.226
91 97 157;0.1297,0.837,-29.033
91 157;0.1551,0.766,-28.783
25 143 156;0.2310,0.948,-28.259
34 72 156;0.3639,0.852,-27.915
25 57 87 156;0.2278,0.947,-27.682
25 87 106 156;0.2025,0.970,-27.626
51 57 150 157;0.0949,0.938,-27.241
25 87 156;0.2658,0.913,-27.116
72 82 150 156;0.3165,0.877,-27.116
130 136 157;0.1108,0.875,-27.110
72 82 156;0.3386,0.863,-27.085
71 150 157;0.1044,0.892,-26.638
25 57 156;0.2880,0.892,-26.338
74 157;0.0854,0.964,-26.222
51 57 157;0.1171,0.841,-26.169
71 157;0.1329,0.792,-26.128
34 82 150 156;0.3449,0.852,-25.680
51 150 157;0.1013,0.889,-25.546
51 157;0.1234,0.812,-25.529
42 157;0.1108,0.854,-25.523
43 156;0.4177,0.810,-25.333
25 77 106 116 156;0.1741,0.982,-25.136
25 102 106 136 156;0.1741,0.982,-25.136
20 34 38 48 67 87 156;0.1741,0.982,-25.136
72 150 156;0.3418,0.850,-25.117
140 145 157;0.1139,0.837,-25.112
25 102 156;0.4051,0.815,-25.107
110 116 157;0.0886,0.933,-25.005
130 157;0.1329,0.778,-24.944
25 38 77 156;0.1994,0.955,-24.729
34 38 48 67 77 87 156;0.1709,0.982,-24.573
26 157;0.0981,0.886,-24.466
101 106 157;0.0981,0.886,-24.466
25 38 97 156;0.2405,0.916,-24.344
25 38 156;0.2848,0.882,-24.341
34 48 57 67 87 156;0.2089,0.943,-24.312
34 38 48 67 87 156;0.1835,0.967,-24.228
8 157;0.0918,0.906,-24.100
34 82 156;0.3671,0.829,-23.742
140 150 157;0.1139,0.818,-23.741
20 25 67 77 156;0.1930,0.953,-23.627
34 48 57 87 106 156;0.1930,0.953,-23.627
34 38 48 67 77 156;0.1930,0.953,-23.627
84 150 157;0.0696,1.000,-23.426
34 38 87 156;0.2247,0.922,-23.339
25 77 97 156;0.2025,0.941,-23.223
34 48 87 106 156;0.2025,0.941,-23.223
34 48 57 67 77 156;0.2025,0.941,-23.223
25 77 106 156;0.1899,0.952,-23.081
34 152 156;0.2690,0.885,-23.067
25 156;0.4684,0.775,-23.009
34 38 67 77 156;0.2120,0.931,-22.960
113 157;0.0823,0.929,-22.808
103 157;0.0823,0.929,-22.808
140 157;0.1329,0.750,-22.759
34 48 57 87 156;0.2310,0.913,-22.735
72 156;0.3671,0.823,-22.649
34 57 67 87 156;0.2278,0.911,-22.208
34 38 156;0.3513,0.828,-22.135
85 95 104 156;0.1835,0.951,-22.003
85 104 150 156;0.1835,0.951,-22.003
20 34 48 67 77 156;0.2057,0.929,-21.897
17 157;0.0791,0.926,-21.725
33 38 87 157;0.0791,0.926,-21.725
20 34 67 77 156;0.2342,0.902,-21.689
34 48 57 77 156;0.2247,0.910,-21.685
29 102 156;0.3070,0.851,-21.623
48 57 67 102 150 156;0.1677,0.964,-21.498
20 34 48 67 87 156;0.2025,0.928,-21.372
95 104 156;0.2120,0.918,-21.229
85 104 156;0.2120,0.918,-21.229
104 114 156;0.2310,0.901,-21.174
20 34 67 87 156;0.2310,0.901,-21.174
85 143 150 156;0.1899,0.938,-21.093
33 157;0.1203,0.760,-21.000
48 57 67 102 156;0.1772,0.949,-20.940
34 57 77 106 116 156;0.1772,0.949,-20.940
98 157;0.0823,0.897,-20.897
81 87 157;0.0918,0.853,-20.775
142 157;0.0696,0.957,-20.656
34 48 67 77 156;0.2184,0.908,-20.655
127 157;0.0759,0.923,-20.652
84 157;0.0759,0.923,-20.652
104 134 150 156;0.1867,0.937,-20.571
57 67 102 150 156;0.1867,0.937,-20.571
34 48 87 156;0.2532,0.879,-20.490
95 114 150 156;0.1962,0.925,-20.336
57 67 102 156;0.1962,0.925,-20.336
75 102 156;0.2342,0.892,-20.222
34 156;0.5411,0.731,-20.098
104 134 143 156;0.1835,0.935,-20.053
48 102 106 136 150 156;0.1582,0.962,-19.902
81 157;0.1013,0.800,-19.750
138 157;0.0665,0.955,-19.570
128 157;0.0665,0.955,-19.570
88 157;0.0665,0.955,-19.570
64 157;0.0665,0.955,-19.570
95 134 150 156;0.1551,0.961,-19.378
48 102 106 136 156;0.1677,0.946,-19.374
77 102 106 116 150 154 156;0.1234,1.000,-19.362
85 143 156;0.1994,0.913,-19.192
95 114 156;0.2184,0.896,-19.159
82 150 156;0.3449,0.813,-19.041
29 48 57 67 156;0.2753,0.853,-18.980
143 156;0.3038,0.835,-18.876
77 87 102 116 145 150 154 156;0.1203,1.000,-18.822
67 87 102 116 145 150 154 156;0.1203,1.000,-18.822
77 87 97 102 116 150 154 156;0.1203,1.000,-18.822
57 77 87 102 116 150 154 156;0.1203,1.000,-18.822
20 67 77 102 116 150 154 156;0.1203,1.000,-18.822
67 102 106 136 145 150 154 156;0.1203,1.000,-18.822
110 136 157;0.0759,0.889,-18.817
102 104 156;0.2247,0.887,-18.738
114 156;0.3165,0.826,-18.703
104 134 156;0.2057,0.903,-18.650
104 156;0.2880,0.843,-18.645
38 77 102 116 150 156;0.1361,0.977,-18.589
48 57 102 106 150 156;0.1741,0.932,-18.524
102 156;0.5000,0.742,-18.415
29 38 48 57 156;0.2627,0.856,-18.226
101 157;0.1139,0.735,-18.131
12 157;0.0728,0.885,-17.795
29 48 70 80 156;0.1139,1.000,-17.749
29 67 77 82 116 156;0.1139,1.000,-17.749
29 48 57 156;0.3165,0.820,-17.694
85 95 156;0.1994,0.900,-17.675
55 82 156;0.1297,0.976,-17.543
29 38 48 80 156;0.1297,0.976,-17.543
29 67 77 82 156;0.1297,0.976,-17.543
82 156;0.3703,0.791,-17.295
20 38 48 57 67 156;0.2405,0.864,-17.291
95 150 156;0.2310,0.869,-17.103
95 134 156;0.1646,0.929,-17.031
65 95 156;0.1392,0.957,-16.808
53 58 157;0.0506,1.000,-16.732
152 156;0.2816,0.832,-16.652
48 57 67 77 156;0.2278,0.867,-16.640
95 156;0.2595,0.845,-16.637
48 70 80 156;0.1234,0.975,-16.509
38 48 57 80 156;0.1361,0.956,-16.305
29 48 80 156;0.1329,0.955,-15.806
85 134 150 156;0.1772,0.903,-15.800
107 157;0.0665,0.875,-15.785
21 157;0.0665,0.875,-15.785
20 38 48 57 156;0.2753,0.829,-15.758
38 48 57 67 156;0.2532,0.842,-15.740
20 77 134 156;0.1013,1.000,-15.635
38 48 57 156;0.3070,0.808,-15.389
29 38 80 156;0.1297,0.953,-15.310
29 38 57 67 156;0.2500,0.840,-15.299
48 57 67 87 156;0.2184,0.863,-15.282
39 157;0.0696,0.846,-15.280
97 110 157;0.0696,0.846,-15.280
29 48 60 70 156;0.0981,1.000,-15.112
48 57 67 156;0.2975,0.810,-15.001
29 70 80 156;0.1139,0.973,-14.982
20 29 38 48 156;0.2690,0.825,-14.887
48 57 80 156;0.1392,0.936,-14.887
38 48 80 156;0.1392,0.936,-14.887
85 150 156;0.2468,0.839,-14.864
29 38 48 67 156;0.2468,0.839,-14.864
29 38 57 156;0.2816,0.817,-14.701
110 157;0.0981,0.721,-14.679
146 157;0.0759,0.800,-14.598
29 60 80 156;0.0949,1.000,-14.592
45 154 157;0.0443,1.000,-14.555
20 29 38 156;0.3006,0.805,-14.530
29 38 48 70 156;0.1108,0.972,-14.479
70 80 156;0.1234,0.951,-14.329
134 150 156;0.2342,0.841,-14.179
65 75 156;0.1456,0.920,-14.159
29 48 67 156;0.3038,0.800,-14.079
70 134 156;0.0918,1.000,-14.074
29 48 90 156;0.0918,1.000,-14.074
57 77 134 156;0.0918,1.000,-14.074
29 38 60 70 156;0.0918,1.000,-14.074
48 60 70 156;0.1076,0.971,-13.980
29 57 67 77 156;0.2247,0.845,-13.945
29 80 156;0.1329,0.933,-13.933
20 38 57 80 156;0.1329,0.933,-13.933
29 48 134 156;0.1203,0.950,-13.844
20 38 48 70 156;0.1203,0.950,-13.844
35 157;0.0601,0.864,-13.826
29 57 67 156;0.2943,0.802,-13.696
48 80 156;0.1424,0.918,-13.695
29 48 156;0.3608,0.770,-13.489
60 80 156;0.1044,0.971,-13.484
31 157;0.0411,1.000,-13.476
58 112 157;0.0411,1.000,-13.476
137 157;0.0633,0.833,-13.380
23 60 156;0.0854,1.000,-13.045
48 70 90 156;0.0854,1.000,-13.045
57 80 134 156;0.0854,1.000,-13.045
20 23 48 70 156;0.0854,1.000,-13.045
29 67 77 134 156;0.0854,1.000,-13.045
48 67 77 134 156;0.0854,1.000,-13.045
55 85 156;0.1266,0.930,-12.995
38 60 70 156;0.1013,0.970,-12.991
20 29 156;0.3797,0.759,-12.989
48 57 87 97 106 156;0.1930,0.859,-12.958
134 156;0.2816,0.802,-12.928
155 157;0.0570,0.857,-12.866
58 157;0.0570,0.857,-12.866
117 150 157;0.0570,0.857,-12.866
48 57 156;0.3671,0.763,-12.815
38 57 80 156;0.1361,0.915,-12.780
20 38 80 156;0.1361,0.915,-12.780
65 85 156;0.1456,0.902,-12.669
57 67 77 156;0.2373,0.824,-12.636
29 38 67 156;0.2722,0.804,-12.583
23 50 156;0.0823,1.000,-12.535
29 50 70 156;0.0823,1.000,-12.535
23 29 85 156;0.0823,1.000,-12.535
23 38 48 70 156;0.0823,1.000,-12.535
38 48 70 156;0.1234,0.929,-12.533
75 150 156;0.2215,0.833,-12.523
29 60 70 156;0.0981,0.969,-12.501
94 157;0.0506,0.889,-12.455
68 157;0.0506,0.889,-12.455
133 157;0.0601,0.826,-12.451
117 157;0.0601,0.826,-12.451
30 53 157;0.0380,1.000,-12.403
20 48 70 156;0.1329,0.913,-12.330
20 38 48 67 156;0.2563,0.810,-12.328
29 85 156;0.1424,0.900,-12.227
99 157;0.0443,0.933,-12.225
29 67 156;0.3449,0.768,-12.220
29 57 156;0.3386,0.770,-12.172
85 156;0.2753,0.798,-12.142
55 75 156;0.1203,0.927,-12.074
20 38 48 156;0.3006,0.785,-12.048
41 50 156;0.0791,1.000,-12.026
41 48 60 156;0.0791,1.000,-12.026
20 41 48 156;0.0791,1.000,-12.026
38 80 100 156;0.0791,1.000,-12.026
60 70 156;0.1076,0.944,-11.941
75 156;0.2532,0.808,-11.938
20 38 57 67 156;0.2532,0.808,-11.938
79 157;0.0538,0.850,-11.919
30 157;0.0665,0.778,-11.914
57 67 87 156;0.2373,0.815,-11.734
38 48 67 77 156;0.2152,0.829,-11.728
23 41 80 156;0.0759,1.000,-11.520
41 57 80 156;0.0759,1.000,-11.520
20 23 41 156;0.0759,1.000,-11.520
77 80 100 156;0.0759,1.000,-11.520
20 57 80 156;0.1361,0.896,-11.359
108 154 157;0.0348,1.000,-11.337
108 150 157;0.0348,1.000,-11.337
57 77 97 106 116 156;0.1804,0.851,-11.318
50 70 156;0.0886,0.966,-11.051
20 80 90 156;0.0886,0.966,-11.051
23 48 70 156;0.0886,0.966,-11.051
20 48 67 90 156;0.0886,0.966,-11.051
38 41 60 156;0.0728,1.000,-11.016
20 41 80 156;0.0728,1.000,-11.016
23 38 41 156;0.0728,1.000,-11.016
80 90 100 156;0.0728,1.000,-11.016
29 77 90 100 156;0.0728,1.000,-11.016
29 38 90 100 156;0.0728,1.000,-11.016
20 48 67 77 156;0.2310,0.811,-10.974
38 48 87 106 116 156;0.1519,0.873,-10.970
38 48 77 106 116 156;0.1519,0.873,-10.970
29 38 156;0.3165,0.769,-10.968
48 87 106 156;0.2089,0.825,-10.955
20 38 57 156;0.2975,0.777,-10.923
29 156;0.4272,0.730,-10.874
20 38 156;0.3449,0.757,-10.817
45 157;0.0696,0.733,-10.793
57 77 106 116 156;0.1835,0.841,-10.704
112 157;0.1139,0.610,-10.696
70 90 156;0.0854,0.964,-10.574
67 80 90 156;0.0854,0.964,-10.574
57 80 90 156;0.0854,0.964,-10.574
48 77 106 116 156;0.1741,0.846,-10.530
108 157;0.0443,0.875,-10.525
50 80 150 156;0.0696,1.000,-10.514
18 55 65 156;0.0696,1.000,-10.514
57 80 156;0.1392,0.880,-10.511
38 80 156;0.1392,0.880,-10.511
20 80 156;0.1392,0.880,-10.511
18 150 156;0.1297,0.891,-10.509
48 77 97 106 156;0.1804,0.838,-10.320
20 67 77 156;0.2595,0.788,-10.283
147 157;0.0316,1.000,-10.277
73 151 157;0.0316,1.000,-10.277
93 151 157;0.0316,1.000,-10.277
44 151 157;0.0316,1.000,-10.277
38 57 87 106 116 156;0.1551,0.860,-10.254
78 150 157;0.0380,0.923,-10.218
55 156;0.1709,0.844,-10.144
20 23 48 156;0.1171,0.902,-10.143
48 70 156;0.1361,0.878,-10.102
50 80 156;0.0823,0.963,-10.101
100 109 156;0.0665,1.000,-10.014
20 139 148 156;0.0665,1.000,-10.014
87 109 119 156;0.0665,1.000,-10.014
67 109 119 156;0.0665,1.000,-10.014
57 109 119 156;0.0665,1.000,-10.014
20 109 119 156;0.0665,1.000,-10.014
48 109 119 156;0.0665,1.000,-10.014
38 48 60 67 156;0.0665,1.000,-10.014
48 53 157;0.0886,0.651,-10.002
38 57 67 156;0.2690,0.780,-9.876
38 67 87 106 116 156;0.1519,0.857,-9.861
20 48 60 156;0.1044,0.917,-9.846
38 57 106 116 156;0.1677,0.841,-9.764
38 57 87 97 106 156;0.1677,0.841,-9.764
38 57 77 97 106 156;0.1677,0.841,-9.764
38 57 156;0.3354,0.752,-9.748
38 67 77 156;0.2342,0.796,-9.726
38 70 156;0.1234,0.886,-9.679
20 48 90 156;0.0918,0.935,-9.650
41 60 156;0.0791,0.962,-9.631
23 41 156;0.0791,0.962,-9.631
20 41 156;0.0791,0.962,-9.631
80 100 156;0.0791,0.962,-9.631
20 48 67 87 156;0.2120,0.807,-9.612
38 48 106 136 156;0.1582,0.847,-9.607
151 157;0.0411,0.867,-9.581
87 119 139 156;0.0633,1.000,-9.517
97 119 139 156;0.0633,1.000,-9.517
67 119 139 156;0.0633,1.000,-9.517
57 119 139 156;0.0633,1.000,-9.517
38 119 139 156;0.0633,1.000,-9.517
20 119 139 156;0.0633,1.000,-9.517
48 119 139 156;0.0633,1.000,-9.517
87 139 148 156;0.0633,1.000,-9.517
67 139 148 156;0.0633,1.000,-9.517
67 97 139 156;0.0633,1.000,-9.517
48 67 139 156;0.0633,1.000,-9.517
77 109 119 156;0.0633,1.000,-9.517
38 109 119 156;0.0633,1.000,-9.517
87 119 148 156;0.0633,1.000,-9.517
97 119 148 156;0.0633,1.000,-9.517
67 119 148 156;0.0633,1.000,-9.517
57 119 148 156;0.0633,1.000,-9.517
38 119 148 156;0.0633,1.000,-9.517
20 119 148 156;0.0633,1.000,-9.517
48 119 148 156;0.0633,1.000,-9.517
48 60 67 90 156;0.0633,1.000,-9.517
38 48 67 156;0.2785,0.772,-9.511
57 77 97 106 156;0.1962,0.816,-9.476
57 87 97 106 116 156;0.1804,0.826,-9.397
38 87 106 116 156;0.1646,0.839,-9.388
18 156;0.1392,0.863,-9.369
48 67 77 156;0.2437,0.786,-9.276
73 78 157;0.0285,1.000,-9.223
80 90 156;0.0886,0.933,-9.204
48 67 90 156;0.0886,0.933,-9.204
67 77 80 156;0.0886,0.933,-9.204
67 87 106 116 156;0.1709,0.831,-9.199
78 157;0.0443,0.824,-9.170
59 157;0.0443,0.824,-9.170
41 80 156;0.0759,0.960,-9.165
20 48 77 109 156;0.0759,0.960,-9.165
57 67 97 116 156;0.1772,0.824,-9.036
119 129 156;0.0601,1.000,-9.022
87 97 129 156;0.0601,1.000,-9.022
48 87 129 156;0.0601,1.000,-9.022
77 119 139 156;0.0601,1.000,-9.022
77 139 148 156;0.0601,1.000,-9.022
97 109 119 156;0.0601,1.000,-9.022
23 48 156;0.1266,0.870,-8.905
57 87 106 116 156;0.1835,0.817,-8.894
77 97 106 116 156;0.1835,0.817,-8.894
67 80 156;0.1076,0.895,-8.888
20 57 67 156;0.2911,0.760,-8.867
41 48 156;0.0854,0.931,-8.763
20 48 148 156;0.0854,0.931,-8.763
20 23 70 156;0.0854,0.931,-8.763
80 156;0.1424,0.849,-8.716
48 60 67 156;0.0728,0.958,-8.703
67 77 90 100 156;0.0728,0.958,-8.703
77 106 116 156;0.1962,0.805,-8.664
48 77 106 156;0.1962,0.805,-8.664
89 157;0.0380,0.857,-8.651
129 148 156;0.0570,1.000,-8.529
97 129 139 156;0.0570,1.000,-8.529
48 129 139 156;0.0570,1.000,-8.529
77 97 129 156;0.0570,1.000,-8.529
48 77 129 156;0.0570,1.000,-8.529
48 90 109 156;0.0570,1.000,-8.529
38 109 148 156;0.0570,1.000,-8.529
48 109 148 156;0.0570,1.000,-8.529
97 109 139 148 156;0.0570,1.000,-8.529
57 109 139 148 156;0.0570,1.000,-8.529
38 97 109 139 156;0.0570,1.000,-8.529
20 97 109 139 156;0.0570,1.000,-8.529
38 48 109 139 156;0.0570,1.000,-8.529
20 48 109 139 156;0.0570,1.000,-8.529
38 48 50 154 156;0.0570,1.000,-8.529
38 60 67 90 156;0.0570,1.000,-8.529
57 87 97 106 156;0.2089,0.795,-8.492
38 48 106 116 156;0.1646,0.825,-8.481
38 48 136 145 154 156;0.1646,0.825,-8.481
57 77 87 106 156;0.1867,0.808,-8.426
57 67 156;0.3165,0.746,-8.375
57 97 106 116 156;0.1930,0.803,-8.324
20 48 67 156;0.3038,0.750,-8.300
20 67 87 156;0.2405,0.776,-8.250
38 119 156;0.0696,0.957,-8.244
70 100 156;0.0696,0.957,-8.244
77 87 119 156;0.0696,0.957,-8.244
67 77 119 156;0.0696,0.957,-8.244
57 77 119 156;0.0696,0.957,-8.244
20 77 119 156;0.0696,0.957,-8.244
48 77 119 156;0.0696,0.957,-8.244
38 67 90 100 156;0.0696,0.957,-8.244
38 48 97 106 156;0.1994,0.797,-8.236
132 157;0.1013,0.582,-8.092
38 87 106 156;0.1835,0.806,-8.088
38 48 60 156;0.1013,0.889,-8.077
57 87 106 156;0.2184,0.784,-8.042
100 129 156;0.0538,1.000,-8.038
97 109 129 156;0.0538,1.000,-8.038
48 109 129 156;0.0538,1.000,-8.038
106 119 139 156;0.0538,1.000,-8.038
106 119 148 156;0.0538,1.000,-8.038
87 97 106 139 156;0.0538,1.000,-8.038
20 97 106 139 156;0.0538,1.000,-8.038
20 48 106 139 156;0.0538,1.000,-8.038
20 97 100 148 156;0.0538,1.000,-8.038
38 77 97 106 156;0.1677,0.815,-7.986
38 67 87 116 145 156;0.1361,0.843,-7.980
53 157;0.1203,0.551,-7.970
38 67 136 145 156;0.1519,0.828,-7.943
67 87 116 145 154 156;0.1519,0.828,-7.943
87 106 116 156;0.1962,0.795,-7.907
48 106 136 156;0.1962,0.795,-7.907
38 48 50 156;0.0791,0.926,-7.893
48 67 109 156;0.0791,0.926,-7.893
20 48 109 156;0.0791,0.926,-7.893
67 77 100 156;0.0791,0.926,-7.893
57 77 106 156;0.2025,0.790,-7.835
109 119 156;0.0665,0.955,-7.789
57 139 148 156;0.0665,0.955,-7.789
48 139 148 156;0.0665,0.955,-7.789
20 48 139 156;0.0665,0.955,-7.789
48 60 90 156;0.0665,0.955,-7.789
48 87 148 156;0.0665,0.955,-7.789
38 60 67 156;0.0665,0.955,-7.789
38 87 97 148 156;0.0665,0.955,-7.789
38 67 97 148 156;0.0665,0.955,-7.789
48 67 97 148 156;0.0665,0.955,-7.789
67 87 116 145 156;0.1582,0.820,-7.784
57 87 97 116 154 156;0.1582,0.820,-7.784
67 87 97 106 156;0.1804,0.803,-7.755
40 157;0.0348,0.846,-7.738
48 50 156;0.0886,0.903,-7.733
23 70 156;0.0886,0.903,-7.733
20 67 90 156;0.0886,0.903,-7.733
48 60 156;0.1076,0.872,-7.693
20 23 57 150 156;0.0981,0.886,-7.679
20 70 156;0.1329,0.840,-7.620
27 156;0.1487,0.825,-7.596
67 77 156;0.2722,0.754,-7.594
100 119 139 156;0.0506,1.000,-7.549
67 100 139 156;0.0506,1.000,-7.549
100 119 148 156;0.0506,1.000,-7.549
77 106 119 156;0.0506,1.000,-7.549
87 100 148 156;0.0506,1.000,-7.549
106 109 139 148 156;0.0506,1.000,-7.549
97 106 109 139 156;0.0506,1.000,-7.549
48 106 109 139 156;0.0506,1.000,-7.549
77 97 106 139 156;0.0506,1.000,-7.549
67 97 100 148 156;0.0506,1.000,-7.549
38 67 100 148 156;0.0506,1.000,-7.549
48 67 100 148 156;0.0506,1.000,-7.549
38 48 156;0.3481,0.728,-7.529
67 87 106 156;0.1994,0.788,-7.516
48 67 87 97 156;0.1994,0.788,-7.516
20 48 87 97 156;0.1994,0.788,-7.516
48 90 100 156;0.0759,0.923,-7.466
49 157;0.0380,0.800,-7.422
57 77 87 97 156;0.2120,0.779,-7.411
77 87 97 106 156;0.1835,0.795,-7.341
119 139 156;0.0633,0.952,-7.338
67 139 156;0.0633,0.952,-7.338
97 139 148 156;0.0633,0.952,-7.338
38 139 148 156;0.0633,0.952,-7.338
20 97 139 156;0.0633,0.952,-7.338
77 97 119 156;0.0633,0.952,-7.338
60 67 90 156;0.0633,0.952,-7.338
48 77 148 156;0.0633,0.952,-7.338
38 87 97 139 156;0.0633,0.952,-7.338
38 77 97 148 156;0.0633,0.952,-7.338
57 87 116 154 156;0.1614,0.810,-7.315
57 77 156;0.2753,0.750,-7.310
87 106 156;0.2373,0.765,-7.297
48 97 106 156;0.2373,0.765,-7.297
20 48 77 156;0.2437,0.762,-7.286
20 23 150 156;0.1203,0.844,-7.130
38 106 116 136 156;0.1519,0.814,-7.111
32 41 156;0.0475,1.000,-7.062
109 116 156;0.0475,1.000,-7.062
116 139 148 156;0.0475,1.000,-7.062
77 100 148 156;0.0475,1.000,-7.062
50 67 90 150 156;0.0475,1.000,-7.062
87 119 156;0.0728,0.920,-7.043
67 119 156;0.0728,0.920,-7.043
57 119 156;0.0728,0.920,-7.043
20 119 156;0.0728,0.920,-7.043
48 119 156;0.0728,0.920,-7.043
50 57 150 156;0.0728,0.920,-7.043
77 90 100 156;0.0728,0.920,-7.043
67 90 100 156;0.0728,0.920,-7.043
38 90 100 156;0.0728,0.920,-7.043
48 77 90 156;0.0728,0.920,-7.043
38 97 148 156;0.0728,0.920,-7.043
20 57 60 150 156;0.0728,0.920,-7.043
20 48 87 156;0.2215,0.769,-7.038
57 87 156;0.2722,0.748,-7.017
20 67 156;0.3481,0.724,-7.005
38 60 156;0.1013,0.865,-6.938
20 57 60 156;0.1013,0.865,-6.938
41 70 156;0.0823,0.897,-6.923
41 57 156;0.0823,0.897,-6.923
38 67 90 156;0.0823,0.897,-6.923
38 67 97 106 136 156;0.1424,0.818,-6.920
48 90 156;0.0918,0.879,-6.899
87 129 156;0.0601,0.950,-6.891
97 129 156;0.0601,0.950,-6.891
48 129 156;0.0601,0.950,-6.891
77 119 148 156;0.0601,0.950,-6.891
38 77 97 139 156;0.0601,0.950,-6.891
38 67 87 97 109 156;0.0601,0.950,-6.891
77 97 106 156;0.1994,0.778,-6.844
38 106 136 145 156;0.1487,0.810,-6.784
38 67 87 145 156;0.1487,0.810,-6.784
48 77 87 145 154 156;0.1487,0.810,-6.784
20 23 57 156;0.1171,0.841,-6.777
38 106 136 156;0.1772,0.789,-6.715
48 67 87 156;0.2310,0.760,-6.707
48 77 87 145 156;0.1551,0.803,-6.668
23 38 150 156;0.1076,0.850,-6.658
77 119 156;0.0696,0.917,-6.625
20 97 148 156;0.0696,0.917,-6.625
48 97 148 156;0.0696,0.917,-6.625
20 23 156;0.1392,0.815,-6.590
38 67 116 145 154 156;0.1392,0.815,-6.590
48 87 97 116 145 154 156;0.1392,0.815,-6.590
70 119 156;0.0443,1.000,-6.577
32 48 154 156;0.0443,1.000,-6.577
106 116 139 156;0.0443,1.000,-6.577
106 116 119 156;0.0443,1.000,-6.577
90 97 148 156;0.0443,1.000,-6.577
20 100 106 139 156;0.0443,1.000,-6.577
23 145 150 154 156;0.0443,1.000,-6.577
48 93 157;0.0696,0.611,-6.569
57 106 116 156;0.1962,0.775,-6.546
48 77 87 97 156;0.1962,0.775,-6.546
38 50 156;0.0791,0.893,-6.526
50 57 156;0.0886,0.875,-6.518
67 90 156;0.0886,0.875,-6.518
48 148 156;0.0886,0.875,-6.518
20 57 90 156;0.0886,0.875,-6.518
48 67 106 116 156;0.1677,0.791,-6.483
57 97 116 154 156;0.1677,0.791,-6.483
38 67 97 136 156;0.1677,0.791,-6.483
38 87 116 145 156;0.1456,0.807,-6.462
38 67 116 145 156;0.1456,0.807,-6.462
48 87 116 145 154 156;0.1456,0.807,-6.462
48 77 97 116 145 156;0.1456,0.807,-6.462
129 139 156;0.0570,0.947,-6.448
77 129 156;0.0570,0.947,-6.448
90 109 156;0.0570,0.947,-6.448
109 139 148 156;0.0570,0.947,-6.448
97 109 139 156;0.0570,0.947,-6.448
38 109 139 156;0.0570,0.947,-6.448
20 109 139 156;0.0570,0.947,-6.448
48 109 139 156;0.0570,0.947,-6.448
87 109 148 156;0.0570,0.947,-6.448
97 109 148 156;0.0570,0.947,-6.448
67 109 148 156;0.0570,0.947,-6.448
57 109 148 156;0.0570,0.947,-6.448
20 109 148 156;0.0570,0.947,-6.448
48 67 156;0.3418,0.720,-6.439
23 38 156;0.1297,0.820,-6.409
20 48 156;0.3576,0.715,-6.365
67 106 136 145 154 156;0.1519,0.800,-6.353
38 106 116 156;0.1804,0.781,-6.349
20 60 156;0.1044,0.846,-6.304
48 106 116 156;0.1867,0.776,-6.297
38 67 87 97 156;0.1867,0.776,-6.297
70 156;0.1361,0.811,-6.267
67 97 106 116 145 154 156;0.1361,0.811,-6.267
67 106 136 145 156;0.1582,0.794,-6.260
139 148 156;0.0665,0.913,-6.212
20 139 156;0.0665,0.913,-6.212
97 119 156;0.0665,0.913,-6.212
60 90 156;0.0665,0.913,-6.212
87 97 148 156;0.0665,0.913,-6.212
38 87 148 156;0.0665,0.913,-6.212
67 97 148 156;0.0665,0.913,-6.212
65 156;0.2057,0.765,-6.190
87 116 145 154 156;0.1646,0.788,-6.181
48 87 97 145 156;0.1646,0.788,-6.181
20 156;0.4494,0.693,-6.155
48 77 116 145 154 156;0.1424,0.804,-6.147
67 87 97 136 145 154 156;0.1424,0.804,-6.147
48 77 87 156;0.2247,0.755,-6.142
90 100 156;0.0759,0.889,-6.135
38 67 109 156;0.0759,0.889,-6.135
38 77 100 156;0.0759,0.889,-6.135
118 150 157;0.0190,1.000,-6.097
82 100 157;0.0190,1.000,-6.097
60 72 157;0.0190,1.000,-6.097
34 100 111 157;0.0190,1.000,-6.097
80 106 150 157;0.0190,1.000,-6.097
70 97 154 157;0.0190,1.000,-6.097
70 77 121 136 157;0.0190,1.000,-6.097
11 20 29 46 57 121 157;0.0190,1.000,-6.097
32 60 154 156;0.0411,1.000,-6.095
90 119 148 156;0.0411,1.000,-6.095
41 90 150 156;0.0411,1.000,-6.095
87 90 148 156;0.0411,1.000,-6.095
77 90 148 156;0.0411,1.000,-6.095
77 100 106 139 156;0.0411,1.000,-6.095
38 136 145 154 156;0.1772,0.778,-6.056
38 116 136 145 156;0.1487,0.797,-6.045
48 87 116 145 156;0.1487,0.797,-6.045
38 77 116 145 156;0.1487,0.797,-6.045
67 97 116 145 154 156;0.1487,0.797,-6.045
67 87 97 136 145 156;0.1487,0.797,-6.045
57 156;0.4177,0.698,-6.035
32 48 156;0.0538,0.944,-6.010
109 129 156;0.0538,0.944,-6.010
106 119 156;0.0538,0.944,-6.010
97 106 139 156;0.0538,0.944,-6.010
48 106 139 156;0.0538,0.944,-6.010
77 109 148 156;0.0538,0.944,-6.010
97 100 148 156;0.0538,0.944,-6.010
38 100 148 156;0.0538,0.944,-6.010
38 77 106 148 156;0.0538,0.944,-6.010
38 77 106 156;0.1835,0.773,-6.008
38 136 145 156;0.1899,0.769,-5.968
38 67 156;0.3070,0.724,-5.903
38 77 97 156;0.2089,0.759,-5.891
48 77 145 154 156;0.1614,0.785,-5.884
119 148 156;0.0633,0.909,-5.805
87 97 139 156;0.0633,0.909,-5.805
38 87 139 156;0.0633,0.909,-5.805
48 87 139 156;0.0633,0.909,-5.805
38 97 139 156;0.0633,0.909,-5.805
77 97 148 156;0.0633,0.909,-5.805
38 77 148 156;0.0633,0.909,-5.805
48 87 145 156;0.1741,0.775,-5.769
48 77 97 116 156;0.1741,0.775,-5.769
65 97 136 145 157;0.0316,0.769,-5.754
38 41 156;0.0728,0.885,-5.750
50 150 156;0.0728,0.885,-5.750
97 148 156;0.0728,0.885,-5.750
67 106 116 145 154 156;0.1456,0.793,-5.743
38 77 156;0.2690,0.733,-5.692
38 156;0.4241,0.694,-5.689
67 87 145 156;0.1867,0.766,-5.688
48 136 145 154 156;0.1867,0.766,-5.688
48 77 116 145 156;0.1519,0.787,-5.662
37 156;0.0380,1.000,-5.614
116 129 156;0.0380,1.000,-5.614
32 50 154 156;0.0380,1.000,-5.614
5 77 116 156;0.0380,1.000,-5.614
90 97 106 156;0.0380,1.000,-5.614
100 116 148 156;0.0380,1.000,-5.614
48 77 97 156;0.2120,0.753,-5.607
48 87 97 156;0.2247,0.747,-5.598
67 116 145 154 156;0.1582,0.781,-5.593
90 119 156;0.0506,0.941,-5.577
106 109 139 156;0.0506,0.941,-5.577
87 100 139 156;0.0506,0.941,-5.577
77 106 139 156;0.0506,0.941,-5.577
41 67 150 156;0.0506,0.941,-5.577
106 109 148 156;0.0506,0.941,-5.577
67 100 148 156;0.0506,0.941,-5.577
106 116 148 156;0.0506,0.941,-5.577
36 67 150 156;0.0506,0.941,-5.577
36 150 156;0.1361,0.796,-5.535
50 156;0.0886,0.848,-5.498
48 77 156;0.2785,0.727,-5.494
77 106 145 156;0.1709,0.771,-5.487
67 87 97 116 156;0.1709,0.771,-5.487
67 136 145 154 156;0.1709,0.771,-5.487
118 157;0.0222,0.875,-5.422
65 97 145 154 157;0.0222,0.875,-5.422
11 46 57 77 136 157;0.0222,0.875,-5.422
11 20 46 57 121 136 157;0.0222,0.875,-5.422
67 106 136 156;0.1835,0.763,-5.415
73 157;0.0981,0.525,-5.412
67 109 156;0.0791,0.862,-5.412
129 156;0.0601,0.905,-5.404
100 119 156;0.0601,0.905,-5.404
77 97 139 156;0.0601,0.905,-5.404
97 106 116 145 154 156;0.1487,0.783,-5.372
77 97 116 145 154 156;0.1487,0.783,-5.372
67 87 97 156;0.2152,0.747,-5.339
67 97 116 145 156;0.1551,0.778,-5.309
67 97 136 145 156;0.1551,0.778,-5.309
77 97 116 145 156;0.1677,0.768,-5.212
41 156;0.0854,0.844,-5.154
116 139 156;0.0475,0.938,-5.148
77 100 139 156;0.0475,0.938,-5.148
60 77 100 156;0.0475,0.938,-5.148
60 67 100 156;0.0475,0.938,-5.148
56 156;0.0348,1.000,-5.136
23 67 100 156;0.0348,1.000,-5.136
67 83 136 154 156;0.0348,1.000,-5.136
44 106 136 150 156;0.0348,1.000,-5.136
44 157;0.1076,0.507,-5.125
69 157;0.0253,0.800,-5.114
11 46 57 121 136 157;0.0253,0.800,-5.114
97 106 116 156;0.1994,0.750,-5.094
106 116 136 145 154 156;0.1456,0.780,-5.089
72 100 157;0.0158,1.000,-5.066
60 82 157;0.0158,1.000,-5.066
106 109 150 157;0.0158,1.000,-5.066
100 136 150 157;0.0158,1.000,-5.066
57 100 111 157;0.0158,1.000,-5.066
100 111 121 157;0.0158,1.000,-5.066
100 111 124 157;0.0158,1.000,-5.066
43 100 121 157;0.0158,1.000,-5.066
43 100 150 157;0.0158,1.000,-5.066
70 97 145 157;0.0158,1.000,-5.066
70 106 154 157;0.0158,1.000,-5.066
70 106 150 157;0.0158,1.000,-5.066
70 87 154 157;0.0158,1.000,-5.066
34 70 154 157;0.0158,1.000,-5.066
70 77 136 154 157;0.0158,1.000,-5.066
34 70 121 136 157;0.0158,1.000,-5.066
11 29 46 57 77 157;0.0158,1.000,-5.066
11 20 46 57 67 121 157;0.0158,1.000,-5.066
93 157;0.0981,0.517,-5.059
23 150 154 156;0.0759,0.857,-5.056
109 148 156;0.0570,0.900,-5.009
87 109 139 156;0.0570,0.900,-5.009
60 67 150 156;0.0570,0.900,-5.009
23 145 150 156;0.0570,0.900,-5.009
87 148 156;0.0665,0.875,-4.999
48 87 109 156;0.0665,0.875,-4.999
77 116 145 154 156;0.1582,0.769,-4.984
20 57 65 97 136 157;0.0285,0.750,-4.956
87 97 116 145 156;0.1646,0.765,-4.944
67 116 145 156;0.1709,0.761,-4.912
87 116 145 156;0.1772,0.757,-4.886
67 106 116 156;0.1772,0.757,-4.886
67 136 145 156;0.1772,0.757,-4.886
11 20 46 57 121 157;0.0316,0.714,-4.878
106 136 156;0.2215,0.737,-4.843
77 106 156;0.2215,0.737,-4.843
48 109 156;0.0823,0.839,-4.817
48 106 156;0.2627,0.722,-4.736
67 87 156;0.2627,0.722,-4.736
48 87 156;0.2627,0.722,-4.736
32 154 156;0.0443,0.933,-4.725
100 106 139 156;0.0443,0.933,-4.725
119 156;0.0728,0.852,-4.707
77 90 156;0.0728,0.852,-4.707
60 67 156;0.0728,0.852,-4.707
60 150 156;0.0728,0.852,-4.707
32 150 156;0.0316,1.000,-4.659
139 145 156;0.0316,1.000,-4.659
73 83 87 156;0.0316,1.000,-4.659
44 77 116 150 156;0.0316,1.000,-4.659
67 83 106 150 154 156;0.0316,1.000,-4.659
87 139 156;0.0633,0.870,-4.633
97 139 156;0.0633,0.870,-4.633
23 67 150 156;0.0886,0.824,-4.631
32 156;0.0538,0.895,-4.620
106 139 156;0.0538,0.895,-4.620
100 148 156;0.0538,0.895,-4.620
77 109 139 156;0.0538,0.895,-4.620
48 145 154 156;0.2184,0.734,-4.603
67 97 136 156;0.1867,0.747,-4.602
77 97 116 156;0.1994,0.741,-4.591
48 63 157;0.0665,0.553,-4.577
82 109 157;0.0190,0.857,-4.513
100 111 157;0.0190,0.857,-4.513
109 150 154 157;0.0190,0.857,-4.513
70 77 136 157;0.0190,0.857,-4.513
29 65 97 145 157;0.0190,0.857,-4.513
11 29 46 57 121 157;0.0190,0.857,-4.513
11 20 29 46 57 157;0.0190,0.857,-4.513
11 20 38 46 57 157;0.0190,0.857,-4.513
11 20 46 57 116 136 157;0.0190,0.857,-4.513
77 100 156;0.0791,0.833,-4.487
23 156;0.1519,0.762,-4.457
77 87 97 145 154 156;0.1519,0.762,-4.457
106 116 145 154 156;0.1582,0.758,-4.426
77 87 145 154 156;0.1646,0.754,-4.401
83 157;0.0886,0.509,-4.339
46 150 156;0.1297,0.774,-4.329
46 57 77 136 157;0.0222,0.778,-4.285
11 20 46 57 116 157;0.0222,0.778,-4.285
20 46 57 121 136 157;0.0222,0.778,-4.285
11 20 46 57 136 157;0.0222,0.778,-4.285
11 20 46 77 87 136 157;0.0222,0.778,-4.285
11 46 57 77 87 116 121 157;0.0222,0.778,-4.285
60 156;0.1076,0.791,-4.266
100 139 156;0.0506,0.889,-4.238
83 87 156;0.0506,0.889,-4.238
65 97 136 157;0.0380,0.632,-4.231
65 97 154 157;0.0253,0.727,-4.185
46 57 121 136 157;0.0253,0.727,-4.185
11 46 57 136 157;0.0253,0.727,-4.185
65 77 136 145 157;0.0253,0.727,-4.185
20 65 77 136 157;0.0253,0.727,-4.185
34 38 85 154 157;0.0253,0.727,-4.185
11 20 46 57 77 157;0.0253,0.727,-4.185
11 46 57 87 116 121 157;0.0253,0.727,-4.185
11 46 57 77 87 121 157;0.0253,0.727,-4.185
19 156;0.0285,1.000,-4.184
105 150 156;0.0285,1.000,-4.184
66 150 156;0.0285,1.000,-4.184
46 53 156;0.0285,1.000,-4.184
67 126 136 156;0.0285,1.000,-4.184
67 126 154 156;0.0285,1.000,-4.184
67 97 126 156;0.0285,1.000,-4.184
90 116 148 156;0.0285,1.000,-4.184
90 106 116 156;0.0285,1.000,-4.184
20 57 65 97 157;0.0348,0.647,-4.184
48 97 116 145 156;0.1551,0.754,-4.177
87 97 136 145 154 156;0.1551,0.754,-4.177
97 116 145 154 156;0.1614,0.750,-4.156
77 87 97 156;0.2184,0.726,-4.155
11 20 46 57 157;0.0316,0.667,-4.154
11 46 57 87 121 157;0.0285,0.692,-4.150
106 116 156;0.2120,0.728,-4.142
48 116 145 156;0.1677,0.746,-4.140
48 136 145 156;0.1994,0.733,-4.125
77 116 145 156;0.1804,0.740,-4.123
139 150 157;0.0127,1.000,-4.042
50 72 157;0.0127,1.000,-4.042
72 90 157;0.0127,1.000,-4.042
106 135 154 157;0.0127,1.000,-4.042
28 97 152 157;0.0127,1.000,-4.042
82 139 143 157;0.0127,1.000,-4.042
121 139 143 157;0.0127,1.000,-4.042
82 124 139 157;0.0127,1.000,-4.042
34 121 139 157;0.0127,1.000,-4.042
106 109 121 157;0.0127,1.000,-4.042
109 121 136 157;0.0127,1.000,-4.042
109 136 150 157;0.0127,1.000,-4.042
62 100 150 157;0.0127,1.000,-4.042
100 145 150 157;0.0127,1.000,-4.042
100 106 121 157;0.0127,1.000,-4.042
43 100 131 157;0.0127,1.000,-4.042
97 100 121 157;0.0127,1.000,-4.042
11 46 148 157;0.0127,1.000,-4.042
75 106 148 157;0.0127,1.000,-4.042
85 106 148 157;0.0127,1.000,-4.042
60 87 145 157;0.0127,1.000,-4.042
60 97 145 157;0.0127,1.000,-4.042
60 87 136 157;0.0127,1.000,-4.042
60 77 136 157;0.0127,1.000,-4.042
60 97 136 157;0.0127,1.000,-4.042
60 87 154 157;0.0127,1.000,-4.042
60 97 154 157;0.0127,1.000,-4.042
80 106 121 157;0.0127,1.000,-4.042
80 102 106 157;0.0127,1.000,-4.042
65 70 97 157;0.0127,1.000,-4.042
70 106 145 157;0.0127,1.000,-4.042
70 106 121 157;0.0127,1.000,-4.042
70 106 141 157;0.0127,1.000,-4.042
70 97 121 157;0.0127,1.000,-4.042
70 109 136 154 157;0.0127,1.000,-4.042
34 109 121 154 157;0.0127,1.000,-4.042
72 106 134 148 157;0.0127,1.000,-4.042
106 121 134 148 157;0.0127,1.000,-4.042
106 121 124 148 157;0.0127,1.000,-4.042
18 23 87 143 157;0.0127,1.000,-4.042
18 23 87 102 157;0.0127,1.000,-4.042
70 87 121 136 157;0.0127,1.000,-4.042
23 27 36 65 157;0.0127,1.000,-4.042
23 27 36 52 157;0.0127,1.000,-4.042
23 27 34 36 157;0.0127,1.000,-4.042
36 46 82 116 157;0.0127,1.000,-4.042
36 46 52 116 157;0.0127,1.000,-4.042
36 46 57 116 157;0.0127,1.000,-4.042
23 46 57 136 157;0.0127,1.000,-4.042
23 36 65 152 157;0.0127,1.000,-4.042
23 36 65 143 157;0.0127,1.000,-4.042
75 106 134 154 157;0.0127,1.000,-4.042
34 70 124 136 150 157;0.0127,1.000,-4.042
29 46 57 95 121 157;0.0127,1.000,-4.042
11 46 57 67 77 157;0.0127,1.000,-4.042
29 38 65 77 145 157;0.0127,1.000,-4.042
20 67 75 106 134 157;0.0127,1.000,-4.042
20 67 85 106 134 157;0.0127,1.000,-4.042
20 77 106 114 150 157;0.0127,1.000,-4.042
11 38 46 57 77 154 157;0.0127,1.000,-4.042
38 67 77 106 114 150 157;0.0127,1.000,-4.042
38 57 77 106 114 150 157;0.0127,1.000,-4.042
48 139 156;0.0665,0.840,-4.031
109 139 156;0.0570,0.857,-3.924
116 148 156;0.0570,0.857,-3.924
67 97 106 156;0.2089,0.725,-3.920
87 136 145 154 156;0.1709,0.740,-3.897
87 97 145 154 156;0.1709,0.740,-3.897
5 48 116 156;0.0380,0.923,-3.895
67 83 136 156;0.0380,0.923,-3.895
87 145 154 156;0.1899,0.732,-3.895
5 116 156;0.0475,0.882,-3.863
90 97 156;0.0475,0.882,-3.863
67 97 156;0.2658,0.706,-3.739
87 145 156;0.2120,0.720,-3.720
150 153 156;0.0253,1.000,-3.712
86 150 156;0.0253,1.000,-3.712
67 106 126 156;0.0253,1.000,-3.712
67 132 136 156;0.0253,1.000,-3.712
73 77 112 156;0.0253,1.000,-3.712
77 83 116 154 156;0.0253,1.000,-3.712
83 116 150 154 156;0.0253,1.000,-3.712
63 67 112 136 156;0.0253,1.000,-3.712
136 145 154 156;0.2057,0.722,-3.705
77 148 156;0.0633,0.833,-3.704
36 156;0.1487,0.746,-3.698
11 46 57 121 157;0.0380,0.600,-3.692
77 87 116 154 156;0.1614,0.739,-3.675
97 116 145 156;0.1804,0.731,-3.670
76 97 134 157;0.0158,0.833,-3.628
97 109 150 157;0.0158,0.833,-3.628
97 100 150 157;0.0158,0.833,-3.628
106 121 148 157;0.0158,0.833,-3.628
70 106 136 157;0.0158,0.833,-3.628
70 97 136 157;0.0158,0.833,-3.628
46 65 136 157;0.0158,0.833,-3.628
23 36 65 157;0.0158,0.833,-3.628
34 70 124 136 157;0.0158,0.833,-3.628
11 23 46 57 157;0.0158,0.833,-3.628
23 87 102 143 157;0.0158,0.833,-3.628
65 116 145 154 157;0.0158,0.833,-3.628
65 106 145 154 157;0.0158,0.833,-3.628
65 77 145 154 157;0.0158,0.833,-3.628
29 65 77 145 157;0.0158,0.833,-3.628
87 104 116 136 157;0.0158,0.833,-3.628
48 87 104 116 157;0.0158,0.833,-3.628
82 85 106 154 157;0.0158,0.833,-3.628
11 29 46 77 87 157;0.0158,0.833,-3.628
11 38 46 57 154 157;0.0158,0.833,-3.628
11 20 46 97 116 136 157;0.0158,0.833,-3.628
11 20 46 87 97 136 157;0.0158,0.833,-3.628
11 38 46 57 77 87 157;0.0158,0.833,-3.628
20 65 97 157;0.0348,0.611,-3.616
67 100 156;0.0854,0.794,-3.605
136 148 156;0.0538,0.850,-3.581
65 77 136 157;0.0316,0.625,-3.548
90 156;0.0918,0.784,-3.520
65 106 154 157;0.0190,0.750,-3.487
11 29 46 57 157;0.0190,0.750,-3.487
65 87 136 145 157;0.0190,0.750,-3.487
38 85 106 154 157;0.0190,0.750,-3.487
38 82 85 154 157;0.0190,0.750,-3.487
20 46 57 116 136 157;0.0190,0.750,-3.487
20 65 87 116 136 157;0.0190,0.750,-3.487
20 57 65 87 136 157;0.0190,0.750,-3.487
20 67 85 106 111 157;0.0190,0.750,-3.487
11 20 46 87 116 136 157;0.0190,0.750,-3.487
67 156;0.3892,0.680,-3.486
46 57 136 157;0.0253,0.667,-3.455
20 46 57 116 157;0.0253,0.667,-3.455
46 77 87 136 157;0.0253,0.667,-3.455
11 46 57 87 116 157;0.0253,0.667,-3.455
11 46 57 77 87 157;0.0253,0.667,-3.455
11 20 46 77 87 157;0.0253,0.667,-3.455
116 145 154 156;0.1709,0.730,-3.451
77 97 156;0.2437,0.706,-3.448
85 106 154 157;0.0222,0.700,-3.446
82 85 154 157;0.0222,0.700,-3.446
11 38 46 57 157;0.0222,0.700,-3.446
65 87 116 136 157;0.0222,0.700,-3.446
48 87 104 154 157;0.0222,0.700,-3.446
11 20 46 87 116 157;0.0222,0.700,-3.446
11 20 46 87 121 136 157;0.0222,0.700,-3.446
77 139 156;0.0601,0.826,-3.387
87 97 109 156;0.0601,0.826,-3.387
48 136 154 156;0.2057,0.714,-3.311
48 100 156;0.0886,0.778,-3.254
87 109 156;0.0665,0.808,-3.245
71 136 139 156;0.0222,1.000,-3.241
71 109 145 156;0.0222,1.000,-3.241
71 109 136 156;0.0222,1.000,-3.241
61 100 106 156;0.0222,1.000,-3.241
73 77 136 156;0.0222,1.000,-3.241
46 63 93 156;0.0222,1.000,-3.241
73 83 136 154 156;0.0222,1.000,-3.241
63 83 106 154 156;0.0222,1.000,-3.241
63 83 136 154 156;0.0222,1.000,-3.241
83 97 116 154 156;0.0222,1.000,-3.241
63 87 112 136 150 156;0.0222,1.000,-3.241
77 116 150 154 156;0.1487,0.734,-3.240
77 116 136 154 156;0.1551,0.731,-3.237
97 106 156;0.2627,0.697,-3.190
77 87 156;0.2563,0.698,-3.157
48 97 156;0.2848,0.692,-3.148
57 65 97 157;0.0475,0.536,-3.139
53 93 106 156;0.0316,0.909,-3.092
77 109 156;0.0791,0.781,-3.059
77 145 154 156;0.1772,0.718,-3.055
87 97 116 154 156;0.1646,0.722,-3.037
65 97 145 157;0.0316,0.588,-3.034
23 76 157;0.0095,1.000,-3.023
41 97 157;0.0095,1.000,-3.023
43 50 157;0.0095,1.000,-3.023
36 109 157;0.0095,1.000,-3.023
46 80 157;0.0095,1.000,-3.023
106 135 145 157;0.0095,1.000,-3.023
77 106 135 157;0.0095,1.000,-3.023
67 106 135 157;0.0095,1.000,-3.023
20 106 135 157;0.0095,1.000,-3.023
28 97 134 157;0.0095,1.000,-3.023
20 28 97 157;0.0095,1.000,-3.023
76 116 152 157;0.0095,1.000,-3.023
76 116 134 157;0.0095,1.000,-3.023
82 104 139 157;0.0095,1.000,-3.023
82 114 139 157;0.0095,1.000,-3.023
52 114 139 157;0.0095,1.000,-3.023
114 121 139 157;0.0095,1.000,-3.023
82 121 139 157;0.0095,1.000,-3.023
87 121 139 157;0.0095,1.000,-3.023
77 121 139 157;0.0095,1.000,-3.023
43 121 139 157;0.0095,1.000,-3.023
97 121 139 157;0.0095,1.000,-3.023
38 121 139 157;0.0095,1.000,-3.023
82 104 119 157;0.0095,1.000,-3.023
82 119 124 157;0.0095,1.000,-3.023
41 87 136 157;0.0095,1.000,-3.023
41 77 136 157;0.0095,1.000,-3.023
41 87 154 157;0.0095,1.000,-3.023
34 41 154 157;0.0095,1.000,-3.023
52 109 114 157;0.0095,1.000,-3.023
109 145 150 157;0.0095,1.000,-3.023
106 109 141 157;0.0095,1.000,-3.023
87 109 121 157;0.0095,1.000,-3.023
52 109 121 157;0.0095,1.000,-3.023
52 109 150 157;0.0095,1.000,-3.023
43 109 150 157;0.0095,1.000,-3.023
97 109 121 157;0.0095,1.000,-3.023
90 104 116 157;0.0095,1.000,-3.023
90 106 121 157;0.0095,1.000,-3.023
90 136 150 157;0.0095,1.000,-3.023
100 104 116 157;0.0095,1.000,-3.023
100 104 145 157;0.0095,1.000,-3.023
100 104 136 157;0.0095,1.000,-3.023
85 100 106 157;0.0095,1.000,-3.023
100 116 121 157;0.0095,1.000,-3.023
100 116 150 157;0.0095,1.000,-3.023
100 106 131 157;0.0095,1.000,-3.023
100 121 136 157;0.0095,1.000,-3.023
97 100 131 157;0.0095,1.000,-3.023
29 46 148 157;0.0095,1.000,-3.023
36 141 148 157;0.0095,1.000,-3.023
106 141 148 157;0.0095,1.000,-3.023
34 60 75 157;0.0095,1.000,-3.023
60 106 145 157;0.0095,1.000,-3.023
60 77 145 157;0.0095,1.000,-3.023
34 60 145 157;0.0095,1.000,-3.023
60 106 154 157;0.0095,1.000,-3.023
60 106 121 157;0.0095,1.000,-3.023
34 60 136 157;0.0095,1.000,-3.023
34 60 111 157;0.0095,1.000,-3.023
43 60 150 157;0.0095,1.000,-3.023
34 60 154 157;0.0095,1.000,-3.023
60 97 121 157;0.0095,1.000,-3.023
80 102 152 157;0.0095,1.000,-3.023
80 97 102 157;0.0095,1.000,-3.023
65 70 87 157;0.0095,1.000,-3.023
65 70 77 157;0.0095,1.000,-3.023
70 87 145 157;0.0095,1.000,-3.023
70 77 145 157;0.0095,1.000,-3.023
34 70 145 157;0.0095,1.000,-3.023
70 82 87 157;0.0095,1.000,-3.023
70 82 154 157;0.0095,1.000,-3.023
70 82 97 157;0.0095,1.000,-3.023
57 70 82 157;0.0095,1.000,-3.023
43 70 121 157;0.0095,1.000,-3.023
43 70 150 157;0.0095,1.000,-3.023
70 97 141 157;0.0095,1.000,-3.023
27 87 104 157;0.0095,1.000,-3.023
23 36 104 157;0.0095,1.000,-3.023
11 14 80 114 157;0.0095,1.000,-3.023
38 85 135 145 157;0.0095,1.000,-3.023
38 85 135 154 157;0.0095,1.000,-3.023
57 76 87 134 157;0.0095,1.000,-3.023
38 67 76 134 157;0.0095,1.000,-3.023
5 34 57 70 157;0.0095,1.000,-3.023
5 34 70 141 157;0.0095,1.000,-3.023
5 34 70 150 157;0.0095,1.000,-3.023
5 85 95 111 157;0.0095,1.000,-3.023
5 20 85 114 157;0.0095,1.000,-3.023
87 100 150 154 157;0.0095,1.000,-3.023
60 75 134 148 157;0.0095,1.000,-3.023
34 60 121 148 157;0.0095,1.000,-3.023
57 75 134 148 157;0.0095,1.000,-3.023
57 72 75 148 157;0.0095,1.000,-3.023
38 121 148 152 157;0.0095,1.000,-3.023
57 85 134 148 157;0.0095,1.000,-3.023
85 134 141 148 157;0.0095,1.000,-3.023
57 72 85 148 157;0.0095,1.000,-3.023
25 85 141 148 157;0.0095,1.000,-3.023
57 72 134 148 157;0.0095,1.000,-3.023
106 111 134 148 157;0.0095,1.000,-3.023
57 121 134 148 157;0.0095,1.000,-3.023
72 106 114 148 157;0.0095,1.000,-3.023
106 111 114 148 157;0.0095,1.000,-3.023
72 106 124 148 157;0.0095,1.000,-3.023
82 106 124 148 157;0.0095,1.000,-3.023
106 111 124 148 157;0.0095,1.000,-3.023
18 23 65 87 157;0.0095,1.000,-3.023
18 23 65 97 157;0.0095,1.000,-3.023
18 23 57 65 157;0.0095,1.000,-3.023
18 23 87 152 157;0.0095,1.000,-3.023
18 23 62 87 157;0.0095,1.000,-3.023
18 23 87 92 157;0.0095,1.000,-3.023
18 23 52 87 157;0.0095,1.000,-3.023
18 23 43 87 157;0.0095,1.000,-3.023
18 23 57 87 157;0.0095,1.000,-3.023
18 23 87 141 157;0.0095,1.000,-3.023
18 23 34 87 157;0.0095,1.000,-3.023
80 121 145 152 157;0.0095,1.000,-3.023
80 97 150 152 157;0.0095,1.000,-3.023
80 87 136 150 157;0.0095,1.000,-3.023
80 97 136 150 157;0.0095,1.000,-3.023
34 80 136 150 157;0.0095,1.000,-3.023
23 70 87 136 157;0.0095,1.000,-3.023
34 70 114 136 157;0.0095,1.000,-3.023
29 70 87 121 157;0.0095,1.000,-3.023
23 27 36 152 157;0.0095,1.000,-3.023
23 27 36 143 157;0.0095,1.000,-3.023
23 27 36 114 157;0.0095,1.000,-3.023
23 27 36 62 157;0.0095,1.000,-3.023
23 27 36 92 157;0.0095,1.000,-3.023
23 27 36 57 157;0.0095,1.000,-3.023
23 27 36 102 157;0.0095,1.000,-3.023
27 36 106 134 157;0.0095,1.000,-3.023
23 27 65 104 157;0.0095,1.000,-3.023
23 27 65 114 157;0.0095,1.000,-3.023
23 27 104 152 157;0.0095,1.000,-3.023
23 27 104 143 157;0.0095,1.000,-3.023
23 27 114 143 157;0.0095,1.000,-3.023
23 36 46 152 157;0.0095,1.000,-3.023
23 36 46 52 157;0.0095,1.000,-3.023
23 34 36 46 157;0.0095,1.000,-3.023
36 46 65 116 157;0.0095,1.000,-3.023
36 46 116 152 157;0.0095,1.000,-3.023
36 46 87 152 157;0.0095,1.000,-3.023
46 65 145 154 157;0.0095,1.000,-3.023
38 46 65 154 157;0.0095,1.000,-3.023
46 57 77 95 157;0.0095,1.000,-3.023
23 36 87 152 157;0.0095,1.000,-3.023
23 36 87 143 157;0.0095,1.000,-3.023
36 65 106 134 157;0.0095,1.000,-3.023
36 97 116 152 157;0.0095,1.000,-3.023
20 36 97 152 157;0.0095,1.000,-3.023
23 65 114 143 157;0.0095,1.000,-3.023
23 87 136 143 157;0.0095,1.000,-3.023
55 97 116 136 157;0.0095,1.000,-3.023
55 87 97 116 157;0.0095,1.000,-3.023
55 97 116 154 157;0.0095,1.000,-3.023
55 97 136 154 157;0.0095,1.000,-3.023
55 87 97 154 157;0.0095,1.000,-3.023
87 104 116 143 157;0.0095,1.000,-3.023
11 14 38 57 114 157;0.0095,1.000,-3.023
38 48 102 135 154 157;0.0095,1.000,-3.023
11 38 102 135 154 157;0.0095,1.000,-3.023
38 48 67 102 135 157;0.0095,1.000,-3.023
11 38 67 102 135 157;0.0095,1.000,-3.023
20 38 48 102 135 157;0.0095,1.000,-3.023
11 20 38 102 135 157;0.0095,1.000,-3.023
5 34 85 95 141 157;0.0095,1.000,-3.023
5 20 38 48 114 157;0.0095,1.000,-3.023
34 57 121 124 148 157;0.0095,1.000,-3.023
36 46 65 87 97 157;0.0095,1.000,-3.023
36 46 62 87 116 157;0.0095,1.000,-3.023
20 36 46 116 145 157;0.0095,1.000,-3.023
36 43 46 87 116 157;0.0095,1.000,-3.023
20 36 46 87 116 157;0.0095,1.000,-3.023
36 46 87 102 116 157;0.0095,1.000,-3.023
34 36 46 87 116 157;0.0095,1.000,-3.023
36 46 57 77 145 157;0.0095,1.000,-3.023
36 46 57 121 145 157;0.0095,1.000,-3.023
36 46 102 106 121 157;0.0095,1.000,-3.023
36 46 57 87 97 157;0.0095,1.000,-3.023
46 52 57 87 95 157;0.0095,1.000,-3.023
46 57 87 95 121 157;0.0095,1.000,-3.023
29 46 52 57 95 157;0.0095,1.000,-3.023
46 57 67 95 121 157;0.0095,1.000,-3.023
11 46 75 85 106 157;0.0095,1.000,-3.023
36 65 87 116 152 157;0.0095,1.000,-3.023
36 65 116 150 152 157;0.0095,1.000,-3.023
36 57 87 116 152 157;0.0095,1.000,-3.023
36 87 116 121 152 157;0.0095,1.000,-3.023
36 57 116 150 152 157;0.0095,1.000,-3.023
20 36 57 150 152 157;0.0095,1.000,-3.023
11 23 48 55 67 157;0.0095,1.000,-3.023
23 52 87 114 143 157;0.0095,1.000,-3.023
23 34 57 114 154 157;0.0095,1.000,-3.023
65 82 97 104 152 157;0.0095,1.000,-3.023
29 38 65 116 145 157;0.0095,1.000,-3.023
38 65 87 145 154 157;0.0095,1.000,-3.023
29 38 65 87 145 157;0.0095,1.000,-3.023
75 85 106 121 145 157;0.0095,1.000,-3.023
67 75 106 134 145 157;0.0095,1.000,-3.023
29 75 106 134 145 157;0.0095,1.000,-3.023
20 75 106 134 145 157;0.0095,1.000,-3.023
34 75 134 145 154 157;0.0095,1.000,-3.023
20 29 75 106 134 157;0.0095,1.000,-3.023
43 104 116 136 152 157;0.0095,1.000,-3.023
104 116 136 150 152 157;0.0095,1.000,-3.023
43 87 104 116 152 157;0.0095,1.000,-3.023
43 87 104 136 152 157;0.0095,1.000,-3.023
38 104 116 136 143 157;0.0095,1.000,-3.023
48 104 116 136 143 157;0.0095,1.000,-3.023
38 87 104 136 143 157;0.0095,1.000,-3.023
67 85 106 134 145 157;0.0095,1.000,-3.023
20 85 106 134 145 157;0.0095,1.000,-3.023
20 48 85 106 134 157;0.0095,1.000,-3.023
34 57 114 134 154 157;0.0095,1.000,-3.023
20 87 121 136 143 157;0.0095,1.000,-3.023
20 87 136 143 150 157;0.0095,1.000,-3.023
5 20 38 67 106 114 157;0.0095,1.000,-3.023
5 20 38 57 106 114 157;0.0095,1.000,-3.023
20 36 46 77 136 145 157;0.0095,1.000,-3.023
20 36 46 121 136 145 157;0.0095,1.000,-3.023
20 36 46 77 87 145 157;0.0095,1.000,-3.023
20 36 46 87 121 145 157;0.0095,1.000,-3.023
20 36 46 87 121 136 157;0.0095,1.000,-3.023
20 23 46 97 116 136 157;0.0095,1.000,-3.023
20 23 46 97 136 145 157;0.0095,1.000,-3.023
11 20 23 46 97 145 157;0.0095,1.000,-3.023
20 23 46 87 97 136 157;0.0095,1.000,-3.023
11 46 57 77 116 154 157;0.0095,1.000,-3.023
11 20 46 97 116 154 157;0.0095,1.000,-3.023
11 46 57 77 106 154 157;0.0095,1.000,-3.023
11 20 46 87 97 154 157;0.0095,1.000,-3.023
11 46 57 77 97 154 157;0.0095,1.000,-3.023
23 87 106 114 143 150 157;0.0095,1.000,-3.023
23 87 97 114 143 150 157;0.0095,1.000,-3.023
23 67 92 97 106 116 157;0.0095,1.000,-3.023
23 38 67 92 97 106 157;0.0095,1.000,-3.023
23 38 48 67 92 106 157;0.0095,1.000,-3.023
23 34 57 67 106 154 157;0.0095,1.000,-3.023
23 34 38 57 106 154 157;0.0095,1.000,-3.023
23 38 48 67 102 106 157;0.0095,1.000,-3.023
20 57 65 104 150 152 157;0.0095,1.000,-3.023
20 29 38 57 65 77 157;0.0095,1.000,-3.023
20 67 95 106 114 121 157;0.0095,1.000,-3.023
20 57 95 106 114 121 157;0.0095,1.000,-3.023
34 75 85 121 145 154 157;0.0095,1.000,-3.023
11 34 75 85 121 145 157;0.0095,1.000,-3.023
11 34 75 85 121 154 157;0.0095,1.000,-3.023
7 11 75 106 114 134 157;0.0095,1.000,-3.023
34 57 67 75 134 145 157;0.0095,1.000,-3.023
29 34 57 75 134 145 157;0.0095,1.000,-3.023
20 34 57 75 134 145 157;0.0095,1.000,-3.023
20 34 57 75 134 154 157;0.0095,1.000,-3.023
11 43 87 104 150 152 157;0.0095,1.000,-3.023
38 57 116 121 143 152 157;0.0095,1.000,-3.023
34 57 67 114 134 145 157;0.0095,1.000,-3.023
20 38 87 116 121 143 157;0.0095,1.000,-3.023
38 67 87 136 143 150 157;0.0095,1.000,-3.023
20 38 77 121 136 143 157;0.0095,1.000,-3.023
20 38 77 136 143 150 157;0.0095,1.000,-3.023
52 67 77 87 121 143 157;0.0095,1.000,-3.023
38 52 77 87 121 143 157;0.0095,1.000,-3.023
11 38 52 87 121 143 157;0.0095,1.000,-3.023
29 67 77 87 121 143 157;0.0095,1.000,-3.023
20 29 77 87 121 143 157;0.0095,1.000,-3.023
11 52 67 77 121 143 157;0.0095,1.000,-3.023
29 38 77 106 114 150 157;0.0095,1.000,-3.023
38 48 77 106 114 150 157;0.0095,1.000,-3.023
11 38 46 77 97 116 154 157;0.0095,1.000,-3.023
11 38 46 77 87 97 154 157;0.0095,1.000,-3.023
38 48 57 75 85 106 134 157;0.0095,1.000,-3.023
38 43 57 75 85 97 134 157;0.0095,1.000,-3.023
38 67 97 106 111 116 134 157;0.0095,1.000,-3.023
11 29 38 67 87 121 143 157;0.0095,1.000,-3.023
11 20 29 38 87 121 143 157;0.0095,1.000,-3.023
11 29 38 52 77 121 143 157;0.0095,1.000,-3.023
11 20 38 52 77 121 143 157;0.0095,1.000,-3.023
