2 16 156;0.6139,0.874,-90.929
11 16 156;0.5665,0.909,-85.698
16 124 156;0.5601,0.903,-80.775
16 121 156;0.4937,0.940,-75.250
13 157;0.2025,0.941,-69.661
16 131 156;0.4652,0.936,-66.148
121 131 141 156;0.4557,0.941,-65.612
7 11 156;0.4810,0.921,-64.459
121 141 150 156;0.4589,0.935,-64.260
2 11 141 150 156;0.4684,0.925,-62.719
121 141 156;0.4810,0.916,-62.404
16 156;0.6139,0.812,-61.737
121 131 156;0.4715,0.920,-61.578
131 141 156;0.4715,0.920,-61.578
2 11 141 156;0.4905,0.906,-61.373
22 157;0.1772,0.949,-60.064
102 111 121 156;0.4241,0.944,-59.028
102 111 156;0.4367,0.932,-57.986
11 124 141 150 156;0.4430,0.927,-57.591
11 25 34 156;0.4241,0.937,-56.771
131 156;0.4873,0.895,-56.667
11 124 141 156;0.4652,0.907,-55.801
2 124 141 150 156;0.4873,0.890,-54.880
11 141 150 156;0.4684,0.902,-54.823
2 124 141 156;0.5095,0.875,-54.709
11 141 156;0.4905,0.886,-54.067
124 141 150 156;0.4873,0.885,-53.142
102 121 156;0.4620,0.901,-53.062
7 124 156;0.4620,0.901,-53.062
124 141 156;0.5095,0.870,-53.057
4 157;0.1930,0.859,-52.934
2 11 25 156;0.4304,0.919,-52.193
92 111 121 156;0.3766,0.952,-51.690
92 102 156;0.4177,0.923,-50.949
2 7 156;0.5158,0.858,-50.224
122 157;0.1994,0.818,-49.475
111 141 156;0.4272,0.912,-49.467
92 111 156;0.3766,0.944,-49.381
111 121 156;0.4399,0.903,-49.005
7 121 150 156;0.3639,0.950,-48.711
2 11 156;0.5949,0.797,-48.036
92 121 156;0.4051,0.921,-47.840
2 141 150 156;0.5127,0.853,-47.751
11 25 124 156;0.3766,0.937,-47.202
2 141 156;0.5348,0.837,-47.159
11 25 156;0.4304,0.901,-46.624
72 92 156;0.3418,0.956,-46.056
92 141 156;0.3797,0.930,-45.859
11 34 102 156;0.4177,0.904,-45.316
7 121 156;0.4019,0.914,-45.193
92 156;0.4241,0.899,-45.083
25 43 156;0.3671,0.935,-45.036
25 34 121 156;0.3576,0.942,-45.030
11 34 156;0.4968,0.853,-44.728
34 82 102 156;0.3829,0.924,-44.600
25 121 156;0.3639,0.935,-44.327
2 25 34 156;0.4589,0.873,-43.816
34 72 102 156;0.3703,0.929,-43.712
11 121 150 156;0.4367,0.885,-43.119
25 34 124 156;0.4082,0.902,-43.084
82 102 141 150 156;0.3576,0.934,-42.930
121 150 156;0.4778,0.858,-42.611
72 102 156;0.3734,0.922,-42.470
111 156;0.4525,0.872,-42.247
11 124 156;0.5411,0.818,-42.208
61 150 157;0.1361,0.935,-42.168
25 124 156;0.4114,0.897,-42.106
25 34 52 156;0.3608,0.927,-41.625
82 102 156;0.3861,0.910,-41.588
62 102 156;0.3671,0.921,-41.085
34 43 102 156;0.3671,0.921,-41.085
7 25 52 156;0.3070,0.960,-41.011
25 52 156;0.3639,0.920,-40.403
2 124 156;0.5918,0.779,-40.192
121 156;0.5253,0.822,-40.191
2 34 102 156;0.4620,0.859,-40.107
61 154 157;0.1234,0.951,-39.431
52 102 141 150 156;0.3481,0.924,-38.934
52 62 156;0.3734,0.908,-38.836
34 52 156;0.4177,0.880,-38.719
61 157;0.1582,0.833,-38.403
43 102 156;0.3703,0.907,-38.166
7 141 150 156;0.4082,0.884,-38.164
34 102 124 150 156;0.4082,0.884,-38.164
34 102 124 156;0.4209,0.875,-37.906
124 156;0.5918,0.773,-37.718
29 141 150 156;0.3418,0.923,-37.625
25 34 62 156;0.3323,0.929,-37.588
34 62 156;0.3829,0.896,-37.487
82 141 150 156;0.3576,0.911,-37.264
7 141 156;0.4241,0.870,-37.125
43 52 156;0.3797,0.896,-36.821
11 102 156;0.4652,0.845,-36.687
7 20 38 48 156;0.2595,0.976,-36.652
7 20 29 48 67 156;0.2595,0.976,-36.652
7 20 29 48 156;0.2848,0.957,-36.539
7 29 48 156;0.3070,0.942,-36.512
1 157;0.1013,1.000,-36.482
2 156;0.6456,0.718,-36.482
102 141 150 156;0.4525,0.851,-36.463
72 141 150 156;0.3449,0.916,-36.444
62 72 156;0.3354,0.922,-36.341
25 34 82 156;0.3354,0.922,-36.341
102 141 156;0.4747,0.838,-36.274
25 29 34 156;0.2943,0.949,-36.146
11 62 156;0.3513,0.910,-35.970
29 141 156;0.3513,0.910,-35.970
7 34 43 156;0.3228,0.927,-35.682
91 97 150 157;0.1139,0.947,-35.663
11 156;0.5949,0.764,-35.308
52 102 156;0.3797,0.889,-35.234
25 34 72 156;0.3291,0.920,-35.080
7 25 82 156;0.2880,0.948,-34.913
34 72 141 156;0.3449,0.908,-34.702
25 62 156;0.3354,0.914,-34.548
52 72 156;0.3354,0.914,-34.548
7 52 156;0.3165,0.926,-34.439
91 157;0.1551,0.803,-34.404
141 150 156;0.5127,0.810,-34.269
25 72 156;0.3323,0.913,-33.928
25 34 156;0.4589,0.838,-33.923
34 82 141 156;0.3576,0.897,-33.919
7 43 156;0.3228,0.919,-33.842
72 141 156;0.3481,0.902,-33.662
52 156;0.4209,0.858,-33.619
62 156;0.3861,0.878,-33.504
123 157;0.1013,0.970,-33.304
7 20 48 67 156;0.2785,0.946,-33.098
82 141 156;0.3608,0.891,-32.973
141 156;0.5348,0.793,-32.924
25 82 156;0.3354,0.906,-32.846
25 29 156;0.2975,0.931,-32.683
7 38 48 156;0.2943,0.930,-32.087
51 57 150 157;0.0981,0.969,-32.080
7 29 156;0.3481,0.894,-32.067
7 20 38 156;0.2722,0.945,-31.912
7 20 48 57 156;0.2816,0.937,-31.653
7 156;0.5158,0.799,-31.526
42 157;0.1139,0.900,-31.415
34 102 156;0.4620,0.825,-30.896
51 157;0.1297,0.837,-30.651
34 43 156;0.4241,0.843,-30.349
140 145 157;0.1203,0.864,-30.271
71 157;0.1266,0.833,-29.512
34 72 82 156;0.3481,0.880,-29.084
34 72 156;0.3766,0.862,-28.871
140 157;0.1424,0.776,-28.611
103 157;0.0791,1.000,-27.855
130 136 150 157;0.0918,0.935,-27.248
130 136 157;0.1108,0.854,-26.867
130 157;0.1329,0.778,-26.536
72 82 156;0.3481,0.866,-26.346
43 156;0.4272,0.823,-26.213
25 152 156;0.2152,0.958,-26.019
34 82 150 156;0.3608,0.857,-26.000
29 34 48 156;0.2975,0.895,-25.946
85 104 156;0.2247,0.947,-25.521
25 38 77 87 156;0.1646,1.000,-25.440
110 116 157;0.0918,0.906,-25.211
25 57 106 116 156;0.1804,0.983,-24.984
25 57 97 116 156;0.1804,0.983,-24.984
29 34 156;0.3544,0.855,-24.900
20 25 38 67 87 156;0.1614,1.000,-24.891
25 57 156;0.2911,0.893,-24.873
8 157;0.0949,0.882,-24.536
101 106 157;0.0949,0.882,-24.536
34 82 156;0.3861,0.836,-24.436
25 102 156;0.4114,0.823,-24.421
25 38 77 116 156;0.1582,1.000,-24.344
25 87 106 116 156;0.1741,0.982,-23.902
25 77 87 106 156;0.1741,0.982,-23.902
20 25 67 77 87 156;0.1741,0.982,-23.902
25 87 106 156;0.2025,0.955,-23.869
20 25 67 87 156;0.2025,0.955,-23.869
72 150 156;0.3481,0.853,-23.826
20 25 38 87 97 156;0.1551,1.000,-23.801
54 157;0.0759,0.960,-23.778
25 87 156;0.2658,0.903,-23.670
25 38 77 156;0.1867,0.967,-23.475
34 48 57 67 77 87 156;0.1867,0.967,-23.475
25 77 106 116 156;0.1709,0.982,-23.366
25 77 97 116 156;0.1709,0.982,-23.366
34 38 48 67 77 87 156;0.1709,0.982,-23.366
20 34 38 48 67 87 156;0.1709,0.982,-23.366
72 156;0.3797,0.833,-23.348
26 157;0.0949,0.857,-22.920
25 77 97 156;0.1962,0.954,-22.816
20 34 48 57 67 87 156;0.1962,0.954,-22.816
25 38 97 136 145 156;0.1487,1.000,-22.721
25 38 136 145 154 156;0.1487,1.000,-22.721
104 114 156;0.2405,0.916,-22.706
74 157;0.0791,0.926,-22.673
64 157;0.0728,0.958,-22.630
34 38 48 77 87 156;0.1804,0.966,-22.420
25 143 156;0.2057,0.942,-22.354
34 48 57 67 77 156;0.2057,0.942,-22.354
33 157;0.1234,0.750,-22.320
104 134 150 156;0.1930,0.953,-22.295
20 25 67 77 156;0.1930,0.953,-22.295
34 38 48 67 77 156;0.1930,0.953,-22.295
25 38 67 136 145 156;0.1456,1.000,-22.185
81 87 157;0.0918,0.853,-21.848
34 48 57 77 87 156;0.2025,0.941,-21.840
20 34 48 57 87 156;0.2025,0.941,-21.840
25 156;0.4652,0.786,-21.839
34 48 57 77 156;0.2247,0.922,-21.820
95 104 156;0.2342,0.914,-21.691
34 152 156;0.2627,0.892,-21.684
29 102 156;0.3196,0.856,-21.595
113 157;0.0759,0.923,-21.556
104 156;0.3038,0.865,-21.536
34 48 57 67 87 156;0.2120,0.931,-21.525
20 34 38 48 87 156;0.1741,0.965,-21.379
34 48 57 87 156;0.2310,0.913,-21.190
34 38 67 77 156;0.2089,0.930,-21.021
34 48 57 106 116 156;0.1709,0.964,-20.863
20 34 57 67 87 156;0.2184,0.920,-20.816
85 143 150 156;0.1835,0.951,-20.755
20 34 38 67 87 156;0.1835,0.951,-20.755
34 38 48 67 87 156;0.1835,0.951,-20.755
34 57 67 87 156;0.2373,0.904,-20.640
57 67 102 136 145 150 154 156;0.1361,1.000,-20.593
34 38 48 77 156;0.2057,0.929,-20.521
34 38 77 87 156;0.1930,0.938,-20.322
20 34 38 87 156;0.1930,0.938,-20.322
34 38 48 87 156;0.1930,0.938,-20.322
34 38 77 97 156;0.1930,0.938,-20.322
48 57 67 102 156;0.1930,0.938,-20.322
34 38 87 156;0.2152,0.919,-20.321
20 34 48 67 77 87 156;0.1804,0.950,-20.249
81 150 157;0.0823,0.867,-20.195
110 136 157;0.0823,0.867,-20.195
34 38 77 156;0.2342,0.902,-20.150
20 34 67 77 156;0.2342,0.902,-20.150
38 77 102 116 150 156;0.1329,1.000,-20.068
34 57 87 116 150 154 156;0.1329,1.000,-20.068
34 57 97 116 150 154 156;0.1329,1.000,-20.068
57 67 102 116 150 154 156;0.1329,1.000,-20.068
34 48 87 106 156;0.2025,0.928,-20.025
20 34 48 67 87 156;0.2025,0.928,-20.025
95 134 150 156;0.1646,0.963,-19.843
34 57 77 106 116 156;0.1772,0.949,-19.747
81 157;0.1013,0.780,-19.720
34 57 67 77 156;0.2215,0.909,-19.715
34 48 67 77 156;0.2215,0.909,-19.715
34 48 57 116 154 156;0.1487,0.979,-19.697
57 67 102 136 145 154 156;0.1487,0.979,-19.697
20 34 67 87 156;0.2310,0.901,-19.665
57 77 87 102 145 150 154 156;0.1297,1.000,-19.545
101 157;0.1108,0.745,-19.425
20 34 48 87 156;0.2089,0.917,-19.343
34 57 87 116 154 156;0.1614,0.962,-19.337
34 57 97 116 154 156;0.1614,0.962,-19.337
34 48 57 67 116 156;0.1614,0.962,-19.337
57 67 102 145 150 154 156;0.1614,0.962,-19.337
34 48 57 116 156;0.1741,0.948,-19.248
57 67 102 145 154 156;0.1741,0.948,-19.248
82 150 156;0.3608,0.820,-19.233
57 67 102 156;0.2184,0.908,-19.232
75 102 156;0.2373,0.893,-19.193
38 77 102 116 156;0.1456,0.979,-19.185
34 38 48 97 136 145 156;0.1456,0.979,-19.185
34 57 77 116 150 154 156;0.1266,1.000,-19.024
77 87 102 116 145 150 154 156;0.1266,1.000,-19.024
67 87 102 116 145 150 154 156;0.1266,1.000,-19.024
57 77 87 102 116 150 154 156;0.1266,1.000,-19.024
67 102 106 136 145 150 154 156;0.1266,1.000,-19.024
34 57 77 87 145 150 154 156;0.1266,1.000,-19.024
48 57 102 156;0.2627,0.874,-19.003
34 48 57 67 156;0.2627,0.874,-19.003
34 156;0.5443,0.741,-18.955
95 114 150 156;0.2057,0.915,-18.860
57 102 145 154 156;0.2152,0.907,-18.753
127 157;0.0728,0.885,-18.636
85 143 156;0.1930,0.924,-18.562
38 57 97 102 116 150 156;0.1234,1.000,-18.506
77 87 97 102 116 150 154 156;0.1234,1.000,-18.506
67 97 102 136 145 150 154 156;0.1234,1.000,-18.506
84 150 157;0.0538,1.000,-18.474
29 48 57 67 156;0.2911,0.852,-18.430
48 102 106 136 156;0.1804,0.934,-18.353
38 48 102 136 145 154 156;0.1551,0.961,-18.337
84 157;0.0665,0.913,-18.269
12 157;0.0665,0.913,-18.269
95 114 156;0.2310,0.890,-18.250
134 143 156;0.2310,0.890,-18.250
29 67 77 82 156;0.1392,0.978,-18.171
77 87 102 116 145 154 156;0.1392,0.978,-18.171
67 87 102 116 145 154 156;0.1392,0.978,-18.171
57 77 87 102 116 154 156;0.1392,0.978,-18.171
67 102 106 136 145 154 156;0.1392,0.978,-18.171
98 157;0.0759,0.857,-18.101
114 143 152 156;0.1899,0.923,-18.082
29 48 70 80 156;0.1203,1.000,-17.990
29 67 82 87 116 156;0.1203,1.000,-17.990
77 102 106 116 150 154 156;0.1203,1.000,-17.990
67 77 102 116 145 150 154 156;0.1203,1.000,-17.990
20 67 87 102 116 150 154 156;0.1203,1.000,-17.990
20 67 77 102 116 150 154 156;0.1203,1.000,-17.990
48 77 87 102 145 150 154 156;0.1203,1.000,-17.990
102 156;0.5127,0.750,-17.918
95 143 150 156;0.1772,0.933,-17.871
143 152 156;0.2373,0.882,-17.844
82 156;0.3892,0.799,-17.778
95 134 156;0.1741,0.932,-17.392
21 157;0.0633,0.909,-17.196
48 70 80 156;0.1329,0.977,-17.168
114 156;0.3259,0.824,-17.115
29 48 57 156;0.3323,0.820,-17.032
138 157;0.0570,0.947,-17.031
128 157;0.0570,0.947,-17.031
29 48 60 70 156;0.1139,1.000,-16.966
143 156;0.2943,0.838,-16.716
110 157;0.1044,0.717,-16.601
20 77 134 156;0.1108,1.000,-16.458
85 95 156;0.2089,0.892,-16.400
134 152 156;0.2089,0.892,-16.400
88 150 157;0.0475,1.000,-16.202
29 38 48 80 156;0.1266,0.976,-16.177
88 157;0.0601,0.905,-16.134
65 75 156;0.1519,0.941,-15.861
48 60 70 156;0.1234,0.975,-15.687
95 156;0.2785,0.838,-15.578
20 38 48 57 67 156;0.2468,0.857,-15.564
17 157;0.0633,0.870,-15.512
29 60 80 156;0.1044,1.000,-15.448
29 38 60 70 156;0.1044,1.000,-15.448
20 23 48 70 156;0.1044,1.000,-15.448
20 29 38 48 60 156;0.1044,1.000,-15.448
20 38 48 57 156;0.2848,0.833,-15.419
29 48 70 156;0.1361,0.956,-15.417
38 48 57 80 156;0.1361,0.956,-15.417
48 57 67 77 156;0.2373,0.862,-15.404
20 48 70 156;0.1487,0.940,-15.392
29 70 80 156;0.1203,0.974,-15.199
29 48 156;0.3829,0.786,-15.130
142 157;0.0570,0.900,-15.084
152 156;0.2816,0.832,-14.998
41 50 156;0.1013,1.000,-14.947
23 50 156;0.1013,1.000,-14.947
23 60 156;0.1013,1.000,-14.947
70 134 156;0.1013,1.000,-14.947
20 41 48 156;0.1013,1.000,-14.947
57 77 134 156;0.1013,1.000,-14.947
70 80 156;0.1329,0.955,-14.942
48 57 67 156;0.3165,0.813,-14.872
134 150 156;0.2405,0.854,-14.714
29 57 67 77 156;0.2405,0.854,-14.714
35 157;0.0601,0.864,-14.496
48 57 80 156;0.1424,0.938,-14.465
41 48 60 156;0.0981,1.000,-14.447
20 23 41 156;0.0981,1.000,-14.447
48 80 90 156;0.0981,1.000,-14.447
48 70 90 156;0.0981,1.000,-14.447
29 50 70 156;0.0981,1.000,-14.447
23 38 48 70 156;0.0981,1.000,-14.447
38 48 57 156;0.3196,0.808,-14.392
45 157;0.0759,0.774,-14.286
60 80 156;0.1139,0.973,-14.232
29 60 70 156;0.1139,0.973,-14.232
38 60 70 156;0.1139,0.973,-14.232
133 157;0.0633,0.833,-14.074
38 48 80 156;0.1392,0.936,-14.007
77 134 156;0.1266,0.952,-14.003
29 38 80 156;0.1266,0.952,-14.003
20 23 48 57 156;0.1266,0.952,-14.003
29 57 67 156;0.3165,0.806,-13.985
53 58 157;0.0475,0.938,-13.789
38 48 70 156;0.1361,0.935,-13.553
23 48 57 156;0.1361,0.935,-13.553
60 70 156;0.1234,0.951,-13.539
134 156;0.2848,0.818,-13.521
58 157;0.0570,0.857,-13.495
41 80 156;0.0918,1.000,-13.456
23 38 41 156;0.0918,1.000,-13.456
50 70 156;0.1076,0.971,-13.277
23 48 70 156;0.1076,0.971,-13.277
48 80 156;0.1456,0.920,-13.263
20 29 38 57 156;0.2753,0.821,-13.241
48 57 156;0.3861,0.772,-13.169
29 80 156;0.1329,0.933,-13.103
20 38 57 80 156;0.1329,0.933,-13.103
38 41 60 156;0.0886,1.000,-12.963
23 29 41 156;0.0886,1.000,-12.963
23 70 85 156;0.0886,1.000,-12.963
23 29 85 156;0.0886,1.000,-12.963
20 38 41 70 156;0.0886,1.000,-12.963
112 157;0.1108,0.636,-12.874
65 85 156;0.1424,0.918,-12.824
29 85 150 156;0.1424,0.918,-12.824
20 29 38 60 156;0.1044,0.971,-12.805
48 70 156;0.1519,0.906,-12.652
29 38 57 156;0.2911,0.807,-12.555
117 150 157;0.0538,0.850,-12.508
23 41 85 156;0.0854,1.000,-12.473
20 41 70 85 156;0.0854,1.000,-12.473
23 57 80 85 156;0.0854,1.000,-12.473
146 157;0.0696,0.759,-12.465
85 150 156;0.2532,0.825,-12.344
57 67 77 156;0.2532,0.825,-12.344
23 41 156;0.1013,0.970,-12.335
20 41 70 156;0.1013,0.970,-12.335
20 48 67 90 156;0.1013,0.970,-12.335
38 48 67 77 156;0.2215,0.843,-12.289
29 57 156;0.3608,0.776,-12.276
107 157;0.0570,0.818,-12.148
29 85 156;0.1582,0.893,-12.140
41 60 85 156;0.0823,1.000,-11.985
38 80 100 156;0.0823,1.000,-11.985
50 80 150 156;0.0823,1.000,-11.985
38 57 80 156;0.1361,0.915,-11.959
20 38 80 156;0.1361,0.915,-11.959
41 60 156;0.0981,0.969,-11.868
80 90 156;0.0981,0.969,-11.868
70 90 156;0.0981,0.969,-11.868
55 85 156;0.1234,0.929,-11.776
31 157;0.0348,1.000,-11.741
44 151 157;0.0348,1.000,-11.741
108 150 157;0.0348,1.000,-11.741
20 38 48 60 156;0.1108,0.946,-11.717
29 67 77 156;0.2627,0.814,-11.713
89 157;0.0411,0.929,-11.680
78 150 157;0.0411,0.929,-11.680
20 29 38 156;0.2975,0.797,-11.671
29 67 156;0.3608,0.770,-11.546
20 38 70 156;0.1329,0.913,-11.533
29 38 41 70 156;0.0791,1.000,-11.499
29 77 90 100 156;0.0791,1.000,-11.499
29 38 90 100 156;0.0791,1.000,-11.499
50 80 156;0.0949,0.968,-11.405
23 48 85 156;0.0949,0.968,-11.405
20 29 156;0.3892,0.759,-11.388
20 48 60 156;0.1203,0.927,-11.342
29 38 70 156;0.1203,0.927,-11.342
75 150 156;0.2215,0.833,-11.326
20 38 48 156;0.3070,0.789,-11.216
155 157;0.0538,0.810,-11.208
137 157;0.0538,0.810,-11.208
20 23 48 156;0.1297,0.911,-11.112
77 80 100 156;0.0759,1.000,-11.015
29 41 70 150 156;0.0759,1.000,-11.015
48 60 67 90 156;0.0759,1.000,-11.015
38 48 60 67 156;0.0759,1.000,-11.015
94 157;0.0443,0.875,-11.011
85 156;0.2848,0.796,-11.006
75 156;0.2563,0.810,-10.982
117 157;0.0570,0.783,-10.980
39 157;0.0570,0.783,-10.980
38 80 156;0.1392,0.898,-10.978
20 57 80 156;0.1392,0.898,-10.978
29 41 70 156;0.0918,0.967,-10.945
38 41 70 156;0.0918,0.967,-10.945
38 41 48 156;0.0918,0.967,-10.945
29 38 90 156;0.0918,0.967,-10.945
41 48 156;0.1044,0.943,-10.828
20 48 90 156;0.1044,0.943,-10.828
29 38 60 156;0.1044,0.943,-10.828
20 23 70 156;0.1044,0.943,-10.828
29 156;0.4399,0.739,-10.764
99 157;0.0380,0.923,-10.643
83 151 157;0.0316,1.000,-10.642
73 151 157;0.0316,1.000,-10.642
108 154 157;0.0316,1.000,-10.642
38 70 156;0.1361,0.896,-10.571
20 38 41 156;0.0886,0.966,-10.488
20 41 156;0.1013,0.941,-10.390
48 67 90 156;0.1013,0.941,-10.390
23 57 80 156;0.1013,0.941,-10.390
57 67 87 156;0.2500,0.806,-10.273
57 80 156;0.1424,0.882,-10.122
20 80 156;0.1424,0.882,-10.122
23 48 156;0.1424,0.882,-10.122
38 48 67 87 106 116 156;0.1424,0.882,-10.122
20 38 60 156;0.1108,0.921,-10.063
18 55 65 156;0.0696,1.000,-10.054
48 60 67 156;0.0854,0.964,-10.034
108 157;0.0411,0.867,-10.027
132 157;0.0981,0.608,-9.902
20 38 57 156;0.3070,0.776,-9.772
20 70 156;0.1487,0.870,-9.743
38 48 87 106 116 156;0.1487,0.870,-9.743
38 48 77 106 116 156;0.1487,0.870,-9.743
38 67 77 156;0.2373,0.806,-9.687
48 50 156;0.1076,0.919,-9.646
23 70 156;0.1076,0.919,-9.646
79 157;0.0443,0.824,-9.638
80 100 156;0.0823,0.963,-9.583
18 55 156;0.0823,0.963,-9.583
100 109 156;0.0665,1.000,-9.576
20 139 148 156;0.0665,1.000,-9.576
38 60 67 90 156;0.0665,1.000,-9.576
147 157;0.0285,1.000,-9.550
93 151 157;0.0285,1.000,-9.550
63 151 157;0.0285,1.000,-9.550
38 48 67 156;0.2911,0.780,-9.491
78 157;0.0475,0.789,-9.382
57 77 97 106 116 156;0.1804,0.838,-9.380
18 150 156;0.1266,0.889,-9.378
80 156;0.1456,0.868,-9.365
20 48 67 77 156;0.2342,0.804,-9.349
41 70 156;0.1044,0.917,-9.232
70 100 156;0.0791,0.962,-9.136
48 60 90 156;0.0791,0.962,-9.136
67 77 90 100 156;0.0791,0.962,-9.136
38 67 90 100 156;0.0791,0.962,-9.136
30 157;0.0538,0.739,-9.103
67 139 148 156;0.0633,1.000,-9.101
48 67 139 156;0.0633,1.000,-9.101
50 67 90 150 156;0.0633,1.000,-9.101
38 41 57 156;0.0918,0.935,-9.096
20 38 67 90 156;0.0918,0.935,-9.096
48 67 77 156;0.2532,0.792,-9.090
38 48 60 156;0.1139,0.900,-9.069
20 23 57 150 156;0.1139,0.900,-9.069
151 157;0.0380,0.857,-9.059
38 57 87 106 116 156;0.1519,0.857,-9.052
38 57 77 106 116 156;0.1519,0.857,-9.052
48 60 156;0.1234,0.886,-8.989
20 67 77 156;0.2658,0.785,-8.967
38 57 77 156;0.2373,0.798,-8.922
38 57 106 116 156;0.1677,0.841,-8.895
57 77 106 116 156;0.1835,0.829,-8.833
55 65 156;0.1013,0.914,-8.823
20 67 90 156;0.1013,0.914,-8.823
38 48 97 106 136 156;0.1582,0.847,-8.781
20 57 67 156;0.3101,0.766,-8.772
60 67 90 156;0.0759,0.960,-8.692
38 60 67 156;0.0759,0.960,-8.692
20 48 77 109 156;0.0759,0.960,-8.692
38 67 87 106 116 156;0.1487,0.855,-8.690
38 57 67 97 136 145 156;0.1487,0.855,-8.690
50 57 150 156;0.0886,0.933,-8.673
20 48 148 156;0.0886,0.933,-8.673
41 90 156;0.0601,1.000,-8.628
87 109 119 156;0.0601,1.000,-8.628
67 109 119 156;0.0601,1.000,-8.628
57 109 119 156;0.0601,1.000,-8.628
20 109 119 156;0.0601,1.000,-8.628
48 109 119 156;0.0601,1.000,-8.628
87 139 148 156;0.0601,1.000,-8.628
67 97 139 156;0.0601,1.000,-8.628
48 90 109 156;0.0601,1.000,-8.628
55 156;0.1646,0.839,-8.545
38 48 87 106 156;0.1646,0.839,-8.545
57 67 97 116 156;0.1804,0.826,-8.493
20 48 67 156;0.3196,0.759,-8.459
38 57 67 136 145 156;0.1551,0.845,-8.428
38 48 77 97 106 156;0.1551,0.845,-8.428
48 77 106 116 156;0.1709,0.831,-8.340
38 48 106 116 136 156;0.1456,0.852,-8.333
50 57 156;0.1076,0.895,-8.284
67 70 156;0.1076,0.895,-8.284
18 156;0.1361,0.860,-8.263
20 23 57 156;0.1361,0.860,-8.263
48 90 100 156;0.0854,0.931,-8.255
20 38 67 100 156;0.0854,0.931,-8.255
20 57 60 150 156;0.0854,0.931,-8.255
48 87 106 156;0.2089,0.805,-8.253
38 57 156;0.3481,0.748,-8.238
20 57 60 156;0.1171,0.881,-8.227
57 67 156;0.3418,0.750,-8.211
48 77 97 106 156;0.1772,0.824,-8.159
38 48 136 145 154 156;0.1772,0.824,-8.159
87 119 139 156;0.0570,1.000,-8.156
97 119 139 156;0.0570,1.000,-8.156
67 119 139 156;0.0570,1.000,-8.156
38 119 139 156;0.0570,1.000,-8.156
57 119 139 156;0.0570,1.000,-8.156
20 119 139 156;0.0570,1.000,-8.156
48 119 139 156;0.0570,1.000,-8.156
77 109 119 156;0.0570,1.000,-8.156
38 109 119 156;0.0570,1.000,-8.156
87 119 148 156;0.0570,1.000,-8.156
97 119 148 156;0.0570,1.000,-8.156
67 119 148 156;0.0570,1.000,-8.156
38 119 148 156;0.0570,1.000,-8.156
57 119 148 156;0.0570,1.000,-8.156
20 119 148 156;0.0570,1.000,-8.156
48 119 148 156;0.0570,1.000,-8.156
77 139 148 156;0.0570,1.000,-8.156
60 67 77 100 156;0.0570,1.000,-8.156
70 156;0.1519,0.842,-8.081
38 67 97 136 145 156;0.1519,0.842,-8.081
38 50 156;0.0949,0.909,-8.019
20 38 90 156;0.0949,0.909,-8.019
38 48 90 156;0.0949,0.909,-8.019
38 48 106 136 156;0.1677,0.828,-8.004
38 48 156;0.3576,0.743,-7.999
20 38 156;0.3386,0.748,-7.908
41 57 156;0.1044,0.892,-7.899
48 90 156;0.1044,0.892,-7.899
38 87 106 116 156;0.1582,0.833,-7.863
38 60 156;0.1139,0.878,-7.854
67 90 100 156;0.0823,0.929,-7.840
38 90 100 156;0.0823,0.929,-7.840
67 77 100 156;0.0823,0.929,-7.840
59 157;0.0380,0.800,-7.812
57 97 106 116 156;0.1962,0.805,-7.733
57 77 97 106 156;0.1962,0.805,-7.733
119 129 156;0.0538,1.000,-7.687
32 41 156;0.0538,1.000,-7.687
87 97 129 156;0.0538,1.000,-7.687
48 87 129 156;0.0538,1.000,-7.687
77 119 139 156;0.0538,1.000,-7.687
97 109 119 156;0.0538,1.000,-7.687
53 157;0.1044,0.550,-7.676
38 41 156;0.0918,0.906,-7.624
38 67 90 156;0.0918,0.906,-7.624
69 157;0.0285,0.900,-7.607
67 77 156;0.2848,0.763,-7.576
67 90 156;0.1013,0.889,-7.519
20 57 90 156;0.1013,0.889,-7.519
67 87 106 116 156;0.1709,0.818,-7.506
20 60 156;0.1203,0.864,-7.501
60 90 156;0.0791,0.926,-7.430
48 67 109 156;0.0791,0.926,-7.430
20 48 109 156;0.0791,0.926,-7.430
77 90 100 156;0.0791,0.926,-7.430
40 154 157;0.0222,1.000,-7.385
48 139 148 156;0.0665,0.955,-7.382
20 48 139 156;0.0665,0.955,-7.382
23 57 90 156;0.0665,0.955,-7.382
38 67 136 145 156;0.1614,0.823,-7.348
38 67 87 116 145 156;0.1361,0.843,-7.294
57 77 156;0.2880,0.758,-7.274
57 87 106 116 156;0.1835,0.806,-7.229
77 97 106 116 156;0.1835,0.806,-7.229
48 97 106 136 156;0.1835,0.806,-7.229
129 148 156;0.0506,1.000,-7.220
97 129 139 156;0.0506,1.000,-7.220
48 129 139 156;0.0506,1.000,-7.220
77 97 129 156;0.0506,1.000,-7.220
48 77 129 156;0.0506,1.000,-7.220
38 109 148 156;0.0506,1.000,-7.220
48 109 148 156;0.0506,1.000,-7.220
97 109 139 148 156;0.0506,1.000,-7.220
57 109 139 148 156;0.0506,1.000,-7.220
38 97 109 139 156;0.0506,1.000,-7.220
20 97 109 139 156;0.0506,1.000,-7.220
87 97 106 139 156;0.0506,1.000,-7.220
20 97 106 139 156;0.0506,1.000,-7.220
20 23 150 156;0.1266,0.851,-7.208
48 67 156;0.3608,0.735,-7.191
49 157;0.0316,0.833,-7.174
40 157;0.0316,0.833,-7.174
38 67 106 116 136 156;0.1424,0.833,-7.072
20 48 156;0.3766,0.730,-7.043
38 77 106 116 156;0.1582,0.820,-7.028
48 77 106 145 156;0.1582,0.820,-7.028
67 87 116 145 154 156;0.1582,0.820,-7.028
48 77 106 156;0.1962,0.795,-7.013
38 119 156;0.0633,0.952,-6.953
67 139 156;0.0633,0.952,-6.953
77 87 119 156;0.0633,0.952,-6.953
20 77 119 156;0.0633,0.952,-6.953
48 77 119 156;0.0633,0.952,-6.953
57 139 148 156;0.0633,0.952,-6.953
50 90 150 156;0.0633,0.952,-6.953
48 87 148 156;0.0633,0.952,-6.953
38 87 97 148 156;0.0633,0.952,-6.953
38 67 97 148 156;0.0633,0.952,-6.953
67 87 116 145 156;0.1646,0.812,-6.875
38 77 97 106 156;0.1646,0.812,-6.875
20 67 87 156;0.2437,0.770,-6.850
90 100 156;0.0854,0.900,-6.849
50 60 150 156;0.0854,0.900,-6.849
57 60 150 156;0.0854,0.900,-6.849
38 90 156;0.0949,0.882,-6.774
41 156;0.1044,0.868,-6.765
20 90 156;0.1044,0.868,-6.765
100 129 156;0.0475,1.000,-6.754
97 109 129 156;0.0475,1.000,-6.754
48 109 129 156;0.0475,1.000,-6.754
32 60 154 156;0.0475,1.000,-6.754
32 48 154 156;0.0475,1.000,-6.754
106 119 139 156;0.0475,1.000,-6.754
106 119 148 156;0.0475,1.000,-6.754
23 67 100 156;0.0475,1.000,-6.754
77 97 106 139 156;0.0475,1.000,-6.754
20 97 100 148 156;0.0475,1.000,-6.754
23 145 150 154 156;0.0475,1.000,-6.754
38 87 106 136 145 156;0.1392,0.830,-6.747
77 106 116 156;0.1930,0.792,-6.717
38 106 116 136 156;0.1551,0.817,-6.714
38 67 97 106 136 156;0.1551,0.817,-6.714
57 87 97 116 145 154 156;0.1551,0.817,-6.714
65 97 136 157;0.0411,0.722,-6.712
38 67 97 136 156;0.1772,0.800,-6.623
48 97 106 156;0.2405,0.768,-6.571
57 87 116 145 154 156;0.1614,0.810,-6.568
57 87 97 116 154 156;0.1614,0.810,-6.568
23 57 156;0.1456,0.821,-6.564
48 106 136 156;0.2057,0.783,-6.556
57 60 156;0.1203,0.844,-6.531
32 48 156;0.0601,0.950,-6.528
109 119 156;0.0601,0.950,-6.528
90 109 156;0.0601,0.950,-6.528
97 139 148 156;0.0601,0.950,-6.528
38 139 148 156;0.0601,0.950,-6.528
20 97 139 156;0.0601,0.950,-6.528
48 77 148 156;0.0601,0.950,-6.528
38 87 97 139 156;0.0601,0.950,-6.528
38 77 97 148 156;0.0601,0.950,-6.528
83 157;0.0886,0.549,-6.475
23 38 150 156;0.1108,0.854,-6.457
57 87 116 154 156;0.1677,0.803,-6.441
23 38 156;0.1361,0.827,-6.428
50 60 156;0.1013,0.865,-6.412
48 148 156;0.0918,0.879,-6.410
38 67 87 97 106 156;0.1519,0.814,-6.406
57 106 116 145 156;0.1741,0.797,-6.328
118 150 157;0.0190,1.000,-6.312
82 100 157;0.0190,1.000,-6.312
60 72 157;0.0190,1.000,-6.312
80 106 150 157;0.0190,1.000,-6.312
70 77 121 136 157;0.0190,1.000,-6.312
38 67 87 106 145 156;0.1266,0.833,-6.306
32 50 154 156;0.0443,1.000,-6.291
100 119 139 156;0.0443,1.000,-6.291
100 119 148 156;0.0443,1.000,-6.291
77 106 119 156;0.0443,1.000,-6.291
116 139 148 156;0.0443,1.000,-6.291
5 77 116 156;0.0443,1.000,-6.291
87 100 148 156;0.0443,1.000,-6.291
106 109 139 148 156;0.0443,1.000,-6.291
97 106 109 139 156;0.0443,1.000,-6.291
48 106 109 139 156;0.0443,1.000,-6.291
50 67 100 150 156;0.0443,1.000,-6.291
67 97 100 148 156;0.0443,1.000,-6.291
38 67 100 148 156;0.0443,1.000,-6.291
36 150 156;0.1582,0.806,-6.267
38 106 136 145 156;0.1582,0.806,-6.267
67 87 106 145 154 156;0.1582,0.806,-6.267
20 57 156;0.3734,0.724,-6.262
65 97 154 157;0.0285,0.818,-6.261
65 87 116 136 157;0.0285,0.818,-6.261
38 87 106 145 156;0.1424,0.818,-6.254
67 97 106 116 145 154 156;0.1424,0.818,-6.254
57 87 106 145 156;0.1804,0.792,-6.229
38 97 148 156;0.0696,0.917,-6.228
60 67 150 156;0.0696,0.917,-6.228
57 87 97 106 156;0.2089,0.776,-6.211
73 93 157;0.0570,0.621,-6.207
67 87 106 145 156;0.1646,0.800,-6.146
38 87 97 106 156;0.1646,0.800,-6.146
50 156;0.1076,0.850,-6.120
44 73 157;0.0696,0.579,-6.112
57 87 106 156;0.2215,0.769,-6.107
119 139 156;0.0570,0.947,-6.107
77 97 119 156;0.0570,0.947,-6.107
60 77 100 156;0.0570,0.947,-6.107
60 67 100 156;0.0570,0.947,-6.107
38 77 97 139 156;0.0570,0.947,-6.107
20 23 156;0.1487,0.810,-6.103
38 67 116 145 156;0.1487,0.810,-6.103
87 97 106 116 145 154 156;0.1487,0.810,-6.103
77 90 156;0.0791,0.893,-6.094
38 77 100 156;0.0791,0.893,-6.094
87 106 116 156;0.1930,0.782,-6.065
48 77 87 156;0.2278,0.766,-6.065
93 157;0.0886,0.538,-6.058
57 156;0.4430,0.707,-6.052
67 97 116 145 154 156;0.1551,0.803,-5.972
73 157;0.0949,0.526,-5.968
38 67 87 97 145 156;0.1392,0.815,-5.949
38 87 106 156;0.1772,0.789,-5.946
48 77 156;0.2848,0.744,-5.913
44 157;0.1013,0.516,-5.908
77 87 97 106 156;0.1835,0.784,-5.863
67 87 97 106 156;0.1835,0.784,-5.863
87 119 156;0.0665,0.913,-5.837
67 119 156;0.0665,0.913,-5.837
20 119 156;0.0665,0.913,-5.837
48 119 156;0.0665,0.913,-5.837
139 148 156;0.0665,0.913,-5.837
20 139 156;0.0665,0.913,-5.837
23 90 156;0.0665,0.913,-5.837
20 97 148 156;0.0665,0.913,-5.837
19 156;0.0411,1.000,-5.829
109 116 156;0.0411,1.000,-5.829
90 97 129 156;0.0411,1.000,-5.829
106 116 139 156;0.0411,1.000,-5.829
5 38 116 156;0.0411,1.000,-5.829
5 20 116 156;0.0411,1.000,-5.829
5 48 116 156;0.0411,1.000,-5.829
77 100 148 156;0.0411,1.000,-5.829
90 97 148 156;0.0411,1.000,-5.829
27 156;0.1456,0.807,-5.806
38 67 87 145 156;0.1456,0.807,-5.806
87 106 145 156;0.1899,0.779,-5.791
67 106 136 145 156;0.1677,0.791,-5.756
67 97 136 145 156;0.1677,0.791,-5.756
38 97 106 136 156;0.1677,0.791,-5.756
38 67 109 156;0.0759,0.889,-5.725
60 67 156;0.0854,0.871,-5.699
60 150 156;0.0854,0.871,-5.699
38 67 100 156;0.0854,0.871,-5.699
20 67 156;0.3608,0.722,-5.698
87 129 156;0.0538,0.944,-5.690
97 129 156;0.0538,0.944,-5.690
5 116 156;0.0538,0.944,-5.690
77 119 148 156;0.0538,0.944,-5.690
38 67 87 97 116 156;0.1519,0.800,-5.682
77 87 106 156;0.2025,0.771,-5.670
67 87 106 156;0.2025,0.771,-5.670
48 136 145 154 156;0.2025,0.771,-5.670
38 77 156;0.2627,0.748,-5.670
118 157;0.0222,0.875,-5.658
38 67 106 116 156;0.1582,0.794,-5.574
48 106 116 156;0.1867,0.776,-5.522
38 136 145 154 156;0.1867,0.776,-5.522
48 87 97 116 145 154 156;0.1424,0.804,-5.515
67 97 116 145 156;0.1646,0.788,-5.479
67 116 145 154 156;0.1646,0.788,-5.479
38 67 106 136 156;0.1646,0.788,-5.479
23 67 150 156;0.1013,0.842,-5.464
77 119 156;0.0633,0.909,-5.451
87 97 148 156;0.0633,0.909,-5.451
38 87 148 156;0.0633,0.909,-5.451
67 97 148 156;0.0633,0.909,-5.451
77 97 106 156;0.1994,0.768,-5.409
38 97 116 136 145 156;0.1487,0.797,-5.399
48 87 116 145 154 156;0.1487,0.797,-5.399
87 116 145 154 156;0.1709,0.783,-5.396
68 157;0.0253,0.800,-5.370
20 65 87 136 157;0.0253,0.800,-5.370
90 119 148 156;0.0380,1.000,-5.370
106 116 119 156;0.0380,1.000,-5.370
87 90 148 156;0.0380,1.000,-5.370
87 100 106 139 156;0.0380,1.000,-5.370
23 150 154 156;0.0823,0.867,-5.352
38 106 116 156;0.1772,0.778,-5.323
38 116 136 145 156;0.1551,0.790,-5.297
97 106 116 145 154 156;0.1551,0.790,-5.297
129 139 156;0.0506,0.941,-5.277
77 129 156;0.0506,0.941,-5.277
32 60 156;0.0506,0.941,-5.277
23 32 156;0.0506,0.941,-5.277
97 109 139 156;0.0506,0.941,-5.277
38 109 139 156;0.0506,0.941,-5.277
48 109 139 156;0.0506,0.941,-5.277
87 106 139 156;0.0506,0.941,-5.277
97 106 139 156;0.0506,0.941,-5.277
48 106 139 156;0.0506,0.941,-5.277
87 109 148 156;0.0506,0.941,-5.277
97 109 148 156;0.0506,0.941,-5.277
67 109 148 156;0.0506,0.941,-5.277
20 109 148 156;0.0506,0.941,-5.277
38 106 136 156;0.1835,0.773,-5.259
38 67 87 97 156;0.1835,0.773,-5.259
72 100 157;0.0158,1.000,-5.245
60 82 157;0.0158,1.000,-5.245
106 109 150 157;0.0158,1.000,-5.245
100 136 150 157;0.0158,1.000,-5.245
43 100 121 157;0.0158,1.000,-5.245
43 100 150 157;0.0158,1.000,-5.245
70 87 154 157;0.0158,1.000,-5.245
70 97 154 157;0.0158,1.000,-5.245
70 77 136 154 157;0.0158,1.000,-5.245
34 70 121 136 157;0.0158,1.000,-5.245
38 87 136 143 150 157;0.0158,1.000,-5.245
38 87 97 116 145 156;0.1392,0.800,-5.231
87 106 156;0.2373,0.750,-5.215
60 156;0.1234,0.812,-5.208
38 67 87 116 156;0.1614,0.785,-5.208
38 87 116 145 156;0.1456,0.793,-5.121
48 87 97 116 145 156;0.1456,0.793,-5.121
67 97 106 116 136 156;0.1456,0.793,-5.121
38 87 97 136 145 156;0.1456,0.793,-5.121
38 136 145 156;0.2025,0.762,-5.111
32 156;0.0601,0.905,-5.071
97 119 156;0.0601,0.905,-5.071
87 97 139 156;0.0601,0.905,-5.071
38 87 139 156;0.0601,0.905,-5.071
48 87 139 156;0.0601,0.905,-5.071
38 97 139 156;0.0601,0.905,-5.071
77 97 148 156;0.0601,0.905,-5.071
23 145 150 156;0.0601,0.905,-5.071
38 148 156;0.0886,0.848,-5.063
20 148 156;0.0886,0.848,-5.063
97 106 116 145 156;0.1741,0.775,-5.061
67 87 97 116 156;0.1741,0.775,-5.061
67 97 106 136 156;0.1741,0.775,-5.061
48 87 116 145 156;0.1519,0.787,-5.026
67 106 116 136 156;0.1519,0.787,-5.026
38 67 116 136 156;0.1519,0.787,-5.026
67 109 156;0.0791,0.862,-5.011
97 148 156;0.0696,0.880,-5.004
67 116 145 156;0.1804,0.770,-5.002
67 136 145 154 156;0.1804,0.770,-5.002
48 145 154 156;0.2342,0.747,-4.974
90 156;0.1044,0.825,-4.943
38 97 116 145 156;0.1582,0.781,-4.942
77 100 106 139 156;0.0348,1.000,-4.912
44 106 136 150 156;0.0348,1.000,-4.912
67 87 145 156;0.1930,0.762,-4.904
109 129 156;0.0475,0.938,-4.870
106 119 156;0.0475,0.938,-4.870
23 100 156;0.0475,0.938,-4.870
77 106 139 156;0.0475,0.938,-4.870
77 109 148 156;0.0475,0.938,-4.870
106 116 148 156;0.0475,0.938,-4.870
48 87 97 145 156;0.1646,0.776,-4.870
67 97 106 116 156;0.1709,0.771,-4.806
38 67 156;0.3133,0.723,-4.799
106 116 136 145 154 156;0.1487,0.783,-4.761
77 106 145 156;0.1772,0.767,-4.750
48 87 145 156;0.1772,0.767,-4.750
20 77 156;0.2880,0.728,-4.733
82 109 157;0.0190,0.857,-4.713
100 111 157;0.0190,0.857,-4.713
109 150 154 157;0.0190,0.857,-4.713
70 77 136 157;0.0190,0.857,-4.713
23 36 65 157;0.0190,0.857,-4.713
65 116 154 157;0.0190,0.857,-4.713
65 106 154 157;0.0190,0.857,-4.713
29 65 97 145 157;0.0190,0.857,-4.713
48 87 156;0.2627,0.735,-4.707
119 148 156;0.0570,0.900,-4.697
77 97 139 156;0.0570,0.900,-4.697
67 136 145 156;0.1899,0.759,-4.660
48 139 156;0.0665,0.875,-4.654
20 87 109 156;0.0665,0.875,-4.654
67 97 136 156;0.1962,0.756,-4.623
106 116 136 145 156;0.1614,0.773,-4.616
65 156;0.2025,0.753,-4.592
97 106 116 156;0.2025,0.753,-4.592
23 150 156;0.1392,0.786,-4.584
65 87 136 145 157;0.0222,0.778,-4.506
11 46 57 77 136 157;0.0222,0.778,-4.506
11 20 46 77 87 136 157;0.0222,0.778,-4.506
11 20 46 57 121 136 157;0.0222,0.778,-4.506
77 97 116 145 156;0.1741,0.764,-4.505
23 67 156;0.1076,0.810,-4.489
20 65 97 157;0.0348,0.647,-4.485
116 139 156;0.0443,0.933,-4.468
106 109 139 156;0.0443,0.933,-4.468
87 100 139 156;0.0443,0.933,-4.468
106 109 148 156;0.0443,0.933,-4.468
67 100 148 156;0.0443,0.933,-4.468
67 106 116 156;0.1804,0.760,-4.460
37 156;0.0316,1.000,-4.456
116 129 156;0.0316,1.000,-4.456
139 145 156;0.0316,1.000,-4.456
67 126 136 156;0.0316,1.000,-4.456
67 97 126 156;0.0316,1.000,-4.456
67 126 154 156;0.0316,1.000,-4.456
100 116 148 156;0.0316,1.000,-4.456
20 100 106 116 156;0.0316,1.000,-4.456
67 83 136 154 156;0.0316,1.000,-4.456
67 83 106 150 154 156;0.0316,1.000,-4.456
38 156;0.4177,0.698,-4.456
65 87 116 157;0.0316,0.667,-4.435
65 77 136 157;0.0316,0.667,-4.435
48 109 156;0.0823,0.839,-4.426
77 100 156;0.0823,0.839,-4.426
11 46 57 121 136 157;0.0253,0.727,-4.426
46 150 156;0.1297,0.788,-4.413
48 106 145 156;0.1930,0.753,-4.388
67 106 136 156;0.1930,0.753,-4.388
48 129 156;0.0538,0.895,-4.329
100 119 156;0.0538,0.895,-4.329
23 156;0.1646,0.765,-4.313
87 148 156;0.0633,0.870,-4.309
48 136 145 156;0.2184,0.742,-4.299
67 87 156;0.2690,0.726,-4.275
106 116 136 156;0.1709,0.761,-4.266
87 97 116 145 156;0.1709,0.761,-4.266
23 76 157;0.0127,1.000,-4.184
41 97 157;0.0127,1.000,-4.184
72 90 157;0.0127,1.000,-4.184
50 72 157;0.0127,1.000,-4.184
20 28 116 157;0.0127,1.000,-4.184
82 139 143 157;0.0127,1.000,-4.184
121 139 143 157;0.0127,1.000,-4.184
82 124 139 157;0.0127,1.000,-4.184
106 109 121 157;0.0127,1.000,-4.184
109 121 136 157;0.0127,1.000,-4.184
109 136 150 157;0.0127,1.000,-4.184
62 100 150 157;0.0127,1.000,-4.184
100 145 150 157;0.0127,1.000,-4.184
100 106 121 157;0.0127,1.000,-4.184
97 100 121 157;0.0127,1.000,-4.184
43 100 131 157;0.0127,1.000,-4.184
11 46 148 157;0.0127,1.000,-4.184
75 106 148 157;0.0127,1.000,-4.184
85 106 148 157;0.0127,1.000,-4.184
60 87 145 157;0.0127,1.000,-4.184
60 97 145 157;0.0127,1.000,-4.184
60 87 136 157;0.0127,1.000,-4.184
60 77 136 157;0.0127,1.000,-4.184
60 97 136 157;0.0127,1.000,-4.184
60 87 154 157;0.0127,1.000,-4.184
60 97 154 157;0.0127,1.000,-4.184
80 106 121 157;0.0127,1.000,-4.184
80 102 106 157;0.0127,1.000,-4.184
65 70 97 157;0.0127,1.000,-4.184
70 97 145 157;0.0127,1.000,-4.184
70 106 154 157;0.0127,1.000,-4.184
70 106 121 157;0.0127,1.000,-4.184
70 106 150 157;0.0127,1.000,-4.184
70 97 121 157;0.0127,1.000,-4.184
38 106 135 154 157;0.0127,1.000,-4.184
34 57 121 139 157;0.0127,1.000,-4.184
34 121 124 139 157;0.0127,1.000,-4.184
70 109 136 154 157;0.0127,1.000,-4.184
34 70 109 154 157;0.0127,1.000,-4.184
34 109 121 154 157;0.0127,1.000,-4.184
72 106 134 148 157;0.0127,1.000,-4.184
106 121 134 148 157;0.0127,1.000,-4.184
106 121 124 148 157;0.0127,1.000,-4.184
18 23 87 143 157;0.0127,1.000,-4.184
18 23 87 102 157;0.0127,1.000,-4.184
80 97 145 150 157;0.0127,1.000,-4.184
70 87 121 136 157;0.0127,1.000,-4.184
34 70 136 154 157;0.0127,1.000,-4.184
34 70 77 154 157;0.0127,1.000,-4.184
23 27 36 52 157;0.0127,1.000,-4.184
23 27 34 36 157;0.0127,1.000,-4.184
29 38 65 77 157;0.0127,1.000,-4.184
29 38 65 97 157;0.0127,1.000,-4.184
75 106 134 154 157;0.0127,1.000,-4.184
34 70 124 136 150 157;0.0127,1.000,-4.184
29 46 57 95 121 157;0.0127,1.000,-4.184
11 29 38 46 77 157;0.0127,1.000,-4.184
20 67 75 106 134 157;0.0127,1.000,-4.184
87 104 116 136 152 157;0.0127,1.000,-4.184
104 116 136 150 152 157;0.0127,1.000,-4.184
20 67 85 106 134 157;0.0127,1.000,-4.184
38 87 121 136 143 157;0.0127,1.000,-4.184
20 77 106 114 150 157;0.0127,1.000,-4.184
11 38 46 77 87 154 157;0.0127,1.000,-4.184
11 38 46 67 77 87 157;0.0127,1.000,-4.184
11 20 38 46 87 154 157;0.0127,1.000,-4.184
11 20 38 46 67 87 157;0.0127,1.000,-4.184
11 38 46 57 77 154 157;0.0127,1.000,-4.184
11 38 46 57 67 77 157;0.0127,1.000,-4.184
11 20 38 46 57 154 157;0.0127,1.000,-4.184
11 20 38 46 57 67 157;0.0127,1.000,-4.184
11 20 29 38 46 57 157;0.0127,1.000,-4.184
20 23 38 67 92 106 157;0.0127,1.000,-4.184
20 23 38 67 102 106 157;0.0127,1.000,-4.184
20 67 95 106 114 121 157;0.0127,1.000,-4.184
20 57 95 106 114 121 157;0.0127,1.000,-4.184
38 67 77 106 114 150 157;0.0127,1.000,-4.184
38 57 77 106 114 150 157;0.0127,1.000,-4.184
106 136 145 156;0.1899,0.750,-4.159
20 109 156;0.0791,0.833,-4.118
106 116 145 154 156;0.1614,0.761,-4.076
77 116 145 154 156;0.1614,0.761,-4.076
48 97 116 145 156;0.1614,0.761,-4.076
63 106 136 156;0.0411,0.929,-4.071
20 97 100 106 156;0.0411,0.929,-4.071
77 106 156;0.2215,0.737,-4.068
97 116 145 154 156;0.1677,0.757,-4.033
66 150 156;0.0285,1.000,-4.003
46 53 156;0.0285,1.000,-4.003
67 106 126 156;0.0285,1.000,-4.003
44 48 97 136 156;0.0285,1.000,-4.003
44 97 136 150 156;0.0285,1.000,-4.003
48 116 145 156;0.1741,0.753,-3.996
87 139 156;0.0601,0.864,-3.972
97 139 156;0.0601,0.864,-3.972
106 139 156;0.0506,0.889,-3.968
109 148 156;0.0506,0.889,-3.968
106 116 145 156;0.1804,0.750,-3.964
65 87 97 157;0.0348,0.611,-3.900
77 97 116 156;0.1994,0.741,-3.894
48 106 156;0.2690,0.720,-3.869
67 97 106 156;0.2184,0.734,-3.856
20 156;0.4525,0.688,-3.854
65 116 136 157;0.0316,0.625,-3.813
65 97 116 157;0.0316,0.625,-3.813
65 136 145 150 157;0.0316,0.625,-3.813
76 97 134 157;0.0158,0.833,-3.791
97 109 150 157;0.0158,0.833,-3.791
97 100 150 157;0.0158,0.833,-3.791
106 121 148 157;0.0158,0.833,-3.791
80 97 150 157;0.0158,0.833,-3.791
70 106 136 157;0.0158,0.833,-3.791
70 97 136 157;0.0158,0.833,-3.791
46 65 136 157;0.0158,0.833,-3.791
34 70 124 136 157;0.0158,0.833,-3.791
23 87 102 143 157;0.0158,0.833,-3.791
65 77 145 154 157;0.0158,0.833,-3.791
29 65 77 145 157;0.0158,0.833,-3.791
38 65 87 136 157;0.0158,0.833,-3.791
38 87 136 143 157;0.0158,0.833,-3.791
11 38 46 77 87 157;0.0158,0.833,-3.791
11 38 46 57 154 157;0.0158,0.833,-3.791
11 20 38 46 57 157;0.0158,0.833,-3.791
87 116 136 150 152 157;0.0158,0.833,-3.791
38 87 104 116 136 157;0.0158,0.833,-3.791
38 104 116 136 150 157;0.0158,0.833,-3.791
11 20 46 97 116 136 157;0.0158,0.833,-3.791
38 46 77 87 136 154 157;0.0158,0.833,-3.791
11 20 46 87 97 136 157;0.0158,0.833,-3.791
11 20 46 57 97 136 157;0.0158,0.833,-3.791
36 156;0.1709,0.750,-3.772
77 87 116 145 156;0.1709,0.750,-3.772
77 87 145 154 156;0.1709,0.750,-3.772
87 104 136 157;0.0285,0.643,-3.737
87 116 145 156;0.1835,0.744,-3.719
119 156;0.0665,0.840,-3.716
97 116 145 156;0.1899,0.741,-3.699
67 97 116 156;0.1899,0.741,-3.699
97 106 136 156;0.1962,0.738,-3.682
46 77 87 136 157;0.0253,0.667,-3.680
46 57 121 136 157;0.0253,0.667,-3.680
11 46 57 136 157;0.0253,0.667,-3.680
57 65 87 136 157;0.0253,0.667,-3.680
11 20 65 87 157;0.0253,0.667,-3.680
38 82 85 154 157;0.0253,0.667,-3.680
116 136 148 156;0.0380,0.923,-3.680
29 65 97 157;0.0190,0.750,-3.671
65 87 136 154 157;0.0190,0.750,-3.671
11 20 46 87 116 136 157;0.0190,0.750,-3.671
11 20 29 46 57 121 157;0.0190,0.750,-3.671
46 57 77 136 157;0.0222,0.700,-3.651
11 20 46 87 121 136 157;0.0222,0.700,-3.651
136 145 154 156;0.2215,0.729,-3.645
77 139 156;0.0570,0.857,-3.642
136 148 156;0.0570,0.857,-3.642
106 136 156;0.2278,0.727,-3.642
48 156;0.4652,0.684,-3.626
100 148 156;0.0475,0.882,-3.614
65 97 157;0.0506,0.533,-3.603
150 153 156;0.0253,1.000,-3.551
67 126 145 156;0.0253,1.000,-3.551
67 132 136 156;0.0253,1.000,-3.551
73 83 87 156;0.0253,1.000,-3.551
5 77 87 145 156;0.0253,1.000,-3.551
5 77 87 136 156;0.0253,1.000,-3.551
5 77 87 154 156;0.0253,1.000,-3.551
63 83 87 136 156;0.0253,1.000,-3.551
44 77 116 150 156;0.0253,1.000,-3.551
67 100 156;0.0886,0.800,-3.518
77 116 145 156;0.1867,0.738,-3.491
106 116 156;0.2120,0.728,-3.450
77 156;0.3449,0.699,-3.403
57 65 136 150 157;0.0348,0.579,-3.395
67 116 136 154 156;0.1582,0.746,-3.371
129 156;0.0538,0.850,-3.320
116 148 156;0.0538,0.850,-3.320
116 145 154 156;0.1772,0.737,-3.304
67 106 145 154 156;0.1772,0.737,-3.304
67 97 145 154 156;0.1772,0.737,-3.304
5 87 145 156;0.0348,0.917,-3.295
5 87 136 156;0.0348,0.917,-3.295
67 83 136 156;0.0348,0.917,-3.295
44 67 136 150 156;0.0348,0.917,-3.295
65 87 136 157;0.0316,0.588,-3.283
67 97 145 156;0.1899,0.732,-3.276
100 139 156;0.0443,0.875,-3.268
83 87 156;0.0443,0.875,-3.268
87 145 154 156;0.1962,0.729,-3.267
67 145 154 156;0.2152,0.723,-3.253
20 65 116 157;0.0285,0.600,-3.176
75 82 154 157;0.0285,0.600,-3.176
82 85 154 157;0.0285,0.600,-3.176
20 65 136 150 157;0.0285,0.600,-3.176
34 38 85 154 157;0.0285,0.600,-3.176
11 46 57 87 121 157;0.0285,0.600,-3.176
11 20 46 57 121 157;0.0285,0.600,-3.176
139 150 157;0.0095,1.000,-3.129
36 109 157;0.0095,1.000,-3.129
41 82 157;0.0095,1.000,-3.129
50 106 157;0.0095,1.000,-3.129
43 50 157;0.0095,1.000,-3.129
46 80 157;0.0095,1.000,-3.129
23 116 149 157;0.0095,1.000,-3.129
23 87 149 157;0.0095,1.000,-3.129
23 97 149 157;0.0095,1.000,-3.129
116 124 149 157;0.0095,1.000,-3.129
87 124 149 157;0.0095,1.000,-3.129
97 124 149 157;0.0095,1.000,-3.129
11 14 80 157;0.0095,1.000,-3.129
47 76 97 157;0.0095,1.000,-3.129
28 76 116 157;0.0095,1.000,-3.129
28 76 97 157;0.0095,1.000,-3.129
28 65 116 157;0.0095,1.000,-3.129
28 65 136 157;0.0095,1.000,-3.129
28 145 152 157;0.0095,1.000,-3.129
28 97 152 157;0.0095,1.000,-3.129
20 28 145 157;0.0095,1.000,-3.129
20 28 136 157;0.0095,1.000,-3.129
20 28 97 157;0.0095,1.000,-3.129
76 116 152 157;0.0095,1.000,-3.129
76 116 134 157;0.0095,1.000,-3.129
114 129 154 157;0.0095,1.000,-3.129
106 129 150 157;0.0095,1.000,-3.129
43 129 150 157;0.0095,1.000,-3.129
129 150 154 157;0.0095,1.000,-3.129
82 104 119 157;0.0095,1.000,-3.129
82 119 124 157;0.0095,1.000,-3.129
82 104 139 157;0.0095,1.000,-3.129
82 114 139 157;0.0095,1.000,-3.129
52 114 139 157;0.0095,1.000,-3.129
114 121 139 157;0.0095,1.000,-3.129
87 121 139 157;0.0095,1.000,-3.129
82 121 139 157;0.0095,1.000,-3.129
77 121 139 157;0.0095,1.000,-3.129
97 121 139 157;0.0095,1.000,-3.129
43 121 139 157;0.0095,1.000,-3.129
38 121 139 157;0.0095,1.000,-3.129
52 109 114 157;0.0095,1.000,-3.129
109 145 150 157;0.0095,1.000,-3.129
106 109 141 157;0.0095,1.000,-3.129
52 109 121 157;0.0095,1.000,-3.129
52 109 150 157;0.0095,1.000,-3.129
97 109 121 157;0.0095,1.000,-3.129
43 109 150 157;0.0095,1.000,-3.129
41 87 136 157;0.0095,1.000,-3.129
41 77 136 157;0.0095,1.000,-3.129
41 87 154 157;0.0095,1.000,-3.129
100 104 116 157;0.0095,1.000,-3.129
100 104 145 157;0.0095,1.000,-3.129
100 104 136 157;0.0095,1.000,-3.129
85 100 106 157;0.0095,1.000,-3.129
100 116 121 157;0.0095,1.000,-3.129
100 116 150 157;0.0095,1.000,-3.129
100 106 131 157;0.0095,1.000,-3.129
100 121 136 157;0.0095,1.000,-3.129
97 100 131 157;0.0095,1.000,-3.129
90 106 121 157;0.0095,1.000,-3.129
90 136 150 157;0.0095,1.000,-3.129
29 46 148 157;0.0095,1.000,-3.129
36 141 148 157;0.0095,1.000,-3.129
106 141 148 157;0.0095,1.000,-3.129
34 60 75 157;0.0095,1.000,-3.129
60 106 145 157;0.0095,1.000,-3.129
60 77 145 157;0.0095,1.000,-3.129
34 60 145 157;0.0095,1.000,-3.129
60 106 154 157;0.0095,1.000,-3.129
60 106 121 157;0.0095,1.000,-3.129
34 60 136 157;0.0095,1.000,-3.129
60 97 121 157;0.0095,1.000,-3.129
34 60 111 157;0.0095,1.000,-3.129
43 60 150 157;0.0095,1.000,-3.129
34 60 154 157;0.0095,1.000,-3.129
80 102 152 157;0.0095,1.000,-3.129
80 97 121 157;0.0095,1.000,-3.129
80 97 102 157;0.0095,1.000,-3.129
65 70 87 157;0.0095,1.000,-3.129
65 70 77 157;0.0095,1.000,-3.129
70 106 145 157;0.0095,1.000,-3.129
70 87 145 157;0.0095,1.000,-3.129
70 77 145 157;0.0095,1.000,-3.129
70 106 141 157;0.0095,1.000,-3.129
70 82 87 157;0.0095,1.000,-3.129
70 82 97 157;0.0095,1.000,-3.129
70 82 154 157;0.0095,1.000,-3.129
57 70 82 157;0.0095,1.000,-3.129
43 70 121 157;0.0095,1.000,-3.129
43 70 150 157;0.0095,1.000,-3.129
106 143 154 157;0.0095,1.000,-3.129
11 14 38 114 157;0.0095,1.000,-3.129
11 14 20 38 157;0.0095,1.000,-3.129
85 106 135 145 157;0.0095,1.000,-3.129
38 85 135 145 157;0.0095,1.000,-3.129
85 106 135 154 157;0.0095,1.000,-3.129
38 85 135 154 157;0.0095,1.000,-3.129
38 106 135 145 157;0.0095,1.000,-3.129
38 77 106 135 157;0.0095,1.000,-3.129
38 67 106 135 157;0.0095,1.000,-3.129
20 38 106 135 157;0.0095,1.000,-3.129
38 48 135 154 157;0.0095,1.000,-3.129
11 38 135 154 157;0.0095,1.000,-3.129
38 48 67 135 157;0.0095,1.000,-3.129
11 38 67 135 157;0.0095,1.000,-3.129
20 38 48 135 157;0.0095,1.000,-3.129
11 20 38 135 157;0.0095,1.000,-3.129
28 57 116 152 157;0.0095,1.000,-3.129
57 76 87 134 157;0.0095,1.000,-3.129
38 67 76 134 157;0.0095,1.000,-3.129
34 121 136 139 157;0.0095,1.000,-3.129
87 109 121 154 157;0.0095,1.000,-3.129
34 87 109 121 157;0.0095,1.000,-3.129
5 34 57 70 157;0.0095,1.000,-3.129
5 34 70 141 157;0.0095,1.000,-3.129
5 34 70 150 157;0.0095,1.000,-3.129
87 100 150 154 157;0.0095,1.000,-3.129
60 75 134 148 157;0.0095,1.000,-3.129
34 60 121 148 157;0.0095,1.000,-3.129
57 75 134 148 157;0.0095,1.000,-3.129
57 72 75 148 157;0.0095,1.000,-3.129
38 121 148 152 157;0.0095,1.000,-3.129
57 85 134 148 157;0.0095,1.000,-3.129
85 134 141 148 157;0.0095,1.000,-3.129
57 72 134 148 157;0.0095,1.000,-3.129
106 111 134 148 157;0.0095,1.000,-3.129
57 121 134 148 157;0.0095,1.000,-3.129
57 72 85 148 157;0.0095,1.000,-3.129
25 85 141 148 157;0.0095,1.000,-3.129
72 106 114 148 157;0.0095,1.000,-3.129
106 111 114 148 157;0.0095,1.000,-3.129
72 106 124 148 157;0.0095,1.000,-3.129
82 106 124 148 157;0.0095,1.000,-3.129
106 111 124 148 157;0.0095,1.000,-3.129
18 23 65 87 157;0.0095,1.000,-3.129
18 23 57 65 157;0.0095,1.000,-3.129
18 23 87 152 157;0.0095,1.000,-3.129
18 23 62 87 157;0.0095,1.000,-3.129
18 23 87 92 157;0.0095,1.000,-3.129
18 23 52 87 157;0.0095,1.000,-3.129
18 23 43 87 157;0.0095,1.000,-3.129
18 23 57 87 157;0.0095,1.000,-3.129
18 23 87 141 157;0.0095,1.000,-3.129
18 23 34 87 157;0.0095,1.000,-3.129
80 121 145 152 157;0.0095,1.000,-3.129
80 87 136 150 157;0.0095,1.000,-3.129
34 80 136 150 157;0.0095,1.000,-3.129
23 70 87 136 157;0.0095,1.000,-3.129
34 70 114 136 157;0.0095,1.000,-3.129
23 27 36 152 157;0.0095,1.000,-3.129
23 27 36 143 157;0.0095,1.000,-3.129
23 27 36 104 157;0.0095,1.000,-3.129
23 27 36 114 157;0.0095,1.000,-3.129
23 27 36 62 157;0.0095,1.000,-3.129
23 27 36 92 157;0.0095,1.000,-3.129
23 27 36 57 157;0.0095,1.000,-3.129
23 27 36 102 157;0.0095,1.000,-3.129
23 27 65 104 157;0.0095,1.000,-3.129
23 27 65 114 157;0.0095,1.000,-3.129
23 27 104 152 157;0.0095,1.000,-3.129
23 27 104 143 157;0.0095,1.000,-3.129
23 27 114 143 157;0.0095,1.000,-3.129
23 27 87 104 157;0.0095,1.000,-3.129
27 36 106 134 157;0.0095,1.000,-3.129
27 36 57 77 157;0.0095,1.000,-3.129
20 27 36 97 157;0.0095,1.000,-3.129
23 36 46 152 157;0.0095,1.000,-3.129
46 65 145 154 157;0.0095,1.000,-3.129
38 46 65 154 157;0.0095,1.000,-3.129
46 57 77 95 157;0.0095,1.000,-3.129
11 23 55 67 157;0.0095,1.000,-3.129
23 36 87 152 157;0.0095,1.000,-3.129
23 36 87 143 157;0.0095,1.000,-3.129
23 65 114 143 157;0.0095,1.000,-3.129
23 52 65 104 157;0.0095,1.000,-3.129
23 34 65 104 157;0.0095,1.000,-3.129
23 52 65 114 157;0.0095,1.000,-3.129
23 34 65 114 157;0.0095,1.000,-3.129
23 87 136 143 157;0.0095,1.000,-3.129
36 65 106 134 157;0.0095,1.000,-3.129
36 97 116 152 157;0.0095,1.000,-3.129
20 36 97 152 157;0.0095,1.000,-3.129
29 38 65 116 157;0.0095,1.000,-3.129
38 65 87 154 157;0.0095,1.000,-3.129
29 38 65 87 157;0.0095,1.000,-3.129
38 65 77 154 157;0.0095,1.000,-3.129
85 106 134 154 157;0.0095,1.000,-3.129
38 136 143 154 157;0.0095,1.000,-3.129
38 87 143 154 157;0.0095,1.000,-3.129
5 20 38 48 114 157;0.0095,1.000,-3.129
34 57 121 124 148 157;0.0095,1.000,-3.129
20 27 36 57 150 157;0.0095,1.000,-3.129
23 46 57 97 136 157;0.0095,1.000,-3.129
23 38 46 57 136 157;0.0095,1.000,-3.129
11 23 38 46 57 157;0.0095,1.000,-3.129
36 46 57 65 116 157;0.0095,1.000,-3.129
36 46 57 116 152 157;0.0095,1.000,-3.129
36 46 87 97 152 157;0.0095,1.000,-3.129
36 46 57 87 152 157;0.0095,1.000,-3.129
36 46 57 97 116 157;0.0095,1.000,-3.129
36 46 102 106 121 157;0.0095,1.000,-3.129
36 46 57 87 97 157;0.0095,1.000,-3.129
11 46 75 85 106 157;0.0095,1.000,-3.129
46 52 57 87 95 157;0.0095,1.000,-3.129
29 46 77 87 95 157;0.0095,1.000,-3.129
20 46 77 87 95 157;0.0095,1.000,-3.129
46 57 87 95 121 157;0.0095,1.000,-3.129
29 46 52 57 95 157;0.0095,1.000,-3.129
46 57 67 95 121 157;0.0095,1.000,-3.129
23 52 87 114 143 157;0.0095,1.000,-3.129
23 34 57 114 154 157;0.0095,1.000,-3.129
36 57 87 116 152 157;0.0095,1.000,-3.129
36 57 116 150 152 157;0.0095,1.000,-3.129
20 36 57 150 152 157;0.0095,1.000,-3.129
57 65 87 104 152 157;0.0095,1.000,-3.129
20 65 87 104 152 157;0.0095,1.000,-3.129
57 65 104 116 150 157;0.0095,1.000,-3.129
67 75 106 134 145 157;0.0095,1.000,-3.129
29 75 106 134 145 157;0.0095,1.000,-3.129
20 75 106 134 145 157;0.0095,1.000,-3.129
34 75 134 145 154 157;0.0095,1.000,-3.129
20 29 75 106 134 157;0.0095,1.000,-3.129
34 57 75 134 154 157;0.0095,1.000,-3.129
38 95 104 136 152 157;0.0095,1.000,-3.129
38 87 95 116 152 157;0.0095,1.000,-3.129
38 57 95 136 152 157;0.0095,1.000,-3.129
20 38 95 136 152 157;0.0095,1.000,-3.129
20 95 136 141 152 157;0.0095,1.000,-3.129
85 95 106 121 145 157;0.0095,1.000,-3.129
85 95 106 121 154 157;0.0095,1.000,-3.129
57 67 85 95 106 157;0.0095,1.000,-3.129
67 85 95 106 121 157;0.0095,1.000,-3.129
20 57 85 95 106 157;0.0095,1.000,-3.129
20 85 95 106 121 157;0.0095,1.000,-3.129
38 67 95 106 114 157;0.0095,1.000,-3.129
38 57 95 106 114 157;0.0095,1.000,-3.129
43 104 116 136 152 157;0.0095,1.000,-3.129
38 104 116 136 152 157;0.0095,1.000,-3.129
38 87 104 116 152 157;0.0095,1.000,-3.129
57 87 104 116 152 157;0.0095,1.000,-3.129
57 104 116 150 152 157;0.0095,1.000,-3.129
67 85 106 134 145 157;0.0095,1.000,-3.129
20 85 106 134 145 157;0.0095,1.000,-3.129
20 48 85 106 134 157;0.0095,1.000,-3.129
34 57 114 134 154 157;0.0095,1.000,-3.129
38 104 116 136 143 157;0.0095,1.000,-3.129
48 104 116 136 143 157;0.0095,1.000,-3.129
38 87 104 116 143 157;0.0095,1.000,-3.129
48 87 104 116 143 157;0.0095,1.000,-3.129
57 114 136 143 154 157;0.0095,1.000,-3.129
57 87 114 143 154 157;0.0095,1.000,-3.129
52 57 114 143 154 157;0.0095,1.000,-3.129
57 102 114 143 154 157;0.0095,1.000,-3.129
34 57 114 143 154 157;0.0095,1.000,-3.129
87 116 136 143 150 157;0.0095,1.000,-3.129
38 87 116 121 143 157;0.0095,1.000,-3.129
38 87 116 143 150 157;0.0095,1.000,-3.129
48 87 116 143 150 157;0.0095,1.000,-3.129
38 87 106 143 150 157;0.0095,1.000,-3.129
20 87 121 136 143 157;0.0095,1.000,-3.129
20 87 136 143 150 157;0.0095,1.000,-3.129
5 20 38 67 106 114 157;0.0095,1.000,-3.129
5 20 38 57 106 114 157;0.0095,1.000,-3.129
20 23 46 97 116 136 157;0.0095,1.000,-3.129
20 23 46 97 136 145 157;0.0095,1.000,-3.129
11 23 46 57 97 145 157;0.0095,1.000,-3.129
11 20 23 46 97 145 157;0.0095,1.000,-3.129
20 23 46 87 97 136 157;0.0095,1.000,-3.129
23 38 46 87 136 154 157;0.0095,1.000,-3.129
23 29 38 46 77 136 157;0.0095,1.000,-3.129
23 29 38 46 136 154 157;0.0095,1.000,-3.129
11 23 38 46 87 154 157;0.0095,1.000,-3.129
11 23 29 38 46 154 157;0.0095,1.000,-3.129
11 38 46 77 116 154 157;0.0095,1.000,-3.129
11 38 46 67 77 116 157;0.0095,1.000,-3.129
11 20 38 46 116 154 157;0.0095,1.000,-3.129
11 20 38 46 67 116 157;0.0095,1.000,-3.129
11 20 29 38 46 116 157;0.0095,1.000,-3.129
11 46 67 77 106 136 157;0.0095,1.000,-3.129
11 38 46 77 106 154 157;0.0095,1.000,-3.129
11 38 46 67 77 106 157;0.0095,1.000,-3.129
11 20 38 46 106 154 157;0.0095,1.000,-3.129
11 20 38 46 67 106 157;0.0095,1.000,-3.129
11 20 29 38 46 154 157;0.0095,1.000,-3.129
11 20 29 38 46 67 157;0.0095,1.000,-3.129
23 87 106 114 143 150 157;0.0095,1.000,-3.129
23 87 97 114 143 150 157;0.0095,1.000,-3.129
20 23 67 92 106 116 157;0.0095,1.000,-3.129
20 23 67 77 92 106 157;0.0095,1.000,-3.129
20 23 67 92 106 154 157;0.0095,1.000,-3.129
20 23 38 92 106 154 157;0.0095,1.000,-3.129
20 23 67 77 102 106 157;0.0095,1.000,-3.129
20 23 67 102 106 154 157;0.0095,1.000,-3.129
20 23 34 67 106 154 157;0.0095,1.000,-3.129
20 23 38 102 106 154 157;0.0095,1.000,-3.129
20 23 34 38 106 154 157;0.0095,1.000,-3.129
20 57 65 104 150 152 157;0.0095,1.000,-3.129
43 48 67 75 95 136 157;0.0095,1.000,-3.129
7 11 75 106 114 134 157;0.0095,1.000,-3.129
34 57 67 75 134 145 157;0.0095,1.000,-3.129
29 34 57 75 134 145 157;0.0095,1.000,-3.129
20 34 57 75 134 145 157;0.0095,1.000,-3.129
20 95 106 114 121 154 157;0.0095,1.000,-3.129
38 43 67 95 114 136 157;0.0095,1.000,-3.129
38 43 57 95 114 136 157;0.0095,1.000,-3.129
20 43 48 95 114 136 157;0.0095,1.000,-3.129
34 38 67 95 114 136 157;0.0095,1.000,-3.129
34 38 57 95 114 136 157;0.0095,1.000,-3.129
29 38 43 67 95 114 157;0.0095,1.000,-3.129
29 38 43 57 95 114 157;0.0095,1.000,-3.129
38 57 116 121 143 152 157;0.0095,1.000,-3.129
34 57 67 114 134 145 157;0.0095,1.000,-3.129
29 67 87 106 143 150 157;0.0095,1.000,-3.129
29 57 87 106 143 150 157;0.0095,1.000,-3.129
20 38 77 121 136 143 157;0.0095,1.000,-3.129
20 38 77 136 143 150 157;0.0095,1.000,-3.129
52 67 77 87 121 143 157;0.0095,1.000,-3.129
38 52 77 87 121 143 157;0.0095,1.000,-3.129
11 38 52 87 121 143 157;0.0095,1.000,-3.129
38 48 87 97 131 143 157;0.0095,1.000,-3.129
38 48 87 97 121 143 157;0.0095,1.000,-3.129
38 43 48 87 143 150 157;0.0095,1.000,-3.129
11 38 43 87 143 150 157;0.0095,1.000,-3.129
11 52 67 77 121 143 157;0.0095,1.000,-3.129
11 38 52 77 121 143 157;0.0095,1.000,-3.129
29 38 77 106 114 150 157;0.0095,1.000,-3.129
38 48 77 106 114 150 157;0.0095,1.000,-3.129
11 20 46 77 106 136 154 157;0.0095,1.000,-3.129
11 20 46 106 121 136 154 157;0.0095,1.000,-3.129
11 20 46 67 106 121 136 157;0.0095,1.000,-3.129
20 23 29 38 77 92 106 157;0.0095,1.000,-3.129
20 23 29 38 77 102 106 157;0.0095,1.000,-3.129
38 48 57 75 85 106 134 157;0.0095,1.000,-3.129
20 43 67 95 114 121 136 157;0.0095,1.000,-3.129
20 43 57 95 114 121 136 157;0.0095,1.000,-3.129
20 34 67 95 114 121 136 157;0.0095,1.000,-3.129
20 34 57 95 114 121 136 157;0.0095,1.000,-3.129
20 29 43 57 95 114 121 157;0.0095,1.000,-3.129
20 34 57 95 114 121 154 157;0.0095,1.000,-3.129
38 67 97 106 111 116 134 157;0.0095,1.000,-3.129
20 29 52 77 87 121 143 157;0.0095,1.000,-3.129
11 20 52 67 87 121 143 157;0.0095,1.000,-3.129
11 20 29 52 87 121 143 157;0.0095,1.000,-3.129
11 20 23 38 77 87 92 106 157;0.0095,1.000,-3.129
11 20 23 38 77 87 102 106 157;0.0095,1.000,-3.129
86 150 156;0.0222,1.000,-3.100
105 150 156;0.0222,1.000,-3.100
83 116 154 156;0.0222,1.000,-3.100
93 97 136 156;0.0222,1.000,-3.100
63 67 112 136 156;0.0222,1.000,-3.100
53 63 97 136 156;0.0222,1.000,-3.100
44 97 116 150 156;0.0222,1.000,-3.100
67 145 156;0.2373,0.714,-3.081
46 57 136 157;0.0253,0.615,-3.076
20 65 87 157;0.0253,0.615,-3.076
85 106 154 157;0.0253,0.615,-3.076
65 136 150 154 157;0.0253,0.615,-3.076
11 20 46 77 87 157;0.0253,0.615,-3.076
11 20 46 57 77 157;0.0253,0.615,-3.076
67 136 156;0.2310,0.716,-3.075
97 106 145 156;0.1994,0.724,-3.070
67 116 156;0.2184,0.719,-3.067
109 139 156;0.0506,0.842,-3.006
5 136 156;0.0506,0.842,-3.006
