23 90;0.4690,1.000,-4558.581
22 89;0.5158,0.971,-4558.581
21 26 63 90;0.3934,0.951,-2624.954
21 25 26 66 90;0.3887,0.955,-2604.148
21 25 26 90;0.3911,0.950,-2594.305
28 47 89;0.4136,0.940,-2394.335
21 26 90;0.3934,0.898,-2196.049
28 51 89;0.3893,0.936,-2108.701
26 46 90;0.2753,1.000,-1881.967
46 66 90;0.2707,1.000,-1839.944
26 50 90;0.2652,1.000,-1791.176
50 66 90;0.2652,1.000,-1791.176
21 25 80 90;0.3078,0.953,-1779.383
21 63 80 90;0.3078,0.953,-1779.383
21 80 90;0.3078,0.919,-1568.404
28 71 89;0.3601,0.890,-1538.271
46 90;0.2753,0.943,-1462.165
21 25 66 90;0.4021,0.771,-1415.429
21 63 66 90;0.4010,0.771,-1403.447
26 29 76 90;0.2169,1.000,-1388.895
26 66 76 90;0.2169,1.000,-1388.895
26 29 68 90;0.2169,1.000,-1388.895
26 68 80 90;0.2169,1.000,-1388.895
26 66 68 90;0.2169,1.000,-1388.895
32 90;0.2160,1.000,-1381.379
50 90;0.2652,0.939,-1367.659
40 76 90;0.2130,1.000,-1357.866
29 40 68 90;0.2130,1.000,-1357.866
21 29 40 90;0.2130,1.000,-1357.866
26 29 40 90;0.2130,1.000,-1357.866
40 68 80 90;0.2130,1.000,-1357.866
26 40 68 90;0.2130,1.000,-1357.866
26 76 80 90;0.2169,0.992,-1325.417
26 29 80 90;0.2392,0.964,-1314.028
26 29 90;0.2610,0.934,-1309.237
20 88 89;0.2236,1.000,-1304.950
40 41 88 89;0.2236,1.000,-1304.950
40 71 88 89;0.2236,1.000,-1304.950
41 75 90;0.2042,1.000,-1290.365
28 75 90;0.2042,1.000,-1290.365
20 28 89;0.3243,0.879,-1239.499
29 76 90;0.2190,0.973,-1220.255
66 76 90;0.2190,0.973,-1220.255
28 40 89;0.3057,0.896,-1218.219
29 68 90;0.2180,0.973,-1212.954
21 68 76 90;0.2180,0.973,-1212.954
68 80 90;0.2169,0.972,-1204.631
21 66 90;0.4021,0.737,-1201.297
76 80 90;0.2169,0.965,-1168.154
20 47 89;0.3368,0.851,-1164.877
28 73 89;0.2018,1.000,-1152.216
29 90;0.2753,0.881,-1148.716
28 89;0.4787,0.696,-1148.716
21 63 90;0.4057,0.724,-1144.278
47 71 89;0.3666,0.814,-1137.983
21 25 90;0.4045,0.723,-1131.752
75 90;0.2042,0.971,-1112.602
71 89;0.3850,0.791,-1110.856
40 41 47 51 89;0.2236,0.963,-1071.325
26 39 41 66 90;0.1718,1.000,-1051.291
70 90;0.1641,1.000,-997.124
20 51 89;0.3135,0.840,-988.005
20 89;0.3368,0.813,-972.375
21 90;0.4068,0.694,-972.375
39 41 66 90;0.1851,0.968,-971.730
26 39 41 90;0.1810,0.971,-961.043
47 89;0.4477,0.703,-952.535
39 41 90;0.1942,0.944,-931.878
26 41 51 88 89;0.2112,0.945,-916.299
40 41 51 89;0.2236,0.927,-908.442
25 26 80 90;0.3448,0.745,-899.996
26 63 80 90;0.3448,0.745,-899.996
26 68 90;0.2169,0.900,-894.839
7 40 89;0.1600,1.000,-879.307
40 73 89;0.1596,1.000,-876.731
26 76 90;0.2216,0.883,-856.833
10 26 40 90;0.1414,1.000,-841.313
40 72 89;0.1524,1.000,-831.548
68 76 90;0.2180,0.878,-822.887
26 80 90;0.3448,0.727,-811.579
25 80 90;0.3511,0.720,-809.163
63 80 90;0.3511,0.720,-809.163
41 51 88 89;0.2236,0.901,-808.361
80 90;0.3511,0.703,-728.402
73 89;0.2142,0.883,-705.267
27 82 89;0.1283,1.000,-685.746
21 60 82 89;0.1283,1.000,-685.746
21 55 82 89;0.1283,1.000,-685.746
51 89;0.4173,0.686,-683.086
40 41 89;0.2236,0.863,-677.223
26 63 90;0.4698,0.577,-640.412
72 89;0.2020,0.878,-638.872
25 26 66 90;0.4560,0.591,-628.879
17 40 68 90;0.1071,1.000,-618.090
17 66 68 90;0.1071,1.000,-618.090
9 40 68 90;0.1071,1.000,-618.090
52 66 90;0.1070,1.000,-617.228
59 76 90;0.1063,1.000,-612.922
59 68 90;0.1063,1.000,-612.922
54 76 90;0.1057,1.000,-609.481
54 68 90;0.1057,1.000,-609.481
25 26 90;0.4675,0.576,-607.550
52 90;0.1116,0.983,-585.457
58 89;0.1071,1.000,-562.392
21 43 89;0.1070,1.000,-561.610
27 40 89;0.1070,1.000,-561.610
53 89;0.1059,1.000,-555.367
9 66 68 90;0.1101,0.972,-547.030
40 81 89;0.1041,1.000,-545.245
27 55 68 89;0.1007,1.000,-525.865
27 63 68 89;0.1007,1.000,-525.865
27 55 89;0.1469,0.917,-521.970
27 63 89;0.1469,0.917,-521.970
27 89;0.1469,0.911,-506.998
26 90;0.4698,0.560,-506.998
77 89;0.0962,1.000,-500.453
76 90;0.2236,0.763,-493.142
43 68 89;0.0945,1.000,-491.259
40 43 89;0.0945,1.000,-491.259
68 82 89;0.0945,1.000,-491.259
21 40 82 89;0.0945,1.000,-491.259
66 85 90;0.1236,0.911,-476.901
17 68 90;0.1071,0.948,-475.579
19 28 41 90;0.0808,1.000,-456.352
7 28 39 66 90;0.0803,1.000,-453.060
14 28 39 66 90;0.0786,1.000,-443.200
42 60 89;0.0856,1.000,-441.892
42 55 89;0.0856,1.000,-441.892
26 42 66 89;0.0856,1.000,-441.892
42 63 66 89;0.0856,1.000,-441.892
41 82 90;0.0758,1.000,-426.011
68 88 90;0.0751,1.000,-421.931
85 90;0.1236,0.883,-421.535
31 40 89;0.0808,1.000,-415.605
42 66 89;0.0856,0.987,-406.003
7 60 89;0.1197,0.910,-398.556
5 40 90;0.0703,1.000,-393.498
40 83 90;0.0702,1.000,-392.688
11 41 89;0.0760,1.000,-389.522
7 55 89;0.1230,0.898,-389.050
60 82 89;0.1710,0.821,-388.487
55 82 89;0.1710,0.821,-388.487
40 88 89;0.2236,0.759,-378.910
25 26 42 89;0.0856,0.974,-376.487
25 42 63 89;0.0856,0.974,-376.487
26 41 88 89;0.2121,0.763,-361.403
33 41 90;0.0646,1.000,-359.674
9 68 90;0.1101,0.876,-358.569
17 41 89;0.0699,1.000,-356.279
25 42 89;0.0856,0.962,-354.297
14 39 66 90;0.0870,0.931,-352.187
31 89;0.1159,0.889,-347.737
39 88 90;0.0870,0.926,-343.975
5 25 66 90;0.0718,0.970,-342.000
5 66 68 90;0.0717,0.970,-341.221
5 63 66 90;0.0715,0.970,-340.443
34 41 90;0.0610,1.000,-338.895
41 88 89;0.2246,0.741,-338.074
57 90;0.0602,1.000,-334.117
26 42 89;0.0856,0.948,-332.242
42 63 89;0.0856,0.948,-332.242
19 41 90;0.0808,0.929,-322.639
21 79 82 89;0.0636,1.000,-322.632
67 76 89;0.0632,1.000,-320.449
10 21 82 89;0.0631,1.000,-319.722
42 89;0.0856,0.937,-314.554
14 40 89;0.1020,0.892,-307.154
7 43 89;0.0606,1.000,-306.657
39 59 90;0.0539,1.000,-297.695
26 35 89;0.0740,0.958,-297.158
39 54 90;0.0536,1.000,-296.120
10 17 40 90;0.0535,1.000,-295.333
10 17 66 90;0.0535,1.000,-295.333
60 81 89;0.0581,1.000,-293.642
28 56 66 90;0.0531,1.000,-292.972
55 81 89;0.0579,1.000,-292.199
10 59 90;0.0528,1.000,-291.398
40 68 90;0.2130,0.693,-290.802
10 54 90;0.0527,1.000,-290.612
28 33 39 90;0.0527,1.000,-290.612
21 48 89;0.0562,1.000,-283.554
66 68 90;0.2180,0.684,-281.581
7 39 66 90;0.0942,0.859,-279.332
25 83 90;0.0722,0.921,-276.417
68 83 90;0.0713,0.920,-271.360
63 83 90;0.0711,0.920,-270.640
7 11 89;0.0591,0.984,-269.317
35 40 89;0.0525,1.000,-264.183
25 39 66 90;0.2219,0.668,-252.753
28 39 66 81 90;0.0810,0.873,-252.364
33 39 90;0.0527,0.975,-252.105
48 68 89;0.0502,1.000,-252.042
19 60 89;0.0502,1.000,-252.042
44 68 89;0.0497,1.000,-249.192
21 44 89;0.0497,1.000,-249.192
39 63 66 90;0.2208,0.667,-248.517
35 89;0.0740,0.919,-246.072
5 66 90;0.0718,0.896,-245.570
18 21 82 89;0.0487,1.000,-244.210
28 56 90;0.0531,0.965,-242.927
43 82 89;0.0945,0.862,-242.153
43 48 89;0.0472,1.000,-236.396
68 79 89;0.0468,1.000,-234.268
21 40 79 89;0.0468,1.000,-234.268
43 44 89;0.0466,1.000,-233.559
7 19 39 90;0.0419,1.000,-229.034
10 17 90;0.0535,0.949,-227.518
11 81 89;0.0454,1.000,-227.184
7 28 39 81 90;0.0412,1.000,-225.172
25 66 90;0.4704,0.523,-224.484
5 68 90;0.0717,0.876,-224.446
7 19 28 90;0.0408,1.000,-222.856
25 37 63 89;0.1167,0.802,-221.617
40 82 89;0.0945,0.844,-220.544
10 40 90;0.1414,0.729,-219.689
25 37 89;0.1167,0.799,-217.681
39 60 76 89;0.0490,0.981,-217.626
4 7 28 39 90;0.0397,1.000,-216.690
28 39 81 90;0.0810,0.840,-215.923
25 39 63 76 89;0.0693,0.905,-215.547
63 66 90;0.4693,0.523,-214.021
37 63 89;0.1167,0.796,-213.806
36 40 89;0.0804,0.871,-213.227
37 89;0.1167,0.793,-209.992
59 90;0.1602,0.698,-206.128
7 68 89;0.0512,0.961,-205.822
25 39 76 89;0.0693,0.893,-202.540
54 90;0.1593,0.695,-200.520
9 14 39 90;0.0391,0.990,-200.271
4 39 66 90;0.0970,0.785,-199.073
19 55 89;0.0502,0.958,-198.617
7 28 39 90;0.0803,0.824,-198.527
81 88 89;0.1082,0.798,-198.262
4 14 28 39 90;0.0394,0.986,-198.118
60 83 90;0.0357,1.000,-194.424
10 28 41 66 90;0.0356,1.000,-193.659
79 82 89;0.0845,0.841,-192.168
4 39 63 90;0.1029,0.767,-191.424
17 83 90;0.0350,1.000,-190.599
4 25 39 90;0.1023,0.766,-189.209
39 63 76 89;0.0693,0.879,-189.023
56 66 90;0.0551,0.900,-188.750
20 86 90;0.0346,1.000,-188.306
36 39 66 90;0.0691,0.846,-187.414
14 43 89;0.0373,1.000,-185.687
14 28 39 90;0.0786,0.816,-185.675
39 55 76 89;0.0557,0.919,-182.536
55 60 89;0.2786,0.641,-181.042
68 90;0.2180,0.636,-180.985
10 20 28 41 90;0.0401,0.961,-177.990
10 28 41 60 90;0.0401,0.961,-177.990
10 28 41 55 90;0.0401,0.961,-177.990
39 76 89;0.0693,0.867,-177.872
21 67 89;0.0357,1.000,-177.309
9 26 41 60 66 89;0.0354,1.000,-175.915
55 89;0.3381,0.613,-175.468
7 17 89;0.0352,1.000,-174.521
14 39 90;0.0870,0.782,-173.641
17 81 89;0.0347,1.000,-172.431
20 43 90;0.0317,1.000,-172.295
39 66 81 90;0.0810,0.793,-169.775
60 89;0.3313,0.613,-168.486
76 82 89;0.0338,1.000,-167.560
56 90;0.0551,0.872,-166.989
67 89;0.0632,0.873,-166.771
43 89;0.1070,0.771,-165.065
7 19 90;0.0419,0.933,-164.368
41 79 90;0.0300,1.000,-162.420
10 28 41 90;0.0401,0.939,-161.549
39 66 90;0.2219,0.623,-159.765
4 39 90;0.1031,0.736,-159.322
1 26 66 89;0.0378,0.972,-158.767
18 68 89;0.0319,1.000,-157.839
18 21 40 89;0.0319,1.000,-157.839
10 41 60 90;0.0528,0.869,-157.510
10 41 55 90;0.0528,0.869,-157.510
11 21 82 89;0.0317,1.000,-157.146
10 41 66 90;0.0483,0.885,-153.887
66 84 89;0.0309,1.000,-152.989
14 68 89;0.0309,1.000,-152.989
10 66 88 90;0.0479,0.884,-151.933
5 17 90;0.0360,0.949,-151.464
7 39 90;0.0942,0.743,-150.467
19 28 88 90;0.0278,1.000,-150.302
4 28 34 90;0.0276,1.000,-149.546
7 89;0.1926,0.671,-148.317
1 66 89;0.0378,0.958,-148.256
10 41 90;0.0528,0.856,-147.951
10 88 90;0.0479,0.875,-145.971
28 33 81 90;0.0269,1.000,-145.769
39 81 90;0.0810,0.765,-145.211
19 33 90;0.0265,1.000,-143.504
10 86 90;0.0263,1.000,-141.995
14 28 34 66 90;0.0263,1.000,-141.995
28 34 81 90;0.0261,1.000,-141.241
7 28 34 66 90;0.0260,1.000,-140.487
9 28 33 90;0.0259,1.000,-139.733
21 79 89;0.0636,0.838,-139.424
1 89;0.0495,0.887,-138.590
9 83 90;0.0368,0.921,-136.803
5 88 90;0.0261,0.995,-136.615
11 39 83 89;0.0272,1.000,-134.346
5 63 90;0.0729,0.769,-132.835
21 30 89;0.0268,1.000,-132.281
5 25 90;0.0725,0.768,-131.257
34 88 90;0.0237,1.000,-127.691
33 81 90;0.0269,0.975,-127.217
66 90;0.4704,0.510,-125.821
18 21 89;0.0507,0.863,-125.627
11 21 39 66 89;0.0332,0.949,-124.500
10 11 21 39 89;0.0252,1.000,-124.033
21 39 83 89;0.0304,0.965,-122.966
19 81 90;0.0410,0.872,-122.871
21 82 89;0.1283,0.705,-122.685
4 34 90;0.0276,0.962,-122.549
4 19 28 90;0.0406,0.874,-122.410
18 82 89;0.0639,0.814,-122.237
74 89;0.0242,1.000,-119.231
62 89;0.0242,1.000,-119.231
24 83 89;0.0242,1.000,-119.231
10 24 89;0.0242,1.000,-119.231
24 66 89;0.0242,1.000,-119.231
10 39 83 89;0.0242,1.000,-119.231
26 39 83 89;0.0242,1.000,-119.231
87 89;0.0241,1.000,-118.545
10 78 89;0.0241,1.000,-118.545
26 68 78 89;0.0241,1.000,-118.545
63 68 78 89;0.0241,1.000,-118.545
30 68 89;0.0238,1.000,-117.175
30 40 89;0.0238,1.000,-117.175
33 68 89;0.0238,1.000,-117.175
21 33 40 89;0.0238,1.000,-117.175
36 68 89;0.0233,1.000,-114.436
11 21 39 89;0.0352,0.918,-113.257
5 9 90;0.0373,0.875,-113.049
36 39 90;0.0691,0.746,-108.882
9 33 90;0.0259,0.950,-108.451
39 83 89;0.0304,0.937,-106.913
19 79 89;0.0215,1.000,-105.548
34 81 90;0.0261,0.941,-105.379
48 82 89;0.0472,0.839,-102.991
82 89;0.1710,0.653,-101.947
11 24 89;0.0242,0.973,-101.530
26 78 89;0.0365,0.887,-101.310
5 90;0.0732,0.723,-99.541
55 83 90;0.0361,0.854,-99.313
20 44 90;0.0185,1.000,-99.253
44 71 90;0.0185,1.000,-99.253
41 44 60 90;0.0185,1.000,-99.253
40 41 44 90;0.0185,1.000,-99.253
28 41 44 90;0.0185,1.000,-99.253
30 89;0.0423,0.854,-99.185
4 19 90;0.0414,0.823,-98.381
10 11 25 90;0.0605,0.752,-97.943
10 11 63 90;0.0605,0.752,-97.943
41 86 90;0.0181,1.000,-97.018
40 86 90;0.0181,1.000,-97.018
28 86 90;0.0181,1.000,-97.018
28 33 88 90;0.0181,1.000,-97.018
20 48 90;0.0179,1.000,-96.273
48 71 90;0.0179,1.000,-96.273
41 48 60 90;0.0179,1.000,-96.273
40 41 48 90;0.0179,1.000,-96.273
28 41 48 90;0.0179,1.000,-96.273
10 19 89;0.0196,1.000,-96.002
20 40 79 90;0.0176,1.000,-94.784
40 71 79 90;0.0176,1.000,-94.784
79 89;0.1060,0.700,-94.200
20 40 82 90;0.0175,1.000,-94.040
40 71 82 90;0.0175,1.000,-94.040
63 90;0.4831,0.496,-93.790
68 78 89;0.0241,0.957,-93.149
10 39 89;0.0869,0.724,-92.651
79 86 90;0.0171,1.000,-91.807
28 33 90;0.0646,0.731,-91.691
4 10 20 28 71 90;0.0205,0.962,-90.644
4 10 28 60 71 90;0.0205,0.962,-90.644
4 10 28 55 71 90;0.0205,0.962,-90.644
4 66 88 89;0.1145,0.686,-89.536
19 28 36 90;0.0283,0.881,-87.678
4 25 88 89;0.1148,0.683,-87.263
14 76 89;0.0178,1.000,-87.162
10 25 90;0.1745,0.602,-86.624
4 10 20 71 90;0.0280,0.880,-86.425
4 10 60 71 90;0.0280,0.880,-86.425
4 10 55 71 90;0.0280,0.880,-86.425
11 36 88 89;0.0175,1.000,-85.804
83 90;0.0722,0.704,-85.585
5 39 89;0.0280,0.907,-85.542
9 43 90;0.0159,1.000,-85.119
10 39 43 90;0.0159,1.000,-85.119
10 43 71 90;0.0159,1.000,-85.119
33 90;0.0646,0.720,-84.945
11 44 89;0.0172,1.000,-84.447
17 36 89;0.0172,1.000,-84.447
11 36 89;0.0310,0.883,-84.360
4 88 89;0.1148,0.679,-84.350
3 40 89;0.1599,0.644,-84.045
11 48 89;0.0171,1.000,-83.768
25 39 90;0.2333,0.574,-83.686
18 39 43 90;0.0156,1.000,-83.634
18 43 71 90;0.0156,1.000,-83.634
9 19 88 90;0.0155,1.000,-82.892
39 43 79 90;0.0155,1.000,-82.892
43 71 79 90;0.0155,1.000,-82.892
39 63 68 89;0.0302,0.884,-82.413
78 89;0.0365,0.845,-81.637
39 43 82 90;0.0152,1.000,-81.408
43 71 82 90;0.0152,1.000,-81.408
19 84 89;0.0163,1.000,-79.700
18 28 41 90;0.0148,1.000,-79.183
84 89;0.0309,0.869,-78.271
12 41 90;0.0145,1.000,-77.701
12 71 90;0.0145,1.000,-77.701
9 26 49 66 89;0.0233,0.924,-76.875
9 49 63 66 89;0.0233,0.924,-76.875
18 86 90;0.0142,1.000,-76.219
4 20 51 82 90;0.0142,1.000,-76.219
4 51 71 82 90;0.0142,1.000,-76.219
24 89;0.0242,0.912,-75.735
25 90;0.4819,0.495,-75.735
4 10 20 55 60 90;0.0280,0.851,-75.555
4 40 89;0.1583,0.637,-75.449
48 89;0.0562,0.758,-75.280
4 10 20 82 90;0.0138,1.000,-73.998
4 10 71 82 90;0.0138,1.000,-73.998
19 88 90;0.0300,0.830,-72.954
9 14 34 90;0.0135,1.000,-72.518
7 81 82 90;0.0135,1.000,-72.518
14 81 82 90;0.0134,1.000,-71.778
9 14 82 90;0.0134,1.000,-71.778
39 68 89;0.0302,0.857,-71.722
26 66 88 89;0.2172,0.606,-70.151
4 10 20 79 90;0.0129,1.000,-68.820
4 10 71 79 90;0.0129,1.000,-68.820
19 36 90;0.0283,0.828,-68.417
4 10 20 60 90;0.0280,0.830,-68.411
19 39 90;0.0841,0.656,-67.445
4 10 20 55 90;0.0280,0.827,-67.292
18 89;0.0869,0.688,-67.188
66 88 89;0.2297,0.599,-66.970
49 81 89;0.0137,1.000,-66.850
25 26 88 89;0.2182,0.603,-66.843
11 20 39 51 71 90;0.0161,0.944,-65.970
79 88 90;0.0123,1.000,-65.865
4 20 51 79 90;0.0122,1.000,-65.126
4 51 71 79 90;0.0122,1.000,-65.126
81 82 90;0.0268,0.827,-64.460
25 88 89;0.2306,0.597,-63.840
9 49 66 89;0.0233,0.885,-63.823
18 20 28 40 90;0.0119,1.000,-63.650
18 28 40 71 90;0.0119,1.000,-63.650
10 20 28 36 90;0.0119,1.000,-63.650
49 85 89;0.0130,1.000,-63.476
26 88 89;0.2182,0.599,-61.882
11 39 89;0.0538,0.736,-61.042
21 86 89;0.0124,1.000,-60.779
12 40 90;0.0114,1.000,-60.699
14 28 34 90;0.0263,0.817,-60.080
3 39 90;0.1228,0.608,-60.014
88 89;0.2306,0.593,-59.099
19 28 90;0.0808,0.647,-59.029
17 40 60 90;0.0542,0.695,-58.775
10 21 33 89;0.0120,1.000,-58.758
7 28 34 90;0.0260,0.812,-57.949
17 40 55 90;0.0536,0.694,-57.735
14 34 90;0.0280,0.792,-56.145
10 14 20 90;0.0123,0.968,-56.011
9 25 26 49 89;0.0242,0.851,-55.808
9 25 49 63 89;0.0242,0.851,-55.808
34 90;0.0610,0.672,-54.979
10 14 21 89;0.0239,0.850,-54.767
26 49 66 89;0.0233,0.854,-54.551
49 63 66 89;0.0233,0.854,-54.551
34 76 89;0.0111,1.000,-54.047
4 10 20 90;0.0280,0.782,-53.431
36 76 89;0.0109,1.000,-53.375
37 86 90;0.0100,1.000,-53.332
44 89;0.0497,0.729,-53.260
10 12 55 60 90;0.0130,0.941,-52.437
10 20 36 90;0.0163,0.888,-52.170
41 44 90;0.0185,0.860,-52.058
86 90;0.0346,0.735,-49.753
41 48 90;0.0179,0.856,-49.694
17 40 90;0.1071,0.605,-49.093
19 90;0.0841,0.626,-49.004
12 55 60 90;0.0145,0.898,-48.689
17 60 90;0.0542,0.671,-48.352
18 41 90;0.0238,0.791,-47.563
11 20 39 51 55 60 90;0.0161,0.868,-47.244
9 25 49 89;0.0242,0.819,-47.065
17 55 90;0.0536,0.668,-46.431
29 81 89;0.0094,1.000,-45.986
49 66 89;0.0233,0.821,-45.691
41 55 60 90;0.0703,0.636,-45.128
16 41 90;0.0114,0.933,-44.357
16 71 90;0.0114,0.933,-44.357
16 88 90;0.0082,1.000,-43.776
11 20 39 51 73 90;0.0082,1.000,-43.776
25 26 49 89;0.0252,0.800,-43.709
25 49 63 89;0.0252,0.800,-43.709
39 90;0.2357,0.544,-42.817
40 89;0.3182,0.561,-42.817
37 43 90;0.0079,1.000,-42.309
4 10 71 90;0.0280,0.743,-42.284
10 12 60 90;0.0130,0.888,-41.789
10 12 55 90;0.0130,0.888,-41.789
11 20 51 79 90;0.0078,1.000,-41.575
11 51 71 79 90;0.0078,1.000,-41.575
81 89;0.1290,0.614,-40.923
43 71 90;0.0317,0.718,-40.652
4 10 90;0.0636,0.636,-40.586
4 18 20 28 90;0.0075,1.000,-40.108
4 18 28 71 90;0.0075,1.000,-40.108
11 20 51 82 90;0.0075,1.000,-40.108
11 51 71 82 90;0.0075,1.000,-40.108
11 33 89;0.0082,1.000,-39.953
17 90;0.1087,0.589,-39.514
4 18 20 82 90;0.0074,1.000,-39.375
4 18 71 82 90;0.0074,1.000,-39.375
10 38 89;0.0081,1.000,-39.283
11 38 83 89;0.0081,1.000,-39.283
26 38 83 89;0.0081,1.000,-39.283
11 38 66 89;0.0081,1.000,-39.283
26 38 66 89;0.0081,1.000,-39.283
41 56 76 89;0.0081,1.000,-39.283
21 41 76 89;0.0081,1.000,-39.283
4 29 41 80 89;0.0081,1.000,-39.283
9 26 49 89;0.0242,0.787,-38.817
9 49 63 89;0.0242,0.787,-38.817
4 18 20 90;0.0155,0.831,-38.179
4 18 71 90;0.0155,0.831,-38.179
41 76 89;0.0115,0.923,-38.161
36 49 89;0.0078,1.000,-37.944
12 82 90;0.0071,1.000,-37.909
10 90;0.1745,0.556,-37.171
25 49 89;0.0252,0.773,-37.012
20 36 51 79 90;0.0068,1.000,-36.443
10 21 36 89;0.0166,0.840,-36.332
20 36 51 82 90;0.0066,1.000,-34.979
12 55 90;0.0145,0.822,-34.325
14 20 82 90;0.0064,1.000,-34.247
27 72 88 90;0.0063,1.000,-33.515
27 41 72 90;0.0063,1.000,-33.515
27 71 72 90;0.0063,1.000,-33.515
12 60 90;0.0145,0.815,-33.276
4 29 41 89;0.0081,0.967,-33.170
4 9 82 90;0.0187,0.765,-32.678
4 20 82 90;0.0187,0.765,-32.678
4 71 82 90;0.0187,0.765,-32.678
9 49 89;0.0242,0.760,-32.609
16 76 89;0.0067,1.000,-32.593
9 90;0.2150,0.539,-32.253
12 48 90;0.0060,1.000,-32.051
37 44 60 90;0.0060,1.000,-32.051
37 40 44 90;0.0060,1.000,-32.051
28 37 44 90;0.0060,1.000,-32.051
14 20 79 90;0.0060,1.000,-32.051
37 40 79 90;0.0059,1.000,-31.319
37 40 82 90;0.0059,1.000,-31.319
12 76 89;0.0064,1.000,-31.257
12 68 89;0.0064,1.000,-31.257
14 29 86 89;0.0064,1.000,-31.257
14 39 86 89;0.0064,1.000,-31.257
12 44 90;0.0057,1.000,-30.588
49 78 90;0.0057,1.000,-30.588
42 78 90;0.0057,1.000,-30.588
37 40 48 90;0.0057,1.000,-30.588
28 37 48 90;0.0057,1.000,-30.588
26 49 89;0.0252,0.745,-30.563
49 63 89;0.0252,0.745,-30.563
14 41 90;0.0993,0.580,-30.444
56 83 89;0.0062,1.000,-29.921
41 68 89;0.0062,1.000,-29.921
29 41 56 89;0.0062,1.000,-29.921
41 80 83 89;0.0062,1.000,-29.921
21 41 83 89;0.0062,1.000,-29.921
19 29 41 89;0.0062,1.000,-29.921
49 88 90;0.0086,0.900,-29.546
4 21 29 39 63 89;0.0090,0.917,-29.310
69 89;0.0060,1.000,-29.253
5 14 89;0.0060,1.000,-29.253
29 75 89;0.0060,1.000,-29.253
12 79 90;0.0055,1.000,-29.125
38 83 89;0.0081,0.937,-28.784
38 66 89;0.0081,0.937,-28.784
16 68 89;0.0059,1.000,-28.585
16 55 60 90;0.0114,0.830,-28.233
1 20 41 90;0.0049,1.000,-26.203
1 41 60 90;0.0049,1.000,-26.203
1 41 55 90;0.0049,1.000,-26.203
1 41 51 90;0.0049,1.000,-26.203
1 41 47 90;0.0049,1.000,-26.203
4 21 29 39 89;0.0090,0.892,-26.140
11 49 89;0.0137,0.813,-26.105
36 47 51 71 79 90;0.0085,0.873,-25.959
49 89;0.0252,0.722,-25.641
11 38 89;0.0081,0.908,-25.250
65 90;0.0047,1.000,-24.742
67 84 90;0.0047,1.000,-24.742
41 84 90;0.0047,1.000,-24.742
78 88 90;0.0047,1.000,-24.742
42 88 90;0.0047,1.000,-24.742
1 20 67 90;0.0047,1.000,-24.742
4 20 79 90;0.0167,0.735,-24.359
4 71 79 90;0.0167,0.735,-24.359
20 67 82 90;0.0045,1.000,-24.012
16 27 90;0.0042,1.000,-22.552
3 16 60 90;0.0082,0.845,-22.225
10 14 50 89;0.0045,1.000,-21.917
16 72 90;0.0041,1.000,-21.822
16 73 90;0.0041,1.000,-21.822
14 27 88 90;0.0041,1.000,-21.822
18 28 37 40 90;0.0041,1.000,-21.822
4 37 51 82 90;0.0041,1.000,-21.822
16 79 90;0.0040,1.000,-21.093
7 16 90;0.0040,1.000,-21.093
18 72 88 90;0.0040,1.000,-21.093
18 20 36 79 90;0.0040,1.000,-21.093
3 16 55 90;0.0082,0.833,-21.071
10 14 46 89;0.0042,1.000,-20.584
36 51 71 79 90;0.0098,0.791,-20.394
18 20 28 36 90;0.0038,1.000,-20.364
38 80 89;0.0041,1.000,-19.918
12 36 90;0.0037,1.000,-19.634
11 20 30 90;0.0037,1.000,-19.634
4 20 30 90;0.0037,1.000,-19.634
18 20 36 82 90;0.0037,1.000,-19.634
9 21 29 39 63 89;0.0092,0.827,-19.305
15 89;0.0040,1.000,-19.252
6 89;0.0040,1.000,-19.252
13 41 89;0.0040,1.000,-19.252
16 60 90;0.0114,0.755,-19.095
1 41 90;0.0049,0.923,-18.978
10 26 34 66 89;0.0081,0.843,-18.568
3 11 89;0.0689,0.608,-18.499
4 37 51 79 90;0.0034,1.000,-18.176
3 7 47 51 71 79 90;0.0057,0.875,-18.070
13 80 89;0.0037,1.000,-17.921
5 34 89;0.0037,1.000,-17.921
5 36 89;0.0037,1.000,-17.921
4 11 89;0.0684,0.606,-17.738
16 55 90;0.0114,0.741,-17.644
18 20 36 90;0.0081,0.797,-17.469
35 79 90;0.0033,1.000,-17.448
27 35 90;0.0033,1.000,-17.448
18 36 71 72 90;0.0033,1.000,-17.448
17 25 39 89;0.0059,0.878,-16.300
41 83 89;0.0062,0.865,-16.076
12 90;0.0145,0.693,-16.049
38 49 90;0.0030,1.000,-15.991
38 42 90;0.0030,1.000,-15.991
37 44 82 90;0.0030,1.000,-15.991
37 48 82 90;0.0030,1.000,-15.991
7 71 72 79 90;0.0030,1.000,-15.991
10 34 89;0.0131,0.738,-15.823
3 16 90;0.0082,0.769,-15.356
37 44 79 90;0.0029,1.000,-15.262
18 20 67 90;0.0029,1.000,-15.262
37 48 79 90;0.0029,1.000,-15.262
27 71 73 79 90;0.0029,1.000,-15.262
13 56 89;0.0031,1.000,-15.261
13 83 89;0.0031,1.000,-15.261
13 29 89;0.0031,1.000,-15.261
13 68 89;0.0031,1.000,-15.261
13 66 89;0.0031,1.000,-15.261
34 86 89;0.0031,1.000,-15.261
9 29 41 80 89;0.0031,1.000,-15.261
9 21 29 41 89;0.0031,1.000,-15.261
3 14 47 51 71 79 90;0.0051,0.860,-15.100
9 41 66 89;0.1086,0.577,-15.026
36 41 90;0.0726,0.560,-14.781
56 76 89;0.0081,0.797,-14.620
10 36 50 89;0.0030,1.000,-14.596
7 71 73 79 90;0.0027,1.000,-14.534
3 14 51 71 79 90;0.0059,0.811,-13.963
18 43 47 51 90;0.0156,0.663,-13.532
3 27 47 51 71 79 90;0.0060,0.800,-13.517
20 28 40 55 60 90;0.0356,0.594,-13.471
28 40 55 60 71 90;0.0356,0.594,-13.471
20 41 67 90;0.0092,0.728,-13.429
20 67 71 90;0.0092,0.728,-13.429
41 60 67 90;0.0092,0.728,-13.429
41 55 67 90;0.0092,0.728,-13.429
41 51 67 90;0.0092,0.728,-13.429
41 47 67 90;0.0092,0.728,-13.429
20 36 79 90;0.0100,0.716,-13.401
10 36 46 89;0.0027,1.000,-13.267
38 88 90;0.0025,1.000,-13.078
4 18 28 37 90;0.0025,1.000,-13.078
20 36 82 90;0.0094,0.719,-12.993
5 41 56 89;0.0026,1.000,-12.602
5 21 41 89;0.0026,1.000,-12.602
9 21 29 39 89;0.0092,0.753,-12.584
37 48 60 90;0.0057,0.792,-12.495
3 7 51 71 79 90;0.0057,0.792,-12.495
3 7 47 71 79 90;0.0057,0.792,-12.495
3 51 55 60 88 90;0.0278,0.604,-12.397
9 41 89;0.1113,0.569,-12.377
24 49 90;0.0023,1.000,-12.351
24 42 90;0.0023,1.000,-12.351
24 88 90;0.0023,1.000,-12.351
4 67 82 90;0.0023,1.000,-12.351
26 38 89;0.0081,0.766,-12.212
3 14 47 71 79 90;0.0056,0.788,-11.992
11 20 51 55 60 71 90;0.0161,0.645,-11.892
3 55 60 72 88 90;0.0123,0.672,-11.788
4 84 90;0.0022,1.000,-11.623
14 37 44 90;0.0022,1.000,-11.623
18 35 71 90;0.0022,1.000,-11.623
18 35 51 90;0.0022,1.000,-11.623
14 71 72 79 90;0.0022,1.000,-11.623
3 55 60 88 90;0.0308,0.592,-11.564
11 56 89;0.0049,0.837,-11.459
3 18 71 88 90;0.0081,0.720,-11.357
3 18 51 88 90;0.0081,0.720,-11.357
4 20 51 55 60 71 90;0.0295,0.593,-11.355
16 31 90;0.0021,1.000,-10.896
16 36 90;0.0021,1.000,-10.896
7 49 90;0.0021,1.000,-10.896
27 78 90;0.0021,1.000,-10.896
18 37 44 90;0.0021,1.000,-10.896
4 18 37 82 90;0.0021,1.000,-10.896
11 37 51 79 90;0.0021,1.000,-10.896
11 37 51 82 90;0.0021,1.000,-10.896
14 71 73 79 90;0.0021,1.000,-10.896
14 27 71 73 90;0.0021,1.000,-10.896
36 51 71 73 82 90;0.0021,1.000,-10.896
3 27 88 90;0.0123,0.662,-10.881
3 27 41 71 90;0.0123,0.662,-10.881
3 27 41 60 90;0.0123,0.662,-10.881
11 89;0.1557,0.554,-10.766
3 14 71 79 90;0.0072,0.726,-10.754
5 12 89;0.0022,1.000,-10.609
3 12 39 89;0.0022,1.000,-10.609
5 41 80 89;0.0022,1.000,-10.609
4 14 29 89;0.0022,1.000,-10.609
14 89;0.1262,0.560,-10.502
5 41 89;0.0026,0.950,-10.277
14 37 48 90;0.0019,1.000,-10.168
4 18 37 79 90;0.0019,1.000,-10.168
36 51 71 72 82 90;0.0019,1.000,-10.168
17 39 89;0.0059,0.782,-10.096
28 37 40 55 60 90;0.0118,0.656,-10.007
19 29 36 89;0.0021,1.000,-9.945
10 41 85 89;0.0021,1.000,-9.945
18 20 40 90;0.0119,0.654,-9.907
18 40 71 90;0.0119,0.654,-9.907
4 37 82 90;0.0055,0.755,-9.878
38 89;0.0081,0.728,-9.563
11 30 71 79 90;0.0018,1.000,-9.441
7 18 71 72 90;0.0018,1.000,-9.441
36 89;0.1040,0.562,-9.336
45 56 89;0.0019,1.000,-9.281
41 45 89;0.0019,1.000,-9.281
26 45 89;0.0019,1.000,-9.281
45 63 89;0.0019,1.000,-9.281
5 16 89;0.0019,1.000,-9.281
3 27 41 47 51 90;0.0123,0.643,-9.231
36 47 51 79 90;0.0085,0.681,-9.175
13 25 89;0.0040,0.829,-9.057
29 56 89;0.0062,0.750,-8.715
56 68 89;0.0062,0.750,-8.715
13 49 90;0.0016,1.000,-8.714
13 78 90;0.0016,1.000,-8.714
13 42 90;0.0016,1.000,-8.714
13 88 90;0.0016,1.000,-8.714
16 84 90;0.0016,1.000,-8.714
1 16 90;0.0016,1.000,-8.714
11 30 71 82 90;0.0016,1.000,-8.714
27 31 71 79 90;0.0016,1.000,-8.714
4 30 71 90;0.0037,0.794,-8.496
4 18 37 90;0.0044,0.762,-8.440
3 36 51 55 60 71 72 90;0.0052,0.731,-8.283
3 14 27 47 51 71 90;0.0041,0.769,-8.277
11 20 51 55 60 72 90;0.0079,0.674,-8.242
3 19 29 89;0.0031,0.852,-8.194
11 20 51 55 60 90;0.0161,0.608,-8.139
3 27 41 47 90;0.0123,0.629,-8.126
14 47 51 71 79 90;0.0057,0.712,-8.069
7 47 51 71 79 90;0.0057,0.712,-8.069
19 29 80 89;0.0062,0.738,-8.065
19 29 63 89;0.0062,0.738,-8.065
16 82 90;0.0015,1.000,-7.987
4 18 67 90;0.0015,1.000,-7.987
7 31 71 79 90;0.0015,1.000,-7.987
3 36 71 79 90;0.0078,0.671,-7.894
3 36 51 55 60 71 90;0.0129,0.623,-7.867
3 18 35 90;0.0022,0.889,-7.803
18 36 47 71 79 90;0.0040,0.763,-7.801
3 27 41 51 90;0.0123,0.625,-7.782
4 20 51 55 60 90;0.0295,0.568,-7.718
18 36 47 51 71 90;0.0071,0.675,-7.571
16 90;0.0114,0.629,-7.555
4 60 67 71 90;0.0045,0.733,-7.452
4 55 67 71 90;0.0045,0.733,-7.452
4 51 67 71 90;0.0045,0.733,-7.452
4 47 67 71 90;0.0045,0.733,-7.452
18 36 71 73 79 90;0.0014,1.000,-7.260
41 54 89;0.0699,0.566,-7.237
3 18 36 51 71 90;0.0051,0.712,-7.237
3 18 88 90;0.0081,0.656,-7.227
3 35 55 60 71 90;0.0066,0.676,-7.123
4 37 79 90;0.0048,0.714,-7.022
18 36 47 51 72 90;0.0033,0.774,-6.995
14 28 36 81 90;0.0138,0.605,-6.881
4 37 44 90;0.0030,0.786,-6.846
3 51 71 79 90;0.0243,0.571,-6.813
29 33 89;0.0014,1.000,-6.627
3 9 16 89;0.0014,1.000,-6.627
11 47 51 79 90;0.0078,0.648,-6.590
18 35 90;0.0022,0.842,-6.558
4 47 51 79 90;0.0098,0.626,-6.556
41 67 90;0.0092,0.632,-6.546
41 59 89;0.0693,0.563,-6.535
14 20 40 55 60 90;0.0123,0.608,-6.512
14 40 55 60 71 90;0.0123,0.608,-6.512
3 7 71 79 90;0.0057,0.677,-6.445
3 18 36 47 71 90;0.0049,0.692,-6.279
37 44 90;0.0060,0.667,-6.199
3 27 47 71 79 90;0.0060,0.667,-6.199
5 56 89;0.0026,0.826,-6.184
11 30 71 90;0.0037,0.730,-6.177
4 20 55 60 71 90;0.0386,0.545,-6.112
18 36 51 71 90;0.0082,0.632,-5.968
64 90;0.0011,1.000,-5.807
45 78 90;0.0011,1.000,-5.807
42 45 90;0.0011,1.000,-5.807
27 45 90;0.0011,1.000,-5.807
24 37 90;0.0011,1.000,-5.807
27 49 90;0.0011,1.000,-5.807
27 42 90;0.0011,1.000,-5.807
1 49 55 90;0.0011,1.000,-5.807
1 55 88 90;0.0011,1.000,-5.807
14 31 71 79 90;0.0011,1.000,-5.807
14 27 31 71 90;0.0011,1.000,-5.807
4 19 29 89;0.0030,0.786,-5.792
3 27 41 73 90;0.0060,0.657,-5.754
3 27 71 73 90;0.0060,0.657,-5.754
3 27 41 90;0.0123,0.596,-5.666
36 47 51 71 82 90;0.0052,0.667,-5.514
4 18 47 51 90;0.0109,0.602,-5.512
20 36 51 55 60 90;0.0141,0.585,-5.489
36 47 71 79 90;0.0101,0.607,-5.489
3 18 36 71 90;0.0059,0.652,-5.428
18 36 47 71 90;0.0079,0.624,-5.401
4 41 66 80 89;0.0610,0.560,-5.331
14 51 71 79 90;0.0074,0.628,-5.316
14 36 81 90;0.0138,0.584,-5.308
14 20 36 55 60 90;0.0044,0.681,-5.303
3 9 12 89;0.0011,1.000,-5.301
4 29 34 89;0.0011,1.000,-5.301
29 41 80 89;0.0186,0.602,-5.277
4 51 55 60 71 90;0.0295,0.548,-5.261
4 67 71 90;0.0045,0.673,-5.173
12 39 89;0.0064,0.671,-5.141
18 78 90;0.0010,1.000,-5.081
41 78 90;0.0010,1.000,-5.081
37 71 78 90;0.0010,1.000,-5.081
20 71 78 90;0.0010,1.000,-5.081
60 71 78 90;0.0010,1.000,-5.081
55 71 78 90;0.0010,1.000,-5.081
18 36 71 73 82 90;0.0010,1.000,-5.081
18 37 48 90;0.0021,0.789,-5.029
3 41 90;0.1215,0.510,-5.004
36 71 79 90;0.0130,0.583,-5.001
36 51 55 60 71 72 90;0.0074,0.621,-4.973
14 20 55 60 90;0.0123,0.584,-4.903
18 36 71 73 90;0.0029,0.724,-4.885
3 89;0.2391,0.531,-4.676
3 27 47 51 71 90;0.0123,0.581,-4.667
45 85 89;0.0010,1.000,-4.638
10 45 89;0.0010,1.000,-4.638
10 56 89;0.0010,1.000,-4.638
10 52 89;0.0010,1.000,-4.638
52 76 85 89;0.0010,1.000,-4.638
13 89;0.0040,0.707,-4.623
18 37 40 90;0.0041,0.667,-4.587
14 37 40 55 60 90;0.0041,0.667,-4.587
9 16 89;0.0037,0.711,-4.467
3 35 55 60 72 90;0.0033,0.686,-4.369
13 38 90;0.0008,1.000,-4.355
13 24 90;0.0008,1.000,-4.355
3 14 47 51 79 90;0.0051,0.638,-4.347
3 35 51 55 60 90;0.0066,0.615,-4.332
3 18 36 47 51 90;0.0045,0.647,-4.284
11 40 90;0.1059,0.510,-4.255
43 47 51 79 90;0.0155,0.562,-4.207
19 29 89;0.0062,0.652,-4.203
14 47 71 79 90;0.0070,0.607,-4.179
3 7 47 51 72 79 90;0.0030,0.688,-4.131
3 36 51 79 90;0.0063,0.613,-4.118
4 20 55 60 90;0.0386,0.529,-4.045
14 28 81 90;0.0399,0.528,-4.027
3 18 36 47 72 90;0.0022,0.727,-4.002
16 85 89;0.0008,1.000,-3.976
18 36 47 72 90;0.0033,0.667,-3.876
3 35 55 60 73 90;0.0033,0.667,-3.876
3 7 35 55 60 90;0.0033,0.667,-3.876
3 36 47 51 55 60 72 90;0.0052,0.613,-3.579
3 7 18 71 73 90;0.0021,0.714,-3.569
41 66 80 89;0.1257,0.536,-3.556
3 14 35 55 60 90;0.0022,0.696,-3.402
3 18 36 51 72 90;0.0022,0.696,-3.402
11 37 51 55 60 73 90;0.0022,0.696,-3.402
4 14 28 36 55 60 71 90;0.0022,0.696,-3.402
4 14 36 82 90;0.0057,0.600,-3.394
3 7 47 51 79 90;0.0057,0.600,-3.394
3 14 27 51 71 90;0.0041,0.625,-3.365
1 49 90;0.0014,0.769,-3.326
3 14 51 55 60 71 90;0.0115,0.560,-3.315
18 36 71 90;0.0100,0.566,-3.294
4 90;0.1931,0.497,-3.261
3 14 55 60 71 90;0.0145,0.549,-3.237
9 12 89;0.0031,0.676,-3.152
1 47 51 67 90;0.0047,0.607,-3.146
3 7 18 47 51 71 90;0.0038,0.622,-3.137
1 88 90;0.0011,0.800,-3.118
4 41 66 89;0.1134,0.535,-3.094
18 36 47 51 90;0.0071,0.578,-3.074
18 36 51 72 90;0.0033,0.632,-3.035
11 20 82 90;0.0075,0.573,-3.005
11 71 82 90;0.0075,0.573,-3.005
