23 90;0.4661,1.000,-4581.531
22 89;0.5197,0.973,-4581.531
21 26 63 90;0.3909,0.952,-2652.708
21 25 26 66 90;0.3866,0.956,-2639.970
21 25 26 90;0.3889,0.952,-2627.135
28 47 89;0.4164,0.941,-2389.101
21 26 90;0.3909,0.900,-2226.850
28 51 89;0.3925,0.939,-2130.289
26 46 90;0.2731,1.000,-1885.832
46 66 90;0.2689,1.000,-1847.155
26 50 90;0.2661,1.000,-1822.438
50 66 90;0.2661,1.000,-1822.438
21 25 80 90;0.3059,0.952,-1782.058
21 63 80 90;0.3059,0.952,-1782.058
21 80 90;0.3059,0.918,-1574.909
28 71 89;0.3647,0.895,-1573.239
46 90;0.2731,0.938,-1439.224
21 25 66 90;0.4000,0.771,-1437.002
21 63 66 90;0.3992,0.770,-1427.852
26 29 76 90;0.2147,1.000,-1388.476
26 66 76 90;0.2147,1.000,-1388.476
26 29 68 90;0.2147,1.000,-1388.476
26 68 80 90;0.2147,1.000,-1388.476
26 66 68 90;0.2147,1.000,-1388.476
50 90;0.2661,0.938,-1387.635
32 90;0.2135,1.000,-1378.734
40 76 90;0.2107,1.000,-1357.184
29 40 68 90;0.2107,1.000,-1357.184
21 29 40 90;0.2107,1.000,-1357.184
26 29 40 90;0.2107,1.000,-1357.184
40 68 80 90;0.2107,1.000,-1357.184
26 40 68 90;0.2107,1.000,-1357.184
26 29 90;0.2577,0.936,-1317.685
26 76 80 90;0.2147,0.991,-1312.113
20 88 89;0.2265,1.000,-1309.108
40 41 88 89;0.2265,1.000,-1309.108
40 71 88 89;0.2265,1.000,-1309.108
41 75 90;0.2040,1.000,-1304.948
28 75 90;0.2040,1.000,-1304.948
20 28 89;0.3267,0.884,-1255.971
28 40 89;0.3091,0.900,-1235.570
21 66 90;0.4000,0.737,-1225.838
29 76 90;0.2165,0.972,-1214.948
66 76 90;0.2165,0.972,-1214.948
29 68 90;0.2155,0.972,-1207.595
21 68 76 90;0.2155,0.972,-1207.595
68 80 90;0.2147,0.972,-1201.307
28 73 89;0.2047,1.000,-1158.434
76 80 90;0.2147,0.963,-1156.462
20 47 89;0.3392,0.852,-1155.698
29 90;0.2720,0.882,-1153.607
28 89;0.4833,0.699,-1153.607
21 63 90;0.4034,0.720,-1148.115
47 71 89;0.3693,0.817,-1140.801
75 90;0.2040,0.974,-1139.518
71 89;0.3894,0.797,-1138.842
21 25 90;0.4024,0.720,-1136.839
40 41 47 51 89;0.2265,0.964,-1077.822
26 39 41 66 90;0.1719,1.000,-1064.792
70 90;0.1653,1.000,-1017.705
20 51 89;0.3162,0.844,-994.237
28 39 41 66 90;0.1611,1.000,-987.627
39 41 66 90;0.1854,0.967,-985.106
20 89;0.3392,0.817,-977.849
21 90;0.4043,0.691,-977.849
26 39 41 90;0.1804,0.968,-958.108
26 41 51 88 89;0.2140,0.952,-947.452
26 41 47 88 89;0.2140,0.952,-947.452
39 41 90;0.1939,0.941,-931.936
47 89;0.4495,0.704,-926.376
40 41 51 89;0.2265,0.930,-922.358
25 26 80 90;0.3411,0.745,-906.781
26 63 80 90;0.3411,0.745,-906.781
26 68 90;0.2147,0.901,-902.756
40 73 89;0.1619,1.000,-880.652
7 40 89;0.1607,1.000,-873.001
26 76 90;0.2190,0.882,-854.895
10 26 40 90;0.1392,1.000,-836.339
40 72 89;0.1536,1.000,-829.137
41 51 88 89;0.2265,0.906,-827.784
68 76 90;0.2155,0.878,-826.725
26 80 90;0.3411,0.726,-819.243
25 80 90;0.3474,0.719,-815.231
63 80 90;0.3474,0.719,-815.231
80 90;0.3474,0.702,-735.361
73 89;0.2173,0.886,-714.833
26 41 51 66 89;0.2140,0.885,-697.521
51 89;0.4201,0.691,-694.689
27 82 89;0.1307,1.000,-692.066
21 60 82 89;0.1307,1.000,-692.066
21 55 82 89;0.1307,1.000,-692.066
40 41 89;0.2265,0.868,-691.536
26 63 90;0.4659,0.574,-642.153
25 26 66 90;0.4532,0.588,-641.379
52 66 90;0.1082,1.000,-632.214
72 89;0.2014,0.879,-628.170
9 40 68 90;0.1060,1.000,-618.259
54 76 90;0.1057,1.000,-616.519
54 68 90;0.1057,1.000,-616.519
59 76 90;0.1057,1.000,-616.519
59 68 90;0.1057,1.000,-616.519
25 26 90;0.4640,0.573,-614.837
17 40 68 90;0.1052,1.000,-613.040
17 66 68 90;0.1052,1.000,-613.040
52 90;0.1124,0.982,-594.515
40 81 89;0.1086,1.000,-564.285
53 89;0.1075,1.000,-558.099
27 40 89;0.1075,1.000,-558.099
21 43 89;0.1072,1.000,-556.555
58 89;0.1067,1.000,-553.468
9 66 68 90;0.1087,0.971,-542.797
27 55 68 89;0.1013,1.000,-523.519
27 63 68 89;0.1013,1.000,-523.519
27 55 89;0.1495,0.917,-523.265
27 63 89;0.1495,0.917,-523.265
26 66 90;0.4532,0.571,-513.733
27 89;0.1495,0.912,-512.026
26 90;0.4659,0.557,-512.026
77 89;0.0976,1.000,-502.941
66 85 90;0.1250,0.915,-498.336
43 68 89;0.0950,1.000,-488.536
40 43 89;0.0950,1.000,-488.536
68 82 89;0.0950,1.000,-488.536
21 40 82 89;0.0950,1.000,-488.536
17 76 90;0.1067,0.950,-484.794
76 90;0.2207,0.756,-476.804
17 68 90;0.1052,0.949,-475.856
7 28 39 66 90;0.0816,1.000,-466.572
14 28 39 66 90;0.0810,1.000,-462.403
19 28 41 90;0.0801,1.000,-457.406
42 60 89;0.0853,1.000,-435.248
42 55 89;0.0853,1.000,-435.248
26 42 66 89;0.0853,1.000,-435.248
42 63 66 89;0.0853,1.000,-435.248
85 90;0.1250,0.883,-435.003
41 82 90;0.0754,1.000,-428.395
68 88 90;0.0739,1.000,-419.325
31 40 89;0.0807,1.000,-410.026
42 66 89;0.0853,0.990,-407.034
5 40 90;0.0718,1.000,-406.994
7 60 89;0.1204,0.913,-400.587
40 83 90;0.0700,1.000,-396.342
40 88 89;0.2265,0.764,-387.930
11 41 89;0.0763,1.000,-386.459
60 82 89;0.1729,0.821,-383.518
55 82 89;0.1729,0.821,-383.518
7 55 89;0.1214,0.900,-379.798
14 39 66 90;0.0889,0.939,-379.075
26 41 88 89;0.2150,0.771,-378.371
25 26 42 89;0.0853,0.973,-370.039
25 42 63 89;0.0853,0.973,-370.039
9 68 90;0.1087,0.881,-368.662
33 41 90;0.0652,1.000,-367.817
17 41 89;0.0725,1.000,-365.974
5 25 66 90;0.0733,0.971,-355.152
5 66 68 90;0.0730,0.971,-353.570
5 63 66 90;0.0730,0.971,-353.570
25 42 89;0.0853,0.964,-353.201
34 41 90;0.0626,1.000,-352.427
41 88 89;0.2274,0.749,-351.152
39 88 90;0.0845,0.929,-343.790
57 90;0.0609,1.000,-341.935
31 89;0.1150,0.889,-339.058
26 42 89;0.0853,0.953,-333.021
42 63 89;0.0853,0.953,-333.021
10 21 82 89;0.0652,1.000,-327.536
67 76 89;0.0651,1.000,-326.815
21 79 82 89;0.0650,1.000,-326.094
19 41 90;0.0801,0.929,-323.755
42 89;0.0853,0.944,-319.204
26 35 89;0.0754,0.970,-318.382
14 40 89;0.1022,0.902,-316.987
39 59 90;0.0539,1.000,-301.064
39 54 90;0.0537,1.000,-300.268
7 43 89;0.0598,1.000,-298.814
28 56 66 90;0.0533,1.000,-297.879
28 33 39 90;0.0533,1.000,-297.879
10 17 40 90;0.0528,1.000,-294.695
10 17 66 90;0.0528,1.000,-294.695
10 59 90;0.0524,1.000,-292.310
7 39 66 90;0.0952,0.862,-292.265
10 54 90;0.0521,1.000,-290.721
60 81 89;0.0581,1.000,-290.246
40 68 90;0.2107,0.689,-289.631
55 81 89;0.0573,1.000,-285.970
21 48 89;0.0569,1.000,-283.833
66 68 90;0.2155,0.680,-279.009
25 83 90;0.0718,0.919,-276.559
63 83 90;0.0710,0.919,-272.185
68 83 90;0.0708,0.918,-271.457
25 39 66 90;0.2224,0.671,-270.000
35 40 89;0.0540,1.000,-268.918
28 39 66 81 90;0.0816,0.881,-267.948
39 63 66 90;0.2216,0.670,-266.692
35 89;0.0754,0.934,-265.996
7 11 89;0.0589,0.982,-261.887
33 39 90;0.0533,0.975,-259.163
5 66 90;0.0733,0.899,-259.137
48 68 89;0.0514,1.000,-255.481
18 21 82 89;0.0509,1.000,-252.659
44 68 89;0.0501,1.000,-248.430
21 44 89;0.0501,1.000,-248.430
19 60 89;0.0496,1.000,-246.317
28 56 90;0.0533,0.963,-244.958
43 48 89;0.0481,1.000,-238.583
5 68 90;0.0730,0.881,-238.315
25 66 90;0.4676,0.520,-237.584
68 79 89;0.0472,1.000,-233.670
11 81 89;0.0472,1.000,-233.670
21 40 79 89;0.0472,1.000,-233.670
7 19 39 90;0.0420,1.000,-232.396
43 44 89;0.0468,1.000,-231.567
7 28 39 81 90;0.0416,1.000,-230.052
63 66 90;0.4668,0.520,-229.218
25 37 63 89;0.1194,0.808,-228.821
28 39 81 90;0.0816,0.846,-228.583
43 82 89;0.0950,0.853,-228.003
7 19 28 90;0.0410,1.000,-226.928
25 37 89;0.1194,0.805,-225.800
39 60 76 89;0.0511,0.982,-225.800
10 17 90;0.0528,0.946,-224.681
36 40 89;0.0822,0.880,-223.956
4 7 28 39 90;0.0405,1.000,-223.807
37 63 89;0.1194,0.802,-221.827
25 39 63 76 89;0.0714,0.908,-221.198
40 82 89;0.0950,0.847,-220.547
37 89;0.1194,0.800,-218.887
81 88 89;0.1121,0.807,-212.401
10 40 90;0.1392,0.721,-211.877
25 39 76 89;0.0714,0.898,-211.228
9 14 39 90;0.0403,0.990,-209.569
4 39 66 90;0.0967,0.788,-206.668
5 59 90;0.0371,1.000,-204.360
54 90;0.1595,0.692,-203.167
4 14 28 39 90;0.0398,0.986,-202.804
7 28 39 90;0.0816,0.820,-202.100
59 90;0.1596,0.691,-201.128
7 68 89;0.0506,0.961,-200.321
39 63 76 89;0.0714,0.886,-198.778
19 55 89;0.0496,0.963,-198.229
4 39 63 90;0.1020,0.768,-196.624
60 83 90;0.0357,1.000,-196.610
4 25 39 90;0.1018,0.768,-195.492
36 39 66 90;0.0680,0.852,-193.762
14 28 39 90;0.0810,0.813,-193.494
17 83 90;0.0349,1.000,-191.969
56 66 90;0.0554,0.898,-191.554
39 55 76 89;0.0581,0.922,-190.813
39 66 81 90;0.0816,0.808,-190.054
39 76 89;0.0714,0.877,-190.004
55 60 89;0.2797,0.649,-189.935
10 28 41 66 90;0.0345,1.000,-189.650
79 82 89;0.0855,0.838,-187.243
21 67 89;0.0377,1.000,-185.625
14 39 90;0.0889,0.785,-185.021
7 17 89;0.0369,1.000,-181.479
68 90;0.2155,0.633,-181.460
20 86 90;0.0330,1.000,-181.161
55 89;0.3392,0.619,-180.880
17 81 89;0.0368,1.000,-180.789
14 43 89;0.0367,1.000,-180.099
67 89;0.0651,0.885,-178.915
20 43 90;0.0321,1.000,-176.539
76 82 89;0.0357,1.000,-175.271
39 66 90;0.2224,0.626,-175.196
60 89;0.3332,0.620,-174.908
56 90;0.0554,0.869,-168.429
7 19 90;0.0420,0.933,-167.494
10 20 28 41 90;0.0390,0.950,-167.124
10 28 41 60 90;0.0390,0.950,-167.124
10 28 41 55 90;0.0390,0.950,-167.124
4 39 90;0.1023,0.737,-163.224
39 81 90;0.0816,0.778,-162.417
18 68 89;0.0328,1.000,-160.827
18 21 40 89;0.0328,1.000,-160.827
41 79 90;0.0291,1.000,-159.642
43 89;0.1072,0.769,-158.895
5 17 90;0.0362,0.953,-157.382
7 39 90;0.0952,0.742,-155.352
66 84 89;0.0316,1.000,-154.656
4 28 34 90;0.0282,1.000,-154.282
11 21 82 89;0.0313,1.000,-153.286
1 26 66 89;0.0369,0.971,-152.704
14 68 89;0.0309,1.000,-151.232
10 28 41 90;0.0390,0.925,-149.993
7 28 34 66 90;0.0272,1.000,-148.930
7 26 88 89;0.1069,0.759,-147.668
21 79 89;0.0650,0.848,-147.644
28 33 81 90;0.0269,1.000,-147.403
28 34 81 90;0.0269,1.000,-147.403
10 66 88 90;0.0464,0.881,-147.334
10 41 66 90;0.0464,0.881,-147.334
10 41 60 90;0.0509,0.859,-147.252
10 41 55 90;0.0509,0.859,-147.252
1 66 89;0.0369,0.961,-144.777
14 28 34 66 90;0.0264,1.000,-144.349
1 89;0.0495,0.898,-143.781
9 28 33 90;0.0263,1.000,-143.586
19 28 88 90;0.0263,1.000,-143.586
19 33 90;0.0260,1.000,-142.061
10 88 90;0.0464,0.871,-141.460
7 89;0.1938,0.671,-141.176
5 63 90;0.0745,0.771,-140.994
5 25 90;0.0741,0.770,-139.375
66 90;0.4676,0.507,-138.845
10 86 90;0.0252,1.000,-137.489
10 41 90;0.0509,0.844,-136.914
5 88 90;0.0264,0.990,-135.749
9 83 90;0.0360,0.916,-132.887
11 39 83 89;0.0269,1.000,-131.444
18 21 89;0.0524,0.868,-131.125
4 34 90;0.0282,0.967,-129.732
33 81 90;0.0269,0.975,-128.814
21 30 89;0.0264,1.000,-128.724
19 81 90;0.0410,0.877,-127.972
34 88 90;0.0232,1.000,-126.842
21 39 83 89;0.0301,0.973,-125.443
21 82 89;0.1307,0.708,-123.820
5 9 90;0.0380,0.885,-122.749
4 19 28 90;0.0398,0.874,-122.197
10 11 21 39 89;0.0249,1.000,-121.254
11 21 39 66 89;0.0334,0.942,-118.976
18 82 89;0.0656,0.808,-118.922
10 78 89;0.0243,1.000,-118.542
36 68 89;0.0242,1.000,-117.864
74 89;0.0241,1.000,-117.186
62 89;0.0238,1.000,-115.832
24 83 89;0.0238,1.000,-115.832
10 24 89;0.0238,1.000,-115.832
24 66 89;0.0238,1.000,-115.832
10 39 83 89;0.0238,1.000,-115.832
26 39 83 89;0.0238,1.000,-115.832
87 89;0.0235,1.000,-114.477
33 68 89;0.0235,1.000,-114.477
26 68 78 89;0.0235,1.000,-114.477
63 68 78 89;0.0235,1.000,-114.477
21 33 40 89;0.0235,1.000,-114.477
30 68 89;0.0234,1.000,-113.800
30 40 89;0.0234,1.000,-113.800
34 81 90;0.0269,0.947,-113.317
9 33 90;0.0263,0.950,-112.073
11 21 39 89;0.0354,0.915,-110.866
39 83 89;0.0301,0.944,-108.244
5 90;0.0748,0.726,-107.622
36 39 90;0.0680,0.741,-106.490
48 82 89;0.0481,0.844,-105.595
19 79 89;0.0215,1.000,-104.338
44 82 89;0.0468,0.844,-102.681
11 24 89;0.0238,0.978,-101.130
26 78 89;0.0357,0.894,-100.580
10 11 25 90;0.0602,0.750,-98.864
10 11 63 90;0.0602,0.750,-98.864
82 89;0.1729,0.653,-98.491
28 33 90;0.0652,0.735,-98.252
4 19 90;0.0405,0.822,-97.512
55 83 90;0.0356,0.850,-97.472
4 66 88 89;0.1153,0.696,-95.973
63 90;0.4795,0.492,-95.559
20 48 90;0.0175,1.000,-95.089
48 71 90;0.0175,1.000,-95.089
41 48 60 90;0.0175,1.000,-95.089
40 41 48 90;0.0175,1.000,-95.089
28 41 48 90;0.0175,1.000,-95.089
20 40 79 90;0.0175,1.000,-95.089
40 71 79 90;0.0175,1.000,-95.089
79 89;0.1074,0.703,-94.682
68 78 89;0.0235,0.966,-94.274
4 25 88 89;0.1156,0.694,-94.069
10 39 89;0.0875,0.729,-93.877
41 86 90;0.0172,1.000,-93.584
40 86 90;0.0172,1.000,-93.584
28 86 90;0.0172,1.000,-93.584
20 40 82 90;0.0172,1.000,-93.584
40 71 82 90;0.0172,1.000,-93.584
79 86 90;0.0171,1.000,-92.832
20 44 90;0.0170,1.000,-92.080
44 71 90;0.0170,1.000,-92.080
41 44 60 90;0.0170,1.000,-92.080
40 41 44 90;0.0170,1.000,-92.080
28 41 44 90;0.0170,1.000,-92.080
4 88 89;0.1156,0.691,-92.000
33 90;0.0652,0.724,-91.260
10 19 89;0.0187,1.000,-90.866
14 76 89;0.0186,1.000,-90.194
30 89;0.0416,0.842,-89.840
3 40 89;0.1612,0.653,-89.508
39 43 82 90;0.0164,1.000,-89.072
43 71 82 90;0.0164,1.000,-89.072
25 39 90;0.2332,0.572,-88.413
83 90;0.0718,0.705,-88.398
39 43 79 90;0.0161,1.000,-87.570
43 71 79 90;0.0161,1.000,-87.570
10 39 43 90;0.0161,1.000,-87.570
10 43 71 90;0.0161,1.000,-87.570
17 36 89;0.0181,1.000,-87.506
9 43 90;0.0160,1.000,-86.819
11 48 89;0.0178,1.000,-86.164
18 39 43 90;0.0159,1.000,-86.068
18 43 71 90;0.0159,1.000,-86.068
11 36 88 89;0.0175,1.000,-84.821
11 44 89;0.0172,1.000,-83.479
11 36 89;0.0308,0.886,-83.163
5 39 89;0.0282,0.904,-83.068
4 10 20 28 71 90;0.0193,0.953,-82.980
4 10 28 60 71 90;0.0193,0.953,-82.980
4 10 28 55 71 90;0.0193,0.953,-82.980
78 89;0.0357,0.856,-82.771
4 10 20 71 90;0.0272,0.873,-82.692
4 10 60 71 90;0.0272,0.873,-82.692
4 10 55 71 90;0.0272,0.873,-82.692
84 89;0.0316,0.878,-82.231
4 40 89;0.1603,0.646,-81.708
18 28 41 90;0.0149,1.000,-80.816
19 28 36 90;0.0264,0.873,-80.366
10 25 90;0.1718,0.594,-80.201
39 63 68 89;0.0298,0.883,-79.260
24 89;0.0238,0.926,-78.065
25 90;0.4784,0.491,-78.065
48 89;0.0569,0.765,-77.403
7 81 82 90;0.0142,1.000,-77.069
4 20 51 82 90;0.0142,1.000,-77.069
4 51 71 82 90;0.0142,1.000,-77.069
26 66 88 89;0.2195,0.615,-77.064
12 41 90;0.0141,1.000,-76.320
12 71 90;0.0141,1.000,-76.320
4 10 20 82 90;0.0138,1.000,-74.823
4 10 71 82 90;0.0138,1.000,-74.823
9 26 49 66 89;0.0230,0.923,-74.484
9 49 63 66 89;0.0230,0.923,-74.484
14 81 82 90;0.0137,1.000,-74.074
25 26 88 89;0.2205,0.612,-73.509
18 86 90;0.0135,1.000,-73.326
9 19 88 90;0.0135,1.000,-73.326
66 88 89;0.2319,0.607,-72.563
4 10 20 55 60 90;0.0272,0.843,-72.181
9 14 82 90;0.0133,1.000,-71.830
39 68 89;0.0298,0.862,-71.210
9 14 34 90;0.0130,1.000,-70.334
11 20 39 51 71 90;0.0163,0.952,-69.837
25 88 89;0.2329,0.604,-69.230
26 88 89;0.2205,0.609,-69.149
19 39 90;0.0829,0.656,-68.916
18 89;0.0890,0.692,-68.731
81 82 90;0.0275,0.831,-68.640
4 10 20 79 90;0.0124,1.000,-67.345
4 10 71 79 90;0.0124,1.000,-67.345
19 88 90;0.0282,0.821,-67.040
7 28 34 90;0.0272,0.822,-65.271
4 10 20 60 90;0.0272,0.822,-65.271
4 20 51 79 90;0.0120,1.000,-65.105
4 51 71 79 90;0.0120,1.000,-65.105
88 89;0.2329,0.601,-65.099
9 49 66 89;0.0230,0.894,-64.524
3 39 90;0.1239,0.608,-64.413
14 28 34 90;0.0264,0.825,-64.076
18 20 28 40 90;0.0118,1.000,-63.612
18 28 40 71 90;0.0118,1.000,-63.612
49 81 89;0.0131,1.000,-63.416
4 10 20 55 90;0.0272,0.816,-63.125
12 40 90;0.0116,1.000,-62.866
79 88 90;0.0116,1.000,-62.866
34 90;0.0626,0.680,-62.790
19 28 90;0.0801,0.648,-61.716
49 85 89;0.0127,1.000,-61.416
19 36 90;0.0264,0.814,-60.850
10 20 28 36 90;0.0112,1.000,-60.628
44 89;0.0501,0.747,-59.676
21 86 89;0.0122,1.000,-58.751
11 39 89;0.0539,0.734,-58.190
36 76 89;0.0120,1.000,-58.085
10 14 21 89;0.0243,0.860,-57.636
34 76 89;0.0115,1.000,-55.423
17 40 55 90;0.0522,0.685,-54.119
10 21 33 89;0.0112,1.000,-54.093
9 25 26 49 89;0.0239,0.850,-53.664
9 25 49 63 89;0.0239,0.850,-53.664
10 12 55 60 90;0.0130,0.941,-53.167
26 49 66 89;0.0230,0.853,-52.439
49 63 66 89;0.0230,0.853,-52.439
37 86 90;0.0097,1.000,-52.436
17 40 60 90;0.0516,0.681,-51.647
4 10 20 90;0.0272,0.774,-50.786
19 90;0.0829,0.625,-50.232
12 55 60 90;0.0141,0.904,-49.174
11 20 39 51 55 60 90;0.0163,0.869,-48.687
18 41 90;0.0238,0.791,-48.658
10 20 36 90;0.0152,0.881,-48.012
10 14 20 90;0.0111,0.953,-47.892
86 90;0.0330,0.730,-47.156
9 25 49 89;0.0239,0.825,-47.074
39 90;0.2351,0.543,-46.466
40 89;0.3215,0.567,-46.466
41 48 90;0.0175,0.842,-46.357
49 66 89;0.0230,0.828,-45.755
11 20 51 82 90;0.0083,1.000,-45.004
11 51 71 82 90;0.0083,1.000,-45.004
43 71 90;0.0321,0.725,-44.500
11 20 51 79 90;0.0082,1.000,-44.262
11 51 71 79 90;0.0082,1.000,-44.262
10 21 36 89;0.0189,0.857,-44.200
41 44 90;0.0170,0.838,-44.048
10 12 60 90;0.0130,0.896,-44.030
37 43 90;0.0081,1.000,-43.520
17 55 90;0.0522,0.657,-42.852
10 12 55 90;0.0130,0.888,-42.475
17 40 90;0.1052,0.592,-42.400
25 26 49 89;0.0250,0.799,-42.205
25 49 63 89;0.0250,0.799,-42.205
4 18 20 82 90;0.0078,1.000,-42.036
4 18 71 82 90;0.0078,1.000,-42.036
17 60 90;0.0516,0.656,-41.562
4 18 20 28 90;0.0077,1.000,-41.294
4 18 28 71 90;0.0077,1.000,-41.294
81 89;0.1318,0.618,-41.257
41 55 60 90;0.0673,0.628,-41.136
4 18 20 90;0.0156,0.838,-40.651
4 18 71 90;0.0156,0.838,-40.651
16 88 90;0.0075,1.000,-40.553
41 76 89;0.0122,0.927,-40.516
9 26 49 89;0.0239,0.795,-39.504
9 49 63 89;0.0239,0.795,-39.504
4 10 71 90;0.0272,0.732,-39.335
4 29 41 80 89;0.0081,1.000,-38.833
10 38 89;0.0079,1.000,-38.170
11 38 83 89;0.0079,1.000,-38.170
26 38 83 89;0.0079,1.000,-38.170
11 38 66 89;0.0079,1.000,-38.170
26 38 66 89;0.0079,1.000,-38.170
20 36 51 79 90;0.0070,1.000,-37.588
25 49 89;0.0250,0.779,-37.164
12 82 90;0.0068,1.000,-36.847
16 41 90;0.0104,0.905,-36.718
16 71 90;0.0104,0.905,-36.718
4 10 90;0.0626,0.623,-36.286
10 11 20 71 90;0.0082,0.952,-35.567
10 11 60 71 90;0.0082,0.952,-35.567
10 11 55 71 90;0.0082,0.952,-35.567
36 49 89;0.0074,1.000,-35.524
20 36 51 82 90;0.0066,1.000,-35.366
9 49 89;0.0239,0.774,-34.581
12 60 90;0.0141,0.824,-34.439
4 20 82 90;0.0187,0.770,-34.309
4 71 82 90;0.0187,0.770,-34.309
11 33 89;0.0071,1.000,-34.202
17 90;0.1067,0.577,-34.058
10 90;0.1718,0.549,-34.042
27 72 88 90;0.0063,1.000,-33.885
27 41 72 90;0.0063,1.000,-33.885
27 71 72 90;0.0063,1.000,-33.885
14 41 90;0.1000,0.581,-33.444
12 55 90;0.0141,0.817,-33.372
16 76 89;0.0068,1.000,-32.880
4 29 41 89;0.0081,0.967,-32.735
9 90;0.2128,0.535,-32.170
12 79 90;0.0059,1.000,-31.666
26 49 89;0.0250,0.753,-31.265
49 63 89;0.0250,0.753,-31.265
12 48 90;0.0057,1.000,-30.926
37 40 48 90;0.0057,1.000,-30.926
28 37 48 90;0.0057,1.000,-30.926
37 40 79 90;0.0057,1.000,-30.926
56 83 89;0.0063,1.000,-30.237
41 68 89;0.0063,1.000,-30.237
29 41 56 89;0.0063,1.000,-30.237
41 80 83 89;0.0063,1.000,-30.237
21 41 83 89;0.0063,1.000,-30.237
12 44 90;0.0056,1.000,-30.187
38 83 89;0.0079,0.951,-29.801
38 66 89;0.0079,0.951,-29.801
19 29 41 89;0.0062,1.000,-29.577
37 44 60 90;0.0055,1.000,-29.447
37 40 44 90;0.0055,1.000,-29.447
28 37 44 90;0.0055,1.000,-29.447
37 40 82 90;0.0055,1.000,-29.447
14 20 79 90;0.0055,1.000,-29.447
14 20 82 90;0.0055,1.000,-29.447
12 76 89;0.0060,1.000,-28.917
12 68 89;0.0060,1.000,-28.917
5 14 89;0.0059,1.000,-28.257
49 88 90;0.0082,0.896,-28.097
11 38 89;0.0079,0.935,-27.767
16 68 89;0.0057,1.000,-27.597
14 29 86 89;0.0057,1.000,-27.597
14 39 86 89;0.0057,1.000,-27.597
49 89;0.0250,0.735,-27.375
49 78 90;0.0051,1.000,-27.230
42 78 90;0.0051,1.000,-27.230
69 89;0.0055,1.000,-26.278
29 75 89;0.0055,1.000,-26.278
4 21 29 39 63 89;0.0088,0.901,-26.091
36 47 51 71 79 90;0.0088,0.853,-24.958
3 16 55 60 90;0.0075,0.887,-24.952
4 20 79 90;0.0164,0.736,-24.835
4 71 79 90;0.0164,0.736,-24.835
16 55 60 90;0.0104,0.809,-23.892
67 84 90;0.0044,1.000,-23.539
41 84 90;0.0044,1.000,-23.539
1 20 41 90;0.0044,1.000,-23.539
1 41 60 90;0.0044,1.000,-23.539
1 41 55 90;0.0044,1.000,-23.539
1 41 51 90;0.0044,1.000,-23.539
1 41 47 90;0.0044,1.000,-23.539
4 21 29 39 89;0.0088,0.877,-23.215
65 90;0.0042,1.000,-22.800
16 27 90;0.0042,1.000,-22.800
78 88 90;0.0042,1.000,-22.800
42 88 90;0.0042,1.000,-22.800
18 20 36 79 90;0.0042,1.000,-22.800
1 20 67 90;0.0041,1.000,-22.062
20 67 82 90;0.0041,1.000,-22.062
18 20 36 82 90;0.0041,1.000,-22.062
3 11 89;0.0700,0.621,-21.966
12 36 90;0.0040,1.000,-21.325
11 20 30 90;0.0040,1.000,-21.325
14 27 88 90;0.0040,1.000,-21.325
4 37 51 82 90;0.0040,1.000,-21.325
10 14 50 89;0.0044,1.000,-21.005
10 14 46 89;0.0044,1.000,-21.005
3 16 60 90;0.0075,0.846,-20.943
3 16 55 90;0.0075,0.846,-20.943
16 72 90;0.0038,1.000,-20.587
18 20 28 36 90;0.0038,1.000,-20.587
3 36 51 71 79 90;0.0067,0.860,-19.913
16 79 90;0.0037,1.000,-19.850
16 73 90;0.0037,1.000,-19.850
18 72 88 90;0.0037,1.000,-19.850
18 28 37 40 90;0.0037,1.000,-19.850
36 51 71 72 79 90;0.0037,1.000,-19.850
36 51 71 73 79 90;0.0037,1.000,-19.850
6 89;0.0041,1.000,-19.689
13 41 89;0.0041,1.000,-19.689
38 80 89;0.0041,1.000,-19.689
36 51 71 79 90;0.0101,0.771,-19.234
7 16 90;0.0036,1.000,-19.113
4 20 30 90;0.0036,1.000,-19.113
15 89;0.0040,1.000,-19.031
5 36 89;0.0040,1.000,-19.031
10 26 34 66 89;0.0075,0.859,-18.500
4 37 51 79 90;0.0034,1.000,-18.376
5 34 89;0.0038,1.000,-18.373
3 7 47 51 71 79 90;0.0056,0.872,-17.756
13 80 89;0.0037,1.000,-17.714
7 71 73 79 90;0.0033,1.000,-17.639
9 21 29 39 63 89;0.0088,0.821,-17.485
18 20 36 90;0.0079,0.795,-17.319
12 90;0.0141,0.701,-17.063
18 20 67 90;0.0031,1.000,-16.902
27 71 73 79 90;0.0031,1.000,-16.902
10 34 89;0.0131,0.750,-16.643
1 41 90;0.0044,0.914,-16.618
41 83 89;0.0063,0.868,-16.308
27 35 90;0.0030,1.000,-16.166
18 36 71 72 90;0.0030,1.000,-16.166
9 29 41 80 89;0.0033,1.000,-15.742
9 21 29 41 89;0.0033,1.000,-15.742
16 60 90;0.0104,0.731,-15.700
3 14 47 51 71 79 90;0.0048,0.875,-15.474
37 44 79 90;0.0029,1.000,-15.429
37 48 79 90;0.0029,1.000,-15.429
37 48 82 90;0.0029,1.000,-15.429
56 76 89;0.0083,0.803,-15.173
13 56 89;0.0031,1.000,-15.084
13 83 89;0.0031,1.000,-15.084
13 29 89;0.0031,1.000,-15.084
13 68 89;0.0031,1.000,-15.084
13 66 89;0.0031,1.000,-15.084
10 36 50 89;0.0031,1.000,-15.084
10 36 46 89;0.0031,1.000,-15.084
9 41 66 89;0.1104,0.580,-15.046
16 55 90;0.0104,0.724,-15.043
17 25 39 89;0.0056,0.872,-14.956
3 27 47 51 71 79 90;0.0063,0.807,-14.848
35 79 90;0.0027,1.000,-14.693
37 44 82 90;0.0027,1.000,-14.693
4 11 89;0.0676,0.600,-14.500
34 86 89;0.0030,1.000,-14.427
3 16 90;0.0075,0.764,-14.108
26 38 89;0.0079,0.795,-13.847
18 43 47 51 90;0.0159,0.659,-13.823
20 28 40 55 60 90;0.0345,0.593,-13.769
28 40 55 60 71 90;0.0345,0.593,-13.769
20 36 79 90;0.0097,0.717,-13.569
11 20 51 55 60 71 90;0.0163,0.654,-13.521
38 49 90;0.0025,1.000,-13.221
38 42 90;0.0025,1.000,-13.221
4 18 28 37 90;0.0025,1.000,-13.221
20 36 82 90;0.0096,0.714,-13.155
36 41 90;0.0711,0.551,-13.128
5 41 56 89;0.0027,1.000,-13.112
5 21 41 89;0.0027,1.000,-13.112
9 41 89;0.1131,0.574,-13.102
3 14 47 71 79 90;0.0055,0.800,-12.647
7 71 72 79 90;0.0023,1.000,-12.485
9 21 29 39 89;0.0088,0.762,-12.458
10 41 85 89;0.0026,1.000,-12.456
3 7 47 71 79 90;0.0056,0.788,-12.243
28 37 40 55 60 90;0.0114,0.680,-12.128
37 48 60 90;0.0057,0.778,-11.875
16 36 90;0.0022,1.000,-11.749
4 84 90;0.0022,1.000,-11.749
4 67 82 90;0.0022,1.000,-11.749
11 30 71 82 90;0.0022,1.000,-11.749
4 18 37 82 90;0.0022,1.000,-11.749
11 37 51 82 90;0.0022,1.000,-11.749
3 14 51 71 79 90;0.0055,0.784,-11.736
36 89;0.1060,0.572,-11.560
3 27 88 90;0.0126,0.662,-11.508
3 27 41 71 90;0.0126,0.662,-11.508
3 27 41 60 90;0.0126,0.662,-11.508
38 89;0.0079,0.763,-11.500
3 7 51 71 79 90;0.0056,0.774,-11.381
3 36 47 51 79 90;0.0060,0.759,-11.226
4 20 51 55 60 71 90;0.0286,0.590,-11.221
11 56 89;0.0052,0.826,-11.170
3 55 60 72 88 90;0.0114,0.669,-11.159
38 88 90;0.0021,1.000,-11.014
16 31 90;0.0021,1.000,-11.014
7 49 90;0.0021,1.000,-11.014
11 37 51 79 90;0.0021,1.000,-11.014
14 71 73 79 90;0.0021,1.000,-11.014
11 47 51 79 90;0.0082,0.706,-10.870
3 18 71 88 90;0.0079,0.707,-10.649
3 18 51 88 90;0.0079,0.707,-10.649
5 41 80 89;0.0022,1.000,-10.485
3 51 55 60 88 90;0.0264,0.590,-10.432
24 49 90;0.0019,1.000,-10.278
24 42 90;0.0019,1.000,-10.278
24 88 90;0.0019,1.000,-10.278
18 37 44 90;0.0019,1.000,-10.278
11 30 71 79 90;0.0019,1.000,-10.278
4 18 37 79 90;0.0019,1.000,-10.278
14 71 72 79 90;0.0019,1.000,-10.278
14 27 71 73 90;0.0019,1.000,-10.278
36 51 71 72 82 90;0.0019,1.000,-10.278
36 51 71 73 82 90;0.0019,1.000,-10.278
3 27 41 47 51 90;0.0126,0.648,-10.228
20 41 67 90;0.0085,0.689,-9.985
20 67 71 90;0.0085,0.689,-9.985
41 60 67 90;0.0085,0.689,-9.985
41 55 67 90;0.0085,0.689,-9.985
41 51 67 90;0.0085,0.689,-9.985
41 47 67 90;0.0085,0.689,-9.985
18 20 40 90;0.0118,0.652,-9.955
18 40 71 90;0.0118,0.652,-9.955
45 56 89;0.0021,1.000,-9.829
11 45 89;0.0021,1.000,-9.829
41 45 89;0.0021,1.000,-9.829
26 45 89;0.0021,1.000,-9.829
45 63 89;0.0021,1.000,-9.829
5 16 89;0.0021,1.000,-9.829
5 12 89;0.0021,1.000,-9.829
3 12 39 89;0.0021,1.000,-9.829
4 14 29 89;0.0021,1.000,-9.829
17 39 89;0.0056,0.788,-9.811
3 14 71 79 90;0.0068,0.714,-9.773
3 55 60 88 90;0.0291,0.579,-9.651
11 20 51 55 60 72 90;0.0083,0.685,-9.609
4 18 37 90;0.0046,0.773,-9.597
27 78 90;0.0018,1.000,-9.543
14 37 48 90;0.0018,1.000,-9.543
18 35 71 90;0.0018,1.000,-9.543
18 35 51 90;0.0018,1.000,-9.543
7 18 71 72 90;0.0018,1.000,-9.543
13 25 89;0.0041,0.833,-9.362
3 19 29 89;0.0031,0.885,-9.275
19 29 80 89;0.0062,0.763,-9.176
19 29 63 89;0.0062,0.763,-9.176
11 20 51 55 60 90;0.0163,0.613,-9.116
5 41 89;0.0027,0.909,-9.029
11 89;0.1555,0.554,-8.954
29 56 89;0.0063,0.754,-8.872
56 68 89;0.0063,0.754,-8.872
14 37 44 90;0.0016,1.000,-8.808
4 18 67 90;0.0016,1.000,-8.808
27 31 71 79 90;0.0016,1.000,-8.808
7 31 71 79 90;0.0016,1.000,-8.808
18 36 71 73 79 90;0.0016,1.000,-8.808
3 36 47 71 79 90;0.0067,0.700,-8.780
36 47 51 79 90;0.0088,0.667,-8.733
3 27 41 51 90;0.0126,0.630,-8.696
3 27 41 47 90;0.0126,0.630,-8.696
14 89;0.1265,0.559,-8.654
4 37 82 90;0.0052,0.731,-8.490
3 18 36 47 51 71 90;0.0045,0.750,-8.339
14 47 51 71 79 90;0.0053,0.722,-8.270
4 30 71 90;0.0036,0.788,-8.147
13 49 90;0.0015,1.000,-8.073
13 78 90;0.0015,1.000,-8.073
13 42 90;0.0015,1.000,-8.073
13 88 90;0.0015,1.000,-8.073
16 82 90;0.0015,1.000,-8.073
3 18 36 47 71 90;0.0051,0.725,-8.055
3 36 51 55 60 71 72 90;0.0051,0.725,-8.055
3 36 71 79 90;0.0079,0.667,-8.037
7 47 51 71 79 90;0.0056,0.707,-7.878
4 47 51 79 90;0.0100,0.640,-7.867
3 27 47 71 79 90;0.0063,0.687,-7.621
4 20 51 55 60 90;0.0286,0.565,-7.590
3 18 88 90;0.0079,0.659,-7.584
41 59 89;0.0715,0.570,-7.464
3 36 51 55 60 71 90;0.0131,0.611,-7.458
18 36 47 51 71 90;0.0070,0.671,-7.455
16 84 90;0.0014,1.000,-7.338
1 16 90;0.0014,1.000,-7.338
41 54 89;0.0710,0.569,-7.145
3 51 71 79 90;0.0243,0.569,-7.081
3 18 36 51 71 90;0.0049,0.706,-7.020
18 36 47 71 79 90;0.0041,0.732,-6.979
3 18 36 71 90;0.0060,0.677,-6.878
43 47 51 79 90;0.0161,0.590,-6.870
14 28 36 81 90;0.0138,0.598,-6.653
18 36 71 73 90;0.0031,0.767,-6.646
5 56 89;0.0027,0.833,-6.551
29 33 89;0.0014,1.000,-6.549
11 30 71 90;0.0040,0.725,-6.542
3 14 27 47 51 71 90;0.0040,0.725,-6.542
4 19 29 89;0.0030,0.815,-6.532
12 39 89;0.0060,0.710,-6.351
4 37 79 90;0.0046,0.694,-6.222
3 27 41 73 90;0.0063,0.657,-6.183
3 27 71 73 90;0.0063,0.657,-6.183
3 27 41 90;0.0126,0.597,-6.160
4 20 55 60 71 90;0.0372,0.543,-6.152
4 18 47 51 90;0.0109,0.606,-6.076
3 18 35 90;0.0018,0.867,-6.064
29 41 80 89;0.0187,0.614,-6.024
1 49 55 90;0.0011,1.000,-5.869
1 55 88 90;0.0011,1.000,-5.869
18 35 73 90;0.0011,1.000,-5.869
14 31 71 79 90;0.0011,1.000,-5.869
14 27 31 71 90;0.0011,1.000,-5.869
3 41 90;0.1224,0.509,-5.716
19 29 89;0.0062,0.692,-5.679
36 51 55 60 71 72 90;0.0071,0.634,-5.666
16 90;0.0104,0.603,-5.658
18 36 47 71 90;0.0081,0.621,-5.562
4 60 67 71 90;0.0044,0.681,-5.456
4 55 67 71 90;0.0044,0.681,-5.456
4 51 67 71 90;0.0044,0.681,-5.456
4 47 67 71 90;0.0044,0.681,-5.456
18 36 47 51 72 90;0.0030,0.733,-5.442
13 89;0.0041,0.732,-5.400
14 36 81 90;0.0138,0.580,-5.369
45 85 89;0.0011,1.000,-5.238
10 45 89;0.0011,1.000,-5.238
16 85 89;0.0011,1.000,-5.238
10 56 89;0.0011,1.000,-5.238
10 52 89;0.0011,1.000,-5.238
3 9 16 89;0.0011,1.000,-5.238
52 76 85 89;0.0011,1.000,-5.238
11 40 90;0.1056,0.510,-5.168
36 47 71 79 90;0.0101,0.597,-5.166
4 51 55 60 71 90;0.0286,0.544,-5.148
3 36 51 79 90;0.0067,0.628,-5.139
24 37 90;0.0010,1.000,-5.135
18 78 90;0.0010,1.000,-5.135
41 78 90;0.0010,1.000,-5.135
37 71 78 90;0.0010,1.000,-5.135
20 71 78 90;0.0010,1.000,-5.135
60 71 78 90;0.0010,1.000,-5.135
55 71 78 90;0.0010,1.000,-5.135
18 37 48 90;0.0021,0.789,-5.121
14 37 40 55 60 90;0.0037,0.692,-5.119
3 37 44 90;0.0029,0.724,-4.999
18 35 90;0.0018,0.812,-4.972
3 7 71 79 90;0.0056,0.641,-4.969
4 41 66 80 89;0.0606,0.561,-4.946
14 28 81 90;0.0406,0.530,-4.863
36 47 51 71 82 90;0.0052,0.644,-4.816
20 36 51 55 60 90;0.0134,0.573,-4.750
18 36 51 71 90;0.0078,0.606,-4.699
9 12 89;0.0031,0.742,-4.643
3 89;0.2411,0.535,-4.622
36 71 72 79 90;0.0037,0.675,-4.600
4 29 34 89;0.0010,1.000,-4.583
11 20 82 90;0.0083,0.598,-4.531
11 71 82 90;0.0083,0.598,-4.531
14 20 40 55 60 90;0.0111,0.579,-4.443
14 40 55 60 71 90;0.0111,0.579,-4.443
3 27 47 51 71 90;0.0126,0.571,-4.431
64 90;0.0008,1.000,-4.400
45 78 90;0.0008,1.000,-4.400
42 45 90;0.0008,1.000,-4.400
27 45 90;0.0008,1.000,-4.400
13 38 90;0.0008,1.000,-4.400
27 49 90;0.0008,1.000,-4.400
27 42 90;0.0008,1.000,-4.400
3 35 55 60 71 90;0.0053,0.629,-4.354
37 44 90;0.0055,0.625,-4.290
3 14 47 51 79 90;0.0048,0.636,-4.263
3 11 43 47 51 90;0.0083,0.592,-4.254
1 88 90;0.0011,0.889,-4.228
41 67 90;0.0085,0.590,-4.221
36 71 79 90;0.0129,0.566,-4.182
14 51 71 79 90;0.0067,0.605,-4.144
14 47 71 79 90;0.0067,0.605,-4.144
3 7 18 71 73 90;0.0022,0.727,-4.089
4 20 55 60 90;0.0372,0.526,-4.062
3 18 36 47 51 90;0.0045,0.635,-4.026
3 7 47 51 73 79 90;0.0033,0.667,-3.986
4 41 66 89;0.1147,0.542,-3.734
4 67 71 90;0.0044,0.627,-3.720
13 24 90;0.0007,1.000,-3.666
11 37 51 55 60 72 90;0.0021,0.714,-3.649
3 7 18 47 51 71 90;0.0040,0.630,-3.549
9 16 89;0.0031,0.697,-3.518
11 37 51 55 60 73 90;0.0022,0.696,-3.483
3 36 47 51 55 60 72 90;0.0051,0.607,-3.447
11 37 51 55 60 71 90;0.0042,0.620,-3.423
27 47 51 71 79 90;0.0063,0.590,-3.395
4 11 43 47 51 90;0.0079,0.574,-3.331
18 37 40 90;0.0037,0.628,-3.309
11 20 79 90;0.0082,0.571,-3.290
11 71 79 90;0.0082,0.571,-3.290
3 7 47 51 79 90;0.0056,0.594,-3.287
11 43 47 51 90;0.0163,0.541,-3.232
3 36 55 60 71 90;0.0159,0.540,-3.097
14 20 55 60 90;0.0111,0.551,-3.004
