23 90;0.4699,1.000,-4573.754
22 89;0.5155,0.972,-4573.754
21 26 63 90;0.3929,0.951,-2615.129
21 25 26 66 90;0.3888,0.955,-2604.570
21 25 26 90;0.3909,0.950,-2588.187
28 47 89;0.4129,0.940,-2387.175
21 26 90;0.3929,0.899,-2190.878
28 51 89;0.3914,0.936,-2137.932
26 46 90;0.2767,1.000,-1892.208
46 66 90;0.2726,1.000,-1855.017
26 50 90;0.2679,1.000,-1813.363
50 66 90;0.2679,1.000,-1813.363
21 25 80 90;0.3095,0.954,-1799.213
21 63 80 90;0.3095,0.954,-1799.213
28 71 89;0.3649,0.890,-1576.570
21 80 90;0.3095,0.918,-1568.859
46 90;0.2767,0.938,-1439.526
21 25 66 90;0.4014,0.775,-1427.158
21 63 66 90;0.4003,0.774,-1415.192
26 29 76 90;0.2168,1.000,-1386.281
26 66 76 90;0.2168,1.000,-1386.281
26 29 68 90;0.2168,1.000,-1386.281
26 68 80 90;0.2168,1.000,-1386.281
26 66 68 90;0.2168,1.000,-1386.281
32 90;0.2158,1.000,-1378.777
50 90;0.2679,0.938,-1378.486
40 76 90;0.2128,1.000,-1355.301
29 40 68 90;0.2128,1.000,-1355.301
21 29 40 90;0.2128,1.000,-1355.301
26 29 40 90;0.2128,1.000,-1355.301
40 68 80 90;0.2128,1.000,-1355.301
26 40 68 90;0.2128,1.000,-1355.301
26 76 80 90;0.2168,0.991,-1314.110
20 88 89;0.2243,1.000,-1311.231
40 41 88 89;0.2243,1.000,-1311.231
40 71 88 89;0.2243,1.000,-1311.231
26 29 90;0.2609,0.934,-1309.659
41 75 90;0.2060,1.000,-1302.536
28 75 90;0.2060,1.000,-1302.536
20 28 89;0.3259,0.878,-1247.464
28 40 88 89;0.2131,1.000,-1231.861
29 76 90;0.2188,0.974,-1227.288
66 76 90;0.2188,0.974,-1227.288
29 68 90;0.2179,0.974,-1219.982
21 68 76 90;0.2179,0.974,-1219.982
21 66 90;0.4014,0.741,-1213.246
68 80 90;0.2168,0.974,-1211.654
28 40 89;0.3057,0.893,-1205.300
76 80 90;0.2168,0.966,-1168.563
29 90;0.2745,0.886,-1163.558
28 89;0.4802,0.696,-1163.558
47 71 89;0.3679,0.816,-1157.038
20 47 89;0.3371,0.849,-1156.372
71 89;0.3883,0.792,-1142.300
21 63 90;0.4044,0.724,-1131.132
21 25 90;0.4034,0.723,-1121.496
75 90;0.2060,0.971,-1121.225
40 41 47 51 89;0.2243,0.962,-1068.908
26 39 41 66 90;0.1720,1.000,-1052.110
70 90;0.1648,1.000,-1000.855
20 51 89;0.3137,0.838,-981.785
39 41 66 90;0.1845,0.970,-975.657
21 59 90;0.1606,1.000,-971.220
21 54 90;0.1604,1.000,-970.269
20 89;0.3371,0.810,-961.780
21 90;0.4055,0.695,-961.780
26 41 51 88 89;0.2131,0.949,-946.997
26 41 47 88 89;0.2131,0.949,-946.997
47 89;0.4453,0.703,-943.835
26 39 41 90;0.1807,0.967,-939.938
39 41 90;0.1931,0.942,-915.828
25 26 80 90;0.3476,0.746,-913.241
26 63 80 90;0.3476,0.746,-913.241
26 68 90;0.2168,0.905,-911.414
40 41 51 89;0.2243,0.926,-907.783
40 73 89;0.1580,1.000,-867.347
7 40 89;0.1580,1.000,-867.347
26 76 90;0.2209,0.884,-857.656
10 26 40 90;0.1437,1.000,-856.051
68 76 90;0.2179,0.885,-842.592
41 51 88 89;0.2243,0.908,-837.954
40 72 89;0.1532,1.000,-837.500
25 80 90;0.3528,0.722,-825.759
63 80 90;0.3528,0.722,-825.759
26 80 90;0.3476,0.726,-816.448
80 90;0.3528,0.704,-736.760
73 89;0.2138,0.887,-715.608
51 89;0.4174,0.688,-702.570
27 82 89;0.1283,1.000,-686.452
21 60 82 89;0.1283,1.000,-686.452
21 55 82 89;0.1283,1.000,-686.452
40 41 89;0.2243,0.860,-670.557
26 63 90;0.4710,0.576,-642.551
25 26 66 90;0.4583,0.591,-638.427
72 89;0.2014,0.877,-633.727
52 66 90;0.1082,1.000,-624.344
54 76 90;0.1068,1.000,-615.729
54 68 90;0.1068,1.000,-615.729
17 40 68 90;0.1068,1.000,-615.729
17 66 68 90;0.1068,1.000,-615.729
59 76 90;0.1067,1.000,-614.868
59 68 90;0.1067,1.000,-614.868
25 26 90;0.4690,0.575,-612.850
9 40 68 90;0.1057,1.000,-608.851
52 90;0.1123,0.982,-585.565
53 89;0.1064,1.000,-559.058
40 81 89;0.1056,1.000,-554.374
58 89;0.1048,1.000,-549.695
21 43 89;0.1048,1.000,-549.695
9 66 68 90;0.1089,0.974,-544.981
27 40 89;0.1038,1.000,-544.246
27 55 89;0.1452,0.921,-525.460
27 63 89;0.1452,0.921,-525.460
27 89;0.1452,0.915,-510.127
26 90;0.4710,0.560,-510.127
77 89;0.0950,1.000,-494.825
66 85 90;0.1245,0.913,-482.785
76 90;0.2229,0.760,-481.488
43 68 89;0.0926,1.000,-481.054
40 43 89;0.0926,1.000,-481.054
68 82 89;0.0926,1.000,-481.054
21 40 82 89;0.0926,1.000,-481.054
17 68 90;0.1068,0.944,-466.298
19 28 41 90;0.0810,1.000,-456.708
14 28 39 66 90;0.0797,1.000,-449.310
7 28 39 66 90;0.0797,1.000,-449.310
42 60 89;0.0860,1.000,-444.606
42 55 89;0.0860,1.000,-444.606
26 42 66 89;0.0860,1.000,-444.606
42 63 66 89;0.0860,1.000,-444.606
41 82 90;0.0767,1.000,-431.291
68 88 90;0.0752,1.000,-422.315
31 40 89;0.0814,1.000,-419.024
85 90;0.1245,0.879,-417.403
42 66 89;0.0860,0.987,-408.670
5 40 90;0.0721,1.000,-403.620
11 41 89;0.0778,1.000,-399.591
7 60 89;0.1184,0.912,-398.326
40 83 90;0.0702,1.000,-392.289
7 55 89;0.1213,0.901,-388.217
25 26 42 89;0.0860,0.977,-385.165
25 42 63 89;0.0860,0.977,-385.165
40 88 89;0.2243,0.759,-382.064
26 41 88 89;0.2140,0.768,-378.921
60 82 89;0.1708,0.813,-370.650
55 82 89;0.1708,0.813,-370.650
33 41 90;0.0661,1.000,-368.126
17 41 89;0.0714,1.000,-364.744
5 25 66 90;0.0736,0.978,-363.963
9 68 90;0.1089,0.882,-363.928
5 66 68 90;0.0733,0.978,-362.385
5 63 66 90;0.0733,0.978,-362.385
25 42 89;0.0860,0.965,-362.160
31 89;0.1156,0.894,-356.581
41 88 89;0.2252,0.747,-354.319
14 39 66 90;0.0870,0.933,-353.813
34 41 90;0.0624,1.000,-346.520
26 42 89;0.0860,0.954,-344.265
42 63 89;0.0860,0.954,-344.265
57 90;0.0600,1.000,-332.982
19 41 90;0.0810,0.935,-331.346
67 76 89;0.0646,1.000,-328.061
39 88 90;0.0844,0.922,-327.397
42 89;0.0860,0.943,-325.695
21 79 82 89;0.0640,1.000,-325.144
10 21 82 89;0.0630,1.000,-320.044
26 35 89;0.0745,0.963,-307.979
14 40 89;0.1001,0.895,-304.984
7 43 89;0.0592,1.000,-299.722
28 56 66 90;0.0542,1.000,-298.967
40 68 90;0.2128,0.697,-298.914
10 54 90;0.0539,1.000,-297.393
39 59 90;0.0539,1.000,-297.393
28 33 39 90;0.0539,1.000,-297.393
10 17 40 90;0.0539,1.000,-297.393
10 17 66 90;0.0539,1.000,-297.393
39 54 90;0.0536,1.000,-295.819
55 81 89;0.0584,1.000,-295.383
10 59 90;0.0535,1.000,-295.033
60 81 89;0.0583,1.000,-294.660
66 68 90;0.2179,0.689,-291.344
25 83 90;0.0722,0.926,-281.956
7 39 66 90;0.0931,0.861,-277.627
21 48 89;0.0550,1.000,-277.363
68 83 90;0.0713,0.925,-276.865
63 83 90;0.0711,0.925,-276.140
35 40 89;0.0540,1.000,-272.334
7 11 89;0.0585,0.982,-263.453
35 89;0.0745,0.930,-262.482
5 66 90;0.0736,0.903,-259.348
25 39 66 90;0.2224,0.669,-254.527
33 39 90;0.0539,0.970,-252.738
4 28 39 63 66 90;0.0812,0.872,-251.834
4 39 63 66 90;0.0992,0.825,-250.482
39 63 66 90;0.2213,0.668,-250.280
44 68 89;0.0498,1.000,-250.155
21 44 89;0.0498,1.000,-250.155
18 21 82 89;0.0494,1.000,-248.017
28 56 90;0.0542,0.964,-245.932
48 68 89;0.0488,1.000,-245.167
28 39 66 81 90;0.0789,0.873,-244.797
5 68 90;0.0733,0.890,-244.603
19 60 89;0.0483,1.000,-242.320
25 66 90;0.4718,0.525,-240.767
10 40 90;0.1437,0.739,-238.410
43 44 89;0.0469,1.000,-235.212
11 81 89;0.0468,1.000,-234.502
68 79 89;0.0466,1.000,-233.792
21 40 79 89;0.0466,1.000,-233.792
63 66 90;0.4707,0.524,-229.648
39 60 76 89;0.0511,0.982,-228.964
43 48 89;0.0457,1.000,-228.828
10 17 90;0.0539,0.945,-224.806
25 39 63 76 89;0.0703,0.910,-223.717
7 19 39 90;0.0409,1.000,-223.401
4 7 28 39 90;0.0408,1.000,-222.631
43 82 89;0.0926,0.846,-218.964
7 19 28 90;0.0401,1.000,-218.779
25 37 63 89;0.1165,0.800,-218.601
25 37 89;0.1165,0.797,-214.712
81 88 89;0.1098,0.808,-214.026
7 28 39 81 90;0.0388,1.000,-211.857
37 63 89;0.1165,0.794,-210.885
25 39 76 89;0.0703,0.897,-210.340
37 66 88 89;0.0583,0.936,-208.601
37 89;0.1165,0.791,-207.116
4 14 28 39 90;0.0403,0.990,-206.886
40 82 89;0.0926,0.835,-205.878
9 14 39 90;0.0401,0.990,-205.367
4 39 66 90;0.0994,0.786,-205.189
28 39 81 90;0.0789,0.834,-203.698
7 68 89;0.0499,0.963,-202.579
36 40 89;0.0778,0.865,-199.593
10 28 41 66 90;0.0367,1.000,-199.583
39 63 76 89;0.0703,0.886,-199.440
54 90;0.1604,0.694,-199.396
4 39 63 90;0.1050,0.770,-199.009
5 59 90;0.0365,1.000,-198.818
56 66 90;0.0559,0.907,-197.708
4 25 39 90;0.1046,0.769,-197.329
19 55 89;0.0483,0.964,-197.104
60 83 90;0.0361,1.000,-196.522
59 90;0.1606,0.690,-194.223
68 90;0.2179,0.643,-193.268
39 55 76 89;0.0572,0.921,-189.744
21 67 89;0.0377,1.000,-187.972
39 76 89;0.0703,0.874,-187.788
17 83 90;0.0345,1.000,-187.352
7 28 39 90;0.0797,0.814,-186.815
20 86 90;0.0343,1.000,-186.589
14 28 39 90;0.0797,0.813,-185.731
55 60 89;0.2776,0.642,-183.844
14 43 89;0.0367,1.000,-182.375
79 82 89;0.0856,0.828,-182.091
9 26 41 60 66 89;0.0364,1.000,-180.977
36 39 66 90;0.0674,0.843,-179.603
67 89;0.0646,0.882,-178.665
20 43 90;0.0328,1.000,-178.206
76 82 89;0.0357,1.000,-177.485
9 26 41 55 66 89;0.0357,1.000,-177.485
9 41 55 66 89;0.0386,0.986,-175.479
10 20 28 41 90;0.0410,0.952,-175.403
10 28 41 60 90;0.0410,0.952,-175.403
10 28 41 55 90;0.0410,0.952,-175.403
17 81 89;0.0353,1.000,-175.392
55 89;0.3362,0.613,-174.992
7 17 89;0.0351,1.000,-174.694
56 90;0.0559,0.878,-173.529
60 89;0.3308,0.614,-170.546
14 39 90;0.0870,0.779,-170.483
41 79 90;0.0305,1.000,-165.288
39 66 81 90;0.0789,0.793,-164.812
4 39 90;0.1053,0.738,-164.053
10 41 66 90;0.0480,0.900,-163.549
39 66 90;0.2224,0.624,-162.028
10 66 88 90;0.0476,0.899,-161.544
7 19 90;0.0409,0.934,-161.321
10 41 60 90;0.0524,0.876,-161.096
10 41 55 90;0.0524,0.876,-161.096
10 28 41 90;0.0410,0.929,-157.937
1 26 66 89;0.0368,0.975,-157.120
66 84 89;0.0316,1.000,-156.607
4 28 34 90;0.0289,1.000,-156.197
10 88 90;0.0476,0.890,-155.050
11 21 82 89;0.0312,1.000,-154.527
18 68 89;0.0310,1.000,-153.833
18 21 40 89;0.0310,1.000,-153.833
43 89;0.1048,0.761,-151.344
14 68 89;0.0304,1.000,-150.369
10 41 90;0.0524,0.861,-149.828
7 89;0.1912,0.672,-149.083
5 17 90;0.0360,0.946,-148.980
1 66 89;0.0368,0.964,-148.869
19 33 90;0.0272,1.000,-147.130
28 34 81 90;0.0271,1.000,-146.375
1 89;0.0494,0.898,-145.937
9 28 33 90;0.0269,1.000,-145.621
19 28 88 90;0.0268,1.000,-144.867
21 79 89;0.0640,0.843,-144.803
5 11 63 90;0.0376,0.929,-144.626
7 28 34 66 90;0.0267,1.000,-144.112
5 11 25 90;0.0373,0.929,-143.246
28 33 81 90;0.0264,1.000,-142.604
7 39 90;0.0931,0.737,-142.275
5 63 90;0.0747,0.777,-142.083
14 28 34 66 90;0.0263,1.000,-141.851
5 25 90;0.0743,0.776,-140.470
10 86 90;0.0260,1.000,-140.344
66 90;0.4718,0.511,-140.036
39 81 90;0.0789,0.760,-137.012
9 83 90;0.0360,0.926,-136.368
5 88 90;0.0264,0.990,-134.020
11 39 83 89;0.0267,1.000,-131.723
21 30 89;0.0265,1.000,-131.034
4 34 90;0.0289,0.963,-128.856
18 21 89;0.0514,0.864,-128.642
34 88 90;0.0237,1.000,-127.562
10 11 21 39 89;0.0250,1.000,-123.468
21 82 89;0.1283,0.703,-121.373
33 81 90;0.0264,0.970,-121.290
4 19 28 90;0.0409,0.869,-120.633
21 39 83 89;0.0297,0.964,-119.832
5 9 90;0.0380,0.883,-118.982
62 89;0.0239,1.000,-117.976
24 83 89;0.0239,1.000,-117.976
10 24 89;0.0239,1.000,-117.976
24 66 89;0.0239,1.000,-117.976
10 39 83 89;0.0239,1.000,-117.976
26 39 83 89;0.0239,1.000,-117.976
19 81 90;0.0397,0.871,-117.819
74 89;0.0238,1.000,-117.290
33 68 89;0.0235,1.000,-115.918
21 33 40 89;0.0235,1.000,-115.918
18 82 89;0.0648,0.801,-115.302
30 68 89;0.0234,1.000,-115.233
30 40 89;0.0234,1.000,-115.233
36 68 89;0.0234,1.000,-115.233
11 21 39 66 89;0.0325,0.937,-115.036
34 81 90;0.0271,0.947,-112.324
87 89;0.0227,1.000,-111.808
26 68 78 89;0.0227,1.000,-111.808
63 68 78 89;0.0227,1.000,-111.808
9 33 90;0.0269,0.943,-109.400
10 78 89;0.0222,1.000,-109.070
19 79 89;0.0217,1.000,-107.018
5 90;0.0749,0.730,-106.671
55 83 90;0.0365,0.864,-104.940
11 21 39 89;0.0346,0.904,-104.168
39 83 89;0.0297,0.935,-103.929
10 11 25 90;0.0611,0.758,-102.536
10 11 63 90;0.0611,0.758,-102.536
20 44 90;0.0189,1.000,-101.387
44 71 90;0.0189,1.000,-101.387
41 44 60 90;0.0189,1.000,-101.387
40 41 44 90;0.0189,1.000,-101.387
28 41 44 90;0.0189,1.000,-101.387
4 66 88 89;0.1160,0.696,-101.173
11 24 89;0.0239,0.972,-100.328
20 48 90;0.0186,1.000,-99.897
48 71 90;0.0186,1.000,-99.897
41 48 60 90;0.0186,1.000,-99.897
40 41 48 90;0.0186,1.000,-99.897
28 41 48 90;0.0186,1.000,-99.897
20 40 79 90;0.0186,1.000,-99.897
40 71 79 90;0.0186,1.000,-99.897
10 39 89;0.0873,0.732,-99.881
44 82 89;0.0469,0.833,-98.779
4 25 88 89;0.1162,0.693,-98.708
41 86 90;0.0183,1.000,-98.407
40 86 90;0.0183,1.000,-98.407
28 86 90;0.0183,1.000,-98.407
20 40 82 90;0.0183,1.000,-98.407
40 71 82 90;0.0183,1.000,-98.407
28 33 90;0.0661,0.737,-98.012
4 19 90;0.0416,0.819,-96.578
36 39 90;0.0674,0.731,-96.313
4 88 89;0.1162,0.690,-96.083
26 78 89;0.0338,0.892,-95.932
79 89;0.1078,0.698,-94.474
48 82 89;0.0457,0.829,-94.145
82 89;0.1708,0.646,-94.139
63 90;0.4835,0.496,-92.619
10 25 90;0.1756,0.606,-91.593
79 86 90;0.0170,1.000,-90.970
4 10 20 71 90;0.0287,0.886,-90.931
4 10 60 71 90;0.0287,0.886,-90.931
4 10 55 71 90;0.0287,0.886,-90.931
30 89;0.0418,0.838,-90.699
39 43 82 90;0.0168,1.000,-90.227
43 71 82 90;0.0168,1.000,-90.227
14 76 89;0.0183,1.000,-89.967
33 90;0.0661,0.724,-89.655
9 43 90;0.0167,1.000,-89.484
10 19 89;0.0182,1.000,-89.287
18 39 43 90;0.0165,1.000,-88.742
18 43 71 90;0.0165,1.000,-88.742
83 90;0.0722,0.709,-88.383
68 78 89;0.0227,0.954,-86.870
39 43 79 90;0.0161,1.000,-86.515
43 71 79 90;0.0161,1.000,-86.515
10 39 43 90;0.0161,1.000,-86.515
10 43 71 90;0.0161,1.000,-86.515
17 36 89;0.0175,1.000,-85.887
4 40 89;0.1591,0.645,-84.978
5 39 89;0.0278,0.906,-84.484
84 89;0.0316,0.878,-83.902
11 44 89;0.0171,1.000,-83.849
11 36 88 89;0.0170,1.000,-83.170
12 41 90;0.0155,1.000,-82.806
12 71 90;0.0155,1.000,-82.806
18 28 41 90;0.0153,1.000,-82.065
4 20 51 82 90;0.0153,1.000,-82.065
4 51 71 82 90;0.0153,1.000,-82.065
11 36 89;0.0304,0.881,-81.670
11 48 89;0.0165,1.000,-81.134
4 10 20 55 60 90;0.0287,0.861,-80.987
25 39 90;0.2330,0.572,-79.750
4 10 20 82 90;0.0148,1.000,-79.102
4 10 71 82 90;0.0148,1.000,-79.102
24 89;0.0239,0.921,-78.167
25 90;0.4825,0.495,-78.167
26 66 88 89;0.2192,0.610,-77.271
18 86 90;0.0144,1.000,-76.881
9 19 88 90;0.0142,1.000,-76.141
78 89;0.0338,0.846,-75.971
9 26 49 66 89;0.0234,0.919,-75.762
9 49 63 66 89;0.0234,0.919,-75.762
19 28 36 90;0.0265,0.862,-75.334
39 63 68 89;0.0284,0.878,-75.240
3 40 89;0.1578,0.637,-74.966
25 26 88 89;0.2202,0.608,-74.413
66 88 89;0.2304,0.603,-73.288
7 81 82 90;0.0135,1.000,-72.443
19 88 90;0.0286,0.836,-71.707
14 81 82 90;0.0134,1.000,-71.704
9 14 82 90;0.0134,1.000,-71.704
4 10 20 60 90;0.0287,0.833,-71.121
4 10 20 55 90;0.0287,0.833,-71.121
19 39 90;0.0838,0.663,-71.102
25 88 89;0.2314,0.601,-70.595
4 10 20 79 90;0.0131,1.000,-70.226
4 10 71 79 90;0.0131,1.000,-70.226
26 88 89;0.2202,0.604,-69.764
9 14 34 90;0.0130,1.000,-69.487
18 76 89;0.0183,0.950,-68.893
4 20 51 79 90;0.0129,1.000,-68.749
4 51 71 79 90;0.0129,1.000,-68.749
48 89;0.0550,0.747,-68.152
18 89;0.0888,0.685,-66.807
12 40 90;0.0124,1.000,-66.534
18 20 28 40 90;0.0124,1.000,-66.534
18 28 40 71 90;0.0124,1.000,-66.534
49 81 89;0.0135,1.000,-66.237
88 89;0.2314,0.598,-66.164
10 20 28 36 90;0.0122,1.000,-65.059
39 68 89;0.0284,0.849,-64.975
11 20 39 51 71 90;0.0163,0.937,-64.445
79 88 90;0.0119,1.000,-63.583
49 85 89;0.0130,1.000,-63.536
19 28 90;0.0810,0.655,-63.505
9 49 66 89;0.0234,0.881,-63.047
14 28 34 90;0.0263,0.824,-62.109
81 82 90;0.0267,0.819,-61.610
19 36 90;0.0265,0.815,-60.007
21 86 89;0.0122,1.000,-59.488
36 76 89;0.0122,1.000,-59.488
7 28 34 90;0.0267,0.809,-58.494
14 34 90;0.0282,0.798,-58.432
10 14 21 89;0.0235,0.864,-58.203
34 76 89;0.0119,1.000,-58.140
9 25 26 49 89;0.0243,0.856,-57.637
9 25 49 63 89;0.0243,0.856,-57.637
10 12 55 60 90;0.0139,0.944,-57.129
10 21 33 89;0.0115,1.000,-56.118
4 10 20 90;0.0287,0.787,-55.852
11 39 89;0.0529,0.726,-55.782
17 40 55 90;0.0535,0.690,-55.512
37 86 90;0.0104,1.000,-55.482
26 49 66 89;0.0234,0.855,-55.168
49 63 66 89;0.0234,0.855,-55.168
41 44 90;0.0189,0.868,-55.099
34 90;0.0624,0.670,-55.051
18 41 90;0.0243,0.813,-54.432
3 39 90;0.1208,0.602,-54.054
17 40 60 90;0.0524,0.689,-54.011
19 90;0.0838,0.635,-53.435
12 55 60 90;0.0155,0.904,-53.072
10 20 36 90;0.0161,0.894,-53.010
44 89;0.0498,0.725,-51.968
41 48 90;0.0186,0.855,-51.269
10 14 20 90;0.0118,0.956,-50.655
44 86 90;0.0094,1.000,-50.335
86 90;0.0343,0.738,-50.124
10 12 60 90;0.0139,0.911,-49.395
11 20 39 51 55 60 90;0.0163,0.875,-49.158
9 25 49 89;0.0243,0.824,-48.657
81 89;0.1305,0.623,-48.273
25 26 49 89;0.0254,0.809,-46.580
25 49 63 89;0.0254,0.809,-46.580
49 66 89;0.0234,0.822,-46.264
10 12 55 90;0.0139,0.895,-46.095
39 43 90;0.0328,0.729,-45.254
43 71 90;0.0328,0.729,-45.254
4 18 20 90;0.0163,0.856,-45.126
4 18 71 90;0.0163,0.856,-45.126
17 40 90;0.1068,0.599,-44.871
41 55 60 90;0.0691,0.638,-44.815
37 43 90;0.0083,1.000,-44.463
11 20 51 82 90;0.0083,1.000,-44.463
11 39 51 82 90;0.0083,1.000,-44.463
11 51 71 82 90;0.0083,1.000,-44.463
11 20 39 51 72 90;0.0082,1.000,-43.730
17 55 90;0.0535,0.662,-43.599
4 10 71 90;0.0287,0.742,-43.003
11 20 39 51 73 90;0.0081,1.000,-42.997
11 20 51 79 90;0.0079,1.000,-42.264
11 39 51 79 90;0.0079,1.000,-42.264
11 51 71 79 90;0.0079,1.000,-42.264
17 60 90;0.0524,0.660,-42.188
9 26 49 89;0.0243,0.798,-41.945
9 49 63 89;0.0243,0.798,-41.945
10 21 36 89;0.0176,0.854,-41.658
10 38 89;0.0085,1.000,-41.331
11 38 83 89;0.0085,1.000,-41.331
26 38 83 89;0.0085,1.000,-41.331
11 38 66 89;0.0085,1.000,-41.331
26 38 66 89;0.0085,1.000,-41.331
12 82 90;0.0077,1.000,-40.798
10 90;0.1756,0.560,-40.731
36 49 89;0.0083,1.000,-40.660
16 88 90;0.0075,1.000,-40.065
20 36 51 82 90;0.0075,1.000,-40.065
39 90;0.2351,0.542,-40.054
40 89;0.3169,0.560,-40.054
41 76 89;0.0119,0.926,-39.996
25 49 89;0.0254,0.782,-39.550
12 60 90;0.0155,0.837,-39.246
20 36 51 79 90;0.0072,1.000,-38.600
12 55 90;0.0155,0.831,-38.108
11 33 89;0.0078,1.000,-37.979
4 29 41 80 89;0.0078,1.000,-37.979
16 41 90;0.0103,0.915,-37.170
16 71 90;0.0103,0.915,-37.170
9 49 89;0.0243,0.771,-35.328
4 20 82 90;0.0200,0.768,-35.288
4 71 82 90;0.0200,0.768,-35.288
12 44 90;0.0066,1.000,-34.941
12 79 90;0.0066,1.000,-34.941
17 90;0.1082,0.582,-34.598
37 40 48 90;0.0064,1.000,-34.209
28 37 48 90;0.0064,1.000,-34.209
26 49 89;0.0254,0.759,-34.192
49 63 89;0.0254,0.759,-34.192
12 48 90;0.0062,1.000,-32.747
37 44 60 90;0.0062,1.000,-32.747
37 40 44 90;0.0062,1.000,-32.747
28 37 44 90;0.0062,1.000,-32.747
37 40 79 90;0.0060,1.000,-32.016
37 40 82 90;0.0060,1.000,-32.016
14 20 82 90;0.0060,1.000,-32.016
4 29 41 89;0.0078,0.966,-31.931
14 41 90;0.0987,0.583,-31.570
14 20 79 90;0.0059,1.000,-31.285
38 83 89;0.0085,0.939,-30.640
38 66 89;0.0085,0.939,-30.640
14 29 86 89;0.0063,1.000,-30.616
14 39 86 89;0.0063,1.000,-30.616
4 9 82 90;0.0186,0.756,-30.573
27 72 88 90;0.0057,1.000,-30.554
27 41 72 90;0.0057,1.000,-30.554
27 71 72 90;0.0057,1.000,-30.554
69 89;0.0062,1.000,-29.947
29 75 89;0.0062,1.000,-29.947
9 90;0.2154,0.536,-29.212
49 89;0.0254,0.735,-28.835
11 38 89;0.0085,0.925,-28.744
16 76 89;0.0059,1.000,-28.611
12 76 89;0.0059,1.000,-28.611
12 68 89;0.0059,1.000,-28.611
4 21 29 39 63 89;0.0092,0.905,-28.273
56 83 89;0.0057,1.000,-27.942
5 14 89;0.0057,1.000,-27.942
41 68 89;0.0057,1.000,-27.942
29 41 56 89;0.0057,1.000,-27.942
41 80 83 89;0.0057,1.000,-27.942
21 41 83 89;0.0057,1.000,-27.942
49 78 90;0.0052,1.000,-27.633
42 78 90;0.0052,1.000,-27.633
19 29 41 89;0.0056,1.000,-27.274
49 88 90;0.0081,0.894,-26.996
3 16 55 60 90;0.0075,0.902,-26.063
4 21 29 39 89;0.0092,0.882,-25.301
36 47 51 71 79 90;0.0086,0.863,-25.168
4 20 79 90;0.0174,0.734,-25.107
4 71 79 90;0.0174,0.734,-25.107
16 55 60 90;0.0103,0.824,-24.887
16 68 89;0.0049,1.000,-23.937
67 84 90;0.0044,1.000,-23.255
41 84 90;0.0044,1.000,-23.255
1 20 41 90;0.0044,1.000,-23.255
1 41 60 90;0.0044,1.000,-23.255
1 41 55 90;0.0044,1.000,-23.255
1 41 51 90;0.0044,1.000,-23.255
1 41 47 90;0.0044,1.000,-23.255
3 16 55 90;0.0075,0.873,-23.094
4 11 89;0.0700,0.618,-22.534
4 20 30 90;0.0042,1.000,-22.526
1 20 67 90;0.0042,1.000,-22.526
20 67 82 90;0.0042,1.000,-22.526
18 72 88 90;0.0042,1.000,-22.526
18 28 37 40 90;0.0042,1.000,-22.526
18 20 36 79 90;0.0042,1.000,-22.526
18 20 36 82 90;0.0042,1.000,-22.526
4 37 51 82 90;0.0042,1.000,-22.526
65 90;0.0041,1.000,-21.797
12 36 90;0.0041,1.000,-21.797
78 88 90;0.0041,1.000,-21.797
42 88 90;0.0041,1.000,-21.797
11 20 30 90;0.0041,1.000,-21.797
18 20 28 36 90;0.0041,1.000,-21.797
3 36 51 71 79 90;0.0066,0.889,-21.695
38 80 89;0.0044,1.000,-21.268
10 14 50 89;0.0044,1.000,-21.268
12 90;0.0155,0.724,-21.119
16 79 90;0.0040,1.000,-21.068
17 25 39 89;0.0063,0.920,-21.051
6 89;0.0042,1.000,-20.602
10 14 46 89;0.0042,1.000,-20.602
3 16 60 90;0.0075,0.846,-20.535
16 72 90;0.0038,1.000,-20.340
7 16 90;0.0038,1.000,-20.340
14 27 88 90;0.0038,1.000,-20.340
36 51 71 79 90;0.0103,0.781,-20.076
15 89;0.0041,1.000,-19.935
13 41 89;0.0041,1.000,-19.935
5 34 89;0.0041,1.000,-19.935
3 7 47 51 71 79 90;0.0062,0.882,-19.855
16 27 90;0.0037,1.000,-19.611
16 73 90;0.0037,1.000,-19.611
18 20 36 90;0.0083,0.813,-19.446
10 26 34 66 89;0.0078,0.851,-18.721
10 34 89;0.0134,0.760,-18.651
5 36 89;0.0038,1.000,-18.602
4 37 51 79 90;0.0034,1.000,-18.155
9 21 29 39 63 89;0.0090,0.815,-17.865
3 11 89;0.0682,0.605,-17.431
7 71 72 79 90;0.0033,1.000,-17.427
13 80 89;0.0036,1.000,-17.270
16 60 90;0.0103,0.750,-16.895
18 43 47 51 90;0.0165,0.684,-16.853
36 41 90;0.0713,0.567,-16.723
37 48 79 90;0.0031,1.000,-16.699
37 48 82 90;0.0031,1.000,-16.699
18 36 71 72 90;0.0031,1.000,-16.699
16 55 90;0.0103,0.743,-16.176
20 28 40 55 60 90;0.0367,0.605,-16.089
28 40 55 60 71 90;0.0367,0.605,-16.089
26 38 89;0.0085,0.805,-16.007
37 44 82 90;0.0030,1.000,-15.971
27 71 73 79 90;0.0030,1.000,-15.971
56 76 89;0.0078,0.814,-15.555
3 27 47 51 71 79 90;0.0063,0.821,-15.538
9 41 66 89;0.1109,0.576,-15.430
3 16 90;0.0075,0.786,-15.416
10 36 46 89;0.0031,1.000,-15.272
37 44 79 90;0.0029,1.000,-15.244
18 20 67 90;0.0029,1.000,-15.244
7 71 73 79 90;0.0029,1.000,-15.244
37 48 60 90;0.0064,0.810,-15.051
1 41 90;0.0044,0.889,-14.790
13 56 89;0.0030,1.000,-14.607
13 83 89;0.0030,1.000,-14.607
13 29 89;0.0030,1.000,-14.607
13 68 89;0.0030,1.000,-14.607
13 66 89;0.0030,1.000,-14.607
34 86 89;0.0030,1.000,-14.607
10 36 50 89;0.0030,1.000,-14.607
3 14 47 51 71 79 90;0.0046,0.872,-14.604
41 83 89;0.0057,0.857,-14.527
35 79 90;0.0027,1.000,-14.516
27 35 90;0.0027,1.000,-14.516
4 20 51 55 60 71 90;0.0304,0.610,-14.379
20 36 82 90;0.0107,0.716,-14.177
3 7 51 71 79 90;0.0062,0.804,-14.006
3 7 47 71 79 90;0.0062,0.804,-14.006
9 29 41 80 89;0.0029,1.000,-13.941
9 21 29 41 89;0.0029,1.000,-13.941
38 49 90;0.0026,1.000,-13.789
38 42 90;0.0026,1.000,-13.789
18 20 40 90;0.0124,0.689,-13.587
18 40 71 90;0.0124,0.689,-13.587
9 41 89;0.1139,0.571,-13.485
17 39 89;0.0063,0.821,-13.264
28 37 40 55 60 90;0.0123,0.687,-13.220
20 36 79 90;0.0105,0.706,-13.186
4 18 28 37 90;0.0025,1.000,-13.062
38 89;0.0085,0.765,-12.730
3 18 71 88 90;0.0081,0.738,-12.631
3 18 51 88 90;0.0081,0.738,-12.631
10 41 85 89;0.0026,1.000,-12.611
11 20 51 55 60 71 90;0.0163,0.650,-12.552
3 9 21 29 39 89;0.0041,0.882,-11.933
4 18 37 90;0.0048,0.814,-11.695
4 84 90;0.0022,1.000,-11.608
4 67 82 90;0.0022,1.000,-11.608
14 37 48 90;0.0022,1.000,-11.608
11 30 71 79 90;0.0022,1.000,-11.608
36 51 71 72 82 90;0.0022,1.000,-11.608
36 51 71 73 82 90;0.0022,1.000,-11.608
3 36 47 51 79 90;0.0057,0.778,-11.596
3 27 88 90;0.0115,0.677,-11.564
3 27 41 71 90;0.0115,0.677,-11.564
3 27 41 60 90;0.0115,0.677,-11.564
9 21 29 39 89;0.0090,0.742,-11.562
3 14 47 71 79 90;0.0055,0.784,-11.467
3 14 51 71 79 90;0.0052,0.792,-11.351
38 88 90;0.0021,1.000,-10.881
16 31 90;0.0021,1.000,-10.881
24 49 90;0.0021,1.000,-10.881
24 42 90;0.0021,1.000,-10.881
24 88 90;0.0021,1.000,-10.881
27 78 90;0.0021,1.000,-10.881
18 37 44 90;0.0021,1.000,-10.881
11 30 71 82 90;0.0021,1.000,-10.881
7 18 71 72 90;0.0021,1.000,-10.881
11 37 51 82 90;0.0021,1.000,-10.881
14 71 72 79 90;0.0021,1.000,-10.881
4 20 51 55 60 90;0.0304,0.589,-10.845
13 25 89;0.0041,0.857,-10.670
5 41 56 89;0.0022,1.000,-10.616
5 21 41 89;0.0022,1.000,-10.616
11 89;0.1560,0.553,-10.529
7 49 90;0.0019,1.000,-10.154
14 37 44 90;0.0019,1.000,-10.154
11 37 51 79 90;0.0019,1.000,-10.154
14 71 73 79 90;0.0019,1.000,-10.154
14 27 71 73 90;0.0019,1.000,-10.154
45 56 89;0.0021,1.000,-9.952
41 45 89;0.0021,1.000,-9.952
26 45 89;0.0021,1.000,-9.952
45 63 89;0.0021,1.000,-9.952
4 14 29 89;0.0021,1.000,-9.952
14 89;0.1247,0.558,-9.915
3 55 60 72 88 90;0.0119,0.654,-9.870
3 27 41 47 51 90;0.0115,0.656,-9.751
36 89;0.1026,0.563,-9.609
4 30 71 90;0.0042,0.795,-9.609
3 51 55 60 88 90;0.0256,0.590,-9.472
16 36 90;0.0018,1.000,-9.428
18 35 71 90;0.0018,1.000,-9.428
18 35 51 90;0.0018,1.000,-9.428
4 37 82 90;0.0057,0.737,-9.322
5 12 89;0.0019,1.000,-9.287
7 47 51 71 79 90;0.0062,0.726,-9.285
11 20 51 55 60 90;0.0163,0.620,-9.282
20 41 67 90;0.0086,0.677,-9.009
20 67 71 90;0.0086,0.677,-9.009
41 60 67 90;0.0086,0.677,-9.009
41 55 67 90;0.0086,0.677,-9.009
41 51 67 90;0.0086,0.677,-9.009
41 47 67 90;0.0086,0.677,-9.009
41 59 89;0.0721,0.572,-8.965
29 56 89;0.0057,0.764,-8.929
56 68 89;0.0057,0.764,-8.929
4 19 29 80 89;0.0030,0.880,-8.891
4 19 29 63 89;0.0030,0.880,-8.891
3 55 60 88 90;0.0286,0.579,-8.860
14 28 36 81 90;0.0130,0.633,-8.803
4 18 47 51 90;0.0118,0.642,-8.761
27 31 71 79 90;0.0016,1.000,-8.702
7 31 71 79 90;0.0016,1.000,-8.702
18 36 71 73 79 90;0.0016,1.000,-8.702
5 16 89;0.0018,1.000,-8.623
3 12 39 89;0.0018,1.000,-8.623
3 18 36 47 51 71 90;0.0046,0.756,-8.589
3 18 88 90;0.0081,0.678,-8.567
3 27 41 51 90;0.0115,0.641,-8.544
36 47 51 79 90;0.0086,0.670,-8.534
19 29 80 89;0.0056,0.759,-8.522
19 29 63 89;0.0056,0.759,-8.522
3 14 71 79 90;0.0068,0.694,-8.344
3 18 36 47 71 79 90;0.0026,0.864,-8.288
18 36 47 51 71 90;0.0074,0.684,-8.262
4 20 55 60 71 90;0.0397,0.559,-8.234
3 27 41 47 90;0.0115,0.636,-8.169
41 54 89;0.0708,0.569,-8.138
14 47 51 71 79 90;0.0053,0.722,-8.040
16 84 90;0.0015,1.000,-7.976
4 47 51 79 90;0.0105,0.642,-7.975
3 36 71 79 90;0.0082,0.667,-7.971
29 33 89;0.0016,1.000,-7.958
5 41 80 89;0.0016,1.000,-7.958
18 36 47 71 79 90;0.0042,0.756,-7.953
11 47 51 79 90;0.0079,0.667,-7.748
3 18 36 51 71 90;0.0052,0.717,-7.625
3 36 51 55 60 71 90;0.0130,0.617,-7.449
3 18 35 90;0.0018,0.929,-7.385
16 90;0.0103,0.636,-7.382
3 27 51 71 79 90;0.0063,0.687,-7.375
3 27 47 71 79 90;0.0063,0.687,-7.375
4 51 55 60 71 90;0.0304,0.565,-7.370
4 18 67 90;0.0014,1.000,-7.250
3 18 36 47 71 90;0.0051,0.712,-7.216
20 36 51 55 60 90;0.0145,0.606,-7.198
14 36 81 90;0.0130,0.613,-7.136
37 44 90;0.0062,0.682,-7.009
3 7 71 79 90;0.0062,0.682,-7.009
18 36 71 73 90;0.0033,0.774,-6.979
3 27 41 73 90;0.0057,0.689,-6.930
3 27 71 73 90;0.0057,0.689,-6.930
13 89;0.0041,0.769,-6.908
5 41 89;0.0022,0.889,-6.907
4 37 79 90;0.0049,0.706,-6.815
11 30 71 90;0.0041,0.732,-6.797
4 19 29 89;0.0030,0.815,-6.673
13 49 90;0.0012,1.000,-6.523
13 78 90;0.0012,1.000,-6.523
13 42 90;0.0012,1.000,-6.523
13 88 90;0.0012,1.000,-6.523
3 19 29 89;0.0026,0.826,-6.190
4 20 55 60 90;0.0397,0.545,-6.147
3 18 36 71 90;0.0062,0.662,-6.064
18 37 40 90;0.0042,0.705,-5.978
3 9 16 89;0.0012,1.000,-5.966
3 14 27 47 51 71 90;0.0038,0.718,-5.947
3 27 41 90;0.0115,0.604,-5.881
18 36 47 71 90;0.0083,0.629,-5.873
36 47 51 71 82 90;0.0059,0.662,-5.839
36 51 55 60 71 72 90;0.0071,0.642,-5.813
18 36 51 71 90;0.0085,0.626,-5.806
64 90;0.0011,1.000,-5.798
45 78 90;0.0011,1.000,-5.798
42 45 90;0.0011,1.000,-5.798
27 45 90;0.0011,1.000,-5.798
24 37 90;0.0011,1.000,-5.798
27 49 90;0.0011,1.000,-5.798
27 42 90;0.0011,1.000,-5.798
3 36 51 79 90;0.0066,0.649,-5.765
18 36 47 51 72 90;0.0031,0.742,-5.751
5 56 89;0.0022,0.842,-5.716
3 51 71 79 90;0.0243,0.560,-5.623
43 47 51 79 90;0.0161,0.578,-5.520
29 41 80 89;0.0170,0.608,-5.416
45 85 89;0.0011,1.000,-5.303
10 45 89;0.0011,1.000,-5.303
10 56 89;0.0011,1.000,-5.303
10 52 89;0.0011,1.000,-5.303
4 29 34 89;0.0011,1.000,-5.303
52 76 85 89;0.0011,1.000,-5.303
4 60 67 71 90;0.0044,0.681,-5.286
4 55 67 71 90;0.0044,0.681,-5.286
4 51 67 71 90;0.0044,0.681,-5.286
4 47 67 71 90;0.0044,0.681,-5.286
18 78 90;0.0010,1.000,-5.072
41 78 90;0.0010,1.000,-5.072
1 49 55 90;0.0010,1.000,-5.072
37 71 78 90;0.0010,1.000,-5.072
20 71 78 90;0.0010,1.000,-5.072
60 71 78 90;0.0010,1.000,-5.072
55 71 78 90;0.0010,1.000,-5.072
1 55 88 90;0.0010,1.000,-5.072
18 35 72 90;0.0010,1.000,-5.072
7 18 35 90;0.0010,1.000,-5.072
14 31 71 79 90;0.0010,1.000,-5.072
14 27 31 71 90;0.0010,1.000,-5.072
3 18 36 47 51 90;0.0046,0.667,-5.036
18 37 48 90;0.0021,0.789,-5.017
14 20 40 55 60 90;0.0118,0.589,-4.998
14 40 55 60 71 90;0.0118,0.589,-4.998
18 35 90;0.0018,0.812,-4.878
14 47 71 79 90;0.0070,0.622,-4.798
3 35 55 60 71 90;0.0056,0.641,-4.781
3 41 90;0.1206,0.510,-4.748
4 14 28 36 90;0.0157,0.569,-4.731
16 85 89;0.0010,1.000,-4.639
3 9 12 89;0.0010,1.000,-4.639
36 47 71 79 90;0.0103,0.591,-4.598
18 36 71 79 90;0.0053,0.639,-4.555
3 7 47 51 79 90;0.0062,0.625,-4.490
36 71 79 90;0.0135,0.572,-4.429
12 39 89;0.0059,0.662,-4.427
37 40 55 60 90;0.0123,0.577,-4.413
3 27 47 51 71 90;0.0115,0.579,-4.334
14 51 71 79 90;0.0066,0.615,-4.312
3 89;0.2376,0.530,-4.284
4 14 36 82 90;0.0059,0.623,-4.272
19 29 89;0.0056,0.661,-4.263
14 20 36 55 60 90;0.0040,0.659,-4.227
3 18 36 47 73 79 90;0.0011,0.889,-4.163
4 14 36 90;0.0157,0.561,-4.148
4 55 60 71 90;0.0397,0.529,-4.096
3 18 36 47 79 90;0.0026,0.704,-4.036
3 36 51 71 82 90;0.0037,0.659,-3.992
14 28 81 90;0.0393,0.529,-3.991
11 37 51 55 60 72 90;0.0022,0.727,-3.990
18 71 88 90;0.0081,0.590,-3.842
18 51 88 90;0.0081,0.590,-3.842
27 47 51 71 79 90;0.0063,0.605,-3.791
11 20 82 90;0.0083,0.587,-3.778
11 71 82 90;0.0083,0.587,-3.778
4 18 47 79 90;0.0056,0.612,-3.726
3 7 18 47 51 71 90;0.0041,0.638,-3.722
41 67 90;0.0086,0.583,-3.719
11 40 90;0.1060,0.507,-3.627
3 35 55 60 72 90;0.0030,0.667,-3.621
20 36 40 55 60 90;0.0122,0.563,-3.599
36 40 55 60 71 90;0.0122,0.563,-3.599
3 11 43 47 51 90;0.0081,0.584,-3.589
4 67 71 90;0.0044,0.627,-3.578
3 7 18 71 73 90;0.0021,0.714,-3.559
4 41 66 80 89;0.0611,0.547,-3.516
4 18 51 90;0.0134,0.557,-3.470
3 14 47 51 79 90;0.0046,0.618,-3.454
14 20 55 60 90;0.0118,0.562,-3.454
18 36 47 51 73 90;0.0033,0.649,-3.420
4 11 43 47 51 90;0.0082,0.577,-3.325
9 16 89;0.0030,0.688,-3.299
18 36 47 51 90;0.0074,0.581,-3.243
18 36 71 90;0.0105,0.562,-3.208
4 41 66 89;0.1149,0.535,-3.158
9 12 89;0.0031,0.676,-3.157
4 37 48 90;0.0031,0.639,-3.096
20 36 55 60 90;0.0205,0.536,-3.079
3 37 48 90;0.0033,0.632,-3.022
