1 10 15 19 28 35 42;0.8841,0.944,-474.260
1 15 19 28 35 42;0.8841,0.944,-471.616
10 15 19 28 35 42;0.8841,0.944,-468.977
15 19 28 35 42;0.8841,0.944,-466.343
1 10 15 19 28 31 42;0.8841,0.943,-458.466
1 15 19 28 31 42;0.8841,0.943,-455.849
10 15 19 28 31 42;0.8841,0.943,-453.237
15 19 28 31 42;0.8841,0.942,-450.630
1 10 15 19 28 42;0.8847,0.942,-449.812
1 10 15 19 35 42;0.8851,0.942,-447.576
1 15 19 35 42;0.8851,0.941,-444.972
10 15 19 35 42;0.8851,0.941,-442.373
10 15 19 28 42;0.8847,0.941,-442.010
15 19 35 42;0.8851,0.941,-437.189
1 15 19 28 42;0.8847,0.941,-434.248
1 10 15 19 31 42;0.8851,0.940,-432.021
1 15 19 31 42;0.8851,0.940,-429.444
10 15 19 31 42;0.8851,0.940,-426.871
15 19 28 42;0.8847,0.940,-426.526
1 10 15 19 42;0.8857,0.939,-423.607
15 19 31 38 42;0.8851,0.940,-421.738
15 19 31 42;0.8851,0.939,-419.179
10 15 19 42;0.8857,0.939,-415.919
1 15 19 42;0.8857,0.938,-408.270
15 19 38 42;0.8857,0.937,-398.130
15 19 42;0.8857,0.937,-390.569
1 10 19 28 35 42;0.8859,0.935,-367.054
1 19 28 35 42;0.8859,0.935,-364.580
10 19 28 35 42;0.8859,0.934,-362.111
19 28 35 42;0.8859,0.934,-359.646
1 10 19 28 31 42;0.8859,0.934,-352.275
1 19 28 31 42;0.8859,0.933,-349.826
10 19 28 31 42;0.8859,0.933,-347.382
19 28 31 42;0.8859,0.933,-344.941
1 10 19 28 42;0.8865,0.933,-344.253
1 10 19 35 42;0.8869,0.932,-342.214
1 19 35 42;0.8869,0.932,-339.773
10 19 35 42;0.8869,0.932,-337.336
10 19 28 42;0.8865,0.932,-336.944
19 35 42;0.8869,0.932,-332.475
1 19 28 42;0.8865,0.932,-329.672
1 10 19 31 42;0.8869,0.931,-327.630
1 19 31 42;0.8869,0.931,-325.214
10 19 31 42;0.8869,0.931,-322.802
19 28 42;0.8865,0.931,-322.438
1 10 19 42;0.8875,0.930,-319.809
19 31 38 42;0.8869,0.930,-317.990
19 31 42;0.8869,0.930,-315.590
10 19 42;0.8875,0.930,-312.593
1 19 42;0.8875,0.929,-305.414
19 38 42;0.8875,0.928,-295.899
19 42;0.8875,0.928,-288.807
1 10 15 28 35 42;0.8942,0.919,-225.547
1 15 28 35 42;0.8942,0.918,-223.179
10 15 28 35 42;0.8942,0.918,-220.815
15 28 35 42;0.8942,0.918,-218.454
1 10 15 28 31 42;0.8942,0.918,-211.393
1 15 28 31 42;0.8942,0.917,-209.046
10 15 28 31 42;0.8942,0.917,-206.703
1 10 15 28 42;0.8948,0.917,-205.460
1 10 15 35 42;0.8952,0.916,-204.859
15 28 31 42;0.8942,0.917,-204.364
1 15 35 42;0.8952,0.916,-202.493
10 15 35 42;0.8952,0.916,-200.131
10 15 28 42;0.8948,0.916,-196.063
15 35 42;0.8952,0.915,-195.417
1 15 28 42;0.8948,0.915,-191.385
1 10 15 31 42;0.8952,0.915,-190.716
1 15 31 42;0.8952,0.915,-188.370
15 23 45;0.0108,0.602,-186.892
10 15 31 42;0.8952,0.915,-186.028
1 10 15 42;0.8958,0.914,-185.417
15 28 42;0.8948,0.915,-182.073
15 31 38 42;0.8952,0.914,-181.355
6 23 45;0.0108,0.552,-180.114
23 45;0.0108,0.546,-179.329
15 31 42;0.8952,0.914,-179.023
10 15 42;0.8958,0.913,-176.002
18 43;0.0132,0.929,-173.379
1 15 42;0.8958,0.913,-171.315
15 38 42;0.8958,0.912,-159.653
15 42;0.8958,0.912,-152.698
22 43;0.0083,0.774,-92.047
1 10 28 35 42;0.8960,0.904,-69.309
1 6 28 31 35 42;0.8776,0.910,-67.611
1 28 35 42;0.8960,0.904,-67.152
6 10 28 35 42;0.8780,0.909,-65.424
10 28 35 42;0.8960,0.904,-65.003
6 28 31 35 42;0.8776,0.909,-64.513
6 28 35 42;0.8780,0.909,-63.878
28 35 42;0.8960,0.904,-62.860
1 6 10 28 31 42;0.8778,0.908,-58.869
1 6 28 31 42;0.8778,0.908,-57.370
1 10 28 31 42;0.8960,0.903,-56.475
6 10 28 31 42;0.8778,0.908,-55.883
6 28 31 42;0.8778,0.908,-54.406
1 28 31 42;0.8960,0.903,-54.363
1 6 10 28 42;0.8784,0.907,-52.702
28 34 44;0.0020,0.909,-52.512
34 38 44;0.0020,0.909,-52.512
10 28 31 42;0.8960,0.903,-52.258
9 35 43;0.0065,0.500,-51.070
9 31 43;0.0065,0.500,-51.070
9 10 43;0.0065,0.500,-51.070
1 6 10 35 42;0.8790,0.907,-51.003
34 44;0.0020,0.833,-50.723
1 10 28 42;0.8966,0.903,-50.464
9 43;0.0065,0.492,-50.446
1 6 31 35 42;0.8786,0.907,-50.190
28 31 42;0.8960,0.903,-50.162
1 10 35 42;0.8971,0.902,-49.733
1 6 35 42;0.8790,0.907,-49.545
1 6 28 42;0.8784,0.907,-48.350
6 10 35 42;0.8790,0.907,-48.098
1 35 42;0.8971,0.902,-47.523
6 10 28 42;0.8784,0.907,-46.924
6 31 35 42;0.8786,0.907,-45.890
10 35 42;0.8971,0.902,-45.319
6 35 42;0.8790,0.906,-45.241
23 43;0.0073,0.371,-44.841
28 37 44;0.0016,1.000,-43.512
37 38 44;0.0016,1.000,-43.512
6 28 42;0.8784,0.906,-42.718
1 6 10 31 42;0.8788,0.906,-42.066
10 28 42;0.8966,0.902,-41.884
37 44;0.0016,0.889,-41.318
35 42;0.8971,0.901,-40.932
1 6 31 42;0.8788,0.906,-40.689
6 10 31 42;0.8788,0.906,-39.326
1 28 42;0.8966,0.901,-37.648
6 31 38 42;0.8788,0.905,-36.640
1 10 31 42;0.8971,0.901,-36.575
1 6 10 42;0.8794,0.905,-36.330
6 31 42;0.8788,0.905,-35.319
20 43;0.0037,0.643,-35.148
1 31 42;0.8971,0.901,-34.409
1 6 42;0.8794,0.905,-32.389
6 36 46;0.0020,0.714,-32.276
10 31 42;0.8971,0.901,-32.252
1 10 42;0.8977,0.900,-32.076
36 46;0.0020,0.667,-31.195
6 10 42;0.8794,0.904,-31.106
28 42;0.8966,0.901,-29.309
31 38 42;0.8971,0.900,-27.970
6 38 42;0.8794,0.904,-26.136
31 42;0.8971,0.900,-25.847
10 42;0.8977,0.899,-22.875
6 42;0.8794,0.903,-22.593
16 43;0.0018,0.750,-20.129
1 42;0.8977,0.899,-18.285
13 44;0.0006,1.000,-15.973
14 46;0.0008,1.000,-15.527
27 46;0.0010,0.556,-14.664
24 46;0.0010,0.500,-13.987
4 46;0.0006,1.000,-11.631
21 35 43;0.0020,0.294,-10.810
21 31 43;0.0020,0.294,-10.810
1 21 43;0.0020,0.294,-10.810
21 43;0.0020,0.286,-10.528
7 15 44;0.0004,0.500,-8.822
7 44;0.0004,0.400,-8.314
5 45;0.0004,1.000,-8.303
41 46;0.0004,1.000,-7.744
25 46;0.0004,1.000,-7.744
2 19 46;0.0004,1.000,-7.744
38 42;0.8977,0.898,-6.843
1 6 10 36 44;0.0004,0.200,-6.825
12 46;0.0004,0.667,-6.659
2 46;0.0004,0.667,-6.659
6 10 36 44;0.0004,0.182,-6.628
1 6 36 44;0.0004,0.182,-6.628
1 10 36 44;0.0004,0.182,-6.628
10 36 44;0.0004,0.167,-6.449
1 36 44;0.0004,0.167,-6.449
6 28 36 44;0.0004,0.167,-6.449
6 36 38 44;0.0004,0.167,-6.449
28 36 44;0.0004,0.154,-6.285
36 38 44;0.0004,0.154,-6.285
6 36 44;0.0004,0.143,-6.134
36 44;0.0004,0.133,-5.994
6 15 19 30 46;0.0207,0.022,-5.814
6 15 19 46;0.0207,0.022,-5.753
6 19 30 46;0.0207,0.022,-5.352
6 19 46;0.0207,0.022,-5.292
2 21 44;0.0002,1.000,-5.283
2 28 44;0.0002,0.500,-4.592
2 10 44;0.0002,0.500,-4.592
17 43;0.0004,0.667,-4.555
10 24 43;0.0006,0.333,-4.267
1 24 43;0.0006,0.333,-4.267
6 34 46;0.0004,0.222,-4.257
12 44;0.0002,0.333,-4.189
2 44;0.0002,0.333,-4.189
24 43;0.0006,0.300,-3.956
15 19 30 46;0.0207,0.022,-3.947
6 15 30 46;0.0209,0.022,-3.942
15 19 46;0.0207,0.022,-3.890
6 15 46;0.0209,0.022,-3.876
40 46;0.0002,1.000,-3.867
19 34 46;0.0004,0.182,-3.860
34 46;0.0004,0.167,-3.691
6 15 28 30 31 35 45;0.0158,0.017,-3.677
6 10 15 28 30 35 45;0.0158,0.017,-3.643
6 15 28 31 35 45;0.0158,0.017,-3.627
6 15 28 30 35 45;0.0158,0.017,-3.627
6 10 15 28 35 45;0.0158,0.017,-3.593
6 15 28 35 45;0.0158,0.017,-3.577
6 10 15 28 30 31 45;0.0158,0.017,-3.560
6 15 28 30 31 45;0.0158,0.017,-3.543
6 10 15 28 31 45;0.0158,0.017,-3.510
6 15 28 31 45;0.0158,0.017,-3.493
6 10 15 28 30 45;0.0158,0.017,-3.393
6 10 15 30 31 35 45;0.0158,0.017,-3.376
6 15 30 31 35 45;0.0158,0.017,-3.360
6 10 15 28 45;0.0158,0.017,-3.343
6 15 28 30 45;0.0158,0.017,-3.343
6 10 15 30 35 45;0.0158,0.017,-3.343
6 10 15 31 35 45;0.0158,0.017,-3.326
6 15 31 35 45;0.0158,0.017,-3.310
6 15 30 35 45;0.0158,0.017,-3.310
6 15 28 45;0.0158,0.017,-3.293
6 10 15 35 45;0.0158,0.017,-3.293
6 15 35 45;0.0158,0.017,-3.260
6 10 15 30 31 45;0.0158,0.017,-3.260
6 15 30 31 38 45;0.0158,0.017,-3.226
6 10 15 31 45;0.0158,0.016,-3.210
6 15 30 31 45;0.0158,0.016,-3.210
32 46;0.0002,0.500,-3.185
33 35 46;0.0002,0.500,-3.185
6 15 31 38 45;0.0158,0.016,-3.177
6 15 31 45;0.0158,0.016,-3.160
6 10 15 30 45;0.0158,0.016,-3.093
6 10 15 45;0.0158,0.016,-3.044
6 15 30 38 45;0.0158,0.016,-3.027
