8 36;0.3846,1.000,-58.175
5 21 36;0.3736,1.000,-54.131
5 16 20 36;0.3736,1.000,-54.131
5 18 20 36;0.3736,1.000,-54.131
2 18 36;0.3626,1.000,-50.764
5 16 36;0.3736,0.971,-50.593
5 20 36;0.3736,0.971,-50.593
5 18 36;0.3736,0.971,-50.593
2 5 36;0.3516,1.000,-47.785
2 16 36;0.3516,1.000,-47.785
5 36;0.3736,0.944,-47.720
4 37;0.2198,1.000,-45.626
15 26 37;0.2198,1.000,-45.626
1 26 37;0.2198,1.000,-45.626
6 26 37;0.2198,1.000,-45.626
7 26 37;0.2198,1.000,-45.626
2 9 36;0.3407,1.000,-45.077
3 18 20 21 36;0.3846,0.875,-44.778
2 21 36;0.3626,0.943,-44.444
16 20 21 36;0.3736,0.895,-42.993
1 15 18 37;0.2198,0.952,-42.582
7 15 18 37;0.2198,0.952,-42.582
1 6 15 31 37;0.2198,0.952,-42.582
1 15 21 31 37;0.2198,0.952,-42.582
6 7 15 31 37;0.2198,0.952,-42.582
7 15 21 31 37;0.2198,0.952,-42.582
3 18 20 36;0.3846,0.833,-41.064
15 18 37;0.2198,0.909,-40.184
1 15 31 37;0.2198,0.909,-40.184
6 15 31 37;0.2198,0.909,-40.184
7 15 31 37;0.2198,0.909,-40.184
15 21 31 37;0.2198,0.909,-40.184
2 36;0.3626,0.892,-39.806
16 20 36;0.3736,0.850,-39.079
15 31 37;0.2198,0.870,-38.147
1 21 23 31 37;0.2198,0.870,-38.147
7 20 21 31 37;0.2198,0.870,-38.147
7 21 23 31 37;0.2198,0.870,-38.147
1 6 20 21 31 37;0.2198,0.870,-38.147
3 20 35 36;0.3187,0.967,-36.937
23 26 31 37;0.2198,0.833,-36.355
1 6 20 31 37;0.2198,0.833,-36.355
1 6 23 31 37;0.2198,0.833,-36.355
6 7 20 31 37;0.2198,0.833,-36.355
6 7 23 31 37;0.2198,0.833,-36.355
6 20 21 31 37;0.2198,0.833,-36.355
6 21 23 31 37;0.2198,0.833,-36.355
7 18 20 31 37;0.2198,0.833,-36.355
1 18 20 23 31 37;0.2198,0.833,-36.355
26 31 37;0.2198,0.800,-34.746
23 26 37;0.2198,0.800,-34.746
6 20 31 37;0.2198,0.800,-34.746
6 23 31 37;0.2198,0.800,-34.746
7 20 31 37;0.2198,0.800,-34.746
1 20 23 31 37;0.2198,0.800,-34.746
1 20 21 31 37;0.2198,0.800,-34.746
1 18 23 31 37;0.2198,0.800,-34.746
1 18 21 23 37;0.2198,0.800,-34.746
7 18 23 31 37;0.2198,0.800,-34.746
7 18 20 21 37;0.2198,0.800,-34.746
7 18 21 23 37;0.2198,0.800,-34.746
1 6 18 20 21 37;0.2198,0.800,-34.746
11 16 21 36;0.3187,0.935,-34.296
3 20 21 31 36;0.3297,0.909,-34.223
3 20 21 36;0.3846,0.745,-33.495
19 24 39;0.1319,1.000,-33.385
6 24 39;0.1319,1.000,-33.385
7 24 39;0.1319,1.000,-33.385
6 16 19 39;0.1319,1.000,-33.385
16 19 21 39;0.1319,1.000,-33.385
6 19 31 39;0.1319,1.000,-33.385
6 18 19 39;0.1319,1.000,-33.385
19 21 31 39;0.1319,1.000,-33.385
18 19 21 39;0.1319,1.000,-33.385
6 12 25 39;0.1319,1.000,-33.385
12 19 21 25 39;0.1319,1.000,-33.385
7 12 21 25 39;0.1319,1.000,-33.385
6 12 16 31 39;0.1319,1.000,-33.385
7 12 16 21 31 39;0.1319,1.000,-33.385
1 3 6 12 31 39;0.1319,1.000,-33.385
3 6 7 12 31 39;0.1319,1.000,-33.385
3 7 12 21 31 39;0.1319,1.000,-33.385
26 37;0.2198,0.769,-33.279
1 23 31 37;0.2198,0.769,-33.279
7 23 31 37;0.2198,0.769,-33.279
1 6 15 20 37;0.2198,0.769,-33.279
1 15 20 21 37;0.2198,0.769,-33.279
1 18 20 31 37;0.2198,0.769,-33.279
6 18 20 21 37;0.2198,0.769,-33.279
6 18 21 23 37;0.2198,0.769,-33.279
3 18 21 23 36;0.3407,0.861,-32.583
16 21 23 36;0.3297,0.882,-32.170
11 16 36;0.3187,0.906,-32.031
3 11 18 21 36;0.3187,0.906,-32.031
1 15 20 37;0.2198,0.741,-31.929
1 20 31 37;0.2198,0.741,-31.929
7 18 20 37;0.2198,0.741,-31.929
1 6 18 20 37;0.2198,0.741,-31.929
1 6 18 23 37;0.2198,0.741,-31.929
1 18 20 23 37;0.2198,0.741,-31.929
1 18 20 21 37;0.2198,0.741,-31.929
6 7 18 23 37;0.2198,0.741,-31.929
1 10 31 37;0.1758,1.000,-31.616
1 10 18 37;0.1758,1.000,-31.616
6 10 31 37;0.1758,1.000,-31.616
6 10 18 37;0.1758,1.000,-31.616
7 10 31 37;0.1758,1.000,-31.616
7 10 18 37;0.1758,1.000,-31.616
9 18 20 21 36;0.3626,0.786,-31.178
16 19 39;0.1319,0.923,-30.820
19 31 39;0.1319,0.923,-30.820
18 19 39;0.1319,0.923,-30.820
12 19 25 39;0.1319,0.923,-30.820
6 19 25 39;0.1319,0.923,-30.820
19 21 25 39;0.1319,0.923,-30.820
7 12 25 39;0.1319,0.923,-30.820
6 16 21 25 39;0.1319,0.923,-30.820
7 16 21 25 39;0.1319,0.923,-30.820
6 21 25 31 39;0.1319,0.923,-30.820
6 18 21 25 39;0.1319,0.923,-30.820
7 21 25 31 39;0.1319,0.923,-30.820
7 18 21 25 39;0.1319,0.923,-30.820
7 12 16 31 39;0.1319,0.923,-30.820
3 6 12 31 39;0.1319,0.923,-30.820
3 7 12 31 39;0.1319,0.923,-30.820
1 6 9 12 31 39;0.1319,0.923,-30.820
6 7 9 12 31 39;0.1319,0.923,-30.820
7 9 12 21 31 39;0.1319,0.923,-30.820
1 18 23 37;0.2198,0.714,-30.677
6 18 20 37;0.2198,0.714,-30.677
6 18 23 37;0.2198,0.714,-30.677
7 18 23 37;0.2198,0.714,-30.677
7 15 20 21 37;0.2198,0.714,-30.677
3 20 31 36;0.3297,0.857,-30.313
16 23 35 36;0.2637,1.000,-30.293
9 20 35 36;0.3187,0.879,-30.024
3 18 35 36;0.3187,0.879,-30.024
3 11 18 36;0.3187,0.879,-30.024
16 35 36;0.3077,0.903,-29.979
15 20 21 37;0.2198,0.690,-29.507
1 18 20 37;0.2198,0.690,-29.507
1 24 39;0.1319,0.857,-28.874
19 25 39;0.1319,0.857,-28.874
24 25 31 39;0.1319,0.857,-28.874
6 16 25 39;0.1319,0.857,-28.874
6 25 31 39;0.1319,0.857,-28.874
6 18 25 39;0.1319,0.857,-28.874
1 12 21 25 39;0.1319,0.857,-28.874
12 21 25 31 39;0.1319,0.857,-28.874
6 12 16 21 39;0.1319,0.857,-28.874
7 12 16 21 39;0.1319,0.857,-28.874
6 9 12 31 39;0.1319,0.857,-28.874
7 9 12 31 39;0.1319,0.857,-28.874
6 16 21 31 39;0.1319,0.857,-28.874
7 16 21 31 39;0.1319,0.857,-28.874
1 12 16 21 31 39;0.1319,0.857,-28.874
1 3 12 21 31 39;0.1319,0.857,-28.874
3 7 12 18 21 39;0.1319,0.857,-28.874
1 3 6 12 18 21 39;0.1319,0.857,-28.874
3 9 20 36;0.3626,0.750,-28.414
9 18 20 36;0.3626,0.750,-28.414
6 7 15 20 37;0.2198,0.667,-28.408
1 6 20 21 37;0.2198,0.667,-28.408
1 7 20 21 37;0.2198,0.667,-28.408
1 20 21 23 37;0.2198,0.667,-28.408
3 35 36;0.3187,0.853,-28.212
3 21 23 31 36;0.2967,0.900,-28.046
3 18 23 36;0.3407,0.795,-27.710
3 20 36;0.3846,0.673,-27.455
3 18 21 36;0.3846,0.673,-27.455
6 15 20 37;0.2198,0.645,-27.372
7 15 20 37;0.2198,0.645,-27.372
24 25 39;0.1319,0.800,-27.265
24 31 39;0.1319,0.800,-27.265
1 12 25 39;0.1319,0.800,-27.265
12 25 31 39;0.1319,0.800,-27.265
12 21 25 39;0.1319,0.800,-27.265
7 16 25 39;0.1319,0.800,-27.265
7 25 31 39;0.1319,0.800,-27.265
7 18 25 39;0.1319,0.800,-27.265
21 25 31 39;0.1319,0.800,-27.265
6 12 16 39;0.1319,0.800,-27.265
6 16 31 39;0.1319,0.800,-27.265
1 16 21 25 39;0.1319,0.800,-27.265
1 18 21 25 39;0.1319,0.800,-27.265
1 12 16 31 39;0.1319,0.800,-27.265
1 3 12 31 39;0.1319,0.800,-27.265
3 7 21 31 39;0.1319,0.800,-27.265
1 3 6 12 18 39;0.1319,0.800,-27.265
1 9 12 21 31 39;0.1319,0.800,-27.265
3 6 7 12 18 39;0.1319,0.800,-27.265
3 6 12 18 21 39;0.1319,0.800,-27.265
7 9 12 18 21 39;0.1319,0.800,-27.265
1 3 6 21 31 39;0.1319,0.800,-27.265
1 6 9 12 18 21 39;0.1319,0.800,-27.265
9 20 21 36;0.3626,0.733,-27.134
16 23 36;0.3297,0.811,-27.038
1 10 37;0.1758,0.889,-26.689
10 31 37;0.1758,0.889,-26.689
10 18 37;0.1758,0.889,-26.689
15 20 37;0.2198,0.625,-26.391
1 6 15 37;0.2198,0.625,-26.391
1 15 21 37;0.2198,0.625,-26.391
1 6 20 37;0.2198,0.625,-26.391
1 20 21 37;0.2198,0.625,-26.391
7 20 21 37;0.2198,0.625,-26.391
24 39;0.1319,0.750,-25.879
12 25 39;0.1319,0.750,-25.879
16 21 25 39;0.1319,0.750,-25.879
6 21 25 39;0.1319,0.750,-25.879
7 21 25 39;0.1319,0.750,-25.879
18 21 25 39;0.1319,0.750,-25.879
7 12 16 39;0.1319,0.750,-25.879
6 16 21 39;0.1319,0.750,-25.879
7 16 31 39;0.1319,0.750,-25.879
7 16 21 39;0.1319,0.750,-25.879
1 12 16 21 39;0.1319,0.750,-25.879
12 16 21 31 39;0.1319,0.750,-25.879
1 9 12 31 39;0.1319,0.750,-25.879
3 6 12 18 39;0.1319,0.750,-25.879
3 7 12 18 39;0.1319,0.750,-25.879
1 16 21 31 39;0.1319,0.750,-25.879
1 3 6 31 39;0.1319,0.750,-25.879
3 6 7 31 39;0.1319,0.750,-25.879
3 6 21 31 39;0.1319,0.750,-25.879
1 6 9 12 18 39;0.1319,0.750,-25.879
1 3 12 18 21 39;0.1319,0.750,-25.879
6 7 9 12 18 39;0.1319,0.750,-25.879
6 9 12 18 21 39;0.1319,0.750,-25.879
27 35 36;0.2527,0.958,-25.565
1 15 37;0.2198,0.606,-25.459
1 7 20 37;0.2198,0.606,-25.459
1 20 23 37;0.2198,0.606,-25.459
6 20 21 37;0.2198,0.606,-25.459
16 21 36;0.3736,0.680,-25.225
9 17 42;0.0989,0.900,-25.085
20 35 36;0.3187,0.806,-25.026
9 18 35 36;0.3187,0.806,-25.026
11 27 36;0.2637,0.923,-24.855
6 25 39;0.1319,0.706,-24.655
25 31 39;0.1319,0.706,-24.655
6 12 19 39;0.1319,0.706,-24.655
12 19 21 39;0.1319,0.706,-24.655
1 16 25 39;0.1319,0.706,-24.655
1 18 25 39;0.1319,0.706,-24.655
12 16 31 39;0.1319,0.706,-24.655
3 6 31 39;0.1319,0.706,-24.655
6 9 12 18 39;0.1319,0.706,-24.655
7 9 12 18 39;0.1319,0.706,-24.655
3 12 21 31 39;0.1319,0.706,-24.655
1 3 21 31 39;0.1319,0.706,-24.655
3 7 18 31 39;0.1319,0.706,-24.655
3 7 18 21 39;0.1319,0.706,-24.655
1 9 12 18 21 39;0.1319,0.706,-24.655
1 3 6 18 21 39;0.1319,0.706,-24.655
7 15 21 37;0.2198,0.588,-24.572
3 11 21 31 36;0.2747,0.893,-24.485
20 21 27 36;0.2857,0.867,-24.354
18 21 27 36;0.2857,0.867,-24.354
3 18 36;0.3846,0.636,-24.319
16 27 31 36;0.2418,0.957,-23.952
15 21 37;0.2198,0.571,-23.725
1 20 37;0.2198,0.571,-23.725
7 21 31 37;0.2198,0.571,-23.725
1 6 21 31 37;0.2198,0.571,-23.725
9 20 36;0.3626,0.688,-23.628
9 35 36;0.3187,0.784,-23.606
12 19 39;0.1319,0.667,-23.556
6 19 39;0.1319,0.667,-23.556
19 21 39;0.1319,0.667,-23.556
16 25 39;0.1319,0.667,-23.556
7 25 39;0.1319,0.667,-23.556
18 25 39;0.1319,0.667,-23.556
6 16 39;0.1319,0.667,-23.556
1 21 25 39;0.1319,0.667,-23.556
1 12 16 39;0.1319,0.667,-23.556
3 12 31 39;0.1319,0.667,-23.556
1 16 31 39;0.1319,0.667,-23.556
1 16 21 39;0.1319,0.667,-23.556
3 7 31 39;0.1319,0.667,-23.556
1 6 12 31 39;0.1319,0.667,-23.556
1 3 12 18 39;0.1319,0.667,-23.556
6 7 12 31 39;0.1319,0.667,-23.556
7 12 21 31 39;0.1319,0.667,-23.556
9 12 21 31 39;0.1319,0.667,-23.556
3 6 18 21 39;0.1319,0.667,-23.556
1 3 9 15 42;0.0989,0.818,-23.380
3 7 9 15 42;0.0989,0.818,-23.380
6 10 21 37;0.1758,0.800,-23.340
7 10 21 37;0.1758,0.800,-23.340
27 31 36;0.2527,0.920,-23.228
6 7 15 37;0.2198,0.556,-22.914
1 6 31 37;0.2198,0.556,-22.914
1 21 23 37;0.2198,0.556,-22.914
6 7 31 37;0.2198,0.556,-22.914
6 7 20 37;0.2198,0.556,-22.914
6 21 31 37;0.2198,0.556,-22.914
3 23 31 36;0.2967,0.818,-22.849
9 11 18 21 36;0.2967,0.818,-22.849
11 29 41;0.0769,1.000,-22.814
20 29 41;0.0769,1.000,-22.814
20 27 36;0.2857,0.839,-22.683
18 27 36;0.2857,0.839,-22.683
21 27 36;0.2857,0.839,-22.683
16 27 36;0.2747,0.862,-22.669
19 39;0.1319,0.632,-22.558
21 25 39;0.1319,0.632,-22.558
7 16 39;0.1319,0.632,-22.558
12 16 21 39;0.1319,0.632,-22.558
6 12 31 39;0.1319,0.632,-22.558
7 12 31 39;0.1319,0.632,-22.558
9 12 31 39;0.1319,0.632,-22.558
1 9 12 18 39;0.1319,0.632,-22.558
3 7 12 21 39;0.1319,0.632,-22.558
1 3 6 18 39;0.1319,0.632,-22.558
1 3 18 31 39;0.1319,0.632,-22.558
1 3 18 21 39;0.1319,0.632,-22.558
3 6 7 18 39;0.1319,0.632,-22.558
7 9 21 31 39;0.1319,0.632,-22.558
1 3 6 12 21 39;0.1319,0.632,-22.558
1 6 9 21 31 39;0.1319,0.632,-22.558
9 18 21 23 36;0.3187,0.763,-22.278
6 15 37;0.2198,0.541,-22.136
7 15 37;0.2198,0.541,-22.136
6 31 37;0.2198,0.541,-22.136
6 20 37;0.2198,0.541,-22.136
7 20 37;0.2198,0.541,-22.136
1 21 31 37;0.2198,0.541,-22.136
7 18 31 37;0.2198,0.541,-22.136
7 18 21 37;0.2198,0.541,-22.136
1 6 18 21 37;0.2198,0.541,-22.136
16 36;0.3736,0.642,-22.112
1 17 42;0.0989,0.750,-21.994
3 9 15 42;0.0989,0.750,-21.994
1 25 39;0.1319,0.600,-21.641
1 3 31 39;0.1319,0.600,-21.641
3 6 18 39;0.1319,0.600,-21.641
3 7 18 39;0.1319,0.600,-21.641
1 3 6 12 39;0.1319,0.600,-21.641
1 12 21 31 39;0.1319,0.600,-21.641
3 6 7 12 39;0.1319,0.600,-21.641
3 6 12 21 39;0.1319,0.600,-21.641
7 9 12 21 39;0.1319,0.600,-21.641
7 12 18 21 39;0.1319,0.600,-21.641
3 12 18 21 39;0.1319,0.600,-21.641
1 6 9 31 39;0.1319,0.600,-21.641
6 7 9 31 39;0.1319,0.600,-21.641
6 9 21 31 39;0.1319,0.600,-21.641
1 6 9 12 21 39;0.1319,0.600,-21.641
1 6 12 18 21 39;0.1319,0.600,-21.641
9 11 18 36;0.2967,0.794,-21.411
3 9 11 21 36;0.2967,0.794,-21.411
15 37;0.2198,0.526,-21.389
7 31 37;0.2198,0.526,-21.389
1 6 23 37;0.2198,0.526,-21.389
6 18 21 37;0.2198,0.526,-21.389
7 21 23 37;0.2198,0.526,-21.389
27 36;0.2857,0.812,-21.164
3 11 31 36;0.2747,0.833,-21.045
18 35 36;0.3187,0.744,-21.032
1 3 15 42;0.0989,0.692,-20.815
25 39;0.1319,0.571,-20.794
12 16 39;0.1319,0.571,-20.794
1 16 39;0.1319,0.571,-20.794
1 12 31 39;0.1319,0.571,-20.794
3 6 12 39;0.1319,0.571,-20.794
3 7 12 39;0.1319,0.571,-20.794
6 9 31 39;0.1319,0.571,-20.794
1 6 9 12 39;0.1319,0.571,-20.794
1 6 12 18 39;0.1319,0.571,-20.794
1 3 12 21 39;0.1319,0.571,-20.794
6 7 9 12 39;0.1319,0.571,-20.794
6 7 12 18 39;0.1319,0.571,-20.794
6 9 12 21 39;0.1319,0.571,-20.794
6 12 18 21 39;0.1319,0.571,-20.794
9 12 18 21 39;0.1319,0.571,-20.794
1 9 21 31 39;0.1319,0.571,-20.794
7 9 18 31 39;0.1319,0.571,-20.794
7 9 18 21 39;0.1319,0.571,-20.794
1 6 9 18 21 39;0.1319,0.571,-20.794
9 15 30 42;0.0879,0.889,-20.782
6 10 37;0.1758,0.727,-20.715
7 10 37;0.1758,0.727,-20.715
10 21 37;0.1758,0.727,-20.715
1 6 18 37;0.2198,0.513,-20.670
1 18 31 37;0.2198,0.513,-20.670
1 18 21 37;0.2198,0.513,-20.670
6 7 18 37;0.2198,0.513,-20.670
6 21 23 37;0.2198,0.513,-20.670
6 9 12 39;0.1319,0.545,-20.006
6 12 18 39;0.1319,0.545,-20.006
7 9 12 39;0.1319,0.545,-20.006
7 12 18 39;0.1319,0.545,-20.006
3 12 18 39;0.1319,0.545,-20.006
1 3 18 39;0.1319,0.545,-20.006
7 9 31 39;0.1319,0.545,-20.006
1 9 12 21 39;0.1319,0.545,-20.006
1 12 18 21 39;0.1319,0.545,-20.006
6 9 18 21 39;0.1319,0.545,-20.006
1 31 37;0.2198,0.500,-19.977
1 23 37;0.2198,0.500,-19.977
6 18 37;0.2198,0.500,-19.977
7 18 37;0.2198,0.500,-19.977
35 36;0.3187,0.725,-19.859
3 11 21 36;0.3187,0.725,-19.859
18 20 21 36;0.3846,0.583,-19.686
1 3 12 39;0.1319,0.522,-19.268
9 12 18 39;0.1319,0.522,-19.268
12 21 31 39;0.1319,0.522,-19.268
1 6 9 18 39;0.1319,0.522,-19.268
1 9 18 31 39;0.1319,0.522,-19.268
1 9 18 21 39;0.1319,0.522,-19.268
6 7 9 18 39;0.1319,0.522,-19.268
29 41;0.0769,0.778,-19.231
17 20 30 41;0.0769,0.778,-19.231
6 17 20 41;0.0769,0.778,-19.231
15 20 30 41;0.0769,0.778,-19.231
6 11 20 30 41;0.0769,0.778,-19.231
7 11 20 30 41;0.0769,0.778,-19.231
3 6 15 20 34 41;0.0769,0.778,-19.231
9 15 34 42;0.0879,0.800,-19.184
17 32 42;0.0989,0.600,-18.869
1 9 15 42;0.0989,0.600,-18.869
7 9 15 42;0.0989,0.600,-18.869
3 9 11 36;0.2967,0.750,-18.840
9 18 23 36;0.3187,0.707,-18.749
1 18 37;0.2198,0.476,-18.661
6 7 23 37;0.2198,0.476,-18.661
12 31 39;0.1319,0.500,-18.575
1 9 12 39;0.1319,0.500,-18.575
1 12 18 39;0.1319,0.500,-18.575
1 9 31 39;0.1319,0.500,-18.575
6 9 18 39;0.1319,0.500,-18.575
7 9 18 39;0.1319,0.500,-18.575
10 37;0.1758,0.667,-18.539
10 17 41;0.0659,1.000,-18.372
10 30 41;0.0659,1.000,-18.372
3 10 15 41;0.0659,1.000,-18.372
3 6 10 41;0.0659,1.000,-18.372
3 7 10 41;0.0659,1.000,-18.372
9 21 23 31 36;0.2747,0.781,-18.227
17 42;0.0989,0.562,-18.043
9 15 42;0.0989,0.562,-18.043
3 7 15 32 42;0.0989,0.562,-18.043
6 23 37;0.2198,0.465,-18.035
17 20 41;0.0769,0.700,-18.027
11 17 30 41;0.0769,0.700,-18.027
6 11 17 41;0.0769,0.700,-18.027
11 15 30 41;0.0769,0.700,-18.027
6 11 30 41;0.0769,0.700,-18.027
7 11 30 41;0.0769,0.700,-18.027
11 20 30 34 41;0.0769,0.700,-18.027
3 15 20 34 41;0.0769,0.700,-18.027
3 6 11 15 34 41;0.0769,0.700,-18.027
3 6 7 15 20 41;0.0769,0.700,-18.027
3 6 11 15 20 41;0.0769,0.700,-18.027
18 20 36;0.3846,0.565,-18.002
7 12 21 39;0.1319,0.480,-17.921
3 12 21 39;0.1319,0.480,-17.921
1 6 12 21 39;0.1319,0.480,-17.921
1 15 30 42;0.0879,0.727,-17.895
1 9 21 30 42;0.0879,0.727,-17.895
6 9 21 30 42;0.0879,0.727,-17.895
7 9 21 30 42;0.0879,0.727,-17.895
9 18 21 36;0.3626,0.611,-17.753
9 11 21 36;0.2967,0.730,-17.681
1 3 18 23 31 38;0.0549,1.000,-17.655
3 7 18 23 31 38;0.0549,1.000,-17.655
7 23 37;0.2198,0.455,-17.429
3 21 31 36;0.3297,0.667,-17.419
1 6 12 39;0.1319,0.462,-17.302
6 7 12 39;0.1319,0.462,-17.302
6 12 21 39;0.1319,0.462,-17.302
9 12 21 39;0.1319,0.462,-17.302
12 18 21 39;0.1319,0.462,-17.302
1 9 18 39;0.1319,0.462,-17.302
3 7 9 21 39;0.1319,0.462,-17.302
1 3 6 9 21 39;0.1319,0.462,-17.302
3 7 15 42;0.0989,0.529,-17.289
3 15 32 42;0.0989,0.529,-17.289
11 17 41;0.0769,0.636,-17.015
11 30 34 41;0.0769,0.636,-17.015
3 11 15 34 41;0.0769,0.636,-17.015
3 6 11 15 41;0.0769,0.636,-17.015
3 6 15 20 41;0.0769,0.636,-17.015
3 7 15 20 41;0.0769,0.636,-17.015
3 11 15 20 41;0.0769,0.636,-17.015
1 9 30 42;0.0879,0.667,-16.808
6 9 30 42;0.0879,0.667,-16.808
7 9 30 42;0.0879,0.667,-16.808
6 12 39;0.1319,0.444,-16.714
7 12 39;0.1319,0.444,-16.714
3 12 39;0.1319,0.444,-16.714
1 12 21 39;0.1319,0.444,-16.714
3 6 9 21 39;0.1319,0.444,-16.714
3 9 21 23 36;0.3187,0.674,-16.701
3 15 42;0.0989,0.500,-16.596
1 3 9 23 42;0.0989,0.500,-16.596
3 7 9 23 42;0.0989,0.500,-16.596
3 21 23 36;0.3407,0.633,-16.413
9 12 39;0.1319,0.429,-16.155
12 18 39;0.1319,0.429,-16.155
1 3 6 9 39;0.1319,0.429,-16.155
1 3 6 21 39;0.1319,0.429,-16.155
1 3 7 21 39;0.1319,0.429,-16.155
1 3 9 21 39;0.1319,0.429,-16.155
3 6 7 9 39;0.1319,0.429,-16.155
6 20 30 41;0.0769,0.583,-16.140
7 20 30 41;0.0769,0.583,-16.140
3 11 15 41;0.0769,0.583,-16.140
3 15 20 41;0.0769,0.583,-16.140
3 6 11 20 34 41;0.0769,0.583,-16.140
19 30 42;0.0659,1.000,-15.887
15 19 42;0.0659,1.000,-15.887
6 19 23 42;0.0659,1.000,-15.887
19 21 23 42;0.0659,1.000,-15.887
15 21 30 42;0.0879,0.615,-15.864
1 21 30 42;0.0879,0.615,-15.864
9 21 23 30 32 42;0.0879,0.615,-15.864
1 3 23 31 38;0.0549,0.833,-15.863
3 7 23 31 38;0.0549,0.833,-15.863
3 11 36;0.3187,0.659,-15.752
3 21 36;0.3846,0.538,-15.626
1 12 39;0.1319,0.414,-15.620
3 6 9 39;0.1319,0.414,-15.620
9 11 36;0.2967,0.692,-15.571
20 30 34 41;0.0769,0.538,-15.367
11 20 30 41;0.0769,0.538,-15.367
3 6 11 34 41;0.0769,0.538,-15.367
3 6 11 20 41;0.0769,0.538,-15.367
3 7 11 20 34 41;0.0769,0.538,-15.367
1 3 23 42;0.0989,0.450,-15.356
9 18 36;0.3626,0.579,-15.245
20 21 31 34 37;0.1538,0.667,-15.227
21 23 31 34 37;0.1538,0.667,-15.227
1 6 21 37;0.2198,0.417,-15.178
1 7 21 37;0.2198,0.417,-15.178
1 3 6 39;0.1319,0.400,-15.110
1 3 21 39;0.1319,0.400,-15.110
3 7 9 39;0.1319,0.400,-15.110
7 9 21 39;0.1319,0.400,-15.110
3 7 21 39;0.1319,0.400,-15.110
1 6 9 21 39;0.1319,0.400,-15.110
13 17 41;0.0659,0.750,-15.060
3 10 41;0.0659,0.750,-15.060
13 15 30 41;0.0659,0.750,-15.060
3 13 15 34 41;0.0659,0.750,-15.060
3 7 11 13 34 41;0.0659,0.750,-15.060
1 30 42;0.0879,0.571,-15.028
15 30 32 42;0.0879,0.571,-15.028
9 23 30 32 42;0.0879,0.571,-15.028
9 21 30 32 42;0.0879,0.571,-15.028
9 23 31 36;0.2747,0.714,-14.767
3 31 36;0.3297,0.625,-14.701
11 30 41;0.0769,0.500,-14.673
17 30 34 41;0.0769,0.500,-14.673
6 17 34 41;0.0769,0.500,-14.673
15 30 34 41;0.0769,0.500,-14.673
3 6 11 41;0.0769,0.500,-14.673
3 6 15 34 41;0.0769,0.500,-14.673
3 7 11 34 41;0.0769,0.500,-14.673
3 7 11 20 41;0.0769,0.500,-14.673
12 21 39;0.1319,0.387,-14.620
6 9 21 39;0.1319,0.387,-14.620
3 6 21 39;0.1319,0.387,-14.620
9 16 21 31 34 39;0.0989,0.643,-14.563
3 9 21 31 34 39;0.0989,0.643,-14.563
18 20 31 34 37;0.1538,0.636,-14.298
15 30 42;0.0879,0.533,-14.277
6 21 30 42;0.0879,0.533,-14.277
7 21 30 42;0.0879,0.533,-14.277
9 30 32 42;0.0879,0.533,-14.277
9 21 23 30 42;0.0879,0.533,-14.277
3 6 9 21 23 42;0.0879,0.533,-14.277
1 9 23 42;0.0989,0.409,-14.270
7 9 23 42;0.0989,0.409,-14.270
1 6 9 39;0.1319,0.375,-14.150
1 3 7 39;0.1319,0.375,-14.150
1 3 9 39;0.1319,0.375,-14.150
1 9 21 39;0.1319,0.375,-14.150
6 7 9 39;0.1319,0.375,-14.150
1 6 37;0.2198,0.400,-14.142
1 21 37;0.2198,0.400,-14.142
7 21 37;0.2198,0.400,-14.142
21 23 31 37;0.2198,0.400,-14.142
20 21 36;0.3846,0.522,-14.132
17 30 41;0.0769,0.467,-14.045
17 34 41;0.0769,0.467,-14.045
6 17 41;0.0769,0.467,-14.045
15 30 41;0.0769,0.467,-14.045
3 15 34 41;0.0769,0.467,-14.045
3 7 11 41;0.0769,0.467,-14.045
3 6 20 34 41;0.0769,0.467,-14.045
11 18 21 36;0.3187,0.630,-13.984
6 13 30 41;0.0659,0.667,-13.972
7 13 30 41;0.0659,0.667,-13.972
3 13 15 41;0.0659,0.667,-13.972
3 6 13 23 34 41;0.0659,0.667,-13.972
3 7 13 20 34 41;0.0659,0.667,-13.972
3 7 13 23 34 41;0.0659,0.667,-13.972
19 23 42;0.0659,0.857,-13.972
3 7 23 32 42;0.0989,0.391,-13.774
12 39;0.1319,0.364,-13.698
6 9 39;0.1319,0.364,-13.698
9 21 31 34 39;0.0989,0.600,-13.682
6 21 37;0.2198,0.392,-13.644
18 20 23 31 37;0.2198,0.392,-13.644
1 3 18 23 38;0.0549,0.625,-13.630
3 7 18 23 38;0.0549,0.625,-13.630
9 23 30 42;0.0879,0.500,-13.595
9 21 30 42;0.0879,0.500,-13.595
17 41;0.0769,0.438,-13.470
20 23 30 41;0.0769,0.438,-13.470
3 6 7 15 41;0.0769,0.438,-13.470
3 7 20 34 41;0.0769,0.438,-13.470
3 6 7 20 41;0.0769,0.438,-13.470
20 31 34 37;0.1538,0.609,-13.444
18 23 31 34 37;0.1538,0.609,-13.444
3 7 23 42;0.0989,0.375,-13.304
1 3 39;0.1319,0.353,-13.263
7 9 39;0.1319,0.353,-13.263
3 6 7 39;0.1319,0.353,-13.263
1 16 23 31 38;0.0440,1.000,-13.189
7 16 23 31 38;0.0440,1.000,-13.189
1 3 11 18 38;0.0440,1.000,-13.189
3 6 11 31 38;0.0440,1.000,-13.189
3 6 11 18 38;0.0440,1.000,-13.189
3 7 11 18 38;0.0440,1.000,-13.189
1 3 6 20 31 38;0.0440,1.000,-13.189
3 6 7 20 31 38;0.0440,1.000,-13.189
3 7 18 20 31 38;0.0440,1.000,-13.189
11 18 36;0.3187,0.617,-13.160
3 9 23 36;0.3187,0.617,-13.160
9 21 23 36;0.3187,0.617,-13.160
1 7 37;0.2198,0.385,-13.159
20 23 31 37;0.2198,0.385,-13.159
18 23 31 37;0.2198,0.385,-13.159
13 30 41;0.0659,0.600,-13.066
3 6 13 20 41;0.0659,0.600,-13.066
3 6 13 23 41;0.0659,0.600,-13.066
3 7 13 20 41;0.0659,0.600,-13.066
3 7 13 23 41;0.0659,0.600,-13.066
9 30 42;0.0879,0.471,-12.971
6 30 32 42;0.0879,0.471,-12.971
7 30 32 42;0.0879,0.471,-12.971
21 23 30 32 42;0.0879,0.471,-12.971
3 6 9 23 42;0.0879,0.471,-12.971
20 30 41;0.0769,0.412,-12.939
6 30 34 41;0.0769,0.412,-12.939
7 30 34 41;0.0769,0.412,-12.939
3 6 15 41;0.0769,0.412,-12.939
3 7 15 41;0.0769,0.412,-12.939
3 6 20 41;0.0769,0.412,-12.939
3 7 20 41;0.0769,0.412,-12.939
9 16 31 34 39;0.0989,0.562,-12.891
16 21 31 34 39;0.0989,0.562,-12.891
3 21 31 34 39;0.0989,0.562,-12.891
3 9 18 31 34 39;0.0989,0.562,-12.891
3 6 39;0.1319,0.343,-12.843
7 21 31 39;0.1319,0.343,-12.843
1 6 21 31 39;0.1319,0.343,-12.843
1 9 18 23 31 38;0.0549,0.556,-12.819
7 9 18 23 31 38;0.0549,0.556,-12.819
23 31 37;0.2198,0.377,-12.685
20 21 31 37;0.2198,0.377,-12.685
18 20 21 34 37;0.1538,0.583,-12.653
18 21 23 34 37;0.1538,0.583,-12.653
30 34 41;0.0769,0.389,-12.446
6 30 41;0.0769,0.389,-12.446
7 30 41;0.0769,0.389,-12.446
3 15 41;0.0769,0.389,-12.446
1 9 39;0.1319,0.333,-12.437
3 7 39;0.1319,0.333,-12.437
1 6 31 39;0.1319,0.333,-12.437
6 7 31 39;0.1319,0.333,-12.437
6 21 31 39;0.1319,0.333,-12.437
6 30 42;0.0879,0.444,-12.395
7 30 42;0.0879,0.444,-12.395
21 30 32 42;0.0879,0.444,-12.395
1 37;0.2198,0.370,-12.222
6 7 37;0.2198,0.370,-12.222
18 20 31 37;0.2198,0.370,-12.222
9 16 21 34 39;0.0989,0.529,-12.174
3 9 31 34 39;0.0989,0.529,-12.174
9 18 31 34 39;0.0989,0.529,-12.174
3 9 18 21 34 39;0.0989,0.529,-12.174
1 9 23 31 38;0.0549,0.500,-12.126
7 9 23 31 38;0.0549,0.500,-12.126
6 31 39;0.1319,0.324,-12.045
1 21 31 39;0.1319,0.324,-12.045
7 18 31 39;0.1319,0.324,-12.045
7 18 21 39;0.1319,0.324,-12.045
1 6 18 21 39;0.1319,0.324,-12.045
3 11 20 34 41;0.0769,0.368,-11.987
6 11 15 20 34 41;0.0769,0.368,-11.987
6 9 21 23 34 42;0.0769,0.538,-11.913
23 30 32 42;0.0879,0.421,-11.861
21 23 30 42;0.0879,0.421,-11.861
6 9 21 23 42;0.0879,0.421,-11.861
3 6 21 23 42;0.0879,0.421,-11.861
3 9 23 32 34 42;0.0879,0.421,-11.861
6 37;0.2198,0.364,-11.771
20 31 37;0.2198,0.364,-11.771
1 16 30 40;0.0330,1.000,-11.708
6 16 30 40;0.0330,1.000,-11.708
7 16 30 40;0.0330,1.000,-11.708
1 18 30 40;0.0330,1.000,-11.708
6 18 30 40;0.0330,1.000,-11.708
7 18 30 40;0.0330,1.000,-11.708
12 16 27 30 40;0.0330,1.000,-11.708
12 20 27 30 40;0.0330,1.000,-11.708
12 18 27 30 40;0.0330,1.000,-11.708
1 20 27 30 40;0.0330,1.000,-11.708
6 20 27 30 40;0.0330,1.000,-11.708
7 20 27 30 40;0.0330,1.000,-11.708
12 16 30 34 40;0.0330,1.000,-11.708
12 20 30 34 40;0.0330,1.000,-11.708
12 18 30 34 40;0.0330,1.000,-11.708
12 16 23 30 40;0.0330,1.000,-11.708
1 12 20 30 40;0.0330,1.000,-11.708
6 12 20 30 40;0.0330,1.000,-11.708
7 12 20 30 40;0.0330,1.000,-11.708
12 20 23 30 40;0.0330,1.000,-11.708
12 18 23 30 40;0.0330,1.000,-11.708
16 30 32 34 40;0.0330,1.000,-11.708
18 30 32 34 40;0.0330,1.000,-11.708
12 16 27 34 40;0.0330,1.000,-11.708
12 20 27 34 40;0.0330,1.000,-11.708
12 18 27 34 40;0.0330,1.000,-11.708
1 12 16 27 40;0.0330,1.000,-11.708
6 12 16 27 40;0.0330,1.000,-11.708
7 12 16 27 40;0.0330,1.000,-11.708
1 12 20 27 40;0.0330,1.000,-11.708
1 12 18 27 40;0.0330,1.000,-11.708
7 12 20 27 40;0.0330,1.000,-11.708
7 12 18 27 40;0.0330,1.000,-11.708
12 16 20 34 40;0.0330,1.000,-11.708
9 12 20 34 40;0.0330,1.000,-11.708
3 12 20 34 40;0.0330,1.000,-11.708
6 12 16 20 40;0.0330,1.000,-11.708
6 12 16 23 40;0.0330,1.000,-11.708
7 12 16 20 40;0.0330,1.000,-11.708
3 7 12 20 40;0.0330,1.000,-11.708
20 27 30 32 34 40;0.0330,1.000,-11.708
1 12 16 20 23 40;0.0330,1.000,-11.708
1 3 6 12 20 40;0.0330,1.000,-11.708
1 3 12 20 23 40;0.0330,1.000,-11.708
6 9 12 18 23 34 40;0.0330,1.000,-11.708
3 6 12 18 23 34 40;0.0330,1.000,-11.708
1 3 6 12 18 23 40;0.0330,1.000,-11.708
3 6 7 12 18 23 40;0.0330,1.000,-11.708
7 31 39;0.1319,0.316,-11.666
6 18 21 39;0.1319,0.316,-11.666
3 23 36;0.3407,0.564,-11.648
1 3 11 31 38;0.0440,0.800,-11.589
3 6 20 31 38;0.0440,0.800,-11.589
3 6 23 31 38;0.0440,0.800,-11.589
3 7 11 31 38;0.0440,0.800,-11.589
3 7 20 31 38;0.0440,0.800,-11.589
14 16 23 31 34 38;0.0440,0.800,-11.589
3 14 18 23 31 34 38;0.0440,0.800,-11.589
3 11 34 41;0.0769,0.350,-11.556
6 11 15 34 41;0.0769,0.350,-11.556
11 15 20 34 41;0.0769,0.350,-11.556
3 6 23 34 41;0.0769,0.350,-11.556
16 31 34 39;0.0989,0.500,-11.517
9 31 34 39;0.0989,0.500,-11.517
9 18 21 34 39;0.0989,0.500,-11.517
3 18 31 34 39;0.0989,0.500,-11.517
30 32 42;0.0879,0.400,-11.362
21 30 42;0.0879,0.400,-11.362
3 9 23 34 42;0.0879,0.400,-11.362
9 23 32 34 42;0.0879,0.400,-11.362
7 37;0.2198,0.357,-11.329
3 36;0.3846,0.493,-11.329
18 21 23 37;0.2198,0.357,-11.329
1 6 18 39;0.1319,0.308,-11.298
1 18 31 39;0.1319,0.308,-11.298
1 18 21 39;0.1319,0.308,-11.298
6 7 18 39;0.1319,0.308,-11.298
3 7 9 32 42;0.0989,0.310,-11.268
2 7 41;0.0440,1.000,-11.243
2 10 15 41;0.0440,1.000,-11.243
2 6 10 41;0.0440,1.000,-11.243
2 13 15 41;0.0440,1.000,-11.243
2 15 34 41;0.0440,1.000,-11.243
2 11 15 41;0.0440,1.000,-11.243
2 6 13 41;0.0440,1.000,-11.243
2 6 34 41;0.0440,1.000,-11.243
2 6 11 41;0.0440,1.000,-11.243
18 20 34 37;0.1538,0.538,-11.232
11 15 34 41;0.0769,0.333,-11.151
9 21 31 36;0.3077,0.596,-11.015
3 6 13 34 41;0.0659,0.462,-10.997
3 7 13 34 41;0.0659,0.462,-10.997
1 9 18 23 38;0.0549,0.417,-10.980
7 9 18 23 38;0.0549,0.417,-10.980
18 21 23 36;0.3407,0.554,-10.952
1 31 39;0.1319,0.300,-10.942
6 18 39;0.1319,0.300,-10.942
7 18 39;0.1319,0.300,-10.942
16 21 34 39;0.0989,0.474,-10.913
3 31 34 39;0.0989,0.474,-10.913
3 18 21 34 39;0.0989,0.474,-10.913
1 15 32 42;0.0989,0.300,-10.911
3 7 9 42;0.0989,0.300,-10.911
9 23 34 42;0.0879,0.381,-10.895
6 9 23 42;0.0879,0.381,-10.895
9 21 36;0.3626,0.524,-10.878
23 30 41;0.0769,0.318,-10.768
3 20 34 41;0.0769,0.318,-10.768
6 11 20 34 41;0.0769,0.318,-10.768
3 7 23 34 41;0.0769,0.318,-10.768
3 6 7 23 41;0.0769,0.318,-10.768
20 36;0.3846,0.486,-10.663
18 21 36;0.3846,0.486,-10.663
9 16 21 31 39;0.1319,0.293,-10.595
18 23 34 37;0.1538,0.519,-10.590
1 3 7 32 42;0.0989,0.290,-10.568
1 3 9 32 42;0.0989,0.290,-10.568
1 14 16 23 38;0.0440,0.667,-10.500
7 14 16 23 38;0.0440,0.667,-10.500
3 14 23 31 34 38;0.0440,0.667,-10.500
1 3 18 20 31 38;0.0440,0.667,-10.500
9 14 18 23 31 34 38;0.0440,0.667,-10.500
18 20 23 37;0.2198,0.345,-10.474
23 30 42;0.0879,0.364,-10.456
3 6 23 32 42;0.0879,0.364,-10.456
3 6 13 41;0.0659,0.429,-10.448
3 7 13 41;0.0659,0.429,-10.448
3 13 23 34 41;0.0659,0.429,-10.448
30 41;0.0769,0.304,-10.405
6 11 34 41;0.0769,0.304,-10.405
3 6 23 41;0.0769,0.304,-10.405
6 15 20 34 41;0.0769,0.304,-10.405
7 11 20 34 41;0.0769,0.304,-10.405
9 16 34 39;0.0989,0.450,-10.352
3 9 18 34 39;0.0989,0.450,-10.352
12 27 30 40;0.0330,0.750,-10.321
1 27 30 40;0.0330,0.750,-10.321
6 27 30 40;0.0330,0.750,-10.321
7 27 30 40;0.0330,0.750,-10.321
12 16 30 40;0.0330,0.750,-10.321
12 20 30 40;0.0330,0.750,-10.321
12 18 30 40;0.0330,0.750,-10.321
16 30 34 40;0.0330,0.750,-10.321
18 30 34 40;0.0330,0.750,-10.321
12 27 34 40;0.0330,0.750,-10.321
12 16 27 40;0.0330,0.750,-10.321
1 12 27 40;0.0330,0.750,-10.321
7 12 27 40;0.0330,0.750,-10.321
1 16 27 40;0.0330,0.750,-10.321
6 16 27 40;0.0330,0.750,-10.321
7 16 27 40;0.0330,0.750,-10.321
20 27 30 34 40;0.0330,0.750,-10.321
27 30 32 34 40;0.0330,0.750,-10.321
6 12 20 27 40;0.0330,0.750,-10.321
6 12 18 27 40;0.0330,0.750,-10.321
1 20 27 34 40;0.0330,0.750,-10.321
1 18 27 34 40;0.0330,0.750,-10.321
6 20 27 34 40;0.0330,0.750,-10.321
6 18 27 34 40;0.0330,0.750,-10.321
7 20 27 34 40;0.0330,0.750,-10.321
7 18 27 34 40;0.0330,0.750,-10.321
12 16 23 34 40;0.0330,0.750,-10.321
1 12 16 23 40;0.0330,0.750,-10.321
7 12 16 23 40;0.0330,0.750,-10.321
12 16 20 23 40;0.0330,0.750,-10.321
3 6 12 20 40;0.0330,0.750,-10.321
7 9 12 20 40;0.0330,0.750,-10.321
9 12 18 23 34 40;0.0330,0.750,-10.321
3 12 18 23 34 40;0.0330,0.750,-10.321
1 6 9 12 20 40;0.0330,0.750,-10.321
1 9 12 20 23 40;0.0330,0.750,-10.321
1 3 12 18 23 40;0.0330,0.750,-10.321
3 6 12 18 23 40;0.0330,0.750,-10.321
3 7 12 18 23 40;0.0330,0.750,-10.321
1 6 9 12 18 23 40;0.0330,0.750,-10.321
6 7 9 12 18 23 40;0.0330,0.750,-10.321
1 18 39;0.1319,0.286,-10.259
1 3 7 42;0.0989,0.281,-10.238
1 3 9 42;0.0989,0.281,-10.238
9 23 36;0.3187,0.569,-10.203
15 20 34 41;0.0769,0.292,-10.060
7 11 34 41;0.0769,0.292,-10.060
3 7 23 41;0.0769,0.292,-10.060
6 11 15 20 41;0.0769,0.292,-10.060
18 23 37;0.2198,0.339,-10.060
30 42;0.0879,0.348,-10.041
3 6 23 42;0.0879,0.348,-10.041
9 16 31 39;0.1319,0.279,-9.932
16 21 31 39;0.1319,0.279,-9.932
3 9 21 31 39;0.1319,0.279,-9.932
1 15 42;0.0989,0.273,-9.919
7 15 32 42;0.0989,0.273,-9.919
1 3 32 42;0.0989,0.273,-9.919
7 9 32 42;0.0989,0.273,-9.919
9 18 34 39;0.0989,0.429,-9.831
6 11 15 41;0.0769,0.280,-9.731
11 15 20 41;0.0769,0.280,-9.731
2 15 41;0.0440,0.800,-9.662
2 6 41;0.0440,0.800,-9.662
1 16 23 38;0.0440,0.571,-9.662
7 16 23 38;0.0440,0.571,-9.662
14 16 23 34 38;0.0440,0.571,-9.662
1 9 11 18 38;0.0440,0.571,-9.662
1 3 20 31 38;0.0440,0.571,-9.662
6 9 11 31 38;0.0440,0.571,-9.662
6 9 11 18 38;0.0440,0.571,-9.662
7 9 11 18 38;0.0440,0.571,-9.662
3 7 18 20 38;0.0440,0.571,-9.662
9 14 23 31 34 38;0.0440,0.571,-9.662
3 14 18 23 34 38;0.0440,0.571,-9.662
9 16 23 31 34 38;0.0440,0.571,-9.662
1 3 6 18 20 38;0.0440,0.571,-9.662
3 6 9 11 20 38;0.0440,0.571,-9.662
3 9 18 23 31 34 38;0.0440,0.571,-9.662
18 20 21 37;0.2198,0.333,-9.654
15 32 42;0.0989,0.265,-9.612
1 3 42;0.0989,0.265,-9.612
7 9 42;0.0989,0.265,-9.612
3 7 32 42;0.0989,0.265,-9.612
7 14 15 42;0.0769,0.412,-9.576
13 15 34 41;0.0659,0.375,-9.490
11 15 41;0.0769,0.269,-9.418
27 30 34 40;0.0330,0.600,-9.405
6 12 27 40;0.0330,0.600,-9.405
12 20 27 40;0.0330,0.600,-9.405
12 18 27 40;0.0330,0.600,-9.405
1 27 34 40;0.0330,0.600,-9.405
6 27 34 40;0.0330,0.600,-9.405
7 27 34 40;0.0330,0.600,-9.405
1 20 27 40;0.0330,0.600,-9.405
1 18 27 40;0.0330,0.600,-9.405
7 20 27 40;0.0330,0.600,-9.405
7 18 27 40;0.0330,0.600,-9.405
12 16 23 40;0.0330,0.600,-9.405
16 27 30 32 40;0.0330,0.600,-9.405
20 27 30 32 40;0.0330,0.600,-9.405
18 27 30 32 40;0.0330,0.600,-9.405
16 23 30 32 40;0.0330,0.600,-9.405
18 23 30 32 40;0.0330,0.600,-9.405
1 12 16 20 40;0.0330,0.600,-9.405
1 3 12 20 40;0.0330,0.600,-9.405
6 9 12 20 40;0.0330,0.600,-9.405
3 12 20 23 40;0.0330,0.600,-9.405
1 9 12 18 23 40;0.0330,0.600,-9.405
6 9 12 18 23 40;0.0330,0.600,-9.405
7 9 12 18 23 40;0.0330,0.600,-9.405
16 23 25 38;0.0330,1.000,-9.405
23 25 31 38;0.0330,1.000,-9.405
18 23 25 38;0.0330,1.000,-9.405
1 11 16 38;0.0330,1.000,-9.405
6 11 16 38;0.0330,1.000,-9.405
7 11 16 38;0.0330,1.000,-9.405
6 16 20 31 38;0.0330,1.000,-9.405
6 16 23 31 38;0.0330,1.000,-9.405
7 16 20 31 38;0.0330,1.000,-9.405
1 16 20 31 34 38;0.0330,1.000,-9.405
16 34 39;0.0989,0.409,-9.343
3 18 34 39;0.0989,0.409,-9.343
1 9 32 42;0.0989,0.257,-9.315
16 31 39;0.1319,0.267,-9.303
3 21 31 39;0.1319,0.267,-9.303
3 9 18 31 39;0.1319,0.267,-9.303
3 7 18 31 32 38;0.0549,0.312,-9.273
6 11 20 41;0.0769,0.259,-9.118
14 15 42;0.0769,0.389,-9.107
10 11 34 41;0.0659,0.353,-9.066
6 10 11 41;0.0659,0.353,-9.066
7 10 11 41;0.0659,0.353,-9.066
6 13 20 34 41;0.0659,0.353,-9.066
6 13 23 34 41;0.0659,0.353,-9.066
7 13 20 34 41;0.0659,0.353,-9.066
7 13 23 34 41;0.0659,0.353,-9.066
1 9 42;0.0989,0.250,-9.027
3 7 42;0.0989,0.250,-9.027
18 23 36;0.3407,0.525,-9.009
3 9 31 39;0.1319,0.261,-9.001
1 9 11 31 38;0.0440,0.500,-8.978
3 6 9 11 38;0.0440,0.500,-8.978
3 6 18 20 38;0.0440,0.500,-8.978
3 6 18 23 38;0.0440,0.500,-8.978
7 9 11 31 38;0.0440,0.500,-8.978
9 14 18 23 34 38;0.0440,0.500,-8.978
3 9 23 31 34 38;0.0440,0.500,-8.978
9 18 23 31 34 38;0.0440,0.500,-8.978
1 6 9 20 31 38;0.0440,0.500,-8.978
1 3 9 11 20 38;0.0440,0.500,-8.978
6 7 9 20 31 38;0.0440,0.500,-8.978
3 7 9 11 20 38;0.0440,0.500,-8.978
7 9 18 20 31 38;0.0440,0.500,-8.978
9 31 36;0.3077,0.560,-8.972
3 7 18 31 38;0.0549,0.294,-8.925
3 7 31 32 38;0.0549,0.294,-8.925
3 23 32 34 42;0.0879,0.308,-8.921
3 6 9 21 32 42;0.0879,0.308,-8.921
3 12 14 21 23 42;0.0549,0.625,-8.913
11 21 31 36;0.2747,0.595,-8.910
21 31 34 37;0.1538,0.467,-8.882
18 20 37;0.2198,0.323,-8.867
6 11 41;0.0769,0.250,-8.830
6 15 34 41;0.0769,0.250,-8.830
3 23 34 41;0.0769,0.250,-8.830
7 11 20 41;0.0769,0.250,-8.830
7 15 42;0.0989,0.243,-8.748
1 23 32 42;0.0989,0.243,-8.748
18 36;0.3846,0.467,-8.741
12 27 40;0.0330,0.500,-8.712
1 27 40;0.0330,0.500,-8.712
7 27 40;0.0330,0.500,-8.712
16 27 30 40;0.0330,0.500,-8.712
20 27 30 40;0.0330,0.500,-8.712
18 27 30 40;0.0330,0.500,-8.712
27 30 32 40;0.0330,0.500,-8.712
16 30 32 40;0.0330,0.500,-8.712
18 30 32 40;0.0330,0.500,-8.712
6 20 27 40;0.0330,0.500,-8.712
6 18 27 40;0.0330,0.500,-8.712
6 16 20 40;0.0330,0.500,-8.712
6 16 23 40;0.0330,0.500,-8.712
7 16 20 40;0.0330,0.500,-8.712
1 9 20 30 40;0.0330,0.500,-8.712
6 9 20 30 40;0.0330,0.500,-8.712
7 9 20 30 40;0.0330,0.500,-8.712
16 27 32 34 40;0.0330,0.500,-8.712
20 27 32 34 40;0.0330,0.500,-8.712
18 27 32 34 40;0.0330,0.500,-8.712
1 9 12 20 40;0.0330,0.500,-8.712
9 12 20 23 40;0.0330,0.500,-8.712
3 12 18 23 40;0.0330,0.500,-8.712
1 16 20 34 40;0.0330,0.500,-8.712
1 16 20 23 40;0.0330,0.500,-8.712
9 20 30 32 34 40;0.0330,0.500,-8.712
1 3 18 20 34 40;0.0330,0.500,-8.712
3 6 18 20 34 40;0.0330,0.500,-8.712
3 6 18 23 34 40;0.0330,0.500,-8.712
3 7 18 20 34 40;0.0330,0.500,-8.712
9 21 31 39;0.1319,0.255,-8.706
3 18 31 39;0.1319,0.255,-8.706
3 13 34 41;0.0659,0.333,-8.672
7 11 13 41;0.0659,0.333,-8.672
3 7 31 38;0.0549,0.278,-8.599
1 3 9 23 38;0.0549,0.278,-8.599
3 7 9 23 38;0.0549,0.278,-8.599
1 3 18 31 32 38;0.0549,0.278,-8.599
2 10 41;0.0440,0.667,-8.591
3 9 32 34 42;0.0879,0.296,-8.583
3 6 9 21 42;0.0879,0.296,-8.583
15 34 41;0.0769,0.241,-8.554
7 11 41;0.0769,0.241,-8.554
3 6 34 41;0.0769,0.241,-8.554
6 20 34 41;0.0769,0.241,-8.554
11 20 34 41;0.0769,0.241,-8.554
20 21 23 37;0.2198,0.317,-8.486
15 42;0.0989,0.237,-8.478
3 31 39;0.1319,0.250,-8.418
9 16 21 39;0.1319,0.250,-8.418
1 6 21 39;0.1319,0.250,-8.418
1 7 21 39;0.1319,0.250,-8.418
16 23 31 34 38;0.0440,0.444,-8.400
9 23 31 34 38;0.0440,0.444,-8.400
1 3 9 11 38;0.0440,0.444,-8.400
1 3 18 20 38;0.0440,0.444,-8.400
6 9 20 31 38;0.0440,0.444,-8.400
6 9 23 31 38;0.0440,0.444,-8.400
3 7 9 11 38;0.0440,0.444,-8.400
7 9 20 31 38;0.0440,0.444,-8.400
1 14 16 31 34 38;0.0440,0.444,-8.400
7 14 16 31 34 38;0.0440,0.444,-8.400
3 18 23 31 34 38;0.0440,0.444,-8.400
1 3 6 11 20 38;0.0440,0.444,-8.400
1 3 14 18 31 34 38;0.0440,0.444,-8.400
20 21 34 37;0.1538,0.452,-8.374
9 36;0.3626,0.493,-8.366
10 11 41;0.0659,0.316,-8.304
6 10 34 41;0.0659,0.316,-8.304
7 10 34 41;0.0659,0.316,-8.304
1 3 18 31 38;0.0549,0.263,-8.294
1 3 31 32 38;0.0549,0.263,-8.294
3 7 18 32 38;0.0549,0.263,-8.294
11 21 36;0.3187,0.537,-8.294
11 34 41;0.0769,0.233,-8.288
7 20 34 41;0.0769,0.233,-8.288
6 7 15 20 41;0.0769,0.233,-8.288
9 32 34 42;0.0879,0.286,-8.260
3 23 34 42;0.0879,0.286,-8.260
3 6 9 32 42;0.0879,0.286,-8.260
27 30 40;0.0330,0.429,-8.152
6 27 40;0.0330,0.429,-8.152
12 30 34 40;0.0330,0.429,-8.152
16 23 30 40;0.0330,0.429,-8.152
18 23 30 40;0.0330,0.429,-8.152
16 27 34 40;0.0330,0.429,-8.152
20 27 34 40;0.0330,0.429,-8.152
18 27 34 40;0.0330,0.429,-8.152
27 32 34 40;0.0330,0.429,-8.152
12 20 34 40;0.0330,0.429,-8.152
1 16 23 40;0.0330,0.429,-8.152
7 16 23 40;0.0330,0.429,-8.152
9 20 30 34 40;0.0330,0.429,-8.152
9 12 18 23 40;0.0330,0.429,-8.152
3 7 18 20 40;0.0330,0.429,-8.152
6 9 12 23 34 40;0.0330,0.429,-8.152
3 6 12 23 34 40;0.0330,0.429,-8.152
6 12 18 23 34 40;0.0330,0.429,-8.152
1 9 18 20 34 40;0.0330,0.429,-8.152
1 3 18 23 34 40;0.0330,0.429,-8.152
6 9 18 20 34 40;0.0330,0.429,-8.152
6 9 18 23 34 40;0.0330,0.429,-8.152
7 9 18 20 34 40;0.0330,0.429,-8.152
3 7 18 23 34 40;0.0330,0.429,-8.152
1 3 6 18 20 40;0.0330,0.429,-8.152
1 3 6 18 23 40;0.0330,0.429,-8.152
1 3 18 20 23 40;0.0330,0.429,-8.152
3 6 7 18 23 40;0.0330,0.429,-8.152
3 12 21 23 42;0.0549,0.556,-8.143
9 12 14 21 23 42;0.0549,0.556,-8.143
9 18 31 39;0.1319,0.245,-8.137
6 14 19 42;0.0659,0.429,-8.134
14 19 21 42;0.0659,0.429,-8.134
3 9 21 34 39;0.0989,0.360,-8.049
14 23 25 38;0.0330,0.750,-8.036
11 14 16 34 38;0.0330,0.750,-8.036
14 16 20 31 34 38;0.0330,0.750,-8.036
3 11 14 18 34 38;0.0330,0.750,-8.036
3 6 11 14 20 38;0.0330,0.750,-8.036
6 9 11 14 20 34 38;0.0330,0.750,-8.036
3 14 18 20 31 34 38;0.0330,0.750,-8.036
1 9 18 20 31 34 38;0.0330,0.750,-8.036
6 15 20 41;0.0769,0.226,-8.032
7 15 20 41;0.0769,0.226,-8.032
3 7 34 41;0.0769,0.226,-8.032
1 3 31 38;0.0549,0.250,-8.006
1 3 23 38;0.0549,0.250,-8.006
3 7 18 38;0.0549,0.250,-8.006
7 9 18 31 32 38;0.0549,0.250,-8.006
1 23 42;0.0989,0.225,-7.961
7 23 32 42;0.0989,0.225,-7.961
13 15 41;0.0659,0.300,-7.959
3 9 34 42;0.0879,0.276,-7.951
3 6 9 42;0.0879,0.276,-7.951
14 16 31 34 38;0.0440,0.400,-7.899
3 23 31 34 38;0.0440,0.400,-7.899
1 3 6 11 38;0.0440,0.400,-7.899
1 3 11 20 38;0.0440,0.400,-7.899
6 9 11 20 38;0.0440,0.400,-7.899
3 14 18 31 34 38;0.0440,0.400,-7.899
9 16 23 32 34 38;0.0440,0.400,-7.899
1 3 6 9 20 38;0.0440,0.400,-7.899
1 9 18 20 31 38;0.0440,0.400,-7.899
3 6 7 9 20 38;0.0440,0.400,-7.899
1 9 14 18 31 34 38;0.0440,0.400,-7.899
1 14 18 23 31 34 38;0.0440,0.400,-7.899
7 9 14 18 31 34 38;0.0440,0.400,-7.899
7 14 18 23 31 34 38;0.0440,0.400,-7.899
3 9 18 23 32 34 38;0.0440,0.400,-7.899
18 31 34 37;0.1538,0.438,-7.894
16 21 39;0.1319,0.240,-7.863
1 6 39;0.1319,0.240,-7.863
1 21 39;0.1319,0.240,-7.863
7 21 39;0.1319,0.240,-7.863
9 31 39;0.1319,0.240,-7.863
3 9 18 21 39;0.1319,0.240,-7.863
15 20 41;0.0769,0.219,-7.785
21 31 37;0.2198,0.308,-7.743
1 3 18 32 38;0.0549,0.238,-7.734
7 9 18 31 38;0.0549,0.238,-7.734
7 9 31 32 38;0.0549,0.238,-7.734
3 9 23 32 42;0.0989,0.220,-7.713
16 30 40;0.0330,0.375,-7.682
18 30 40;0.0330,0.375,-7.682
27 34 40;0.0330,0.375,-7.682
1 12 30 40;0.0330,0.375,-7.682
6 12 30 40;0.0330,0.375,-7.682
7 12 30 40;0.0330,0.375,-7.682
12 23 30 40;0.0330,0.375,-7.682
1 20 30 40;0.0330,0.375,-7.682
12 16 20 40;0.0330,0.375,-7.682
1 16 20 40;0.0330,0.375,-7.682
9 12 23 34 40;0.0330,0.375,-7.682
3 12 23 34 40;0.0330,0.375,-7.682
12 18 23 34 40;0.0330,0.375,-7.682
1 3 18 23 40;0.0330,0.375,-7.682
3 6 18 20 40;0.0330,0.375,-7.682
3 6 18 23 40;0.0330,0.375,-7.682
3 7 18 23 40;0.0330,0.375,-7.682
9 20 23 30 32 40;0.0330,0.375,-7.682
1 3 6 12 23 40;0.0330,0.375,-7.682
3 6 7 12 23 40;0.0330,0.375,-7.682
1 9 18 23 34 40;0.0330,0.375,-7.682
7 9 18 23 34 40;0.0330,0.375,-7.682
11 18 21 34 37;0.1099,0.556,-7.668
9 21 34 39;0.0989,0.346,-7.664
14 19 42;0.0659,0.400,-7.657
9 34 42;0.0879,0.267,-7.655
6 9 21 32 42;0.0879,0.267,-7.655
3 6 21 32 42;0.0879,0.267,-7.655
10 34 41;0.0659,0.286,-7.634
6 13 34 41;0.0659,0.286,-7.634
7 13 34 41;0.0659,0.286,-7.634
6 13 20 41;0.0659,0.286,-7.634
6 13 23 41;0.0659,0.286,-7.634
7 13 20 41;0.0659,0.286,-7.634
7 13 23 41;0.0659,0.286,-7.634
11 31 36;0.2747,0.568,-7.629
9 16 39;0.1319,0.235,-7.595
6 21 39;0.1319,0.235,-7.595
3 12 14 23 42;0.0549,0.500,-7.491
9 12 21 23 42;0.0549,0.500,-7.491
7 12 14 21 23 42;0.0549,0.500,-7.491
1 9 23 38;0.0549,0.227,-7.476
1 3 18 38;0.0549,0.227,-7.476
7 9 31 38;0.0549,0.227,-7.476
7 9 23 38;0.0549,0.227,-7.476
1 9 18 31 32 38;0.0549,0.227,-7.476
1 18 23 31 32 38;0.0549,0.227,-7.476
7 18 23 31 32 38;0.0549,0.227,-7.476
1 3 11 38;0.0440,0.364,-7.457
6 9 11 38;0.0440,0.364,-7.457
1 14 16 34 38;0.0440,0.364,-7.457
7 14 16 34 38;0.0440,0.364,-7.457
3 14 31 34 38;0.0440,0.364,-7.457
9 16 23 34 38;0.0440,0.364,-7.457
1 9 11 20 38;0.0440,0.364,-7.457
1 9 20 31 38;0.0440,0.364,-7.457
3 6 9 20 38;0.0440,0.364,-7.457
7 9 11 20 38;0.0440,0.364,-7.457
3 7 9 20 38;0.0440,0.364,-7.457
7 9 18 20 38;0.0440,0.364,-7.457
1 9 14 31 34 38;0.0440,0.364,-7.457
1 14 23 31 34 38;0.0440,0.364,-7.457
7 14 23 31 34 38;0.0440,0.364,-7.457
9 14 18 31 34 38;0.0440,0.364,-7.457
14 18 23 31 34 38;0.0440,0.364,-7.457
3 9 18 23 34 38;0.0440,0.364,-7.457
9 18 23 32 34 38;0.0440,0.364,-7.457
1 6 9 18 20 38;0.0440,0.364,-7.457
31 34 37;0.1538,0.424,-7.439
18 21 34 37;0.1538,0.424,-7.439
6 9 21 42;0.0879,0.258,-7.370
3 6 21 42;0.0879,0.258,-7.370
1 7 39;0.1319,0.231,-7.332
3 18 21 39;0.1319,0.231,-7.332
10 15 41;0.0659,0.273,-7.328
6 10 41;0.0659,0.273,-7.328
7 10 41;0.0659,0.273,-7.328
13 20 34 41;0.0659,0.273,-7.328
13 23 34 41;0.0659,0.273,-7.328
6 23 34 41;0.0769,0.206,-7.316
3 6 7 41;0.0769,0.206,-7.316
21 23 31 36;0.2967,0.540,-7.282
28 42;0.0330,1.000,-7.277
12 30 40;0.0330,0.333,-7.277
7 12 20 40;0.0330,0.333,-7.277
3 12 20 40;0.0330,0.333,-7.277
9 20 30 32 40;0.0330,0.333,-7.277
1 6 12 20 40;0.0330,0.333,-7.277
1 3 12 23 40;0.0330,0.333,-7.277
1 12 20 23 40;0.0330,0.333,-7.277
3 6 12 23 40;0.0330,0.333,-7.277
3 7 12 23 40;0.0330,0.333,-7.277
1 3 18 20 40;0.0330,0.333,-7.277
1 6 9 12 23 40;0.0330,0.333,-7.277
1 6 12 18 23 40;0.0330,0.333,-7.277
6 7 9 12 23 40;0.0330,0.333,-7.277
6 7 12 18 23 40;0.0330,0.333,-7.277
9 16 20 32 34 40;0.0330,0.333,-7.277
3 6 9 20 34 40;0.0330,0.333,-7.277
3 9 18 20 32 34 40;0.0330,0.333,-7.277
1 9 18 31 38;0.0549,0.217,-7.231
1 9 31 32 38;0.0549,0.217,-7.231
1 23 31 32 38;0.0549,0.217,-7.231
7 9 18 32 38;0.0549,0.217,-7.231
7 23 31 32 38;0.0549,0.217,-7.231
3 7 23 32 38;0.0549,0.217,-7.231
7 14 23 42;0.0769,0.304,-7.187
6 14 16 20 38;0.0330,0.600,-7.137
6 14 16 23 38;0.0330,0.600,-7.137
7 14 16 20 38;0.0330,0.600,-7.137
3 6 11 14 38;0.0330,0.600,-7.137
1 16 20 31 38;0.0330,0.600,-7.137
9 11 14 18 34 38;0.0330,0.600,-7.137
3 7 11 14 20 38;0.0330,0.600,-7.137
3 9 11 14 20 34 38;0.0330,0.600,-7.137
6 9 32 42;0.0879,0.250,-7.097
3 6 41;0.0769,0.200,-7.093
16 39;0.1319,0.226,-7.075
3 9 18 39;0.1319,0.226,-7.075
14 16 34 38;0.0440,0.333,-7.061
1 9 11 38;0.0440,0.333,-7.061
7 9 11 38;0.0440,0.333,-7.061
9 14 31 34 38;0.0440,0.333,-7.061
14 23 31 34 38;0.0440,0.333,-7.061
3 14 18 34 38;0.0440,0.333,-7.061
16 23 32 34 38;0.0440,0.333,-7.061
9 18 23 34 38;0.0440,0.333,-7.061
7 14 16 31 38;0.0440,0.333,-7.061
1 3 6 20 38;0.0440,0.333,-7.061
6 9 18 20 38;0.0440,0.333,-7.061
6 9 18 23 38;0.0440,0.333,-7.061
1 9 14 18 34 38;0.0440,0.333,-7.061
1 14 18 23 34 38;0.0440,0.333,-7.061
7 9 14 18 34 38;0.0440,0.333,-7.061
7 14 18 23 34 38;0.0440,0.333,-7.061
1 16 31 32 34 38;0.0440,0.333,-7.061
7 16 31 32 34 38;0.0440,0.333,-7.061
3 18 23 32 34 38;0.0440,0.333,-7.061
3 6 11 20 32 38;0.0440,0.333,-7.061
11 18 34 37;0.1099,0.526,-7.051
18 31 37;0.2198,0.299,-7.028
20 21 37;0.2198,0.299,-7.028
7 23 42;0.0989,0.205,-7.008
1 9 31 38;0.0549,0.208,-6.998
7 9 18 38;0.0549,0.208,-6.998
3 7 23 38;0.0549,0.208,-6.998
3 12 23 42;0.0549,0.455,-6.926
9 12 14 23 42;0.0549,0.455,-6.926
6 12 14 21 23 42;0.0549,0.455,-6.926
6 12 20 40;0.0330,0.300,-6.920
9 12 20 40;0.0330,0.300,-6.920
9 20 23 30 40;0.0330,0.300,-6.920
1 9 12 23 40;0.0330,0.300,-6.920
1 12 18 23 40;0.0330,0.300,-6.920
6 9 12 23 40;0.0330,0.300,-6.920
6 12 18 23 40;0.0330,0.300,-6.920
7 9 12 23 40;0.0330,0.300,-6.920
7 12 18 23 40;0.0330,0.300,-6.920
9 16 20 34 40;0.0330,0.300,-6.920
6 9 20 34 40;0.0330,0.300,-6.920
9 16 23 32 34 40;0.0330,0.300,-6.920
1 3 9 20 34 40;0.0330,0.300,-6.920
3 7 9 20 34 40;0.0330,0.300,-6.920
3 9 18 20 34 40;0.0330,0.300,-6.920
9 18 20 32 34 40;0.0330,0.300,-6.920
1 3 6 9 20 40;0.0330,0.300,-6.920
3 6 7 9 20 40;0.0330,0.300,-6.920
3 9 18 23 32 34 40;0.0330,0.300,-6.920
20 34 41;0.0769,0.194,-6.877
3 7 41;0.0769,0.194,-6.877
6 7 15 41;0.0769,0.194,-6.877
7 23 34 41;0.0769,0.194,-6.877
6 7 20 41;0.0769,0.194,-6.877
6 9 42;0.0879,0.242,-6.834
3 6 32 42;0.0879,0.242,-6.834
1 39;0.1319,0.222,-6.824
6 7 39;0.1319,0.222,-6.824
9 18 21 39;0.1319,0.222,-6.824
6 19 32 42;0.0659,0.353,-6.819
19 21 32 42;0.0659,0.353,-6.819
9 23 32 42;0.0989,0.200,-6.785
1 9 18 32 38;0.0549,0.200,-6.775
1 18 23 31 38;0.0549,0.200,-6.775
1 18 23 32 38;0.0549,0.200,-6.775
7 18 23 31 38;0.0549,0.200,-6.775
7 18 23 32 38;0.0549,0.200,-6.775
10 41;0.0659,0.250,-6.762
3 11 13 41;0.0659,0.250,-6.762
16 23 34 38;0.0440,0.308,-6.703
9 14 18 34 38;0.0440,0.308,-6.703
14 18 23 34 38;0.0440,0.308,-6.703
1 16 31 34 38;0.0440,0.308,-6.703
7 16 31 34 38;0.0440,0.308,-6.703
3 18 23 34 38;0.0440,0.308,-6.703
1 3 7 20 38;0.0440,0.308,-6.703
1 3 9 20 38;0.0440,0.308,-6.703
1 9 18 20 38;0.0440,0.308,-6.703
3 6 11 20 38;0.0440,0.308,-6.703
3 6 11 32 38;0.0440,0.308,-6.703
3 9 14 23 34 38;0.0440,0.308,-6.703
3 7 11 20 32 38;0.0440,0.308,-6.703
31 37;0.2198,0.294,-6.679
20 23 37;0.2198,0.294,-6.679
6 15 41;0.0769,0.189,-6.667
7 15 41;0.0769,0.189,-6.667
3 34 41;0.0769,0.189,-6.667
6 20 41;0.0769,0.189,-6.667
7 20 41;0.0769,0.189,-6.667
3 9 34 39;0.0989,0.310,-6.624
9 20 30 40;0.0330,0.273,-6.602
1 12 20 40;0.0330,0.273,-6.602
3 12 23 40;0.0330,0.273,-6.602
12 20 23 40;0.0330,0.273,-6.602
1 9 30 34 40;0.0330,0.273,-6.602
6 9 30 34 40;0.0330,0.273,-6.602
7 9 30 34 40;0.0330,0.273,-6.602
9 30 32 34 40;0.0330,0.273,-6.602
20 30 32 34 40;0.0330,0.273,-6.602
6 20 30 32 40;0.0330,0.273,-6.602
7 20 30 32 40;0.0330,0.273,-6.602
6 12 23 34 40;0.0330,0.273,-6.602
9 16 23 34 40;0.0330,0.273,-6.602
16 20 32 34 40;0.0330,0.273,-6.602
1 9 20 34 40;0.0330,0.273,-6.602
7 9 20 34 40;0.0330,0.273,-6.602
9 18 20 34 40;0.0330,0.273,-6.602
3 6 9 20 40;0.0330,0.273,-6.602
3 7 9 20 40;0.0330,0.273,-6.602
7 9 18 20 40;0.0330,0.273,-6.602
6 12 16 32 34 40;0.0330,0.273,-6.602
1 3 6 20 34 40;0.0330,0.273,-6.602
3 9 18 23 34 40;0.0330,0.273,-6.602
9 18 23 32 34 40;0.0330,0.273,-6.602
3 18 20 32 34 40;0.0330,0.273,-6.602
1 6 9 18 20 40;0.0330,0.273,-6.602
1 6 9 18 23 40;0.0330,0.273,-6.602
1 3 9 20 23 40;0.0330,0.273,-6.602
1 9 18 20 23 40;0.0330,0.273,-6.602
6 7 9 18 23 40;0.0330,0.273,-6.602
6 9 12 18 32 34 40;0.0330,0.273,-6.602
3 6 12 18 32 34 40;0.0330,0.273,-6.602
3 32 34 42;0.0879,0.235,-6.580
6 39;0.1319,0.218,-6.578
3 18 39;0.1319,0.218,-6.578
1 9 18 38;0.0549,0.192,-6.561
1 23 31 38;0.0549,0.192,-6.561
7 23 31 38;0.0549,0.192,-6.561
3 9 18 23 31 32 38;0.0549,0.192,-6.561
2 13 34 41;0.0440,0.444,-6.549
6 13 41;0.0659,0.240,-6.500
7 13 41;0.0659,0.240,-6.500
3 13 20 41;0.0659,0.240,-6.500
3 13 23 41;0.0659,0.240,-6.500
15 41;0.0769,0.184,-6.464
23 25 38;0.0330,0.500,-6.461
6 16 20 38;0.0330,0.500,-6.461
6 16 23 38;0.0330,0.500,-6.461
7 16 20 38;0.0330,0.500,-6.461
1 16 20 34 38;0.0330,0.500,-6.461
3 7 11 14 38;0.0330,0.500,-6.461
1 11 14 18 34 38;0.0330,0.500,-6.461
6 11 14 31 34 38;0.0330,0.500,-6.461
6 11 14 18 34 38;0.0330,0.500,-6.461
6 9 14 20 34 38;0.0330,0.500,-6.461
3 6 14 20 34 38;0.0330,0.500,-6.461
7 11 14 18 34 38;0.0330,0.500,-6.461
3 9 11 14 34 38;0.0330,0.500,-6.461
9 11 14 20 34 38;0.0330,0.500,-6.461
3 11 14 20 34 38;0.0330,0.500,-6.461
9 11 16 31 34 38;0.0330,0.500,-6.461
9 11 16 32 34 38;0.0330,0.500,-6.461
9 16 20 31 34 38;0.0330,0.500,-6.461
3 6 7 14 20 38;0.0330,0.500,-6.461
3 9 11 18 31 34 38;0.0330,0.500,-6.461
3 9 11 18 32 34 38;0.0330,0.500,-6.461
3 9 18 20 31 34 38;0.0330,0.500,-6.461
6 19 42;0.0659,0.333,-6.448
19 32 42;0.0659,0.333,-6.448
19 21 42;0.0659,0.333,-6.448
9 12 23 42;0.0549,0.417,-6.429
6 12 14 23 42;0.0549,0.417,-6.429
12 14 21 23 42;0.0549,0.417,-6.429
7 14 16 38;0.0440,0.286,-6.377
3 6 11 38;0.0440,0.286,-6.377
9 14 23 34 38;0.0440,0.286,-6.377
3 14 23 34 38;0.0440,0.286,-6.377
1 14 16 31 38;0.0440,0.286,-6.377
1 6 9 20 38;0.0440,0.286,-6.377
6 7 9 20 38;0.0440,0.286,-6.377
3 7 11 20 38;0.0440,0.286,-6.377
3 7 11 32 38;0.0440,0.286,-6.377
3 9 23 31 32 38;0.0549,0.185,-6.356
3 9 23 42;0.0989,0.191,-6.355
21 23 37;0.2198,0.290,-6.337
7 39;0.1319,0.214,-6.337
3 6 42;0.0879,0.229,-6.336
9 30 34 40;0.0330,0.250,-6.314
1 9 30 40;0.0330,0.250,-6.314
6 9 30 40;0.0330,0.250,-6.314
6 20 30 40;0.0330,0.250,-6.314
7 9 30 40;0.0330,0.250,-6.314
7 20 30 40;0.0330,0.250,-6.314
12 23 34 40;0.0330,0.250,-6.314
9 12 23 40;0.0330,0.250,-6.314
12 18 23 40;0.0330,0.250,-6.314
16 20 34 40;0.0330,0.250,-6.314
6 12 16 34 40;0.0330,0.250,-6.314
12 16 32 34 40;0.0330,0.250,-6.314
16 23 32 34 40;0.0330,0.250,-6.314
1 3 20 34 40;0.0330,0.250,-6.314
9 18 23 34 40;0.0330,0.250,-6.314
3 18 20 34 40;0.0330,0.250,-6.314
1 3 6 20 40;0.0330,0.250,-6.314
1 9 18 23 40;0.0330,0.250,-6.314
6 9 18 20 40;0.0330,0.250,-6.314
6 9 18 23 40;0.0330,0.250,-6.314
7 9 18 23 40;0.0330,0.250,-6.314
6 9 12 18 34 40;0.0330,0.250,-6.314
3 6 12 18 34 40;0.0330,0.250,-6.314
9 12 18 32 34 40;0.0330,0.250,-6.314
3 12 18 32 34 40;0.0330,0.250,-6.314
3 18 23 32 34 40;0.0330,0.250,-6.314
9 34 39;0.0989,0.300,-6.310
21 31 34 39;0.0989,0.300,-6.310
13 34 41;0.0659,0.231,-6.250
20 34 37;0.1538,0.389,-6.203
18 34 37;0.1538,0.389,-6.203
1 18 23 38;0.0549,0.179,-6.159
7 18 23 38;0.0549,0.179,-6.159
3 18 23 31 32 38;0.0549,0.179,-6.159
1 7 32 42;0.0989,0.188,-6.147
3 23 32 42;0.0989,0.188,-6.147
14 20 30 34 40;0.0220,0.667,-6.128
19 42;0.0659,0.316,-6.103
3 14 34 42;0.0659,0.316,-6.103
9 18 39;0.1319,0.211,-6.100
6 21 23 32 42;0.0879,0.222,-6.100
11 36;0.3187,0.500,-6.097
1 3 20 38;0.0440,0.267,-6.077
6 9 20 38;0.0440,0.267,-6.077
3 7 11 38;0.0440,0.267,-6.077
7 9 20 38;0.0440,0.267,-6.077
1 16 32 34 38;0.0440,0.267,-6.077
7 16 32 34 38;0.0440,0.267,-6.077
7 16 31 32 38;0.0440,0.267,-6.077
1 11 18 32 38;0.0440,0.267,-6.077
6 11 31 32 38;0.0440,0.267,-6.077
6 11 18 32 38;0.0440,0.267,-6.077
7 11 18 32 38;0.0440,0.267,-6.077
1 14 18 31 34 38;0.0440,0.267,-6.077
7 14 18 31 34 38;0.0440,0.267,-6.077
9 16 31 32 34 38;0.0440,0.267,-6.077
14 16 23 31 32 38;0.0440,0.267,-6.077
3 6 7 20 32 38;0.0440,0.267,-6.077
3 9 18 31 32 34 38;0.0440,0.267,-6.077
2 34 41;0.0440,0.400,-6.068
1 30 34 40;0.0330,0.231,-6.052
20 30 34 40;0.0330,0.231,-6.052
12 16 34 40;0.0330,0.231,-6.052
16 23 34 40;0.0330,0.231,-6.052
20 23 30 32 40;0.0330,0.231,-6.052
9 12 18 34 40;0.0330,0.231,-6.052
3 12 18 34 40;0.0330,0.231,-6.052
3 18 23 34 40;0.0330,0.231,-6.052
1 3 7 20 40;0.0330,0.231,-6.052
1 3 9 20 40;0.0330,0.231,-6.052
1 9 18 20 40;0.0330,0.231,-6.052
1 3 20 23 40;0.0330,0.231,-6.052
3 9 20 32 34 40;0.0330,0.231,-6.052
22 25 38;0.0220,1.000,-6.015
16 22 31 38;0.0220,1.000,-6.015
18 22 31 38;0.0220,1.000,-6.015
11 16 25 38;0.0220,1.000,-6.015
11 25 31 38;0.0220,1.000,-6.015
11 18 25 38;0.0220,1.000,-6.015
1 11 27 38;0.0220,1.000,-6.015
1 27 31 38;0.0220,1.000,-6.015
6 11 27 38;0.0220,1.000,-6.015
7 11 27 38;0.0220,1.000,-6.015
7 27 31 38;0.0220,1.000,-6.015
14 20 25 34 38;0.0220,1.000,-6.015
16 20 25 34 38;0.0220,1.000,-6.015
20 25 31 34 38;0.0220,1.000,-6.015
18 20 25 34 38;0.0220,1.000,-6.015
6 14 20 25 38;0.0220,1.000,-6.015
7 14 20 25 38;0.0220,1.000,-6.015
11 14 20 25 38;0.0220,1.000,-6.015
6 20 25 31 38;0.0220,1.000,-6.015
6 18 20 25 38;0.0220,1.000,-6.015
7 20 25 31 38;0.0220,1.000,-6.015
7 18 20 25 38;0.0220,1.000,-6.015
3 21 34 39;0.0989,0.290,-6.011
3 7 9 32 38;0.0549,0.172,-5.970
3 23 31 32 38;0.0549,0.172,-5.970
11 21 25 42;0.0330,0.750,-5.943
21 23 25 42;0.0330,0.750,-5.943
9 11 14 34 38;0.0330,0.429,-5.919
3 11 14 34 38;0.0330,0.429,-5.919
11 14 18 34 38;0.0330,0.429,-5.919
9 11 16 34 38;0.0330,0.429,-5.919
1 14 16 20 38;0.0330,0.429,-5.919
3 6 14 20 38;0.0330,0.429,-5.919
3 7 14 20 38;0.0330,0.429,-5.919
1 11 14 31 34 38;0.0330,0.429,-5.919
1 9 14 20 34 38;0.0330,0.429,-5.919
6 11 14 20 34 38;0.0330,0.429,-5.919
7 11 14 31 34 38;0.0330,0.429,-5.919
3 9 14 20 34 38;0.0330,0.429,-5.919
3 9 11 31 34 38;0.0330,0.429,-5.919
9 11 18 31 34 38;0.0330,0.429,-5.919
3 9 11 18 34 38;0.0330,0.429,-5.919
9 11 18 32 34 38;0.0330,0.429,-5.919
3 9 20 31 34 38;0.0330,0.429,-5.919
9 18 20 31 34 38;0.0330,0.429,-5.919
3 34 42;0.0879,0.216,-5.871
1 32 34 42;0.0879,0.216,-5.871
23 32 34 42;0.0879,0.216,-5.871
1 30 40;0.0330,0.214,-5.810
20 30 32 40;0.0330,0.214,-5.810
9 23 30 32 40;0.0330,0.214,-5.810
6 12 16 32 40;0.0330,0.214,-5.810
1 6 12 23 40;0.0330,0.214,-5.810
6 7 12 23 40;0.0330,0.214,-5.810
6 16 32 34 40;0.0330,0.214,-5.810
3 9 20 34 40;0.0330,0.214,-5.810
9 20 32 34 40;0.0330,0.214,-5.810
1 6 9 20 40;0.0330,0.214,-5.810
6 7 9 20 40;0.0330,0.214,-5.810
3 6 9 23 34 40;0.0330,0.214,-5.810
3 6 20 32 34 40;0.0330,0.214,-5.810
3 6 18 32 34 40;0.0330,0.214,-5.810
1 3 6 12 18 32 40;0.0330,0.214,-5.810
3 6 7 12 18 32 40;0.0330,0.214,-5.810
1 16 34 38;0.0440,0.250,-5.799
7 16 34 38;0.0440,0.250,-5.799
1 14 16 38;0.0440,0.250,-5.799
7 16 31 38;0.0440,0.250,-5.799
1 14 31 34 38;0.0440,0.250,-5.799
7 14 31 34 38;0.0440,0.250,-5.799
14 18 31 34 38;0.0440,0.250,-5.799
9 16 31 34 38;0.0440,0.250,-5.799
14 16 23 31 38;0.0440,0.250,-5.799
1 11 31 32 38;0.0440,0.250,-5.799
3 6 7 20 38;0.0440,0.250,-5.799
3 6 31 32 38;0.0440,0.250,-5.799
3 6 20 32 38;0.0440,0.250,-5.799
7 11 31 32 38;0.0440,0.250,-5.799
3 7 20 32 38;0.0440,0.250,-5.799
3 9 18 31 34 38;0.0440,0.250,-5.799
3 9 31 32 34 38;0.0440,0.250,-5.799
9 18 31 32 34 38;0.0440,0.250,-5.799
3 7 9 38;0.0549,0.167,-5.788
3 9 18 23 31 38;0.0549,0.167,-5.788
9 18 23 31 32 38;0.0549,0.167,-5.788
14 23 34 42;0.0659,0.300,-5.782
6 14 21 23 42;0.0659,0.300,-5.782
1 32 42;0.0989,0.180,-5.746
18 31 34 39;0.0989,0.281,-5.725
23 34 41;0.0769,0.167,-5.704
6 7 23 41;0.0769,0.167,-5.704
23 31 36;0.2967,0.509,-5.701
3 9 21 39;0.1319,0.203,-5.641
1 3 7 32 38;0.0549,0.161,-5.612
1 3 9 32 38;0.0549,0.161,-5.612
3 9 23 31 38;0.0549,0.161,-5.612
9 23 31 32 38;0.0549,0.161,-5.612
3 9 18 23 32 38;0.0549,0.161,-5.612
12 20 40;0.0330,0.200,-5.587
9 30 32 40;0.0330,0.200,-5.587
6 12 16 40;0.0330,0.200,-5.587
1 12 23 40;0.0330,0.200,-5.587
6 12 23 40;0.0330,0.200,-5.587
7 12 23 40;0.0330,0.200,-5.587
6 16 34 40;0.0330,0.200,-5.587
9 20 34 40;0.0330,0.200,-5.587
1 3 20 40;0.0330,0.200,-5.587
6 9 20 40;0.0330,0.200,-5.587
7 9 20 40;0.0330,0.200,-5.587
7 12 16 32 40;0.0330,0.200,-5.587
1 16 32 34 40;0.0330,0.200,-5.587
7 16 32 34 40;0.0330,0.200,-5.587
6 9 23 34 40;0.0330,0.200,-5.587
3 6 20 34 40;0.0330,0.200,-5.587
3 6 18 34 40;0.0330,0.200,-5.587
1 9 20 23 40;0.0330,0.200,-5.587
6 9 12 32 34 40;0.0330,0.200,-5.587
3 6 12 32 34 40;0.0330,0.200,-5.587
6 12 18 32 34 40;0.0330,0.200,-5.587
1 3 6 12 18 40;0.0330,0.200,-5.587
3 6 7 12 18 40;0.0330,0.200,-5.587
3 6 12 18 32 40;0.0330,0.200,-5.587
3 7 12 18 32 40;0.0330,0.200,-5.587
1 3 18 32 34 40;0.0330,0.200,-5.587
6 9 18 32 34 40;0.0330,0.200,-5.587
3 7 20 32 34 40;0.0330,0.200,-5.587
3 7 18 32 34 40;0.0330,0.200,-5.587
3 6 7 20 32 40;0.0330,0.200,-5.587
1 6 9 12 18 32 40;0.0330,0.200,-5.587
6 7 9 12 18 32 40;0.0330,0.200,-5.587
12 14 23 42;0.0549,0.357,-5.586
6 12 21 23 42;0.0549,0.357,-5.586
3 13 41;0.0659,0.207,-5.565
7 32 42;0.0989,0.176,-5.551
9 23 42;0.0989,0.176,-5.551
14 31 34 38;0.0440,0.235,-5.542
1 9 20 38;0.0440,0.235,-5.542
3 6 31 38;0.0440,0.235,-5.542
3 6 20 38;0.0440,0.235,-5.542
3 7 20 38;0.0440,0.235,-5.542
1 14 18 34 38;0.0440,0.235,-5.542
7 14 18 34 38;0.0440,0.235,-5.542
16 31 32 34 38;0.0440,0.235,-5.542
3 9 31 34 38;0.0440,0.235,-5.542
9 18 31 34 38;0.0440,0.235,-5.542
9 31 32 34 38;0.0440,0.235,-5.542
1 16 31 32 38;0.0440,0.235,-5.542
3 6 9 23 38;0.0440,0.235,-5.542
1 3 9 14 34 38;0.0440,0.235,-5.542
3 18 31 32 34 38;0.0440,0.235,-5.542
3 14 18 23 31 38;0.0440,0.235,-5.542
6 34 41;0.0769,0.163,-5.526
6 23 41;0.0769,0.163,-5.526
3 11 20 41;0.0769,0.163,-5.526
1 16 20 38;0.0330,0.375,-5.467
14 18 25 34 38;0.0330,0.375,-5.467
6 11 14 34 38;0.0330,0.375,-5.467
9 14 20 34 38;0.0330,0.375,-5.467
3 14 20 34 38;0.0330,0.375,-5.467
11 16 31 34 38;0.0330,0.375,-5.467
11 16 32 34 38;0.0330,0.375,-5.467
16 20 31 34 38;0.0330,0.375,-5.467
9 11 31 34 38;0.0330,0.375,-5.467
9 11 18 34 38;0.0330,0.375,-5.467
9 20 31 34 38;0.0330,0.375,-5.467
1 11 14 18 38;0.0330,0.375,-5.467
6 11 14 31 38;0.0330,0.375,-5.467
6 11 14 18 38;0.0330,0.375,-5.467
7 11 14 18 38;0.0330,0.375,-5.467
1 11 14 20 34 38;0.0330,0.375,-5.467
7 11 14 20 34 38;0.0330,0.375,-5.467
3 11 18 31 34 38;0.0330,0.375,-5.467
3 11 18 32 34 38;0.0330,0.375,-5.467
3 18 20 31 34 38;0.0330,0.375,-5.467
31 34 39;0.0989,0.273,-5.451
18 21 34 39;0.0989,0.273,-5.451
1 3 7 38;0.0549,0.156,-5.442
1 3 9 38;0.0549,0.156,-5.442
3 18 23 31 38;0.0549,0.156,-5.442
6 23 32 42;0.0879,0.205,-5.437
6 21 23 42;0.0879,0.205,-5.437
30 32 34 40;0.0330,0.188,-5.380
9 23 30 40;0.0330,0.188,-5.380
20 23 30 40;0.0330,0.188,-5.380
7 12 16 40;0.0330,0.188,-5.380
1 16 34 40;0.0330,0.188,-5.380
7 16 34 40;0.0330,0.188,-5.380
6 9 12 34 40;0.0330,0.188,-5.380
3 6 12 34 40;0.0330,0.188,-5.380
6 12 18 34 40;0.0330,0.188,-5.380
9 12 32 34 40;0.0330,0.188,-5.380
3 12 32 34 40;0.0330,0.188,-5.380
12 18 32 34 40;0.0330,0.188,-5.380
3 6 12 18 40;0.0330,0.188,-5.380
3 7 12 18 40;0.0330,0.188,-5.380
1 3 18 34 40;0.0330,0.188,-5.380
6 9 18 34 40;0.0330,0.188,-5.380
3 7 20 34 40;0.0330,0.188,-5.380
3 7 18 34 40;0.0330,0.188,-5.380
3 6 7 20 40;0.0330,0.188,-5.380
3 6 20 32 40;0.0330,0.188,-5.380
3 7 20 32 40;0.0330,0.188,-5.380
1 6 9 12 18 40;0.0330,0.188,-5.380
6 7 9 12 18 40;0.0330,0.188,-5.380
6 9 12 18 32 40;0.0330,0.188,-5.380
7 9 12 18 32 40;0.0330,0.188,-5.380
1 3 6 23 34 40;0.0330,0.188,-5.380
1 3 9 23 34 40;0.0330,0.188,-5.380
1 9 18 32 34 40;0.0330,0.188,-5.380
3 7 9 23 34 40;0.0330,0.188,-5.380
7 9 18 32 34 40;0.0330,0.188,-5.380
1 3 6 9 23 40;0.0330,0.188,-5.380
3 6 7 9 23 40;0.0330,0.188,-5.380
1 7 42;0.0989,0.173,-5.361
7 23 41;0.0769,0.159,-5.353
3 11 41;0.0769,0.159,-5.353
20 37;0.2198,0.278,-5.344
18 21 37;0.2198,0.278,-5.344
14 18 34 38;0.0440,0.222,-5.301
16 31 34 38;0.0440,0.222,-5.301
9 31 34 38;0.0440,0.222,-5.301
1 16 31 38;0.0440,0.222,-5.301
7 16 32 38;0.0440,0.222,-5.301
1 11 18 38;0.0440,0.222,-5.301
6 11 31 38;0.0440,0.222,-5.301
6 11 18 38;0.0440,0.222,-5.301
7 11 18 38;0.0440,0.222,-5.301
1 9 14 34 38;0.0440,0.222,-5.301
1 3 14 34 38;0.0440,0.222,-5.301
7 9 14 34 38;0.0440,0.222,-5.301
3 7 14 34 38;0.0440,0.222,-5.301
3 9 14 34 38;0.0440,0.222,-5.301
9 16 32 34 38;0.0440,0.222,-5.301
3 18 31 34 38;0.0440,0.222,-5.301
3 31 32 34 38;0.0440,0.222,-5.301
3 14 23 31 38;0.0440,0.222,-5.301
3 9 18 32 34 38;0.0440,0.222,-5.301
1 3 32 38;0.0549,0.152,-5.278
7 9 32 38;0.0549,0.152,-5.278
3 23 31 38;0.0549,0.152,-5.278
7 18 31 32 38;0.0549,0.152,-5.278
3 18 23 32 38;0.0549,0.152,-5.278
2 22 41;0.0220,1.000,-5.273
13 22 41;0.0220,1.000,-5.273
3 14 23 42;0.0769,0.233,-5.254
6 12 23 42;0.0549,0.333,-5.223
12 21 23 42;0.0549,0.333,-5.223
6 14 23 42;0.0659,0.273,-5.198
9 30 40;0.0330,0.176,-5.185
20 30 40;0.0330,0.176,-5.185
12 23 40;0.0330,0.176,-5.185
6 30 34 40;0.0330,0.176,-5.185
7 30 34 40;0.0330,0.176,-5.185
6 30 32 40;0.0330,0.176,-5.185
7 30 32 40;0.0330,0.176,-5.185
9 12 34 40;0.0330,0.176,-5.185
3 12 34 40;0.0330,0.176,-5.185
12 18 34 40;0.0330,0.176,-5.185
6 16 32 40;0.0330,0.176,-5.185
1 9 20 40;0.0330,0.176,-5.185
3 6 20 40;0.0330,0.176,-5.185
3 7 20 40;0.0330,0.176,-5.185
1 12 16 32 40;0.0330,0.176,-5.185
6 9 12 18 40;0.0330,0.176,-5.185
7 9 12 18 40;0.0330,0.176,-5.185
1 9 23 34 40;0.0330,0.176,-5.185
1 9 18 34 40;0.0330,0.176,-5.185
7 9 23 34 40;0.0330,0.176,-5.185
7 9 18 34 40;0.0330,0.176,-5.185
3 6 9 23 40;0.0330,0.176,-5.185
1 3 12 18 32 40;0.0330,0.176,-5.185
1 18 20 32 34 40;0.0330,0.176,-5.185
6 18 20 32 34 40;0.0330,0.176,-5.185
6 18 23 32 34 40;0.0330,0.176,-5.185
7 18 20 32 34 40;0.0330,0.176,-5.185
7 34 41;0.0769,0.156,-5.184
1 3 38;0.0549,0.147,-5.119
7 9 38;0.0549,0.147,-5.119
7 31 32 38;0.0549,0.147,-5.119
3 7 32 38;0.0549,0.147,-5.119
9 18 23 31 38;0.0549,0.147,-5.119
11 25 42;0.0330,0.600,-5.079
6 23 25 42;0.0330,0.600,-5.079
14 25 34 38;0.0330,0.333,-5.079
11 16 34 38;0.0330,0.333,-5.079
1 11 14 34 38;0.0330,0.333,-5.079
7 11 14 34 38;0.0330,0.333,-5.079
11 14 20 34 38;0.0330,0.333,-5.079
3 11 31 34 38;0.0330,0.333,-5.079
3 11 18 34 38;0.0330,0.333,-5.079
3 20 31 34 38;0.0330,0.333,-5.079
1 11 14 31 38;0.0330,0.333,-5.079
6 11 14 20 38;0.0330,0.333,-5.079
7 11 14 31 38;0.0330,0.333,-5.079
7 16 38;0.0440,0.211,-5.075
9 14 34 38;0.0440,0.211,-5.075
3 14 34 38;0.0440,0.211,-5.075
3 31 34 38;0.0440,0.211,-5.075
1 11 31 38;0.0440,0.211,-5.075
7 11 31 38;0.0440,0.211,-5.075
1 14 23 34 38;0.0440,0.211,-5.075
7 14 23 34 38;0.0440,0.211,-5.075
9 18 32 34 38;0.0440,0.211,-5.075
14 16 23 32 38;0.0440,0.211,-5.075
3 6 18 32 38;0.0440,0.211,-5.075
3 9 23 32 34 38;0.0440,0.211,-5.075
1 34 42;0.0879,0.195,-5.029
7 14 42;0.0769,0.226,-5.026
30 34 40;0.0330,0.167,-5.003
6 30 40;0.0330,0.167,-5.003
7 30 40;0.0330,0.167,-5.003
6 16 40;0.0330,0.167,-5.003
1 12 16 40;0.0330,0.167,-5.003
7 16 32 40;0.0330,0.167,-5.003
1 3 12 18 40;0.0330,0.167,-5.003
9 16 32 34 40;0.0330,0.167,-5.003
1 3 23 34 40;0.0330,0.167,-5.003
1 3 6 23 40;0.0330,0.167,-5.003
1 3 9 23 40;0.0330,0.167,-5.003
3 7 9 23 40;0.0330,0.167,-5.003
1 9 12 18 32 40;0.0330,0.167,-5.003
1 18 23 32 34 40;0.0330,0.167,-5.003
7 18 23 32 34 40;0.0330,0.167,-5.003
3 9 18 32 34 40;0.0330,0.167,-5.003
1 3 6 18 32 40;0.0330,0.167,-5.003
3 6 7 18 32 40;0.0330,0.167,-5.003
1 42;0.0989,0.167,-4.993
1 9 32 38;0.0549,0.143,-4.965
9 23 31 38;0.0549,0.143,-4.965
1 18 31 32 38;0.0549,0.143,-4.965
9 18 23 32 38;0.0549,0.143,-4.965
16 22 38;0.0220,0.667,-4.939
22 31 38;0.0220,0.667,-4.939
18 22 38;0.0220,0.667,-4.939
11 14 25 38;0.0220,0.667,-4.939
6 27 31 38;0.0220,0.667,-4.939
14 23 34 38;0.0440,0.200,-4.863
9 16 34 38;0.0440,0.200,-4.863
16 32 34 38;0.0440,0.200,-4.863
1 16 32 38;0.0440,0.200,-4.863
3 6 18 38;0.0440,0.200,-4.863
3 9 23 34 38;0.0440,0.200,-4.863
3 9 18 34 38;0.0440,0.200,-4.863
9 23 32 34 38;0.0440,0.200,-4.863
3 18 32 34 38;0.0440,0.200,-4.863
6 9 31 32 38;0.0440,0.200,-4.863
18 23 31 32 34 38;0.0440,0.200,-4.863
1 6 11 20 32 38;0.0440,0.200,-4.863
23 34 42;0.0879,0.190,-4.835
7 16 40;0.0330,0.158,-4.831
23 30 32 40;0.0330,0.158,-4.831
6 12 32 34 40;0.0330,0.158,-4.831
1 9 12 18 40;0.0330,0.158,-4.831
9 18 32 34 40;0.0330,0.158,-4.831
1 3 6 18 40;0.0330,0.158,-4.831
3 6 7 18 40;0.0330,0.158,-4.831
3 6 18 32 40;0.0330,0.158,-4.831
3 7 18 32 40;0.0330,0.158,-4.831
1 3 6 12 32 40;0.0330,0.158,-4.831
3 6 7 12 32 40;0.0330,0.158,-4.831
3 6 23 32 34 40;0.0330,0.158,-4.831
3 9 23 32 34 40;0.0330,0.158,-4.831
1 9 38;0.0549,0.139,-4.815
3 7 38;0.0549,0.139,-4.815
1 31 32 38;0.0549,0.139,-4.815
7 18 32 38;0.0549,0.139,-4.815
3 23 42;0.0989,0.164,-4.814
3 9 39;0.1319,0.190,-4.773
9 21 39;0.1319,0.190,-4.773
11 13 41;0.0659,0.182,-4.772
11 14 34 38;0.0330,0.300,-4.741
6 11 14 38;0.0330,0.300,-4.741
1 11 14 20 38;0.0330,0.300,-4.741
7 11 14 20 38;0.0330,0.300,-4.741
3 9 11 20 32 34 38;0.0330,0.300,-4.741
12 29 42;0.0220,1.000,-4.734
9 14 29 42;0.0220,1.000,-4.734
13 20 25 42;0.0220,1.000,-4.734
13 23 25 42;0.0220,1.000,-4.734
3 20 23 41;0.0769,0.146,-4.700
18 34 39;0.0989,0.250,-4.696
1 23 32 38;0.0549,0.135,-4.670
7 18 31 38;0.0549,0.135,-4.670
3 9 18 23 38;0.0549,0.135,-4.670
30 32 40;0.0330,0.150,-4.669
6 12 34 40;0.0330,0.150,-4.669
12 32 34 40;0.0330,0.150,-4.669
12 16 32 40;0.0330,0.150,-4.669
9 16 34 40;0.0330,0.150,-4.669
16 32 34 40;0.0330,0.150,-4.669
1 16 32 40;0.0330,0.150,-4.669
1 3 23 40;0.0330,0.150,-4.669
3 6 18 40;0.0330,0.150,-4.669
3 7 18 40;0.0330,0.150,-4.669
1 3 6 12 40;0.0330,0.150,-4.669
3 6 7 12 40;0.0330,0.150,-4.669
3 6 12 32 40;0.0330,0.150,-4.669
3 7 12 32 40;0.0330,0.150,-4.669
1 18 20 34 40;0.0330,0.150,-4.669
3 6 23 34 40;0.0330,0.150,-4.669
6 18 20 34 40;0.0330,0.150,-4.669
6 18 23 34 40;0.0330,0.150,-4.669
7 18 20 34 40;0.0330,0.150,-4.669
3 9 23 34 40;0.0330,0.150,-4.669
3 9 18 34 40;0.0330,0.150,-4.669
9 23 32 34 40;0.0330,0.150,-4.669
3 20 32 34 40;0.0330,0.150,-4.669
3 18 32 34 40;0.0330,0.150,-4.669
1 6 9 23 40;0.0330,0.150,-4.669
6 7 9 23 40;0.0330,0.150,-4.669
1 6 9 12 32 40;0.0330,0.150,-4.669
1 6 12 18 32 40;0.0330,0.150,-4.669
6 7 9 12 32 40;0.0330,0.150,-4.669
6 7 12 18 32 40;0.0330,0.150,-4.669
1 16 38;0.0440,0.190,-4.662
9 23 34 38;0.0440,0.190,-4.662
9 18 34 38;0.0440,0.190,-4.662
14 16 23 38;0.0440,0.190,-4.662
6 9 31 38;0.0440,0.190,-4.662
6 9 23 38;0.0440,0.190,-4.662
23 31 32 34 38;0.0440,0.190,-4.662
1 6 11 32 38;0.0440,0.190,-4.662
1 11 20 32 38;0.0440,0.190,-4.662
6 23 42;0.0879,0.186,-4.646
7 42;0.0989,0.161,-4.639
3 9 32 42;0.0989,0.161,-4.639
12 23 42;0.0549,0.294,-4.588
7 31 38;0.0549,0.132,-4.529
1 18 32 38;0.0549,0.132,-4.529
12 34 40;0.0330,0.143,-4.515
12 16 40;0.0330,0.143,-4.515
1 16 40;0.0330,0.143,-4.515
3 6 12 40;0.0330,0.143,-4.515
3 7 12 40;0.0330,0.143,-4.515
9 23 34 40;0.0330,0.143,-4.515
9 18 34 40;0.0330,0.143,-4.515
6 9 23 40;0.0330,0.143,-4.515
1 6 9 12 40;0.0330,0.143,-4.515
1 6 12 18 40;0.0330,0.143,-4.515
6 7 9 12 40;0.0330,0.143,-4.515
6 7 12 18 40;0.0330,0.143,-4.515
6 9 12 32 40;0.0330,0.143,-4.515
6 12 18 32 40;0.0330,0.143,-4.515
7 9 12 32 40;0.0330,0.143,-4.515
7 12 18 32 40;0.0330,0.143,-4.515
3 12 18 32 40;0.0330,0.143,-4.515
1 18 23 34 40;0.0330,0.143,-4.515
7 18 23 34 40;0.0330,0.143,-4.515
1 3 18 32 40;0.0330,0.143,-4.515
3 7 23 32 34 40;0.0330,0.143,-4.515
3 6 7 23 32 40;0.0330,0.143,-4.515
16 34 38;0.0440,0.182,-4.472
3 18 34 38;0.0440,0.182,-4.472
1 11 32 38;0.0440,0.182,-4.472
3 14 18 23 38;0.0440,0.182,-4.472
6 20 31 32 38;0.0440,0.182,-4.472
6 23 31 32 38;0.0440,0.182,-4.472
3 6 23 32 38;0.0440,0.182,-4.472
3 34 39;0.0989,0.243,-4.464
14 34 42;0.0659,0.240,-4.444
1 11 14 38;0.0330,0.273,-4.441
7 11 14 38;0.0330,0.273,-4.441
25 31 32 34 38;0.0330,0.273,-4.441
18 25 32 34 38;0.0330,0.273,-4.441
7 14 18 25 38;0.0330,0.273,-4.441
6 14 16 31 38;0.0330,0.273,-4.441
3 9 11 20 34 38;0.0330,0.273,-4.441
3 9 11 32 34 38;0.0330,0.273,-4.441
9 11 20 32 34 38;0.0330,0.273,-4.441
23 25 42;0.0330,0.500,-4.439
23 37;0.2198,0.267,-4.399
18 37;0.2198,0.267,-4.399
1 18 31 38;0.0549,0.128,-4.392
3 18 23 38;0.0549,0.128,-4.392
23 30 40;0.0330,0.136,-4.368
16 34 40;0.0330,0.136,-4.368
6 9 12 40;0.0330,0.136,-4.368
6 12 18 40;0.0330,0.136,-4.368
7 9 12 40;0.0330,0.136,-4.368
7 12 18 40;0.0330,0.136,-4.368
3 12 18 40;0.0330,0.136,-4.368
3 20 34 40;0.0330,0.136,-4.368
3 18 34 40;0.0330,0.136,-4.368
1 9 23 40;0.0330,0.136,-4.368
1 3 18 40;0.0330,0.136,-4.368
7 9 23 40;0.0330,0.136,-4.368
1 3 12 32 40;0.0330,0.136,-4.368
9 12 18 32 40;0.0330,0.136,-4.368
3 7 23 34 40;0.0330,0.136,-4.368
18 20 32 34 40;0.0330,0.136,-4.368
3 6 7 23 40;0.0330,0.136,-4.368
3 6 23 32 40;0.0330,0.136,-4.368
1 6 20 32 34 40;0.0330,0.136,-4.368
3 6 9 32 34 40;0.0330,0.136,-4.368
1 6 9 18 32 40;0.0330,0.136,-4.368
6 7 9 18 32 40;0.0330,0.136,-4.368
21 31 39;0.1319,0.185,-4.361
3 21 39;0.1319,0.185,-4.361
1 14 23 38;0.0440,0.174,-4.292
7 14 23 38;0.0440,0.174,-4.292
7 14 18 38;0.0440,0.174,-4.292
3 6 23 38;0.0440,0.174,-4.292
18 23 31 34 38;0.0440,0.174,-4.292
18 23 32 34 38;0.0440,0.174,-4.292
1 6 11 20 38;0.0440,0.174,-4.292
6 11 20 32 38;0.0440,0.174,-4.292
6 9 18 32 38;0.0440,0.174,-4.292
3 9 11 18 31 32 38;0.0440,0.174,-4.292
32 34 42;0.0879,0.178,-4.284
14 22 38;0.0220,0.500,-4.269
1 22 38;0.0220,0.500,-4.269
9 22 38;0.0220,0.500,-4.269
20 25 34 38;0.0220,0.500,-4.269
6 20 25 38;0.0220,0.500,-4.269
7 20 25 38;0.0220,0.500,-4.269
11 20 25 38;0.0220,0.500,-4.269
20 25 31 38;0.0220,0.500,-4.269
1 14 20 25 38;0.0220,0.500,-4.269
1 18 20 25 38;0.0220,0.500,-4.269
1 20 21 27 38;0.0220,0.500,-4.269
1 18 21 27 38;0.0220,0.500,-4.269
7 20 21 27 38;0.0220,0.500,-4.269
7 18 21 27 38;0.0220,0.500,-4.269
21 31 36;0.3297,0.462,-4.262
1 31 38;0.0549,0.125,-4.258
1 23 38;0.0549,0.125,-4.258
7 18 38;0.0549,0.125,-4.258
7 23 32 38;0.0549,0.125,-4.258
3 9 18 31 32 38;0.0549,0.125,-4.258
13 20 41;0.0659,0.167,-4.250
13 23 41;0.0659,0.167,-4.250
34 41;0.0769,0.137,-4.247
30 40;0.0330,0.130,-4.228
1 3 12 40;0.0330,0.130,-4.228
9 12 18 40;0.0330,0.130,-4.228
3 6 23 40;0.0330,0.130,-4.228
1 9 12 32 40;0.0330,0.130,-4.228
1 12 18 32 40;0.0330,0.130,-4.228
1 20 32 34 40;0.0330,0.130,-4.228
3 6 9 34 40;0.0330,0.130,-4.228
6 9 32 34 40;0.0330,0.130,-4.228
18 23 32 34 40;0.0330,0.130,-4.228
1 6 9 18 40;0.0330,0.130,-4.228
6 7 9 18 40;0.0330,0.130,-4.228
6 9 18 32 40;0.0330,0.130,-4.228
7 9 18 32 40;0.0330,0.130,-4.228
3 7 23 32 40;0.0330,0.130,-4.228
25 31 34 38;0.0330,0.250,-4.171
18 25 34 38;0.0330,0.250,-4.171
7 14 25 38;0.0330,0.250,-4.171
6 14 20 34 38;0.0330,0.250,-4.171
3 9 11 34 38;0.0330,0.250,-4.171
9 11 20 34 38;0.0330,0.250,-4.171
9 11 32 34 38;0.0330,0.250,-4.171
9 18 23 38;0.0549,0.122,-4.128
3 9 31 32 38;0.0549,0.122,-4.128
3 9 23 32 38;0.0549,0.122,-4.128
1 14 34 38;0.0440,0.167,-4.121
7 14 34 38;0.0440,0.167,-4.121
23 31 34 38;0.0440,0.167,-4.121
1 6 11 38;0.0440,0.167,-4.121
1 11 20 38;0.0440,0.167,-4.121
6 11 32 38;0.0440,0.167,-4.121
6 9 18 38;0.0440,0.167,-4.121
7 11 20 32 38;0.0440,0.167,-4.121
3 20 41;0.0769,0.135,-4.103
16 27 32 40;0.0330,0.125,-4.095
1 9 12 40;0.0330,0.125,-4.095
1 12 18 40;0.0330,0.125,-4.095
6 9 34 40;0.0330,0.125,-4.095
6 9 18 40;0.0330,0.125,-4.095
7 9 18 40;0.0330,0.125,-4.095
3 7 23 40;0.0330,0.125,-4.095
7 18 20 32 40;0.0330,0.125,-4.095
1 3 6 32 34 40;0.0330,0.125,-4.095
1 3 9 32 34 40;0.0330,0.125,-4.095
3 7 9 32 34 40;0.0330,0.125,-4.095
1 6 18 20 32 40;0.0330,0.125,-4.095
1 6 18 23 32 40;0.0330,0.125,-4.095
1 18 20 23 32 40;0.0330,0.125,-4.095
6 7 18 23 32 40;0.0330,0.125,-4.095
6 12 14 21 42;0.0549,0.263,-4.046
1 18 38;0.0549,0.119,-4.001
3 18 31 32 38;0.0549,0.119,-4.001
9 32 42;0.0989,0.150,-3.971
1 6 12 32 40;0.0330,0.120,-3.967
6 7 12 32 40;0.0330,0.120,-3.967
1 3 6 34 40;0.0330,0.120,-3.967
1 6 20 34 40;0.0330,0.120,-3.967
1 3 9 34 40;0.0330,0.120,-3.967
1 9 32 34 40;0.0330,0.120,-3.967
6 20 32 34 40;0.0330,0.120,-3.967
6 18 32 34 40;0.0330,0.120,-3.967
3 7 9 34 40;0.0330,0.120,-3.967
7 9 32 34 40;0.0330,0.120,-3.967
1 9 18 32 40;0.0330,0.120,-3.967
1 18 23 32 40;0.0330,0.120,-3.967
6 18 20 32 40;0.0330,0.120,-3.967
6 18 23 32 40;0.0330,0.120,-3.967
7 18 23 32 40;0.0330,0.120,-3.967
9 39;0.1319,0.179,-3.963
18 31 39;0.1319,0.179,-3.963
14 34 38;0.0440,0.160,-3.958
1 11 38;0.0440,0.160,-3.958
6 20 31 38;0.0440,0.160,-3.958
6 23 31 38;0.0440,0.160,-3.958
7 11 32 38;0.0440,0.160,-3.958
6 18 20 32 38;0.0440,0.160,-3.958
6 18 23 32 38;0.0440,0.160,-3.958
14 18 23 31 32 38;0.0440,0.160,-3.958
3 9 11 18 32 38;0.0440,0.160,-3.958
11 21 34 37;0.1099,0.385,-3.953
6 21 32 42;0.0879,0.170,-3.943
14 25 31 38;0.0330,0.231,-3.927
9 11 34 38;0.0330,0.231,-3.927
6 14 16 38;0.0330,0.231,-3.927
3 9 20 32 34 38;0.0330,0.231,-3.927
11 14 16 31 32 38;0.0330,0.231,-3.927
21 23 36;0.3407,0.449,-3.887
3 31 32 38;0.0549,0.116,-3.878
20 27 32 40;0.0330,0.115,-3.844
18 27 32 40;0.0330,0.115,-3.844
1 6 12 40;0.0330,0.115,-3.844
6 7 12 40;0.0330,0.115,-3.844
6 12 32 40;0.0330,0.115,-3.844
7 12 32 40;0.0330,0.115,-3.844
3 12 32 40;0.0330,0.115,-3.844
1 9 34 40;0.0330,0.115,-3.844
1 20 34 40;0.0330,0.115,-3.844
7 9 34 40;0.0330,0.115,-3.844
18 20 34 40;0.0330,0.115,-3.844
1 9 18 40;0.0330,0.115,-3.844
1 3 32 34 40;0.0330,0.115,-3.844
1 18 32 34 40;0.0330,0.115,-3.844
7 20 32 34 40;0.0330,0.115,-3.844
7 18 32 34 40;0.0330,0.115,-3.844
3 23 32 34 40;0.0330,0.115,-3.844
1 18 20 32 40;0.0330,0.115,-3.844
14 23 32 42;0.0769,0.189,-3.834
6 7 41;0.0769,0.130,-3.822
6 14 21 42;0.0659,0.214,-3.803
6 12 14 42;0.0549,0.250,-3.803
3 12 14 21 42;0.0549,0.250,-3.803
3 23 32 34 38;0.0440,0.154,-3.803
14 16 31 32 38;0.0440,0.154,-3.803
14 18 23 31 38;0.0440,0.154,-3.803
14 23 31 32 38;0.0440,0.154,-3.803
16 23 31 32 38;0.0440,0.154,-3.803
9 11 18 31 32 38;0.0440,0.154,-3.803
22 32 38;0.0220,0.400,-3.781
11 25 38;0.0220,0.400,-3.781
14 20 25 38;0.0220,0.400,-3.781
16 20 25 38;0.0220,0.400,-3.781
18 20 25 38;0.0220,0.400,-3.781
1 20 27 38;0.0220,0.400,-3.781
1 21 27 38;0.0220,0.400,-3.781
7 20 27 38;0.0220,0.400,-3.781
7 21 27 38;0.0220,0.400,-3.781
6 20 21 27 38;0.0220,0.400,-3.781
6 18 21 27 38;0.0220,0.400,-3.781
31 39;0.1319,0.176,-3.769
7 23 38;0.0549,0.114,-3.757
9 18 31 32 38;0.0549,0.114,-3.757
27 32 40;0.0330,0.111,-3.726
6 12 40;0.0330,0.111,-3.726
7 12 40;0.0330,0.111,-3.726
3 12 40;0.0330,0.111,-3.726
9 12 32 40;0.0330,0.111,-3.726
12 18 32 40;0.0330,0.111,-3.726
1 3 34 40;0.0330,0.111,-3.726
18 23 34 40;0.0330,0.111,-3.726
7 18 20 40;0.0330,0.111,-3.726
3 6 32 34 40;0.0330,0.111,-3.726
3 9 32 34 40;0.0330,0.111,-3.726
1 6 18 20 40;0.0330,0.111,-3.726
1 6 18 23 40;0.0330,0.111,-3.726
1 18 20 23 40;0.0330,0.111,-3.726
6 7 18 23 40;0.0330,0.111,-3.726
1 6 23 32 34 40;0.0330,0.111,-3.726
1 3 6 9 32 40;0.0330,0.111,-3.726
3 6 7 9 32 40;0.0330,0.111,-3.726
25 32 34 38;0.0330,0.214,-3.705
14 16 25 38;0.0330,0.214,-3.705
1 14 25 38;0.0330,0.214,-3.705
14 18 25 38;0.0330,0.214,-3.705
3 9 20 34 38;0.0330,0.214,-3.705
9 20 32 34 38;0.0330,0.214,-3.705
11 14 16 31 38;0.0330,0.214,-3.705
6 16 31 32 38;0.0330,0.214,-3.705
3 11 14 18 31 38;0.0330,0.214,-3.705
14 29 42;0.0220,0.667,-3.689
9 29 42;0.0220,0.667,-3.689
20 21 25 34 42;0.0220,0.667,-3.689
6 20 21 25 42;0.0220,0.667,-3.689
6 41;0.0769,0.127,-3.686
3 23 41;0.0769,0.127,-3.686
18 23 34 38;0.0440,0.148,-3.654
14 16 31 38;0.0440,0.148,-3.654
14 23 31 38;0.0440,0.148,-3.654
6 11 20 38;0.0440,0.148,-3.654
3 9 32 34 38;0.0440,0.148,-3.654
9 11 31 32 38;0.0440,0.148,-3.654
3 11 18 32 38;0.0440,0.148,-3.654
3 9 11 18 31 38;0.0440,0.148,-3.654
9 31 32 38;0.0549,0.111,-3.639
9 23 32 38;0.0549,0.111,-3.639
3 9 18 31 38;0.0549,0.111,-3.639
18 23 31 32 38;0.0549,0.111,-3.639
13 41;0.0659,0.150,-3.631
9 12 40;0.0330,0.107,-3.613
12 18 40;0.0330,0.107,-3.613
1 12 32 40;0.0330,0.107,-3.613
9 32 34 40;0.0330,0.107,-3.613
3 23 34 40;0.0330,0.107,-3.613
1 18 23 40;0.0330,0.107,-3.613
6 18 20 40;0.0330,0.107,-3.613
6 18 23 40;0.0330,0.107,-3.613
7 18 23 40;0.0330,0.107,-3.613
1 3 6 9 40;0.0330,0.107,-3.613
3 6 7 9 40;0.0330,0.107,-3.613
3 6 9 32 40;0.0330,0.107,-3.613
9 16 20 23 32 40;0.0330,0.107,-3.613
9 12 14 21 42;0.0549,0.238,-3.577
11 22 41;0.0220,0.500,-3.558
7 41;0.0769,0.125,-3.552
3 9 31 38;0.0549,0.109,-3.524
23 31 32 38;0.0549,0.109,-3.524
3 9 18 32 38;0.0549,0.109,-3.524
6 11 38;0.0440,0.143,-3.512
9 32 34 38;0.0440,0.143,-3.512
3 23 34 38;0.0440,0.143,-3.512
6 18 20 38;0.0440,0.143,-3.512
6 18 23 38;0.0440,0.143,-3.512
7 11 20 38;0.0440,0.143,-3.512
18 31 32 34 38;0.0440,0.143,-3.512
3 14 18 31 38;0.0440,0.143,-3.512
3 14 23 32 38;0.0440,0.143,-3.512
3 6 9 32 38;0.0440,0.143,-3.512
9 11 18 32 38;0.0440,0.143,-3.512
16 27 40;0.0330,0.103,-3.504
1 12 40;0.0330,0.103,-3.504
3 6 34 40;0.0330,0.103,-3.504
6 20 34 40;0.0330,0.103,-3.504
6 18 34 40;0.0330,0.103,-3.504
3 9 34 40;0.0330,0.103,-3.504
1 18 20 40;0.0330,0.103,-3.504
3 6 9 40;0.0330,0.103,-3.504
1 23 32 34 40;0.0330,0.103,-3.504
3 7 32 34 40;0.0330,0.103,-3.504
9 16 23 32 40;0.0330,0.103,-3.504
1 3 6 32 40;0.0330,0.103,-3.504
1 6 20 32 40;0.0330,0.103,-3.504
3 7 9 32 40;0.0330,0.103,-3.504
25 34 38;0.0330,0.200,-3.501
14 25 38;0.0330,0.200,-3.501
9 20 34 38;0.0330,0.200,-3.501
6 16 31 38;0.0330,0.200,-3.501
11 18 32 34 38;0.0330,0.200,-3.501
11 14 16 32 38;0.0330,0.200,-3.501
1 6 14 20 38;0.0330,0.200,-3.501
6 7 14 20 38;0.0330,0.200,-3.501
3 11 14 31 38;0.0330,0.200,-3.501
3 9 42;0.0989,0.143,-3.500
3 32 42;0.0989,0.143,-3.500
14 23 42;0.0769,0.179,-3.494
6 21 34 42;0.0769,0.179,-3.494
6 32 42;0.0879,0.160,-3.465
6 14 42;0.0659,0.200,-3.427
11 20 41;0.0769,0.123,-3.421
22 27 40;0.0110,1.000,-3.412
3 9 23 38;0.0549,0.106,-3.412
3 18 31 38;0.0549,0.106,-3.412
21 34 37;0.1538,0.311,-3.410
9 34 40;0.0330,0.100,-3.399
1 18 34 40;0.0330,0.100,-3.399
7 20 34 40;0.0330,0.100,-3.399
7 18 34 40;0.0330,0.100,-3.399
1 3 6 40;0.0330,0.100,-3.399
3 7 9 40;0.0330,0.100,-3.399
1 6 23 34 40;0.0330,0.100,-3.399
6 23 32 34 40;0.0330,0.100,-3.399
16 20 23 32 40;0.0330,0.100,-3.399
1 7 20 32 40;0.0330,0.100,-3.399
1 20 23 32 40;0.0330,0.100,-3.399
3 9 18 20 23 32 40;0.0330,0.100,-3.399
22 38;0.0220,0.333,-3.399
1 27 38;0.0220,0.333,-3.399
7 27 38;0.0220,0.333,-3.399
1 20 25 38;0.0220,0.333,-3.399
6 20 27 38;0.0220,0.333,-3.399
6 18 27 38;0.0220,0.333,-3.399
6 21 27 38;0.0220,0.333,-3.399
7 11 38;0.0440,0.138,-3.375
3 9 34 38;0.0440,0.138,-3.375
31 32 34 38;0.0440,0.138,-3.375
3 14 31 38;0.0440,0.138,-3.375
3 6 9 38;0.0440,0.138,-3.375
14 18 23 32 38;0.0440,0.138,-3.375
1 6 20 32 38;0.0440,0.138,-3.375
3 9 11 20 32 38;0.0440,0.138,-3.375
3 12 14 42;0.0549,0.227,-3.365
34 42;0.0879,0.157,-3.314
6 21 42;0.0879,0.157,-3.314
25 31 32 38;0.0330,0.188,-3.312
6 14 20 38;0.0330,0.188,-3.312
7 14 20 38;0.0330,0.188,-3.312
9 11 14 18 31 38;0.0330,0.188,-3.312
3 31 38;0.0549,0.104,-3.302
1 7 32 38;0.0549,0.104,-3.302
3 23 32 38;0.0549,0.104,-3.302
3 18 32 38;0.0549,0.104,-3.302
20 27 40;0.0330,0.097,-3.297
18 27 40;0.0330,0.097,-3.297
3 7 34 40;0.0330,0.097,-3.297
20 32 34 40;0.0330,0.097,-3.297
18 32 34 40;0.0330,0.097,-3.297
16 23 32 40;0.0330,0.097,-3.297
1 6 9 32 40;0.0330,0.097,-3.297
1 3 7 32 40;0.0330,0.097,-3.297
1 3 9 32 40;0.0330,0.097,-3.297
6 7 9 32 40;0.0330,0.097,-3.297
3 9 18 23 32 40;0.0330,0.097,-3.297
11 41;0.0769,0.121,-3.293
9 34 38;0.0440,0.133,-3.244
3 14 23 38;0.0440,0.133,-3.244
16 23 31 38;0.0440,0.133,-3.244
9 11 18 31 38;0.0440,0.133,-3.244
3 9 11 32 38;0.0440,0.133,-3.244
3 39;0.1319,0.169,-3.205
23 32 42;0.0989,0.138,-3.199
27 40;0.0330,0.094,-3.198
12 32 40;0.0330,0.094,-3.198
1 23 34 40;0.0330,0.094,-3.198
1 6 9 40;0.0330,0.094,-3.198
1 6 20 40;0.0330,0.094,-3.198
1 3 7 40;0.0330,0.094,-3.198
1 3 9 40;0.0330,0.094,-3.198
1 20 32 40;0.0330,0.094,-3.198
6 7 9 40;0.0330,0.094,-3.198
6 9 32 40;0.0330,0.094,-3.198
7 23 32 34 40;0.0330,0.094,-3.198
9 16 20 32 40;0.0330,0.094,-3.198
3 6 7 32 40;0.0330,0.094,-3.198
6 7 20 32 40;0.0330,0.094,-3.198
3 18 20 23 32 40;0.0330,0.094,-3.198
9 18 31 38;0.0549,0.102,-3.194
9 12 14 42;0.0549,0.217,-3.166
25 31 38;0.0330,0.176,-3.137
16 25 32 38;0.0330,0.176,-3.137
7 25 32 38;0.0330,0.176,-3.137
18 25 32 38;0.0330,0.176,-3.137
11 14 16 38;0.0330,0.176,-3.137
6 16 32 38;0.0330,0.176,-3.137
9 11 14 31 38;0.0330,0.176,-3.137
3 11 14 18 38;0.0330,0.176,-3.137
3 11 20 32 34 38;0.0330,0.176,-3.137
3 11 14 20 32 38;0.0330,0.176,-3.137
7 14 38;0.0440,0.129,-3.118
18 32 34 38;0.0440,0.129,-3.118
14 16 32 38;0.0440,0.129,-3.118
14 18 23 38;0.0440,0.129,-3.118
16 23 32 38;0.0440,0.129,-3.118
9 11 31 38;0.0440,0.129,-3.118
3 9 11 18 38;0.0440,0.129,-3.118
12 40;0.0330,0.091,-3.103
6 9 40;0.0330,0.091,-3.103
1 7 20 40;0.0330,0.091,-3.103
1 3 32 40;0.0330,0.091,-3.103
1 20 23 40;0.0330,0.091,-3.103
3 6 32 40;0.0330,0.091,-3.103
6 20 32 40;0.0330,0.091,-3.103
7 9 32 40;0.0330,0.091,-3.103
7 20 32 40;0.0330,0.091,-3.103
3 18 23 32 40;0.0330,0.091,-3.103
1 32 38;0.0549,0.100,-3.089
9 31 38;0.0549,0.100,-3.089
9 18 32 38;0.0549,0.100,-3.089
18 23 32 38;0.0549,0.100,-3.089
20 22 41;0.0220,0.400,-3.085
20 25 38;0.0220,0.286,-3.085
6 27 38;0.0220,0.286,-3.085
31 36;0.3297,0.441,-3.077
6 20 25 42;0.0220,0.500,-3.050
3 14 42;0.0769,0.167,-3.028
18 21 39;0.1319,0.167,-3.022
21 36;0.3846,0.412,-3.022
1 3 40;0.0330,0.088,-3.011
7 9 40;0.0330,0.088,-3.011
6 23 34 40;0.0330,0.088,-3.011
3 32 34 40;0.0330,0.088,-3.011
16 20 32 40;0.0330,0.088,-3.011
3 6 7 40;0.0330,0.088,-3.011
3 7 32 40;0.0330,0.088,-3.011
9 16 20 23 40;0.0330,0.088,-3.011
3 9 20 23 32 40;0.0330,0.088,-3.011
3 9 18 20 32 40;0.0330,0.088,-3.011
9 18 20 23 32 40;0.0330,0.088,-3.011
