8 36;0.4222,1.000,-58.824
5 21 36;0.4111,1.000,-54.853
5 16 20 36;0.4111,1.000,-54.853
5 18 20 36;0.4111,1.000,-54.853
2 18 36;0.4000,1.000,-51.557
5 16 36;0.4111,0.974,-51.234
5 20 36;0.4111,0.974,-51.234
5 18 36;0.4111,0.974,-51.234
2 5 36;0.3889,1.000,-48.649
2 16 36;0.3889,1.000,-48.649
5 36;0.4111,0.949,-48.283
2 9 36;0.3778,1.000,-46.010
2 21 36;0.4000,0.947,-45.076
3 18 20 21 36;0.4222,0.884,-45.046
16 20 21 36;0.4111,0.902,-43.404
3 18 20 36;0.4222,0.864,-43.054
4 37;0.2000,1.000,-42.779
15 26 37;0.2000,1.000,-42.779
1 26 37;0.2000,1.000,-42.779
6 26 37;0.2000,1.000,-42.779
7 26 37;0.2000,1.000,-42.779
16 20 36;0.4111,0.881,-41.296
2 36;0.4000,0.900,-40.286
1 15 18 37;0.2000,0.947,-39.834
7 15 18 37;0.2000,0.947,-39.834
1 6 15 31 37;0.2000,0.947,-39.834
1 15 21 31 37;0.2000,0.947,-39.834
6 7 15 31 37;0.2000,0.947,-39.834
7 15 21 31 37;0.2000,0.947,-39.834
15 18 37;0.2000,0.900,-37.532
1 15 31 37;0.2000,0.900,-37.532
6 15 31 37;0.2000,0.900,-37.532
7 15 31 37;0.2000,0.900,-37.532
15 21 31 37;0.2000,0.900,-37.532
15 31 37;0.2000,0.857,-35.586
11 16 21 36;0.3556,0.941,-35.191
23 26 31 37;0.2000,0.818,-33.881
1 21 23 31 37;0.2000,0.818,-33.881
7 20 21 31 37;0.2000,0.818,-33.881
7 21 23 31 37;0.2000,0.818,-33.881
1 6 20 21 31 37;0.2000,0.818,-33.881
3 18 21 23 36;0.3778,0.872,-33.119
11 16 36;0.3556,0.914,-32.844
16 21 23 36;0.3667,0.892,-32.844
3 11 18 21 36;0.3556,0.914,-32.844
3 20 21 31 36;0.3667,0.892,-32.844
26 31 37;0.2000,0.783,-32.355
1 6 20 31 37;0.2000,0.783,-32.355
1 6 23 31 37;0.2000,0.783,-32.355
1 18 21 23 37;0.2000,0.783,-32.355
6 7 20 31 37;0.2000,0.783,-32.355
6 7 23 31 37;0.2000,0.783,-32.355
6 20 21 31 37;0.2000,0.783,-32.355
6 21 23 31 37;0.2000,0.783,-32.355
7 18 20 31 37;0.2000,0.783,-32.355
7 18 20 21 37;0.2000,0.783,-32.355
7 18 21 23 37;0.2000,0.783,-32.355
1 6 18 20 21 37;0.2000,0.783,-32.355
1 18 20 23 31 37;0.2000,0.783,-32.355
3 20 35 36;0.3222,0.967,-32.000
3 20 21 36;0.4222,0.745,-31.934
19 24 39;0.1222,1.000,-31.359
6 24 39;0.1222,1.000,-31.359
7 24 39;0.1222,1.000,-31.359
6 16 19 39;0.1222,1.000,-31.359
6 19 31 39;0.1222,1.000,-31.359
6 18 19 39;0.1222,1.000,-31.359
6 12 16 25 39;0.1222,1.000,-31.359
6 12 25 31 39;0.1222,1.000,-31.359
6 12 18 25 39;0.1222,1.000,-31.359
9 18 20 21 36;0.4000,0.800,-31.312
23 26 37;0.2000,0.750,-30.969
6 20 31 37;0.2000,0.750,-30.969
6 23 31 37;0.2000,0.750,-30.969
7 20 31 37;0.2000,0.750,-30.969
7 18 20 37;0.2000,0.750,-30.969
1 6 18 20 37;0.2000,0.750,-30.969
1 6 18 23 37;0.2000,0.750,-30.969
1 20 23 31 37;0.2000,0.750,-30.969
1 20 21 31 37;0.2000,0.750,-30.969
1 18 23 31 37;0.2000,0.750,-30.969
1 18 20 23 37;0.2000,0.750,-30.969
6 7 18 23 37;0.2000,0.750,-30.969
6 18 20 21 37;0.2000,0.750,-30.969
6 18 21 23 37;0.2000,0.750,-30.969
7 18 23 31 37;0.2000,0.750,-30.969
3 11 18 36;0.3556,0.889,-30.758
9 18 20 36;0.4000,0.783,-29.830
26 37;0.2000,0.720,-29.696
1 23 31 37;0.2000,0.720,-29.696
1 18 23 37;0.2000,0.720,-29.696
6 18 20 37;0.2000,0.720,-29.696
6 18 23 37;0.2000,0.720,-29.696
7 23 31 37;0.2000,0.720,-29.696
7 18 23 37;0.2000,0.720,-29.696
1 6 15 20 37;0.2000,0.720,-29.696
1 15 20 21 37;0.2000,0.720,-29.696
1 18 20 31 37;0.2000,0.720,-29.696
1 18 20 21 37;0.2000,0.720,-29.696
3 18 23 36;0.3778,0.829,-29.614
3 18 21 36;0.4222,0.717,-29.360
16 23 36;0.3667,0.846,-29.137
3 20 31 36;0.3667,0.846,-29.137
16 19 39;0.1222,0.917,-28.874
19 31 39;0.1222,0.917,-28.874
18 19 39;0.1222,0.917,-28.874
6 12 25 39;0.1222,0.917,-28.874
7 12 16 25 39;0.1222,0.917,-28.874
7 12 25 31 39;0.1222,0.917,-28.874
7 12 18 25 39;0.1222,0.917,-28.874
6 12 16 31 39;0.1222,0.917,-28.874
1 3 6 12 31 39;0.1222,0.917,-28.874
3 6 7 12 31 39;0.1222,0.917,-28.874
1 10 31 37;0.1556,1.000,-28.714
1 10 18 37;0.1556,1.000,-28.714
6 10 31 37;0.1556,1.000,-28.714
6 10 18 37;0.1556,1.000,-28.714
7 10 31 37;0.1556,1.000,-28.714
7 10 18 37;0.1556,1.000,-28.714
1 15 20 37;0.2000,0.692,-28.517
1 20 31 37;0.2000,0.692,-28.517
1 18 20 37;0.2000,0.692,-28.517
3 9 20 36;0.4000,0.766,-28.423
16 21 35 36;0.3111,0.933,-27.689
7 15 20 21 37;0.2000,0.667,-27.419
16 21 36;0.4111,0.725,-27.263
3 21 35 36;0.3222,0.906,-27.208
1 24 39;0.1222,0.846,-27.003
24 25 31 39;0.1222,0.846,-27.003
12 19 25 39;0.1222,0.846,-27.003
6 19 25 39;0.1222,0.846,-27.003
7 12 25 39;0.1222,0.846,-27.003
6 16 25 39;0.1222,0.846,-27.003
6 25 31 39;0.1222,0.846,-27.003
6 18 25 39;0.1222,0.846,-27.003
6 12 16 39;0.1222,0.846,-27.003
3 6 12 31 39;0.1222,0.846,-27.003
7 12 16 31 39;0.1222,0.846,-27.003
3 7 12 31 39;0.1222,0.846,-27.003
1 6 9 12 31 39;0.1222,0.846,-27.003
1 3 6 12 18 39;0.1222,0.846,-27.003
6 7 9 12 31 39;0.1222,0.846,-27.003
3 6 7 12 18 39;0.1222,0.846,-27.003
3 21 23 31 36;0.3333,0.882,-26.984
3 20 36;0.4222,0.691,-26.969
15 20 21 37;0.2000,0.643,-26.389
3 18 36;0.4222,0.679,-25.834
9 20 21 36;0.4000,0.735,-25.803
16 35 36;0.3111,0.903,-25.528
3 11 21 31 36;0.3111,0.903,-25.528
24 25 39;0.1222,0.786,-25.462
24 31 39;0.1222,0.786,-25.462
19 25 39;0.1222,0.786,-25.462
12 25 31 39;0.1222,0.786,-25.462
7 16 25 39;0.1222,0.786,-25.462
7 25 31 39;0.1222,0.786,-25.462
7 18 25 39;0.1222,0.786,-25.462
7 12 16 39;0.1222,0.786,-25.462
1 12 16 25 39;0.1222,0.786,-25.462
1 12 18 25 39;0.1222,0.786,-25.462
6 9 12 31 39;0.1222,0.786,-25.462
3 6 12 18 39;0.1222,0.786,-25.462
7 9 12 31 39;0.1222,0.786,-25.462
3 7 12 18 39;0.1222,0.786,-25.462
1 6 9 12 18 39;0.1222,0.786,-25.462
6 7 9 12 18 39;0.1222,0.786,-25.462
1 15 21 37;0.2000,0.621,-25.420
6 7 15 20 37;0.2000,0.621,-25.420
1 6 20 21 37;0.2000,0.621,-25.420
1 7 20 21 37;0.2000,0.621,-25.420
1 20 21 23 37;0.2000,0.621,-25.420
3 23 35 36;0.2778,0.962,-25.349
3 35 36;0.3222,0.879,-25.260
9 20 35 36;0.3222,0.879,-25.260
11 29 41;0.0889,1.000,-25.074
20 29 41;0.0889,1.000,-25.074
1 6 15 37;0.2000,0.600,-24.503
6 15 20 37;0.2000,0.600,-24.503
7 15 20 37;0.2000,0.600,-24.503
1 6 20 37;0.2000,0.600,-24.503
11 27 36;0.2889,0.929,-24.470
24 39;0.1222,0.733,-24.140
6 12 19 39;0.1222,0.733,-24.140
1 12 25 39;0.1222,0.733,-24.140
12 16 25 39;0.1222,0.733,-24.140
12 18 25 39;0.1222,0.733,-24.140
6 16 31 39;0.1222,0.733,-24.140
1 12 16 31 39;0.1222,0.733,-24.140
1 3 12 31 39;0.1222,0.733,-24.140
6 9 12 18 39;0.1222,0.733,-24.140
7 9 12 18 39;0.1222,0.733,-24.140
1 10 37;0.1556,0.875,-24.028
10 31 37;0.1556,0.875,-24.028
10 18 37;0.1556,0.875,-24.028
16 27 36;0.3000,0.900,-23.931
16 36;0.4111,0.685,-23.743
1 15 37;0.2000,0.581,-23.634
15 20 37;0.2000,0.581,-23.634
7 15 21 37;0.2000,0.581,-23.634
1 7 20 37;0.2000,0.581,-23.634
1 20 23 37;0.2000,0.581,-23.634
1 20 21 37;0.2000,0.581,-23.634
7 20 21 37;0.2000,0.581,-23.634
20 27 36;0.3111,0.875,-23.627
18 27 36;0.3111,0.875,-23.627
9 11 18 21 36;0.3333,0.833,-23.545
9 20 36;0.4000,0.706,-23.404
12 19 39;0.1222,0.688,-22.977
6 19 39;0.1222,0.688,-22.977
12 25 39;0.1222,0.688,-22.977
25 31 39;0.1222,0.688,-22.977
6 16 39;0.1222,0.688,-22.977
1 16 25 39;0.1222,0.688,-22.977
1 18 25 39;0.1222,0.688,-22.977
1 12 16 39;0.1222,0.688,-22.977
7 16 31 39;0.1222,0.688,-22.977
1 9 12 31 39;0.1222,0.688,-22.977
1 3 12 18 39;0.1222,0.688,-22.977
1 3 6 31 39;0.1222,0.688,-22.977
3 6 7 31 39;0.1222,0.688,-22.977
29 41;0.0889,0.889,-22.877
15 21 37;0.2000,0.562,-22.808
6 20 21 37;0.2000,0.562,-22.808
7 21 31 37;0.2000,0.562,-22.808
1 6 21 31 37;0.2000,0.562,-22.808
9 18 21 23 36;0.3556,0.780,-22.658
27 31 36;0.2889,0.897,-22.407
9 11 18 36;0.3333,0.811,-22.034
3 23 31 36;0.3333,0.811,-22.034
1 20 37;0.2000,0.545,-22.019
1 21 23 37;0.2000,0.545,-22.019
6 21 31 37;0.2000,0.545,-22.019
7 18 21 37;0.2000,0.545,-22.019
1 6 18 21 37;0.2000,0.545,-22.019
19 39;0.1222,0.647,-21.936
6 25 39;0.1222,0.647,-21.936
16 25 39;0.1222,0.647,-21.936
18 25 39;0.1222,0.647,-21.936
7 16 39;0.1222,0.647,-21.936
12 16 31 39;0.1222,0.647,-21.936
3 6 31 39;0.1222,0.647,-21.936
1 3 6 12 39;0.1222,0.647,-21.936
1 9 12 18 39;0.1222,0.647,-21.936
3 6 7 12 39;0.1222,0.647,-21.936
1 3 6 18 39;0.1222,0.647,-21.936
3 6 7 18 39;0.1222,0.647,-21.936
3 7 18 31 39;0.1222,0.647,-21.936
27 36;0.3111,0.848,-21.922
3 11 31 36;0.3111,0.848,-21.922
9 21 35 36;0.3222,0.829,-21.912
9 17 42;0.0889,0.800,-21.267
17 20 30 41;0.0889,0.800,-21.267
6 17 20 41;0.0889,0.800,-21.267
15 20 30 41;0.0889,0.800,-21.267
3 9 15 34 42;0.0889,0.800,-21.267
6 11 20 30 41;0.0889,0.800,-21.267
7 11 20 30 41;0.0889,0.800,-21.267
3 6 15 20 34 41;0.0889,0.800,-21.267
6 7 15 37;0.2000,0.529,-21.265
1 6 31 37;0.2000,0.529,-21.265
1 21 31 37;0.2000,0.529,-21.265
6 7 31 37;0.2000,0.529,-21.265
6 7 20 37;0.2000,0.529,-21.265
6 18 21 37;0.2000,0.529,-21.265
7 25 39;0.1222,0.611,-20.991
3 6 12 39;0.1222,0.611,-20.991
3 7 12 39;0.1222,0.611,-20.991
3 12 31 39;0.1222,0.611,-20.991
1 16 31 39;0.1222,0.611,-20.991
3 6 18 39;0.1222,0.611,-20.991
3 7 31 39;0.1222,0.611,-20.991
3 7 18 39;0.1222,0.611,-20.991
1 6 9 12 39;0.1222,0.611,-20.991
1 6 12 31 39;0.1222,0.611,-20.991
6 7 9 12 39;0.1222,0.611,-20.991
6 7 12 31 39;0.1222,0.611,-20.991
6 10 21 37;0.1556,0.778,-20.893
7 10 21 37;0.1556,0.778,-20.893
18 20 21 36;0.4222,0.623,-20.659
3 9 11 21 36;0.3333,0.789,-20.633
6 15 37;0.2000,0.514,-20.543
7 15 37;0.2000,0.514,-20.543
6 31 37;0.2000,0.514,-20.543
6 20 37;0.2000,0.514,-20.543
7 20 37;0.2000,0.514,-20.543
1 6 18 37;0.2000,0.514,-20.543
1 6 23 37;0.2000,0.514,-20.543
1 18 21 37;0.2000,0.514,-20.543
6 7 18 37;0.2000,0.514,-20.543
7 18 31 37;0.2000,0.514,-20.543
7 21 23 37;0.2000,0.514,-20.543
9 35 36;0.3222,0.806,-20.446
20 35 36;0.3222,0.806,-20.446
12 16 39;0.1222,0.579,-20.126
1 16 39;0.1222,0.579,-20.126
6 9 12 39;0.1222,0.579,-20.126
6 12 31 39;0.1222,0.579,-20.126
7 9 12 39;0.1222,0.579,-20.126
7 12 31 39;0.1222,0.579,-20.126
9 12 31 39;0.1222,0.579,-20.126
1 6 12 18 39;0.1222,0.579,-20.126
6 7 12 18 39;0.1222,0.579,-20.126
1 3 18 31 39;0.1222,0.579,-20.126
9 18 23 36;0.3556,0.744,-20.113
17 20 41;0.0889,0.727,-19.968
9 15 34 42;0.0889,0.727,-19.968
11 17 30 41;0.0889,0.727,-19.968
6 11 17 41;0.0889,0.727,-19.968
11 15 30 41;0.0889,0.727,-19.968
6 11 30 41;0.0889,0.727,-19.968
6 20 30 41;0.0889,0.727,-19.968
7 11 30 41;0.0889,0.727,-19.968
7 20 30 41;0.0889,0.727,-19.968
1 3 9 15 42;0.0889,0.727,-19.968
3 7 9 15 42;0.0889,0.727,-19.968
11 20 30 34 41;0.0889,0.727,-19.968
3 15 20 34 41;0.0889,0.727,-19.968
3 6 11 15 34 41;0.0889,0.727,-19.968
3 6 7 15 20 41;0.0889,0.727,-19.968
3 6 11 15 20 41;0.0889,0.727,-19.968
15 37;0.2000,0.500,-19.850
6 18 37;0.2000,0.500,-19.850
7 31 37;0.2000,0.500,-19.850
7 18 37;0.2000,0.500,-19.850
6 21 23 37;0.2000,0.500,-19.850
18 20 36;0.4222,0.613,-19.710
1 25 39;0.1222,0.550,-19.328
1 3 12 39;0.1222,0.550,-19.328
6 12 18 39;0.1222,0.550,-19.328
7 12 18 39;0.1222,0.550,-19.328
3 12 18 39;0.1222,0.550,-19.328
1 3 31 39;0.1222,0.550,-19.328
1 3 18 39;0.1222,0.550,-19.328
1 6 9 31 39;0.1222,0.550,-19.328
6 7 9 31 39;0.1222,0.550,-19.328
1 23 37;0.2000,0.486,-19.184
1 18 31 37;0.2000,0.486,-19.184
9 18 21 36;0.4000,0.655,-19.137
3 11 21 36;0.3556,0.727,-18.945
1 17 42;0.0889,0.667,-18.869
11 17 41;0.0889,0.667,-18.869
3 9 15 42;0.0889,0.667,-18.869
11 30 34 41;0.0889,0.667,-18.869
20 30 34 41;0.0889,0.667,-18.869
1 3 15 34 42;0.0889,0.667,-18.869
3 11 15 34 41;0.0889,0.667,-18.869
3 6 11 15 41;0.0889,0.667,-18.869
3 6 15 20 41;0.0889,0.667,-18.869
3 7 15 20 41;0.0889,0.667,-18.869
3 11 15 20 41;0.0889,0.667,-18.869
25 39;0.1222,0.524,-18.586
1 9 12 39;0.1222,0.524,-18.586
1 12 31 39;0.1222,0.524,-18.586
9 12 18 39;0.1222,0.524,-18.586
6 9 31 39;0.1222,0.524,-18.586
1 6 9 18 39;0.1222,0.524,-18.586
6 7 9 18 39;0.1222,0.524,-18.586
7 9 18 31 39;0.1222,0.524,-18.586
1 31 37;0.2000,0.474,-18.542
1 18 37;0.2000,0.474,-18.542
6 10 37;0.1556,0.700,-18.461
7 10 37;0.1556,0.700,-18.461
10 21 37;0.1556,0.700,-18.461
3 21 31 36;0.3667,0.702,-18.436
3 9 11 36;0.3333,0.750,-18.103
6 7 23 37;0.2000,0.462,-17.923
1 3 15 42;0.0889,0.615,-17.914
3 11 15 41;0.0889,0.615,-17.914
3 15 20 41;0.0889,0.615,-17.914
3 6 11 20 34 41;0.0889,0.615,-17.914
1 12 18 39;0.1222,0.500,-17.893
6 9 18 39;0.1222,0.500,-17.893
7 9 31 39;0.1222,0.500,-17.893
7 9 18 39;0.1222,0.500,-17.893
3 9 21 23 36;0.3556,0.711,-17.837
21 35 36;0.3222,0.763,-17.826
9 21 23 31 36;0.3111,0.778,-17.638
9 11 21 31 36;0.2889,0.812,-17.533
6 23 37;0.2000,0.450,-17.325
1 6 12 39;0.1222,0.478,-17.242
6 7 12 39;0.1222,0.478,-17.242
1 9 18 31 39;0.1222,0.478,-17.242
3 21 23 36;0.3778,0.667,-17.128
13 17 41;0.0778,0.778,-17.093
9 15 30 42;0.0778,0.778,-17.093
13 15 30 41;0.0778,0.778,-17.093
6 13 30 41;0.0778,0.778,-17.093
7 13 30 41;0.0778,0.778,-17.093
3 13 15 34 41;0.0778,0.778,-17.093
3 6 11 13 34 41;0.0778,0.778,-17.093
3 6 13 20 34 41;0.0778,0.778,-17.093
3 6 13 23 34 41;0.0778,0.778,-17.093
3 7 11 13 34 41;0.0778,0.778,-17.093
3 7 13 20 34 41;0.0778,0.778,-17.093
3 7 13 23 34 41;0.0778,0.778,-17.093
11 20 30 41;0.0889,0.571,-17.066
3 6 11 34 41;0.0889,0.571,-17.066
3 6 11 20 41;0.0889,0.571,-17.066
3 7 11 20 34 41;0.0889,0.571,-17.066
3 21 36;0.4222,0.585,-17.007
9 11 21 36;0.3333,0.732,-16.954
10 17 41;0.0667,1.000,-16.917
10 30 41;0.0667,1.000,-16.917
3 10 15 41;0.0667,1.000,-16.917
3 6 10 41;0.0667,1.000,-16.917
3 7 10 41;0.0667,1.000,-16.917
7 23 37;0.2000,0.439,-16.747
35 36;0.3222,0.744,-16.646
6 12 39;0.1222,0.458,-16.629
7 12 39;0.1222,0.458,-16.629
12 31 39;0.1222,0.458,-16.629
3 12 39;0.1222,0.458,-16.629
1 9 31 39;0.1222,0.458,-16.629
1 9 18 39;0.1222,0.458,-16.629
10 37;0.1556,0.636,-16.460
9 18 36;0.4000,0.621,-16.313
17 32 42;0.0889,0.533,-16.304
17 30 41;0.0889,0.533,-16.304
6 17 41;0.0889,0.533,-16.304
15 30 41;0.0889,0.533,-16.304
11 30 41;0.0889,0.533,-16.304
1 9 15 42;0.0889,0.533,-16.304
7 9 15 42;0.0889,0.533,-16.304
20 23 30 41;0.0889,0.533,-16.304
3 6 11 41;0.0889,0.533,-16.304
3 15 32 34 42;0.0889,0.533,-16.304
3 6 15 34 41;0.0889,0.533,-16.304
3 6 20 34 41;0.0889,0.533,-16.304
3 7 11 34 41;0.0889,0.533,-16.304
3 7 11 20 41;0.0889,0.533,-16.304
9 12 39;0.1222,0.440,-16.049
1 9 30 42;0.0778,0.700,-15.900
6 9 30 42;0.0778,0.700,-15.900
7 9 30 42;0.0778,0.700,-15.900
13 30 34 41;0.0778,0.700,-15.900
3 13 15 41;0.0778,0.700,-15.900
9 30 32 34 42;0.0778,0.700,-15.900
3 6 13 20 41;0.0778,0.700,-15.900
3 6 13 23 41;0.0778,0.700,-15.900
3 7 11 13 41;0.0778,0.700,-15.900
3 7 13 20 41;0.0778,0.700,-15.900
3 7 13 23 41;0.0778,0.700,-15.900
1 3 18 23 31 38;0.0556,0.833,-15.807
3 7 18 23 31 38;0.0556,0.833,-15.807
11 18 21 36;0.3556,0.681,-15.782
1 6 21 37;0.2000,0.419,-15.645
1 7 21 37;0.2000,0.419,-15.645
17 42;0.0889,0.500,-15.611
17 41;0.0889,0.500,-15.611
9 15 42;0.0889,0.500,-15.611
6 30 41;0.0889,0.500,-15.611
7 30 41;0.0889,0.500,-15.611
20 30 41;0.0889,0.500,-15.611
3 15 34 42;0.0889,0.500,-15.611
3 15 34 41;0.0889,0.500,-15.611
3 7 11 41;0.0889,0.500,-15.611
3 7 15 32 42;0.0889,0.500,-15.611
3 6 7 15 41;0.0889,0.500,-15.611
3 7 20 34 41;0.0889,0.500,-15.611
3 6 7 20 41;0.0889,0.500,-15.611
1 3 9 23 34 42;0.0889,0.500,-15.611
3 7 9 23 34 42;0.0889,0.500,-15.611
1 12 39;0.1222,0.423,-15.499
12 18 39;0.1222,0.423,-15.499
1 3 6 9 39;0.1222,0.423,-15.499
3 6 7 9 39;0.1222,0.423,-15.499
3 7 14 15 42;0.0667,0.857,-14.992
9 11 31 36;0.2889,0.765,-14.980
3 6 9 39;0.1222,0.407,-14.976
30 34 41;0.0889,0.471,-14.975
3 7 15 42;0.0889,0.471,-14.975
3 15 32 42;0.0889,0.471,-14.975
3 6 15 41;0.0889,0.471,-14.975
3 7 15 41;0.0889,0.471,-14.975
3 6 20 41;0.0889,0.471,-14.975
3 7 20 41;0.0889,0.471,-14.975
1 9 23 34 42;0.0889,0.471,-14.975
1 3 9 23 42;0.0889,0.471,-14.975
7 9 23 34 42;0.0889,0.471,-14.975
3 7 9 23 42;0.0889,0.471,-14.975
13 30 41;0.0778,0.636,-14.899
1 15 30 42;0.0778,0.636,-14.899
9 30 34 42;0.0778,0.636,-14.899
9 11 36;0.3333,0.698,-14.849
3 11 36;0.3556,0.667,-14.826
11 18 36;0.3556,0.667,-14.826
1 21 37;0.2000,0.400,-14.608
7 21 37;0.2000,0.400,-14.608
1 3 23 31 38;0.0556,0.714,-14.554
1 3 18 23 38;0.0556,0.714,-14.554
3 7 23 31 38;0.0556,0.714,-14.554
3 7 18 23 38;0.0556,0.714,-14.554
3 31 36;0.3667,0.647,-14.524
1 3 6 39;0.1222,0.393,-14.477
3 7 9 39;0.1222,0.393,-14.477
3 15 42;0.0889,0.444,-14.387
3 15 41;0.0889,0.444,-14.387
1 3 23 34 42;0.0889,0.444,-14.387
6 11 15 20 34 41;0.0889,0.444,-14.387
9 23 31 36;0.3111,0.718,-14.220
1 6 37;0.2000,0.391,-14.111
6 21 37;0.2000,0.391,-14.111
1 30 42;0.0778,0.583,-14.034
9 23 30 32 42;0.0778,0.583,-14.034
3 6 13 34 41;0.0778,0.583,-14.034
3 7 13 34 41;0.0778,0.583,-14.034
3 9 23 36;0.3556,0.653,-13.914
9 21 23 36;0.3556,0.653,-13.914
1 3 23 42;0.0889,0.421,-13.841
6 11 15 34 41;0.0889,0.421,-13.841
11 15 20 34 41;0.0889,0.421,-13.841
20 21 36;0.4222,0.551,-13.693
3 10 41;0.0667,0.750,-13.626
19 30 42;0.0556,1.000,-13.573
15 19 42;0.0556,1.000,-13.573
6 19 23 42;0.0556,1.000,-13.573
12 39;0.1222,0.367,-13.543
1 6 9 39;0.1222,0.367,-13.543
1 3 7 39;0.1222,0.367,-13.543
1 3 9 39;0.1222,0.367,-13.543
6 7 9 39;0.1222,0.367,-13.543
23 30 41;0.0889,0.400,-13.330
11 15 34 41;0.0889,0.400,-13.330
3 6 23 34 41;0.0889,0.400,-13.330
9 30 32 42;0.0778,0.538,-13.272
3 6 13 41;0.0778,0.538,-13.272
3 7 13 41;0.0778,0.538,-13.272
1 7 37;0.2000,0.375,-13.159
1 3 11 18 38;0.0444,1.000,-13.144
3 6 11 31 38;0.0444,1.000,-13.144
3 6 11 18 38;0.0444,1.000,-13.144
3 7 11 18 38;0.0444,1.000,-13.144
6 9 39;0.1222,0.355,-13.105
30 41;0.0889,0.381,-12.850
1 9 23 42;0.0889,0.381,-12.850
7 9 23 42;0.0889,0.381,-12.850
6 11 20 34 41;0.0889,0.381,-12.850
3 6 7 23 41;0.0889,0.381,-12.850
3 7 23 32 34 42;0.0889,0.381,-12.850
3 9 23 32 34 42;0.0889,0.381,-12.850
1 3 39;0.1222,0.344,-12.684
7 9 39;0.1222,0.344,-12.684
3 6 7 39;0.1222,0.344,-12.684
15 30 32 42;0.0778,0.500,-12.591
9 23 30 42;0.0778,0.500,-12.591
6 11 13 34 41;0.0778,0.500,-12.591
7 11 13 34 41;0.0778,0.500,-12.591
3 6 9 23 34 42;0.0778,0.500,-12.591
6 11 34 41;0.0889,0.364,-12.398
3 6 23 41;0.0889,0.364,-12.398
1 15 32 34 42;0.0889,0.364,-12.398
3 7 23 34 42;0.0889,0.364,-12.398
9 23 32 34 42;0.0889,0.364,-12.398
3 7 23 32 42;0.0889,0.364,-12.398
6 15 20 34 41;0.0889,0.364,-12.398
7 11 20 34 41;0.0889,0.364,-12.398
3 7 23 34 41;0.0889,0.364,-12.398
3 6 39;0.1222,0.333,-12.278
1 37;0.2000,0.360,-12.254
6 7 37;0.2000,0.360,-12.254
9 21 36;0.4000,0.571,-12.175
18 21 36;0.4222,0.535,-12.145
1 9 18 23 31 38;0.0556,0.500,-12.069
7 9 18 23 31 38;0.0556,0.500,-12.069
15 30 42;0.0778,0.467,-11.974
9 30 42;0.0778,0.467,-11.974
30 32 34 42;0.0778,0.467,-11.974
6 30 32 42;0.0778,0.467,-11.974
7 30 32 42;0.0778,0.467,-11.974
13 15 34 41;0.0778,0.467,-11.974
6 9 23 34 42;0.0778,0.467,-11.974
6 13 20 34 41;0.0778,0.467,-11.974
6 13 23 34 41;0.0778,0.467,-11.974
7 13 20 34 41;0.0778,0.467,-11.974
7 13 23 34 41;0.0778,0.467,-11.974
3 7 23 42;0.0889,0.348,-11.971
15 20 34 41;0.0889,0.348,-11.971
7 11 34 41;0.0889,0.348,-11.971
3 7 23 41;0.0889,0.348,-11.971
3 9 23 34 42;0.0889,0.348,-11.971
6 11 15 20 41;0.0889,0.348,-11.971
3 11 20 34 41;0.0889,0.348,-11.971
1 3 9 32 34 42;0.0889,0.348,-11.971
3 7 9 32 34 42;0.0889,0.348,-11.971
3 23 36;0.3778,0.596,-11.907
1 9 39;0.1222,0.324,-11.887
3 7 39;0.1222,0.324,-11.887
1 6 31 39;0.1222,0.324,-11.887
6 7 31 39;0.1222,0.324,-11.887
6 37;0.2000,0.353,-11.819
19 23 42;0.0556,0.833,-11.811
1 15 34 42;0.0889,0.333,-11.565
9 23 34 42;0.0889,0.333,-11.565
6 11 15 41;0.0889,0.333,-11.565
11 15 20 41;0.0889,0.333,-11.565
3 11 34 41;0.0889,0.333,-11.565
1 3 9 34 42;0.0889,0.333,-11.565
1 9 32 34 42;0.0889,0.333,-11.565
3 7 9 34 42;0.0889,0.333,-11.565
7 9 32 34 42;0.0889,0.333,-11.565
1 16 23 31 38;0.0444,0.800,-11.544
1 3 11 31 38;0.0444,0.800,-11.544
7 16 23 31 38;0.0444,0.800,-11.544
3 7 11 31 38;0.0444,0.800,-11.544
1 3 6 20 31 38;0.0444,0.800,-11.544
3 6 7 20 31 38;0.0444,0.800,-11.544
3 7 18 20 31 38;0.0444,0.800,-11.544
6 31 39;0.1222,0.314,-11.510
1 6 18 39;0.1222,0.314,-11.510
6 7 18 39;0.1222,0.314,-11.510
7 18 31 39;0.1222,0.314,-11.510
1 9 23 31 38;0.0556,0.455,-11.463
1 9 18 23 38;0.0556,0.455,-11.463
7 9 23 31 38;0.0556,0.455,-11.463
7 9 18 23 38;0.0556,0.455,-11.463
3 9 36;0.4000,0.562,-11.421
6 30 42;0.0778,0.438,-11.410
7 30 42;0.0778,0.438,-11.410
3 6 9 23 42;0.0778,0.438,-11.410
3 13 20 34 41;0.0778,0.438,-11.410
3 13 23 34 41;0.0778,0.438,-11.410
7 37;0.2000,0.346,-11.394
3 36;0.4222,0.528,-11.394
21 23 31 37;0.2000,0.346,-11.394
11 15 41;0.0889,0.320,-11.180
15 32 34 42;0.0889,0.320,-11.180
1 9 34 42;0.0889,0.320,-11.180
7 9 34 42;0.0889,0.320,-11.180
3 20 34 41;0.0889,0.320,-11.180
1 3 32 34 42;0.0889,0.320,-11.180
6 18 39;0.1222,0.306,-11.145
7 31 39;0.1222,0.306,-11.145
7 18 39;0.1222,0.306,-11.145
18 20 23 31 37;0.2000,0.340,-10.979
30 34 42;0.0778,0.412,-10.891
23 30 32 42;0.0778,0.412,-10.891
6 11 13 41;0.0778,0.412,-10.891
7 11 13 41;0.0778,0.412,-10.891
1 3 34 42;0.0889,0.308,-10.812
6 11 20 41;0.0889,0.308,-10.812
1 18 31 39;0.1222,0.297,-10.793
20 36;0.4222,0.521,-10.659
9 23 36;0.3556,0.604,-10.649
20 23 31 37;0.2000,0.333,-10.574
18 23 31 37;0.2000,0.333,-10.574
11 21 31 36;0.3111,0.651,-10.570
15 25 42;0.0444,1.000,-10.505
2 7 41;0.0444,1.000,-10.505
23 25 30 42;0.0444,1.000,-10.505
2 10 15 41;0.0444,1.000,-10.505
2 6 10 41;0.0444,1.000,-10.505
2 13 15 41;0.0444,1.000,-10.505
2 15 34 41;0.0444,1.000,-10.505
2 6 13 41;0.0444,1.000,-10.505
2 6 34 41;0.0444,1.000,-10.505
2 6 11 41;0.0444,1.000,-10.505
6 11 41;0.0889,0.296,-10.461
6 15 34 41;0.0889,0.296,-10.461
6 20 34 41;0.0889,0.296,-10.461
7 11 20 41;0.0889,0.296,-10.461
3 7 9 32 42;0.0889,0.296,-10.461
1 16 23 38;0.0444,0.667,-10.455
7 16 23 38;0.0444,0.667,-10.455
3 6 20 31 38;0.0444,0.667,-10.455
3 6 23 31 38;0.0444,0.667,-10.455
3 7 20 31 38;0.0444,0.667,-10.455
3 7 18 20 38;0.0444,0.667,-10.455
1 3 6 18 20 38;0.0444,0.667,-10.455
1 31 39;0.1222,0.289,-10.451
1 18 39;0.1222,0.289,-10.451
18 23 36;0.3778,0.576,-10.414
30 32 42;0.0778,0.389,-10.410
6 13 34 41;0.0778,0.389,-10.410
7 13 34 41;0.0778,0.389,-10.410
9 16 21 31 34 39;0.0889,0.471,-10.180
3 9 21 31 34 39;0.0889,0.471,-10.180
23 31 37;0.2000,0.327,-10.177
20 21 31 37;0.2000,0.327,-10.177
15 34 42;0.0889,0.286,-10.124
15 34 41;0.0889,0.286,-10.124
7 11 41;0.0889,0.286,-10.124
3 7 9 42;0.0889,0.286,-10.124
3 6 34 41;0.0889,0.286,-10.124
7 20 34 41;0.0889,0.286,-10.124
1 23 32 34 42;0.0889,0.286,-10.124
3 7 32 34 42;0.0889,0.286,-10.124
3 9 32 34 42;0.0889,0.286,-10.124
3 23 32 34 42;0.0889,0.286,-10.124
13 15 41;0.0778,0.368,-9.963
3 13 34 41;0.0778,0.368,-9.963
6 13 20 41;0.0778,0.368,-9.963
6 13 23 41;0.0778,0.368,-9.963
7 13 20 41;0.0778,0.368,-9.963
7 13 23 41;0.0778,0.368,-9.963
18 36;0.4222,0.514,-9.939
1 15 32 42;0.0889,0.276,-9.801
9 32 34 42;0.0889,0.276,-9.801
1 3 7 32 42;0.0889,0.276,-9.801
1 3 9 32 42;0.0889,0.276,-9.801
6 7 15 20 41;0.0889,0.276,-9.801
18 20 31 37;0.2000,0.321,-9.790
9 21 31 34 39;0.0889,0.444,-9.629
1 9 11 18 38;0.0444,0.571,-9.617
6 9 11 31 38;0.0444,0.571,-9.617
6 9 11 18 38;0.0444,0.571,-9.617
3 6 18 20 38;0.0444,0.571,-9.617
3 6 18 23 38;0.0444,0.571,-9.617
7 9 11 18 38;0.0444,0.571,-9.617
1 3 18 20 31 38;0.0444,0.571,-9.617
14 16 23 31 34 38;0.0444,0.571,-9.617
3 14 18 23 31 34 38;0.0444,0.571,-9.617
23 30 42;0.0778,0.350,-9.544
6 9 23 42;0.0778,0.350,-9.544
3 6 23 34 42;0.0778,0.350,-9.544
1 23 34 42;0.0889,0.267,-9.491
1 3 7 42;0.0889,0.267,-9.491
1 3 9 42;0.0889,0.267,-9.491
3 7 34 42;0.0889,0.267,-9.491
6 15 20 41;0.0889,0.267,-9.491
7 15 20 41;0.0889,0.267,-9.491
3 7 34 41;0.0889,0.267,-9.491
20 31 37;0.2000,0.316,-9.410
18 21 23 37;0.2000,0.316,-9.410
16 23 25 38;0.0333,1.000,-9.371
23 25 31 38;0.0333,1.000,-9.371
18 23 25 38;0.0333,1.000,-9.371
1 11 16 38;0.0333,1.000,-9.371
6 11 16 38;0.0333,1.000,-9.371
7 11 16 38;0.0333,1.000,-9.371
3 6 9 11 14 20 38;0.0333,1.000,-9.371
3 7 18 31 32 38;0.0556,0.312,-9.216
1 15 42;0.0889,0.258,-9.193
15 20 41;0.0889,0.258,-9.193
1 3 32 42;0.0889,0.258,-9.193
3 9 34 42;0.0889,0.258,-9.193
3 23 34 42;0.0889,0.258,-9.193
7 9 32 42;0.0889,0.258,-9.193
11 20 34 41;0.0889,0.258,-9.193
3 23 34 41;0.0889,0.258,-9.193
7 23 32 34 42;0.0889,0.258,-9.193
30 42;0.0778,0.333,-9.151
11 13 34 41;0.0778,0.333,-9.151
3 6 23 32 42;0.0778,0.333,-9.151
9 16 31 34 39;0.0889,0.421,-9.120
9 16 21 34 39;0.0889,0.421,-9.120
16 21 31 34 39;0.0889,0.421,-9.120
3 21 31 34 39;0.0889,0.421,-9.120
3 9 18 31 34 39;0.0889,0.421,-9.120
3 9 18 21 34 39;0.0889,0.421,-9.120
11 31 36;0.3111,0.622,-9.040
18 20 23 37;0.2000,0.310,-9.039
18 20 21 34 37;0.1333,0.480,-8.983
1 9 11 31 38;0.0444,0.500,-8.934
1 3 20 31 38;0.0444,0.500,-8.934
1 3 18 20 38;0.0444,0.500,-8.934
14 16 23 34 38;0.0444,0.500,-8.934
7 9 11 31 38;0.0444,0.500,-8.934
3 14 23 31 34 38;0.0444,0.500,-8.934
3 14 18 23 34 38;0.0444,0.500,-8.934
3 6 9 11 20 38;0.0444,0.500,-8.934
9 14 18 23 31 34 38;0.0444,0.500,-8.934
2 15 41;0.0444,0.800,-8.934
2 6 41;0.0444,0.800,-8.934
1 3 42;0.0889,0.250,-8.905
9 34 42;0.0889,0.250,-8.905
7 9 42;0.0889,0.250,-8.905
11 34 41;0.0889,0.250,-8.905
7 15 32 42;0.0889,0.250,-8.905
3 7 32 42;0.0889,0.250,-8.905
6 23 34 41;0.0889,0.250,-8.905
3 6 7 41;0.0889,0.250,-8.905
1 3 9 23 38;0.0556,0.294,-8.868
3 7 9 23 38;0.0556,0.294,-8.868
3 7 18 31 38;0.0556,0.294,-8.868
3 7 31 32 38;0.0556,0.294,-8.868
3 7 18 32 38;0.0556,0.294,-8.868
6 13 41;0.0778,0.318,-8.780
7 13 41;0.0778,0.318,-8.780
3 6 23 42;0.0778,0.318,-8.780
13 20 34 41;0.0778,0.318,-8.780
13 23 34 41;0.0778,0.318,-8.780
9 31 36;0.3444,0.585,-8.747
18 23 37;0.2000,0.305,-8.675
3 9 31 34 39;0.0889,0.400,-8.646
9 18 31 34 39;0.0889,0.400,-8.646
9 18 21 34 39;0.0889,0.400,-8.646
15 32 42;0.0889,0.242,-8.627
3 6 41;0.0889,0.242,-8.627
1 9 32 42;0.0889,0.242,-8.627
9 36;0.4000,0.529,-8.620
11 21 36;0.3556,0.571,-8.546
3 7 31 38;0.0556,0.278,-8.543
3 7 18 38;0.0556,0.278,-8.543
1 3 18 31 32 38;0.0556,0.278,-8.543
18 20 34 37;0.1333,0.462,-8.451
1 9 42;0.0889,0.235,-8.359
3 7 42;0.0889,0.235,-8.359
3 7 41;0.0889,0.235,-8.359
7 23 34 42;0.0889,0.235,-8.359
6 7 15 41;0.0889,0.235,-8.359
7 23 34 41;0.0889,0.235,-8.359
6 7 20 41;0.0889,0.235,-8.359
3 6 9 11 38;0.0444,0.444,-8.356
1 6 9 20 31 38;0.0444,0.444,-8.356
1 3 9 11 20 38;0.0444,0.444,-8.356
9 14 23 31 34 38;0.0444,0.444,-8.356
9 14 18 23 34 38;0.0444,0.444,-8.356
6 7 9 20 31 38;0.0444,0.444,-8.356
3 7 9 11 20 38;0.0444,0.444,-8.356
7 9 18 20 31 38;0.0444,0.444,-8.356
1 12 16 27 40;0.0222,1.000,-8.295
1 12 20 27 40;0.0222,1.000,-8.295
1 12 18 27 40;0.0222,1.000,-8.295
12 16 27 34 40;0.0222,1.000,-8.295
12 20 27 34 40;0.0222,1.000,-8.295
12 18 27 34 40;0.0222,1.000,-8.295
6 12 16 27 40;0.0222,1.000,-8.295
7 12 16 27 40;0.0222,1.000,-8.295
7 12 20 27 40;0.0222,1.000,-8.295
7 12 18 27 40;0.0222,1.000,-8.295
12 16 20 34 40;0.0222,1.000,-8.295
9 12 20 34 40;0.0222,1.000,-8.295
3 12 20 34 40;0.0222,1.000,-8.295
6 12 16 20 40;0.0222,1.000,-8.295
6 12 16 23 40;0.0222,1.000,-8.295
7 12 16 20 40;0.0222,1.000,-8.295
3 7 12 20 40;0.0222,1.000,-8.295
1 3 6 12 20 40;0.0222,1.000,-8.295
1 12 16 20 23 40;0.0222,1.000,-8.295
1 12 16 21 23 40;0.0222,1.000,-8.295
1 3 12 20 23 40;0.0222,1.000,-8.295
12 16 21 23 34 40;0.0222,1.000,-8.295
7 12 16 21 23 40;0.0222,1.000,-8.295
1 3 6 12 18 23 40;0.0222,1.000,-8.295
1 3 12 18 21 23 40;0.0222,1.000,-8.295
6 9 12 18 23 34 40;0.0222,1.000,-8.295
3 6 12 18 23 34 40;0.0222,1.000,-8.295
9 12 18 21 23 34 40;0.0222,1.000,-8.295
3 12 18 21 23 34 40;0.0222,1.000,-8.295
3 6 7 12 18 23 40;0.0222,1.000,-8.295
3 7 12 18 21 23 40;0.0222,1.000,-8.295
1 3 23 38;0.0556,0.263,-8.237
1 3 18 31 38;0.0556,0.263,-8.237
1 3 31 32 38;0.0556,0.263,-8.237
1 3 18 32 38;0.0556,0.263,-8.237
9 16 34 39;0.0889,0.381,-8.204
16 31 34 39;0.0889,0.381,-8.204
16 21 34 39;0.0889,0.381,-8.204
9 31 34 39;0.0889,0.381,-8.204
3 9 18 34 39;0.0889,0.381,-8.204
3 18 31 34 39;0.0889,0.381,-8.204
3 18 21 34 39;0.0889,0.381,-8.204
6 14 19 34 42;0.0556,0.500,-8.196
7 14 15 42;0.0667,0.375,-8.145
7 15 42;0.0889,0.229,-8.100
6 15 41;0.0889,0.229,-8.100
7 15 41;0.0889,0.229,-8.100
6 20 41;0.0889,0.229,-8.100
7 20 41;0.0889,0.229,-8.100
1 32 34 42;0.0889,0.229,-8.100
1 23 32 42;0.0889,0.229,-8.100
3 32 34 42;0.0889,0.229,-8.100
1 6 39;0.1222,0.239,-8.045
9 16 31 39;0.1222,0.239,-8.045
6 16 20 31 38;0.0333,0.750,-8.003
6 16 23 31 38;0.0333,0.750,-8.003
7 16 20 31 38;0.0333,0.750,-8.003
1 16 20 31 34 38;0.0333,0.750,-8.003
3 6 11 14 20 38;0.0333,0.750,-8.003
6 9 11 14 20 34 38;0.0333,0.750,-8.003
18 20 21 37;0.2000,0.295,-7.968
1 3 31 38;0.0556,0.250,-7.950
1 3 18 38;0.0556,0.250,-7.950
7 9 18 31 32 38;0.0556,0.250,-7.950
2 10 41;0.0444,0.667,-7.873
6 23 25 42;0.0444,0.667,-7.873
1 3 9 11 38;0.0444,0.400,-7.855
6 9 20 31 38;0.0444,0.400,-7.855
6 9 23 31 38;0.0444,0.400,-7.855
3 7 9 11 38;0.0444,0.400,-7.855
7 9 20 31 38;0.0444,0.400,-7.855
7 9 18 20 38;0.0444,0.400,-7.855
1 14 16 31 34 38;0.0444,0.400,-7.855
1 3 6 11 20 38;0.0444,0.400,-7.855
1 3 6 9 20 38;0.0444,0.400,-7.855
1 6 9 18 20 38;0.0444,0.400,-7.855
7 14 16 31 34 38;0.0444,0.400,-7.855
3 6 7 9 20 38;0.0444,0.400,-7.855
9 16 23 31 32 34 38;0.0444,0.400,-7.855
3 9 18 23 31 32 34 38;0.0444,0.400,-7.855
15 42;0.0889,0.222,-7.848
15 41;0.0889,0.222,-7.848
9 18 34 39;0.0889,0.364,-7.791
3 31 34 39;0.0889,0.364,-7.791
13 34 41;0.0778,0.280,-7.782
10 11 41;0.0667,0.353,-7.733
6 10 34 41;0.0667,0.353,-7.733
7 10 34 41;0.0667,0.353,-7.733
21 23 31 36;0.3333,0.577,-7.694
1 9 23 38;0.0556,0.238,-7.678
7 9 23 38;0.0556,0.238,-7.678
7 9 18 31 38;0.0556,0.238,-7.678
7 9 31 32 38;0.0556,0.238,-7.678
7 9 18 32 38;0.0556,0.238,-7.678
18 20 37;0.2000,0.290,-7.625
14 19 34 42;0.0556,0.455,-7.621
1 23 42;0.0889,0.216,-7.605
20 34 41;0.0889,0.216,-7.605
1 7 39;0.1222,0.229,-7.518
16 31 39;0.1222,0.229,-7.518
3 9 18 31 39;0.1222,0.229,-7.518
3 6 9 32 42;0.0778,0.269,-7.482
7 9 31 38;0.0556,0.227,-7.420
7 9 18 38;0.0556,0.227,-7.420
3 7 23 32 38;0.0556,0.227,-7.420
1 9 18 31 32 38;0.0556,0.227,-7.420
1 18 23 31 32 38;0.0556,0.227,-7.420
7 18 23 31 32 38;0.0556,0.227,-7.420
1 14 16 34 38;0.0444,0.364,-7.412
1 3 6 11 38;0.0444,0.364,-7.412
1 3 11 20 38;0.0444,0.364,-7.412
7 14 16 34 38;0.0444,0.364,-7.412
6 9 11 20 38;0.0444,0.364,-7.412
3 6 9 20 38;0.0444,0.364,-7.412
6 9 18 20 38;0.0444,0.364,-7.412
6 9 18 23 38;0.0444,0.364,-7.412
3 7 9 20 38;0.0444,0.364,-7.412
1 9 18 20 31 38;0.0444,0.364,-7.412
9 16 23 31 34 38;0.0444,0.364,-7.412
9 16 23 32 34 38;0.0444,0.364,-7.412
1 9 14 18 31 34 38;0.0444,0.364,-7.412
1 14 18 23 31 34 38;0.0444,0.364,-7.412
7 14 18 23 31 34 38;0.0444,0.364,-7.412
3 9 18 23 31 34 38;0.0444,0.364,-7.412
3 9 23 31 32 34 38;0.0444,0.364,-7.412
9 18 23 31 32 34 38;0.0444,0.364,-7.412
3 9 18 23 32 34 38;0.0444,0.364,-7.412
16 34 39;0.0889,0.348,-7.402
3 18 34 39;0.0889,0.348,-7.402
1 34 42;0.0889,0.211,-7.368
7 32 34 42;0.0889,0.211,-7.368
23 32 34 42;0.0889,0.211,-7.368
7 23 32 42;0.0889,0.211,-7.368
3 9 31 39;0.1222,0.224,-7.264
1 12 27 40;0.0222,0.667,-7.197
12 27 34 40;0.0222,0.667,-7.197
7 12 27 40;0.0222,0.667,-7.197
12 16 27 40;0.0222,0.667,-7.197
1 16 27 40;0.0222,0.667,-7.197
6 16 27 40;0.0222,0.667,-7.197
7 16 27 40;0.0222,0.667,-7.197
6 12 20 27 40;0.0222,0.667,-7.197
6 12 18 27 40;0.0222,0.667,-7.197
1 12 16 23 40;0.0222,0.667,-7.197
12 16 23 34 40;0.0222,0.667,-7.197
3 6 12 20 40;0.0222,0.667,-7.197
7 12 16 23 40;0.0222,0.667,-7.197
7 9 12 20 40;0.0222,0.667,-7.197
12 16 20 23 40;0.0222,0.667,-7.197
12 16 21 23 40;0.0222,0.667,-7.197
1 20 27 34 40;0.0222,0.667,-7.197
1 18 27 34 40;0.0222,0.667,-7.197
1 14 20 27 40;0.0222,0.667,-7.197
1 14 18 27 40;0.0222,0.667,-7.197
6 20 27 34 40;0.0222,0.667,-7.197
6 18 27 34 40;0.0222,0.667,-7.197
7 20 27 34 40;0.0222,0.667,-7.197
7 18 27 34 40;0.0222,0.667,-7.197
7 14 20 27 40;0.0222,0.667,-7.197
7 14 18 27 40;0.0222,0.667,-7.197
1 6 9 12 20 40;0.0222,0.667,-7.197
1 9 12 20 23 40;0.0222,0.667,-7.197
1 3 12 18 23 40;0.0222,0.667,-7.197
9 12 18 23 34 40;0.0222,0.667,-7.197
3 12 18 23 34 40;0.0222,0.667,-7.197
3 6 12 18 23 40;0.0222,0.667,-7.197
3 7 12 18 23 40;0.0222,0.667,-7.197
1 6 9 12 18 23 40;0.0222,0.667,-7.197
1 9 12 18 21 23 40;0.0222,0.667,-7.197
6 7 9 12 18 23 40;0.0222,0.667,-7.197
7 9 12 18 21 23 40;0.0222,0.667,-7.197
3 6 9 42;0.0778,0.259,-7.195
3 11 13 41;0.0778,0.259,-7.195
3 13 20 41;0.0778,0.259,-7.195
3 13 23 41;0.0778,0.259,-7.195
3 7 23 38;0.0556,0.217,-7.175
1 9 18 31 38;0.0556,0.217,-7.175
1 9 31 32 38;0.0556,0.217,-7.175
1 9 18 32 38;0.0556,0.217,-7.175
1 23 31 32 38;0.0556,0.217,-7.175
1 18 23 32 38;0.0556,0.217,-7.175
7 23 31 32 38;0.0556,0.217,-7.175
7 18 23 32 38;0.0556,0.217,-7.175
3 34 42;0.0889,0.205,-7.139
3 34 41;0.0889,0.205,-7.139
6 7 23 41;0.0889,0.205,-7.139
6 19 32 34 42;0.0556,0.417,-7.114
14 23 25 38;0.0333,0.600,-7.104
6 16 20 38;0.0333,0.600,-7.104
6 16 23 38;0.0333,0.600,-7.104
7 16 20 38;0.0333,0.600,-7.104
1 16 20 34 38;0.0333,0.600,-7.104
11 14 16 34 38;0.0333,0.600,-7.104
3 6 11 14 38;0.0333,0.600,-7.104
6 9 11 14 34 38;0.0333,0.600,-7.104
3 11 14 18 34 38;0.0333,0.600,-7.104
3 7 11 14 20 38;0.0333,0.600,-7.104
1 9 11 14 20 34 38;0.0333,0.600,-7.104
7 9 11 14 20 34 38;0.0333,0.600,-7.104
23 25 42;0.0444,0.571,-7.064
1 3 11 38;0.0444,0.333,-7.017
6 9 11 38;0.0444,0.333,-7.017
1 3 6 20 38;0.0444,0.333,-7.017
1 9 11 20 38;0.0444,0.333,-7.017
1 9 20 31 38;0.0444,0.333,-7.017
1 9 18 20 38;0.0444,0.333,-7.017
14 16 31 34 38;0.0444,0.333,-7.017
7 9 11 20 38;0.0444,0.333,-7.017
1 9 14 31 34 38;0.0444,0.333,-7.017
1 9 14 18 34 38;0.0444,0.333,-7.017
1 14 23 31 34 38;0.0444,0.333,-7.017
1 14 18 23 34 38;0.0444,0.333,-7.017
1 16 31 32 34 38;0.0444,0.333,-7.017
7 14 23 31 34 38;0.0444,0.333,-7.017
7 14 18 23 34 38;0.0444,0.333,-7.017
3 14 18 31 34 38;0.0444,0.333,-7.017
7 16 31 32 34 38;0.0444,0.333,-7.017
16 23 31 32 34 38;0.0444,0.333,-7.017
3 9 23 31 34 38;0.0444,0.333,-7.017
9 18 23 31 34 38;0.0444,0.333,-7.017
9 23 31 32 34 38;0.0444,0.333,-7.017
9 18 23 32 34 38;0.0444,0.333,-7.017
3 18 23 31 32 34 38;0.0444,0.333,-7.017
1 39;0.1222,0.220,-7.016
6 7 39;0.1222,0.220,-7.016
3 18 31 39;0.1222,0.220,-7.016
10 34 41;0.0667,0.316,-6.994
1 9 31 38;0.0556,0.208,-6.941
1 9 18 38;0.0556,0.208,-6.941
1 18 23 31 38;0.0556,0.208,-6.941
7 18 23 31 38;0.0556,0.208,-6.941
6 34 41;0.0889,0.200,-6.916
6 23 41;0.0889,0.200,-6.916
6 39;0.1222,0.216,-6.773
3 31 39;0.1222,0.216,-6.773
1 23 31 38;0.0556,0.200,-6.718
1 18 23 38;0.0556,0.200,-6.718
7 23 31 38;0.0556,0.200,-6.718
7 18 23 38;0.0556,0.200,-6.718
7 23 42;0.0889,0.195,-6.699
7 23 41;0.0889,0.195,-6.699
6 10 41;0.0667,0.300,-6.662
7 10 41;0.0667,0.300,-6.662
6 19 34 42;0.0556,0.385,-6.660
19 32 34 42;0.0556,0.385,-6.660
6 14 19 42;0.0556,0.385,-6.660
1 9 11 38;0.0444,0.308,-6.659
14 16 34 38;0.0444,0.308,-6.659
7 9 11 38;0.0444,0.308,-6.659
1 16 31 34 38;0.0444,0.308,-6.659
1 16 32 34 38;0.0444,0.308,-6.659
1 3 7 20 38;0.0444,0.308,-6.659
1 3 9 20 38;0.0444,0.308,-6.659
3 14 31 34 38;0.0444,0.308,-6.659
3 14 18 34 38;0.0444,0.308,-6.659
7 16 31 34 38;0.0444,0.308,-6.659
7 16 32 34 38;0.0444,0.308,-6.659
9 16 23 34 38;0.0444,0.308,-6.659
16 23 31 34 38;0.0444,0.308,-6.659
16 23 32 34 38;0.0444,0.308,-6.659
9 23 31 34 38;0.0444,0.308,-6.659
7 14 16 31 38;0.0444,0.308,-6.659
9 14 18 31 34 38;0.0444,0.308,-6.659
14 18 23 31 34 38;0.0444,0.308,-6.659
3 9 18 23 34 38;0.0444,0.308,-6.659
3 18 23 31 34 38;0.0444,0.308,-6.659
3 23 31 32 34 38;0.0444,0.308,-6.659
3 18 23 32 34 38;0.0444,0.308,-6.659
3 6 11 20 32 38;0.0444,0.308,-6.659
21 31 37;0.2000,0.277,-6.634
20 21 23 37;0.2000,0.277,-6.634
7 39;0.1222,0.212,-6.535
9 16 39;0.1222,0.212,-6.535
9 18 31 39;0.1222,0.212,-6.535
6 12 27 40;0.0222,0.500,-6.504
12 20 27 40;0.0222,0.500,-6.504
12 18 27 40;0.0222,0.500,-6.504
12 16 23 40;0.0222,0.500,-6.504
1 27 34 40;0.0222,0.500,-6.504
1 14 27 40;0.0222,0.500,-6.504
1 20 27 40;0.0222,0.500,-6.504
1 18 27 40;0.0222,0.500,-6.504
6 27 34 40;0.0222,0.500,-6.504
7 27 34 40;0.0222,0.500,-6.504
7 14 27 40;0.0222,0.500,-6.504
7 20 27 40;0.0222,0.500,-6.504
7 18 27 40;0.0222,0.500,-6.504
1 12 16 20 40;0.0222,0.500,-6.504
1 3 12 20 40;0.0222,0.500,-6.504
6 9 12 20 40;0.0222,0.500,-6.504
3 12 20 23 40;0.0222,0.500,-6.504
6 14 20 27 40;0.0222,0.500,-6.504
6 14 18 27 40;0.0222,0.500,-6.504
1 16 21 23 40;0.0222,0.500,-6.504
6 16 20 21 40;0.0222,0.500,-6.504
6 16 21 23 40;0.0222,0.500,-6.504
7 16 20 21 40;0.0222,0.500,-6.504
7 16 21 23 40;0.0222,0.500,-6.504
1 9 12 18 23 40;0.0222,0.500,-6.504
6 9 12 18 23 40;0.0222,0.500,-6.504
7 9 12 18 23 40;0.0222,0.500,-6.504
3 12 18 21 23 40;0.0222,0.500,-6.504
1 16 20 21 34 40;0.0222,0.500,-6.504
1 3 18 20 21 34 40;0.0222,0.500,-6.504
1 3 18 21 23 34 40;0.0222,0.500,-6.504
1 3 14 18 21 23 40;0.0222,0.500,-6.504
3 6 18 20 21 34 40;0.0222,0.500,-6.504
3 6 18 21 23 34 40;0.0222,0.500,-6.504
3 7 18 20 21 34 40;0.0222,0.500,-6.504
3 7 18 21 23 34 40;0.0222,0.500,-6.504
3 7 9 14 20 21 40;0.0222,0.500,-6.504
3 7 14 18 20 21 40;0.0222,0.500,-6.504
3 7 14 18 21 23 40;0.0222,0.500,-6.504
1 3 9 14 20 21 34 40;0.0222,0.500,-6.504
1 3 6 9 14 20 21 40;0.0222,0.500,-6.504
1 3 6 14 18 20 21 40;0.0222,0.500,-6.504
1 3 9 14 20 21 23 40;0.0222,0.500,-6.504
3 6 9 14 20 21 34 40;0.0222,0.500,-6.504
7 34 42;0.0889,0.190,-6.487
7 34 41;0.0889,0.190,-6.487
3 9 23 32 42;0.0889,0.190,-6.487
1 16 20 31 38;0.0333,0.500,-6.428
3 7 11 14 38;0.0333,0.500,-6.428
1 11 14 18 34 38;0.0333,0.500,-6.428
6 11 14 31 34 38;0.0333,0.500,-6.428
6 11 14 18 34 38;0.0333,0.500,-6.428
6 9 14 20 34 38;0.0333,0.500,-6.428
3 6 14 20 34 38;0.0333,0.500,-6.428
7 11 14 18 34 38;0.0333,0.500,-6.428
9 11 14 18 34 38;0.0333,0.500,-6.428
3 6 7 14 20 38;0.0333,0.500,-6.428
3 9 11 14 20 34 38;0.0333,0.500,-6.428
3 13 41;0.0778,0.233,-6.406
6 9 32 42;0.0778,0.233,-6.406
14 23 34 42;0.0667,0.286,-6.349
1 16 34 38;0.0444,0.286,-6.333
7 16 34 38;0.0444,0.286,-6.333
7 14 16 38;0.0444,0.286,-6.333
1 6 9 20 38;0.0444,0.286,-6.333
1 11 18 32 38;0.0444,0.286,-6.333
9 14 31 34 38;0.0444,0.286,-6.333
9 14 18 34 38;0.0444,0.286,-6.333
14 23 31 34 38;0.0444,0.286,-6.333
14 18 23 34 38;0.0444,0.286,-6.333
9 18 23 34 38;0.0444,0.286,-6.333
3 23 31 34 38;0.0444,0.286,-6.333
6 7 9 20 38;0.0444,0.286,-6.333
6 11 31 32 38;0.0444,0.286,-6.333
3 6 11 20 38;0.0444,0.286,-6.333
3 6 11 32 38;0.0444,0.286,-6.333
6 11 18 32 38;0.0444,0.286,-6.333
7 11 18 32 38;0.0444,0.286,-6.333
3 9 14 23 34 38;0.0444,0.286,-6.333
3 7 11 20 32 38;0.0444,0.286,-6.333
11 21 25 42;0.0333,0.750,-6.306
9 31 39;0.1222,0.208,-6.302
3 7 9 32 38;0.0556,0.185,-6.300
23 34 42;0.0889,0.186,-6.281
23 34 41;0.0889,0.186,-6.281
19 34 42;0.0556,0.357,-6.251
14 19 42;0.0556,0.357,-6.251
6 9 42;0.0778,0.226,-6.164
3 6 32 42;0.0778,0.226,-6.164
11 36;0.3556,0.533,-6.135
3 7 9 38;0.0556,0.179,-6.103
16 39;0.1222,0.204,-6.075
3 9 18 39;0.1222,0.204,-6.075
10 41;0.0667,0.273,-6.055
3 9 21 34 39;0.0889,0.296,-6.052
1 3 20 38;0.0444,0.267,-6.033
16 23 34 38;0.0444,0.267,-6.033
3 6 11 38;0.0444,0.267,-6.033
6 9 20 38;0.0444,0.267,-6.033
7 9 20 38;0.0444,0.267,-6.033
1 14 16 31 38;0.0444,0.267,-6.033
1 11 31 32 38;0.0444,0.267,-6.033
9 14 23 34 38;0.0444,0.267,-6.033
3 14 23 34 38;0.0444,0.267,-6.033
3 18 23 34 38;0.0444,0.267,-6.033
7 16 31 32 38;0.0444,0.267,-6.033
7 11 31 32 38;0.0444,0.267,-6.033
3 7 11 20 38;0.0444,0.267,-6.033
3 7 11 32 38;0.0444,0.267,-6.033
3 6 7 20 32 38;0.0444,0.267,-6.033
16 22 34 38;0.0222,1.000,-5.993
18 22 34 38;0.0222,1.000,-5.993
16 22 23 38;0.0222,1.000,-5.993
18 22 23 38;0.0222,1.000,-5.993
11 16 25 38;0.0222,1.000,-5.993
11 25 31 38;0.0222,1.000,-5.993
11 18 25 38;0.0222,1.000,-5.993
1 11 27 38;0.0222,1.000,-5.993
6 11 27 38;0.0222,1.000,-5.993
7 11 27 38;0.0222,1.000,-5.993
22 25 31 34 38;0.0222,1.000,-5.993
14 20 25 34 38;0.0222,1.000,-5.993
16 20 25 34 38;0.0222,1.000,-5.993
20 25 31 34 38;0.0222,1.000,-5.993
18 20 25 34 38;0.0222,1.000,-5.993
6 14 20 25 38;0.0222,1.000,-5.993
7 14 20 25 38;0.0222,1.000,-5.993
11 14 20 25 38;0.0222,1.000,-5.993
6 20 25 31 38;0.0222,1.000,-5.993
6 18 20 25 38;0.0222,1.000,-5.993
7 20 25 31 38;0.0222,1.000,-5.993
7 18 20 25 38;0.0222,1.000,-5.993
12 27 40;0.0222,0.400,-5.993
1 27 40;0.0222,0.400,-5.993
7 27 40;0.0222,0.400,-5.993
6 14 27 40;0.0222,0.400,-5.993
6 20 27 40;0.0222,0.400,-5.993
6 18 27 40;0.0222,0.400,-5.993
6 16 20 40;0.0222,0.400,-5.993
6 16 23 40;0.0222,0.400,-5.993
7 16 20 40;0.0222,0.400,-5.993
1 9 12 20 40;0.0222,0.400,-5.993
12 14 20 34 40;0.0222,0.400,-5.993
9 12 20 23 40;0.0222,0.400,-5.993
3 12 18 23 40;0.0222,0.400,-5.993
14 16 27 34 40;0.0222,0.400,-5.993
14 20 27 34 40;0.0222,0.400,-5.993
14 18 27 34 40;0.0222,0.400,-5.993
1 16 20 34 40;0.0222,0.400,-5.993
1 16 20 23 40;0.0222,0.400,-5.993
1 3 12 21 23 40;0.0222,0.400,-5.993
9 12 21 23 34 40;0.0222,0.400,-5.993
3 12 21 23 34 40;0.0222,0.400,-5.993
3 7 12 21 23 40;0.0222,0.400,-5.993
9 12 18 21 23 40;0.0222,0.400,-5.993
1 3 18 20 34 40;0.0222,0.400,-5.993
1 3 18 21 23 40;0.0222,0.400,-5.993
3 6 18 20 34 40;0.0222,0.400,-5.993
3 6 18 23 34 40;0.0222,0.400,-5.993
3 7 18 20 34 40;0.0222,0.400,-5.993
3 7 14 18 20 40;0.0222,0.400,-5.993
3 7 14 20 21 40;0.0222,0.400,-5.993
3 7 18 20 21 40;0.0222,0.400,-5.993
3 7 18 21 23 40;0.0222,0.400,-5.993
6 12 14 18 23 34 40;0.0222,0.400,-5.993
12 14 18 21 23 34 40;0.0222,0.400,-5.993
1 9 14 20 21 34 40;0.0222,0.400,-5.993
1 3 14 20 21 34 40;0.0222,0.400,-5.993
1 9 18 20 21 34 40;0.0222,0.400,-5.993
1 9 18 21 23 34 40;0.0222,0.400,-5.993
1 3 6 9 14 20 40;0.0222,0.400,-5.993
1 3 6 14 18 20 40;0.0222,0.400,-5.993
1 3 6 14 20 21 40;0.0222,0.400,-5.993
1 3 6 14 18 23 40;0.0222,0.400,-5.993
1 3 14 18 20 23 40;0.0222,0.400,-5.993
1 3 14 20 21 23 40;0.0222,0.400,-5.993
1 3 6 18 20 21 40;0.0222,0.400,-5.993
3 6 9 14 20 34 40;0.0222,0.400,-5.993
6 9 14 20 21 34 40;0.0222,0.400,-5.993
3 6 14 20 21 34 40;0.0222,0.400,-5.993
7 9 14 20 21 34 40;0.0222,0.400,-5.993
6 9 18 20 21 34 40;0.0222,0.400,-5.993
6 9 18 21 23 34 40;0.0222,0.400,-5.993
7 9 18 20 21 34 40;0.0222,0.400,-5.993
7 9 18 21 23 34 40;0.0222,0.400,-5.993
3 6 7 9 14 20 40;0.0222,0.400,-5.993
3 6 7 14 18 23 40;0.0222,0.400,-5.993
3 6 9 14 20 21 40;0.0222,0.400,-5.993
3 6 14 18 20 21 40;0.0222,0.400,-5.993
3 6 14 18 21 23 40;0.0222,0.400,-5.993
23 31 36;0.3333,0.545,-5.938
1 3 7 32 38;0.0556,0.172,-5.914
1 3 9 32 38;0.0556,0.172,-5.914
3 9 18 23 31 32 38;0.0556,0.172,-5.914
23 25 38;0.0333,0.429,-5.887
1 16 20 38;0.0333,0.429,-5.887
3 6 14 20 38;0.0333,0.429,-5.887
3 7 14 20 38;0.0333,0.429,-5.887
1 11 14 31 34 38;0.0333,0.429,-5.887
1 9 14 20 34 38;0.0333,0.429,-5.887
6 11 14 20 34 38;0.0333,0.429,-5.887
7 11 14 31 34 38;0.0333,0.429,-5.887
3 9 11 14 34 38;0.0333,0.429,-5.887
9 11 14 20 34 38;0.0333,0.429,-5.887
3 11 14 20 34 38;0.0333,0.429,-5.887
32 34 42;0.0889,0.178,-5.885
1 7 32 42;0.0889,0.178,-5.885
6 19 32 42;0.0556,0.333,-5.878
3 12 23 42;0.0444,0.444,-5.862
1 3 11 20 21 41;0.0444,0.444,-5.862
9 21 34 39;0.0889,0.286,-5.757
1 14 16 38;0.0444,0.250,-5.756
1 11 18 38;0.0444,0.250,-5.756
6 11 31 38;0.0444,0.250,-5.756
6 11 18 38;0.0444,0.250,-5.756
7 16 31 38;0.0444,0.250,-5.756
7 16 32 38;0.0444,0.250,-5.756
3 7 11 38;0.0444,0.250,-5.756
7 11 18 38;0.0444,0.250,-5.756
3 6 7 20 38;0.0444,0.250,-5.756
3 6 9 23 38;0.0444,0.250,-5.756
3 6 31 32 38;0.0444,0.250,-5.756
3 6 20 32 38;0.0444,0.250,-5.756
3 7 20 32 38;0.0444,0.250,-5.756
1 14 18 31 34 38;0.0444,0.250,-5.756
7 14 18 31 34 38;0.0444,0.250,-5.756
1 3 7 38;0.0556,0.167,-5.731
1 3 9 38;0.0556,0.167,-5.731
3 9 23 31 32 38;0.0556,0.167,-5.731
3 6 42;0.0778,0.212,-5.708
18 31 37;0.2000,0.265,-5.696
9 23 32 42;0.0889,0.174,-5.694
3 18 39;0.1222,0.196,-5.633
12 20 23 37;0.0667,0.600,-5.602
6 27 40;0.0222,0.333,-5.587
12 20 34 40;0.0222,0.333,-5.587
14 27 34 40;0.0222,0.333,-5.587
1 16 23 40;0.0222,0.333,-5.587
7 16 23 40;0.0222,0.333,-5.587
7 12 14 20 40;0.0222,0.333,-5.587
9 12 18 23 40;0.0222,0.333,-5.587
1 16 20 21 40;0.0222,0.333,-5.587
3 7 18 20 40;0.0222,0.333,-5.587
1 6 12 14 20 40;0.0222,0.333,-5.587
1 12 14 20 23 40;0.0222,0.333,-5.587
1 3 6 12 23 40;0.0222,0.333,-5.587
1 9 12 21 23 40;0.0222,0.333,-5.587
12 14 18 23 34 40;0.0222,0.333,-5.587
6 9 12 23 34 40;0.0222,0.333,-5.587
3 6 12 23 34 40;0.0222,0.333,-5.587
6 12 18 23 34 40;0.0222,0.333,-5.587
12 18 21 23 34 40;0.0222,0.333,-5.587
3 6 7 12 23 40;0.0222,0.333,-5.587
3 6 12 21 23 40;0.0222,0.333,-5.587
7 9 12 21 23 40;0.0222,0.333,-5.587
1 9 18 20 34 40;0.0222,0.333,-5.587
1 3 18 23 34 40;0.0222,0.333,-5.587
1 3 6 14 20 40;0.0222,0.333,-5.587
1 3 14 18 23 40;0.0222,0.333,-5.587
1 3 6 18 20 40;0.0222,0.333,-5.587
1 3 6 18 23 40;0.0222,0.333,-5.587
1 3 18 20 23 40;0.0222,0.333,-5.587
6 9 14 20 34 40;0.0222,0.333,-5.587
3 6 14 20 34 40;0.0222,0.333,-5.587
14 16 20 21 34 40;0.0222,0.333,-5.587
14 16 21 23 34 40;0.0222,0.333,-5.587
6 9 18 20 34 40;0.0222,0.333,-5.587
6 9 18 23 34 40;0.0222,0.333,-5.587
7 9 18 20 34 40;0.0222,0.333,-5.587
3 7 18 23 34 40;0.0222,0.333,-5.587
3 6 7 14 20 40;0.0222,0.333,-5.587
3 6 9 14 20 40;0.0222,0.333,-5.587
3 6 14 18 20 40;0.0222,0.333,-5.587
3 6 14 20 21 40;0.0222,0.333,-5.587
3 6 14 18 23 40;0.0222,0.333,-5.587
3 7 9 14 20 40;0.0222,0.333,-5.587
3 7 14 18 23 40;0.0222,0.333,-5.587
3 6 7 18 23 40;0.0222,0.333,-5.587
3 6 18 20 21 40;0.0222,0.333,-5.587
3 6 18 21 23 40;0.0222,0.333,-5.587
1 6 12 14 18 23 40;0.0222,0.333,-5.587
1 12 14 18 21 23 40;0.0222,0.333,-5.587
6 7 12 14 18 23 40;0.0222,0.333,-5.587
7 12 14 18 21 23 40;0.0222,0.333,-5.587
1 3 9 14 20 34 40;0.0222,0.333,-5.587
1 3 9 14 20 23 40;0.0222,0.333,-5.587
1 3 9 14 20 21 40;0.0222,0.333,-5.587
1 3 14 18 20 21 40;0.0222,0.333,-5.587
3 9 14 20 21 34 40;0.0222,0.333,-5.587
3 14 18 20 21 34 40;0.0222,0.333,-5.587
3 14 18 21 23 34 40;0.0222,0.333,-5.587
1 3 32 38;0.0556,0.161,-5.556
7 9 32 38;0.0556,0.161,-5.556
3 18 23 31 32 38;0.0556,0.161,-5.556
6 19 42;0.0556,0.312,-5.536
19 32 42;0.0556,0.312,-5.536
1 32 42;0.0889,0.170,-5.507
3 11 20 41;0.0889,0.170,-5.507
7 16 38;0.0444,0.235,-5.498
1 11 31 38;0.0444,0.235,-5.498
1 9 20 38;0.0444,0.235,-5.498
3 6 31 38;0.0444,0.235,-5.498
3 6 20 38;0.0444,0.235,-5.498
7 11 31 38;0.0444,0.235,-5.498
3 7 20 38;0.0444,0.235,-5.498
1 14 31 34 38;0.0444,0.235,-5.498
1 14 18 34 38;0.0444,0.235,-5.498
1 16 31 32 38;0.0444,0.235,-5.498
7 14 31 34 38;0.0444,0.235,-5.498
7 14 18 34 38;0.0444,0.235,-5.498
3 6 18 32 38;0.0444,0.235,-5.498
9 16 31 32 34 38;0.0444,0.235,-5.498
3 9 18 31 32 34 38;0.0444,0.235,-5.498
11 13 41;0.0778,0.206,-5.492
20 21 34 37;0.1333,0.364,-5.491
18 21 34 37;0.1333,0.364,-5.491
14 25 31 34 38;0.0333,0.375,-5.434
14 18 25 34 38;0.0333,0.375,-5.434
6 11 14 34 38;0.0333,0.375,-5.434
9 11 14 34 38;0.0333,0.375,-5.434
3 11 14 34 38;0.0333,0.375,-5.434
11 14 18 34 38;0.0333,0.375,-5.434
1 11 14 20 34 38;0.0333,0.375,-5.434
7 11 14 20 34 38;0.0333,0.375,-5.434
3 9 14 20 34 38;0.0333,0.375,-5.434
9 11 16 32 34 38;0.0333,0.375,-5.434
3 9 11 18 32 34 38;0.0333,0.375,-5.434
11 25 42;0.0333,0.600,-5.434
31 37;0.2000,0.261,-5.393
20 23 37;0.2000,0.261,-5.393
20 21 37;0.2000,0.261,-5.393
21 23 37;0.2000,0.261,-5.393
9 12 23 42;0.0444,0.400,-5.390
1 3 11 21 41;0.0444,0.400,-5.390
1 3 38;0.0556,0.156,-5.386
7 9 38;0.0556,0.156,-5.386
3 7 32 38;0.0556,0.156,-5.386
7 18 31 32 38;0.0556,0.156,-5.386
3 23 31 32 38;0.0556,0.156,-5.386
3 9 18 23 32 38;0.0556,0.156,-5.386
1 7 42;0.0889,0.167,-5.325
7 32 42;0.0889,0.167,-5.325
3 11 41;0.0889,0.167,-5.325
1 16 31 38;0.0444,0.222,-5.258
1 16 32 38;0.0444,0.222,-5.258
3 6 18 38;0.0444,0.222,-5.258
1 9 14 34 38;0.0444,0.222,-5.258
3 7 14 34 38;0.0444,0.222,-5.258
14 18 31 34 38;0.0444,0.222,-5.258
9 16 32 34 38;0.0444,0.222,-5.258
3 9 31 32 34 38;0.0444,0.222,-5.258
9 18 31 32 34 38;0.0444,0.222,-5.258
3 9 18 32 34 38;0.0444,0.222,-5.258
14 16 23 31 32 38;0.0444,0.222,-5.258
12 16 20 40;0.0222,0.286,-5.251
1 16 20 40;0.0222,0.286,-5.251
1 3 12 23 40;0.0222,0.286,-5.251
9 12 23 34 40;0.0222,0.286,-5.251
3 12 23 34 40;0.0222,0.286,-5.251
12 18 23 34 40;0.0222,0.286,-5.251
6 12 14 20 40;0.0222,0.286,-5.251
3 6 12 23 40;0.0222,0.286,-5.251
3 7 12 23 40;0.0222,0.286,-5.251
3 12 21 23 40;0.0222,0.286,-5.251
16 27 32 34 40;0.0222,0.286,-5.251
20 27 32 34 40;0.0222,0.286,-5.251
18 27 32 34 40;0.0222,0.286,-5.251
1 3 18 23 40;0.0222,0.286,-5.251
14 16 20 34 40;0.0222,0.286,-5.251
3 6 14 20 40;0.0222,0.286,-5.251
3 7 14 20 40;0.0222,0.286,-5.251
3 6 18 20 40;0.0222,0.286,-5.251
3 6 18 23 40;0.0222,0.286,-5.251
3 7 18 23 40;0.0222,0.286,-5.251
1 12 14 18 23 40;0.0222,0.286,-5.251
1 6 9 12 23 40;0.0222,0.286,-5.251
6 12 14 16 34 40;0.0222,0.286,-5.251
12 14 16 21 34 40;0.0222,0.286,-5.251
6 12 14 18 23 40;0.0222,0.286,-5.251
7 12 14 18 23 40;0.0222,0.286,-5.251
6 7 9 12 23 40;0.0222,0.286,-5.251
6 9 12 21 23 40;0.0222,0.286,-5.251
1 9 14 20 34 40;0.0222,0.286,-5.251
1 3 14 20 34 40;0.0222,0.286,-5.251
1 9 18 23 34 40;0.0222,0.286,-5.251
1 3 14 18 20 40;0.0222,0.286,-5.251
1 3 14 20 23 40;0.0222,0.286,-5.251
1 3 14 20 21 40;0.0222,0.286,-5.251
1 3 18 20 21 40;0.0222,0.286,-5.251
7 9 14 20 34 40;0.0222,0.286,-5.251
9 14 20 21 34 40;0.0222,0.286,-5.251
3 14 18 20 34 40;0.0222,0.286,-5.251
3 14 20 21 34 40;0.0222,0.286,-5.251
7 9 18 23 34 40;0.0222,0.286,-5.251
7 9 14 20 21 40;0.0222,0.286,-5.251
6 9 12 14 18 34 40;0.0222,0.286,-5.251
3 6 12 14 18 34 40;0.0222,0.286,-5.251
9 12 14 18 21 34 40;0.0222,0.286,-5.251
3 12 14 18 21 34 40;0.0222,0.286,-5.251
1 6 9 14 20 21 40;0.0222,0.286,-5.251
1 9 14 20 21 23 40;0.0222,0.286,-5.251
1 9 14 18 21 23 40;0.0222,0.286,-5.251
9 14 18 21 23 34 40;0.0222,0.286,-5.251
7 9 14 18 21 23 40;0.0222,0.286,-5.251
1 9 32 38;0.0556,0.152,-5.221
7 31 32 38;0.0556,0.152,-5.221
7 18 32 38;0.0556,0.152,-5.221
9 18 23 31 32 38;0.0556,0.152,-5.221
19 42;0.0556,0.294,-5.221
9 18 39;0.1222,0.190,-5.208
3 9 23 42;0.0889,0.163,-5.147
3 23 32 42;0.0889,0.163,-5.147
13 20 41;0.0778,0.194,-5.082
13 23 41;0.0778,0.194,-5.082
1 9 38;0.0556,0.147,-5.062
3 7 38;0.0556,0.147,-5.062
1 18 31 32 38;0.0556,0.147,-5.062
9 23 31 32 38;0.0556,0.147,-5.062
3 18 23 32 38;0.0556,0.147,-5.062
3 9 18 23 31 38;0.0556,0.147,-5.062
1 11 14 34 38;0.0333,0.333,-5.047
7 11 14 34 38;0.0333,0.333,-5.047
11 14 31 34 38;0.0333,0.333,-5.047
9 14 20 34 38;0.0333,0.333,-5.047
3 14 20 34 38;0.0333,0.333,-5.047
6 11 14 20 38;0.0333,0.333,-5.047
9 11 16 31 34 38;0.0333,0.333,-5.047
9 11 18 32 34 38;0.0333,0.333,-5.047
3 9 11 18 31 34 38;0.0333,0.333,-5.047
1 16 38;0.0444,0.211,-5.032
14 31 34 38;0.0444,0.211,-5.032
14 18 34 38;0.0444,0.211,-5.032
1 14 23 34 38;0.0444,0.211,-5.032
7 14 23 34 38;0.0444,0.211,-5.032
3 9 14 34 38;0.0444,0.211,-5.032
9 16 31 34 38;0.0444,0.211,-5.032
16 31 32 34 38;0.0444,0.211,-5.032
9 31 32 34 38;0.0444,0.211,-5.032
9 18 32 34 38;0.0444,0.211,-5.032
14 16 23 31 38;0.0444,0.211,-5.032
3 9 18 31 34 38;0.0444,0.211,-5.032
3 18 31 32 34 38;0.0444,0.211,-5.032
14 34 42;0.0667,0.231,-5.028
21 31 36;0.3667,0.508,-4.978
6 12 14 23 42;0.0444,0.364,-4.978
1 3 20 21 23 41;0.0444,0.364,-4.978
1 42;0.0889,0.160,-4.972
6 7 41;0.0889,0.160,-4.972
28 42;0.0222,1.000,-4.963
13 22 41;0.0222,1.000,-4.963
2 22 41;0.0222,1.000,-4.963
13 20 25 42;0.0222,1.000,-4.963
7 12 20 40;0.0222,0.250,-4.963
3 12 20 40;0.0222,0.250,-4.963
27 32 34 40;0.0222,0.250,-4.963
1 12 14 20 40;0.0222,0.250,-4.963
1 6 12 20 40;0.0222,0.250,-4.963
1 9 12 23 40;0.0222,0.250,-4.963
1 12 20 23 40;0.0222,0.250,-4.963
12 14 16 34 40;0.0222,0.250,-4.963
12 14 20 23 40;0.0222,0.250,-4.963
6 9 12 23 40;0.0222,0.250,-4.963
7 9 12 23 40;0.0222,0.250,-4.963
9 12 21 23 40;0.0222,0.250,-4.963
1 3 18 20 40;0.0222,0.250,-4.963
14 16 23 34 40;0.0222,0.250,-4.963
1 6 12 18 23 40;0.0222,0.250,-4.963
1 12 18 21 23 40;0.0222,0.250,-4.963
9 12 14 18 34 40;0.0222,0.250,-4.963
3 12 14 18 34 40;0.0222,0.250,-4.963
12 14 21 23 34 40;0.0222,0.250,-4.963
12 14 18 21 23 40;0.0222,0.250,-4.963
6 7 12 18 23 40;0.0222,0.250,-4.963
7 12 18 21 23 40;0.0222,0.250,-4.963
1 6 9 14 20 40;0.0222,0.250,-4.963
1 3 9 14 20 40;0.0222,0.250,-4.963
3 9 14 20 34 40;0.0222,0.250,-4.963
9 14 18 20 34 40;0.0222,0.250,-4.963
3 14 18 23 34 40;0.0222,0.250,-4.963
6 7 9 14 20 40;0.0222,0.250,-4.963
6 9 14 20 21 40;0.0222,0.250,-4.963
7 9 14 18 20 40;0.0222,0.250,-4.963
1 3 9 20 21 34 40;0.0222,0.250,-4.963
1 6 9 14 18 23 40;0.0222,0.250,-4.963
1 3 9 14 21 23 40;0.0222,0.250,-4.963
1 9 14 18 20 23 40;0.0222,0.250,-4.963
3 6 9 20 21 34 40;0.0222,0.250,-4.963
3 7 9 20 21 34 40;0.0222,0.250,-4.963
6 7 9 14 18 23 40;0.0222,0.250,-4.963
6 9 14 18 21 23 40;0.0222,0.250,-4.963
3 7 9 14 21 23 40;0.0222,0.250,-4.963
3 6 9 14 21 23 34 40;0.0222,0.250,-4.963
3 9 34 39;0.0889,0.258,-4.954
21 31 34 39;0.0889,0.258,-4.954
16 22 38;0.0222,0.667,-4.917
18 22 38;0.0222,0.667,-4.917
22 25 34 38;0.0222,0.667,-4.917
22 25 31 38;0.0222,0.667,-4.917
22 31 34 38;0.0222,0.667,-4.917
22 23 31 38;0.0222,0.667,-4.917
11 14 25 38;0.0222,0.667,-4.917
1 27 31 38;0.0222,0.667,-4.917
7 27 31 38;0.0222,0.667,-4.917
1 31 32 38;0.0556,0.143,-4.908
1 18 32 38;0.0556,0.143,-4.908
1 23 32 38;0.0556,0.143,-4.908
7 18 31 38;0.0556,0.143,-4.908
3 9 23 31 38;0.0556,0.143,-4.908
6 23 32 42;0.0778,0.189,-4.888
18 34 37;0.1333,0.343,-4.832
9 14 34 38;0.0444,0.200,-4.820
3 14 34 38;0.0444,0.200,-4.820
16 32 34 38;0.0444,0.200,-4.820
6 9 23 38;0.0444,0.200,-4.820
3 9 31 34 38;0.0444,0.200,-4.820
9 18 31 34 38;0.0444,0.200,-4.820
3 31 32 34 38;0.0444,0.200,-4.820
3 18 32 34 38;0.0444,0.200,-4.820
14 16 23 32 38;0.0444,0.200,-4.820
6 9 31 32 38;0.0444,0.200,-4.820
1 6 11 20 32 38;0.0444,0.200,-4.820
3 14 18 23 31 38;0.0444,0.200,-4.820
18 21 37;0.2000,0.254,-4.804
34 42;0.0889,0.157,-4.802
34 41;0.0889,0.157,-4.802
6 41;0.0889,0.157,-4.802
3 20 23 41;0.0889,0.157,-4.802
7 31 38;0.0556,0.139,-4.759
7 18 38;0.0556,0.139,-4.759
9 18 23 32 38;0.0556,0.139,-4.759
3 18 23 31 38;0.0556,0.139,-4.759
6 12 20 40;0.0222,0.222,-4.712
9 12 20 40;0.0222,0.222,-4.712
3 12 23 40;0.0222,0.222,-4.712
16 27 34 40;0.0222,0.222,-4.712
20 27 34 40;0.0222,0.222,-4.712
18 27 34 40;0.0222,0.222,-4.712
1 12 18 23 40;0.0222,0.222,-4.712
12 21 23 34 40;0.0222,0.222,-4.712
12 14 18 23 40;0.0222,0.222,-4.712
6 12 18 23 40;0.0222,0.222,-4.712
7 12 18 23 40;0.0222,0.222,-4.712
1 3 14 20 40;0.0222,0.222,-4.712
9 14 20 34 40;0.0222,0.222,-4.712
3 14 20 34 40;0.0222,0.222,-4.712
6 9 14 20 40;0.0222,0.222,-4.712
7 9 14 20 40;0.0222,0.222,-4.712
1 12 14 21 23 40;0.0222,0.222,-4.712
6 12 14 23 34 40;0.0222,0.222,-4.712
6 12 16 32 34 40;0.0222,0.222,-4.712
12 16 21 32 34 40;0.0222,0.222,-4.712
6 12 14 16 21 40;0.0222,0.222,-4.712
7 12 14 16 21 40;0.0222,0.222,-4.712
7 12 14 21 23 40;0.0222,0.222,-4.712
1 14 16 21 34 40;0.0222,0.222,-4.712
1 9 20 21 34 40;0.0222,0.222,-4.712
1 9 14 20 23 40;0.0222,0.222,-4.712
1 9 14 20 21 40;0.0222,0.222,-4.712
1 9 14 18 23 40;0.0222,0.222,-4.712
1 3 14 21 23 40;0.0222,0.222,-4.712
1 9 18 21 23 40;0.0222,0.222,-4.712
6 14 16 21 34 40;0.0222,0.222,-4.712
7 14 16 21 34 40;0.0222,0.222,-4.712
9 14 18 23 34 40;0.0222,0.222,-4.712
3 6 9 20 34 40;0.0222,0.222,-4.712
6 9 20 21 34 40;0.0222,0.222,-4.712
7 9 20 21 34 40;0.0222,0.222,-4.712
6 9 14 18 23 40;0.0222,0.222,-4.712
7 9 14 18 23 40;0.0222,0.222,-4.712
3 7 14 21 23 40;0.0222,0.222,-4.712
3 7 9 20 21 40;0.0222,0.222,-4.712
7 9 18 20 21 40;0.0222,0.222,-4.712
7 9 18 21 23 40;0.0222,0.222,-4.712
6 9 12 18 32 34 40;0.0222,0.222,-4.712
3 6 12 18 32 34 40;0.0222,0.222,-4.712
9 12 18 21 32 34 40;0.0222,0.222,-4.712
3 12 18 21 32 34 40;0.0222,0.222,-4.712
3 7 12 14 18 21 40;0.0222,0.222,-4.712
1 9 14 21 23 34 40;0.0222,0.222,-4.712
1 3 14 18 21 34 40;0.0222,0.222,-4.712
1 3 6 9 20 21 40;0.0222,0.222,-4.712
1 6 9 18 20 21 40;0.0222,0.222,-4.712
1 3 9 20 21 23 40;0.0222,0.222,-4.712
6 9 14 21 23 34 40;0.0222,0.222,-4.712
3 6 14 18 21 34 40;0.0222,0.222,-4.712
3 6 14 21 23 34 40;0.0222,0.222,-4.712
7 9 14 21 23 34 40;0.0222,0.222,-4.712
3 7 14 18 21 34 40;0.0222,0.222,-4.712
9 16 20 21 32 34 40;0.0222,0.222,-4.712
9 16 21 23 32 34 40;0.0222,0.222,-4.712
3 6 9 14 21 23 40;0.0222,0.222,-4.712
1 3 6 12 14 18 21 40;0.0222,0.222,-4.712
3 9 18 20 21 32 34 40;0.0222,0.222,-4.712
3 9 18 21 23 32 34 40;0.0222,0.222,-4.712
9 34 39;0.0889,0.250,-4.710
14 25 34 38;0.0333,0.300,-4.709
6 11 14 38;0.0333,0.300,-4.709
25 31 32 34 38;0.0333,0.300,-4.709
18 25 32 34 38;0.0333,0.300,-4.709
1 11 14 20 38;0.0333,0.300,-4.709
11 14 20 34 38;0.0333,0.300,-4.709
9 11 16 34 38;0.0333,0.300,-4.709
7 11 14 20 38;0.0333,0.300,-4.709
3 9 11 18 34 38;0.0333,0.300,-4.709
7 42;0.0889,0.154,-4.635
7 41;0.0889,0.154,-4.635
14 23 34 38;0.0444,0.190,-4.619
9 16 34 38;0.0444,0.190,-4.619
16 31 34 38;0.0444,0.190,-4.619
9 31 34 38;0.0444,0.190,-4.619
6 9 31 38;0.0444,0.190,-4.619
1 6 11 32 38;0.0444,0.190,-4.619
1 11 20 32 38;0.0444,0.190,-4.619
3 9 18 34 38;0.0444,0.190,-4.619
3 18 31 34 38;0.0444,0.190,-4.619
3 14 23 31 38;0.0444,0.190,-4.619
6 9 18 32 38;0.0444,0.190,-4.619
3 6 23 32 38;0.0444,0.190,-4.619
3 9 23 32 34 38;0.0444,0.190,-4.619
1 23 38;0.0556,0.135,-4.613
1 18 31 38;0.0556,0.135,-4.613
3 23 31 38;0.0556,0.135,-4.613
13 41;0.0778,0.179,-4.518
27 34 40;0.0222,0.200,-4.489
1 12 20 40;0.0222,0.200,-4.489
9 12 23 40;0.0222,0.200,-4.489
12 20 23 40;0.0222,0.200,-4.489
12 14 23 34 40;0.0222,0.200,-4.489
6 12 16 34 40;0.0222,0.200,-4.489
6 12 23 34 40;0.0222,0.200,-4.489
12 16 32 34 40;0.0222,0.200,-4.489
12 16 21 34 40;0.0222,0.200,-4.489
6 12 14 16 40;0.0222,0.200,-4.489
12 18 21 23 40;0.0222,0.200,-4.489
6 14 16 34 40;0.0222,0.200,-4.489
6 9 20 34 40;0.0222,0.200,-4.489
7 9 18 20 40;0.0222,0.200,-4.489
1 6 12 14 23 40;0.0222,0.200,-4.489
6 12 14 18 34 40;0.0222,0.200,-4.489
9 12 14 21 34 40;0.0222,0.200,-4.489
3 12 14 21 34 40;0.0222,0.200,-4.489
12 14 18 21 34 40;0.0222,0.200,-4.489
6 9 12 18 34 40;0.0222,0.200,-4.489
3 6 12 18 34 40;0.0222,0.200,-4.489
9 12 18 32 34 40;0.0222,0.200,-4.489
9 12 18 21 34 40;0.0222,0.200,-4.489
3 12 18 32 34 40;0.0222,0.200,-4.489
3 12 18 21 34 40;0.0222,0.200,-4.489
6 7 12 14 23 40;0.0222,0.200,-4.489
6 12 14 21 23 40;0.0222,0.200,-4.489
1 3 9 20 34 40;0.0222,0.200,-4.489
1 3 20 21 34 40;0.0222,0.200,-4.489
1 9 14 18 20 40;0.0222,0.200,-4.489
1 3 6 9 20 40;0.0222,0.200,-4.489
1 6 9 18 20 40;0.0222,0.200,-4.489
1 6 9 18 23 40;0.0222,0.200,-4.489
1 9 18 20 23 40;0.0222,0.200,-4.489
3 6 14 18 34 40;0.0222,0.200,-4.489
3 7 9 20 34 40;0.0222,0.200,-4.489
9 16 20 32 34 40;0.0222,0.200,-4.489
3 6 14 21 23 40;0.0222,0.200,-4.489
3 6 7 9 20 40;0.0222,0.200,-4.489
6 7 9 18 23 40;0.0222,0.200,-4.489
3 6 9 20 21 40;0.0222,0.200,-4.489
6 9 18 20 21 40;0.0222,0.200,-4.489
6 9 18 21 23 40;0.0222,0.200,-4.489
1 3 6 12 14 18 40;0.0222,0.200,-4.489
3 6 7 12 14 18 40;0.0222,0.200,-4.489
3 6 12 14 18 21 40;0.0222,0.200,-4.489
7 9 12 14 18 21 40;0.0222,0.200,-4.489
1 9 14 18 21 34 40;0.0222,0.200,-4.489
1 14 18 20 21 34 40;0.0222,0.200,-4.489
1 14 18 21 23 34 40;0.0222,0.200,-4.489
1 3 6 9 14 23 40;0.0222,0.200,-4.489
3 6 9 14 23 34 40;0.0222,0.200,-4.489
6 9 14 18 21 34 40;0.0222,0.200,-4.489
6 14 18 20 21 34 40;0.0222,0.200,-4.489
6 14 18 21 23 34 40;0.0222,0.200,-4.489
7 9 14 18 21 34 40;0.0222,0.200,-4.489
7 14 18 20 21 34 40;0.0222,0.200,-4.489
7 14 18 21 23 34 40;0.0222,0.200,-4.489
3 9 14 21 23 34 40;0.0222,0.200,-4.489
3 9 18 20 32 34 40;0.0222,0.200,-4.489
9 18 20 21 32 34 40;0.0222,0.200,-4.489
9 18 21 23 32 34 40;0.0222,0.200,-4.489
3 6 7 9 14 23 40;0.0222,0.200,-4.489
1 6 9 12 14 18 21 40;0.0222,0.200,-4.489
18 31 34 39;0.0889,0.242,-4.476
3 21 34 39;0.0889,0.242,-4.476
18 21 34 39;0.0889,0.242,-4.476
1 31 38;0.0556,0.132,-4.472
1 18 38;0.0556,0.132,-4.472
7 23 32 38;0.0556,0.132,-4.472
9 18 23 31 38;0.0556,0.132,-4.472
9 23 42;0.0889,0.151,-4.471
1 11 32 38;0.0444,0.182,-4.430
9 18 34 38;0.0444,0.182,-4.430
3 31 34 38;0.0444,0.182,-4.430
7 14 23 38;0.0444,0.182,-4.430
14 16 23 38;0.0444,0.182,-4.430
6 9 18 38;0.0444,0.182,-4.430
3 6 23 38;0.0444,0.182,-4.430
1 6 11 20 38;0.0444,0.182,-4.430
9 23 32 34 38;0.0444,0.182,-4.430
6 20 31 32 38;0.0444,0.182,-4.430
6 23 31 32 38;0.0444,0.182,-4.430
18 23 31 32 34 38;0.0444,0.182,-4.430
21 23 36;0.3778,0.493,-4.423
16 25 34 38;0.0333,0.273,-4.409
25 31 34 38;0.0333,0.273,-4.409
18 25 34 38;0.0333,0.273,-4.409
1 11 14 38;0.0333,0.273,-4.409
11 14 34 38;0.0333,0.273,-4.409
7 11 14 38;0.0333,0.273,-4.409
6 23 42;0.0778,0.175,-4.341
9 23 31 38;0.0556,0.128,-4.335
3 9 18 23 38;0.0556,0.128,-4.335
12 20 34 37;0.0444,0.667,-4.299
12 16 34 40;0.0222,0.182,-4.288
12 23 34 40;0.0222,0.182,-4.288
12 18 23 40;0.0222,0.182,-4.288
1 12 14 23 40;0.0222,0.182,-4.288
1 12 21 23 40;0.0222,0.182,-4.288
12 14 18 34 40;0.0222,0.182,-4.288
9 12 18 34 40;0.0222,0.182,-4.288
3 12 18 34 40;0.0222,0.182,-4.288
6 12 14 23 40;0.0222,0.182,-4.288
7 12 14 16 40;0.0222,0.182,-4.288
7 12 14 23 40;0.0222,0.182,-4.288
12 14 21 23 40;0.0222,0.182,-4.288
7 12 21 23 40;0.0222,0.182,-4.288
1 14 16 34 40;0.0222,0.182,-4.288
1 9 20 34 40;0.0222,0.182,-4.288
1 9 14 20 40;0.0222,0.182,-4.288
1 9 18 23 40;0.0222,0.182,-4.288
7 14 16 34 40;0.0222,0.182,-4.288
14 16 21 34 40;0.0222,0.182,-4.288
7 9 20 34 40;0.0222,0.182,-4.288
6 14 16 21 40;0.0222,0.182,-4.288
7 14 16 21 40;0.0222,0.182,-4.288
3 6 9 20 40;0.0222,0.182,-4.288
6 9 18 20 40;0.0222,0.182,-4.288
6 9 18 23 40;0.0222,0.182,-4.288
3 7 9 20 40;0.0222,0.182,-4.288
7 9 18 23 40;0.0222,0.182,-4.288
1 12 14 16 21 40;0.0222,0.182,-4.288
6 9 12 14 34 40;0.0222,0.182,-4.288
3 6 12 14 34 40;0.0222,0.182,-4.288
3 6 12 14 18 40;0.0222,0.182,-4.288
3 7 12 14 18 40;0.0222,0.182,-4.288
6 12 16 21 32 40;0.0222,0.182,-4.288
7 12 16 21 32 40;0.0222,0.182,-4.288
1 3 14 18 34 40;0.0222,0.182,-4.288
1 14 18 20 34 40;0.0222,0.182,-4.288
1 14 20 21 34 40;0.0222,0.182,-4.288
1 3 6 20 34 40;0.0222,0.182,-4.288
1 16 21 32 34 40;0.0222,0.182,-4.288
1 3 6 14 23 40;0.0222,0.182,-4.288
1 9 14 21 23 40;0.0222,0.182,-4.288
1 3 6 20 21 40;0.0222,0.182,-4.288
1 3 7 20 21 40;0.0222,0.182,-4.288
1 3 9 20 23 40;0.0222,0.182,-4.288
1 3 9 20 21 40;0.0222,0.182,-4.288
1 9 18 20 21 40;0.0222,0.182,-4.288
1 3 20 21 23 40;0.0222,0.182,-4.288
6 9 14 18 34 40;0.0222,0.182,-4.288
6 9 14 23 34 40;0.0222,0.182,-4.288
3 6 14 23 34 40;0.0222,0.182,-4.288
6 14 18 20 34 40;0.0222,0.182,-4.288
6 14 20 21 34 40;0.0222,0.182,-4.288
6 14 18 23 34 40;0.0222,0.182,-4.288
3 7 14 18 34 40;0.0222,0.182,-4.288
7 14 18 20 34 40;0.0222,0.182,-4.288
7 14 20 21 34 40;0.0222,0.182,-4.288
9 14 21 23 34 40;0.0222,0.182,-4.288
3 14 18 21 34 40;0.0222,0.182,-4.288
3 14 21 23 34 40;0.0222,0.182,-4.288
6 16 21 32 34 40;0.0222,0.182,-4.288
7 16 21 32 34 40;0.0222,0.182,-4.288
9 16 20 21 34 40;0.0222,0.182,-4.288
9 16 23 32 34 40;0.0222,0.182,-4.288
9 16 21 23 34 40;0.0222,0.182,-4.288
16 20 21 32 34 40;0.0222,0.182,-4.288
16 21 23 32 34 40;0.0222,0.182,-4.288
9 18 20 32 34 40;0.0222,0.182,-4.288
3 6 7 14 23 40;0.0222,0.182,-4.288
3 6 9 14 23 40;0.0222,0.182,-4.288
7 9 14 21 23 40;0.0222,0.182,-4.288
3 7 14 18 21 40;0.0222,0.182,-4.288
1 6 9 12 14 18 40;0.0222,0.182,-4.288
1 3 12 14 18 21 40;0.0222,0.182,-4.288
6 7 9 12 14 18 40;0.0222,0.182,-4.288
6 9 12 14 18 21 40;0.0222,0.182,-4.288
3 7 12 18 21 32 40;0.0222,0.182,-4.288
1 3 18 21 32 34 40;0.0222,0.182,-4.288
1 3 6 14 18 21 40;0.0222,0.182,-4.288
3 6 18 21 32 34 40;0.0222,0.182,-4.288
3 7 18 21 32 34 40;0.0222,0.182,-4.288
3 9 18 20 21 34 40;0.0222,0.182,-4.288
3 9 18 23 32 34 40;0.0222,0.182,-4.288
3 9 18 21 23 34 40;0.0222,0.182,-4.288
3 18 20 21 32 34 40;0.0222,0.182,-4.288
3 18 21 23 32 34 40;0.0222,0.182,-4.288
1 3 6 12 18 21 32 40;0.0222,0.182,-4.288
12 14 23 42;0.0444,0.308,-4.286
1 3 20 21 41;0.0444,0.308,-4.286
31 34 39;0.0889,0.235,-4.253
16 34 38;0.0444,0.174,-4.250
1 6 11 38;0.0444,0.174,-4.250
1 11 20 38;0.0444,0.174,-4.250
3 18 34 38;0.0444,0.174,-4.250
3 9 23 34 38;0.0444,0.174,-4.250
23 31 32 34 38;0.0444,0.174,-4.250
18 23 32 34 38;0.0444,0.174,-4.250
3 14 18 23 38;0.0444,0.174,-4.250
6 11 20 32 38;0.0444,0.174,-4.250
6 18 20 32 38;0.0444,0.174,-4.250
6 18 23 32 38;0.0444,0.174,-4.250
22 25 38;0.0222,0.500,-4.247
22 31 38;0.0222,0.500,-4.247
1 22 34 38;0.0222,0.500,-4.247
14 22 34 38;0.0222,0.500,-4.247
9 22 34 38;0.0222,0.500,-4.247
14 22 23 38;0.0222,0.500,-4.247
9 22 23 38;0.0222,0.500,-4.247
20 25 34 38;0.0222,0.500,-4.247
6 20 25 38;0.0222,0.500,-4.247
7 20 25 38;0.0222,0.500,-4.247
11 20 25 38;0.0222,0.500,-4.247
20 25 31 38;0.0222,0.500,-4.247
1 20 27 38;0.0222,0.500,-4.247
6 27 31 38;0.0222,0.500,-4.247
7 20 27 38;0.0222,0.500,-4.247
1 14 20 25 38;0.0222,0.500,-4.247
20 34 37;0.1333,0.324,-4.237
20 37;0.2000,0.247,-4.233
3 14 23 42;0.0667,0.200,-4.186
3 20 41;0.0889,0.145,-4.154
6 14 20 34 38;0.0333,0.250,-4.140
6 14 16 31 38;0.0333,0.250,-4.140
12 14 20 40;0.0222,0.167,-4.106
1 6 12 23 40;0.0222,0.167,-4.106
9 12 14 34 40;0.0222,0.167,-4.106
3 12 14 34 40;0.0222,0.167,-4.106
6 7 12 23 40;0.0222,0.167,-4.106
6 12 16 32 40;0.0222,0.167,-4.106
6 12 16 21 40;0.0222,0.167,-4.106
6 12 21 23 40;0.0222,0.167,-4.106
7 12 16 21 40;0.0222,0.167,-4.106
1 16 21 34 40;0.0222,0.167,-4.106
1 3 20 34 40;0.0222,0.167,-4.106
1 3 6 20 40;0.0222,0.167,-4.106
1 9 18 20 40;0.0222,0.167,-4.106
6 14 20 34 40;0.0222,0.167,-4.106
6 16 32 34 40;0.0222,0.167,-4.106
6 16 21 34 40;0.0222,0.167,-4.106
7 16 21 34 40;0.0222,0.167,-4.106
9 16 20 34 40;0.0222,0.167,-4.106
16 20 32 34 40;0.0222,0.167,-4.106
3 6 14 23 40;0.0222,0.167,-4.106
9 12 21 32 34 40;0.0222,0.167,-4.106
3 12 21 32 34 40;0.0222,0.167,-4.106
6 9 12 14 18 40;0.0222,0.167,-4.106
7 9 12 14 18 40;0.0222,0.167,-4.106
3 7 12 14 21 40;0.0222,0.167,-4.106
3 7 12 18 21 40;0.0222,0.167,-4.106
1 9 14 18 34 40;0.0222,0.167,-4.106
1 14 18 23 34 40;0.0222,0.167,-4.106
1 3 18 21 34 40;0.0222,0.167,-4.106
1 3 9 14 23 40;0.0222,0.167,-4.106
7 9 14 18 34 40;0.0222,0.167,-4.106
7 14 18 23 34 40;0.0222,0.167,-4.106
9 14 18 21 34 40;0.0222,0.167,-4.106
14 18 20 21 34 40;0.0222,0.167,-4.106
14 18 21 23 34 40;0.0222,0.167,-4.106
3 6 20 21 34 40;0.0222,0.167,-4.106
3 6 18 32 34 40;0.0222,0.167,-4.106
3 6 18 21 34 40;0.0222,0.167,-4.106
3 7 20 21 34 40;0.0222,0.167,-4.106
3 7 18 21 34 40;0.0222,0.167,-4.106
3 9 18 20 34 40;0.0222,0.167,-4.106
9 18 20 21 34 40;0.0222,0.167,-4.106
9 18 23 32 34 40;0.0222,0.167,-4.106
9 18 21 23 34 40;0.0222,0.167,-4.106
3 18 20 32 34 40;0.0222,0.167,-4.106
6 9 14 21 23 40;0.0222,0.167,-4.106
3 6 14 18 21 40;0.0222,0.167,-4.106
3 7 9 14 23 40;0.0222,0.167,-4.106
1 3 6 12 14 21 40;0.0222,0.167,-4.106
1 9 12 14 18 21 40;0.0222,0.167,-4.106
1 3 6 12 18 32 40;0.0222,0.167,-4.106
1 3 6 12 18 21 40;0.0222,0.167,-4.106
3 6 7 12 18 32 40;0.0222,0.167,-4.106
3 6 12 18 21 32 40;0.0222,0.167,-4.106
7 9 12 18 21 32 40;0.0222,0.167,-4.106
1 3 9 21 23 34 40;0.0222,0.167,-4.106
1 9 18 21 32 34 40;0.0222,0.167,-4.106
3 6 9 21 23 34 40;0.0222,0.167,-4.106
6 9 18 21 32 34 40;0.0222,0.167,-4.106
3 7 9 21 23 34 40;0.0222,0.167,-4.106
7 9 18 21 32 34 40;0.0222,0.167,-4.106
1 6 9 12 18 21 32 40;0.0222,0.167,-4.106
1 11 38;0.0444,0.167,-4.079
1 14 34 38;0.0444,0.167,-4.079
7 14 34 38;0.0444,0.167,-4.079
9 23 34 38;0.0444,0.167,-4.079
6 11 32 38;0.0444,0.167,-4.079
6 20 31 38;0.0444,0.167,-4.079
6 23 31 38;0.0444,0.167,-4.079
7 11 20 32 38;0.0444,0.167,-4.079
7 23 38;0.0556,0.122,-4.072
3 18 23 38;0.0556,0.122,-4.072
18 34 39;0.0889,0.229,-4.039
3 9 39;0.1222,0.172,-4.024
21 36;0.4222,0.458,-4.023
3 9 32 42;0.0889,0.143,-3.999
18 37;0.2000,0.243,-3.954
3 9 23 32 38;0.0556,0.119,-3.945
3 9 18 31 32 38;0.0556,0.119,-3.945
1 12 23 40;0.0222,0.154,-3.939
12 14 23 40;0.0222,0.154,-3.939
6 12 16 40;0.0222,0.154,-3.939
6 12 23 40;0.0222,0.154,-3.939
7 12 23 40;0.0222,0.154,-3.939
12 21 23 40;0.0222,0.154,-3.939
14 16 34 40;0.0222,0.154,-3.939
6 16 34 40;0.0222,0.154,-3.939
6 14 16 40;0.0222,0.154,-3.939
1 12 14 16 40;0.0222,0.154,-3.939
12 14 21 34 40;0.0222,0.154,-3.939
9 12 21 34 40;0.0222,0.154,-3.939
3 12 21 34 40;0.0222,0.154,-3.939
7 12 16 32 40;0.0222,0.154,-3.939
1 14 20 34 40;0.0222,0.154,-3.939
1 16 32 34 40;0.0222,0.154,-3.939
1 14 16 21 40;0.0222,0.154,-3.939
1 3 14 23 40;0.0222,0.154,-3.939
1 3 7 20 40;0.0222,0.154,-3.939
1 3 9 20 40;0.0222,0.154,-3.939
1 3 20 23 40;0.0222,0.154,-3.939
1 3 20 21 40;0.0222,0.154,-3.939
7 14 20 34 40;0.0222,0.154,-3.939
3 14 18 34 40;0.0222,0.154,-3.939
14 18 20 34 40;0.0222,0.154,-3.939
14 20 21 34 40;0.0222,0.154,-3.939
3 6 18 34 40;0.0222,0.154,-3.939
7 16 32 34 40;0.0222,0.154,-3.939
9 16 23 34 40;0.0222,0.154,-3.939
16 20 21 34 40;0.0222,0.154,-3.939
16 23 32 34 40;0.0222,0.154,-3.939
16 21 23 34 40;0.0222,0.154,-3.939
9 18 20 34 40;0.0222,0.154,-3.939
3 7 14 23 40;0.0222,0.154,-3.939
6 16 21 32 40;0.0222,0.154,-3.939
7 16 21 32 40;0.0222,0.154,-3.939
7 9 20 21 40;0.0222,0.154,-3.939
3 7 20 21 40;0.0222,0.154,-3.939
1 3 12 14 18 40;0.0222,0.154,-3.939
1 3 6 12 18 40;0.0222,0.154,-3.939
1 12 16 21 32 40;0.0222,0.154,-3.939
6 9 12 32 34 40;0.0222,0.154,-3.939
3 6 12 32 34 40;0.0222,0.154,-3.939
6 12 18 32 34 40;0.0222,0.154,-3.939
12 18 21 32 34 40;0.0222,0.154,-3.939
3 6 12 14 21 40;0.0222,0.154,-3.939
7 9 12 14 21 40;0.0222,0.154,-3.939
7 12 14 18 21 40;0.0222,0.154,-3.939
3 6 7 12 18 40;0.0222,0.154,-3.939
3 6 12 18 32 40;0.0222,0.154,-3.939
3 6 12 18 21 40;0.0222,0.154,-3.939
7 9 12 18 21 40;0.0222,0.154,-3.939
3 7 12 18 32 40;0.0222,0.154,-3.939
1 9 14 23 34 40;0.0222,0.154,-3.939
1 9 18 21 34 40;0.0222,0.154,-3.939
1 9 21 23 34 40;0.0222,0.154,-3.939
1 3 18 32 34 40;0.0222,0.154,-3.939
1 6 9 14 23 40;0.0222,0.154,-3.939
1 3 6 14 18 40;0.0222,0.154,-3.939
1 3 14 18 21 40;0.0222,0.154,-3.939
1 14 18 21 23 40;0.0222,0.154,-3.939
1 6 9 20 21 40;0.0222,0.154,-3.939
1 3 9 21 23 40;0.0222,0.154,-3.939
1 9 20 21 23 40;0.0222,0.154,-3.939
7 9 14 23 34 40;0.0222,0.154,-3.939
6 9 18 32 34 40;0.0222,0.154,-3.939
6 9 18 21 34 40;0.0222,0.154,-3.939
6 9 21 23 34 40;0.0222,0.154,-3.939
7 9 18 21 34 40;0.0222,0.154,-3.939
7 9 21 23 34 40;0.0222,0.154,-3.939
3 7 18 32 34 40;0.0222,0.154,-3.939
3 9 18 23 34 40;0.0222,0.154,-3.939
3 18 20 21 34 40;0.0222,0.154,-3.939
3 18 23 32 34 40;0.0222,0.154,-3.939
3 18 21 23 34 40;0.0222,0.154,-3.939
6 7 9 14 23 40;0.0222,0.154,-3.939
3 6 7 14 18 40;0.0222,0.154,-3.939
7 14 18 20 21 40;0.0222,0.154,-3.939
7 14 18 21 23 40;0.0222,0.154,-3.939
3 7 9 21 23 40;0.0222,0.154,-3.939
1 6 9 12 14 21 40;0.0222,0.154,-3.939
1 6 12 14 18 21 40;0.0222,0.154,-3.939
1 6 9 12 18 32 40;0.0222,0.154,-3.939
1 6 9 12 18 21 40;0.0222,0.154,-3.939
1 3 12 18 21 32 40;0.0222,0.154,-3.939
6 7 9 12 18 32 40;0.0222,0.154,-3.939
6 9 12 18 21 32 40;0.0222,0.154,-3.939
1 3 9 14 21 34 40;0.0222,0.154,-3.939
1 6 14 18 20 21 40;0.0222,0.154,-3.939
3 6 9 14 21 34 40;0.0222,0.154,-3.939
3 7 9 14 21 34 40;0.0222,0.154,-3.939
3 9 20 21 32 34 40;0.0222,0.154,-3.939
6 18 20 38;0.0444,0.160,-3.916
6 18 23 38;0.0444,0.160,-3.916
7 11 32 38;0.0444,0.160,-3.916
18 23 31 34 38;0.0444,0.160,-3.916
6 20 21 25 42;0.0222,0.667,-3.911
7 14 25 38;0.0333,0.231,-3.896
14 25 31 38;0.0333,0.231,-3.896
6 14 16 38;0.0333,0.231,-3.896
3 9 11 20 32 34 38;0.0333,0.231,-3.896
3 23 42;0.0889,0.140,-3.848
3 23 41;0.0889,0.140,-3.848
9 18 23 38;0.0556,0.116,-3.821
3 9 31 32 38;0.0556,0.116,-3.821
1 16 30 40;0.0111,1.000,-3.807
1 18 30 40;0.0111,1.000,-3.807
6 16 30 40;0.0111,1.000,-3.807
6 18 30 40;0.0111,1.000,-3.807
7 16 30 40;0.0111,1.000,-3.807
7 18 30 40;0.0111,1.000,-3.807
12 18 30 34 40;0.0111,1.000,-3.807
14 18 30 34 40;0.0111,1.000,-3.807
16 30 32 34 40;0.0111,1.000,-3.807
18 30 32 34 40;0.0111,1.000,-3.807
12 20 40;0.0222,0.143,-3.784
7 12 16 40;0.0222,0.143,-3.784
1 16 34 40;0.0222,0.143,-3.784
7 16 34 40;0.0222,0.143,-3.784
16 20 34 40;0.0222,0.143,-3.784
7 14 16 40;0.0222,0.143,-3.784
6 16 21 40;0.0222,0.143,-3.784
7 16 21 40;0.0222,0.143,-3.784
1 12 16 21 40;0.0222,0.143,-3.784
6 12 14 34 40;0.0222,0.143,-3.784
6 9 12 34 40;0.0222,0.143,-3.784
3 6 12 34 40;0.0222,0.143,-3.784
6 12 18 34 40;0.0222,0.143,-3.784
9 12 32 34 40;0.0222,0.143,-3.784
3 12 32 34 40;0.0222,0.143,-3.784
12 18 32 34 40;0.0222,0.143,-3.784
12 18 21 34 40;0.0222,0.143,-3.784
12 14 16 21 40;0.0222,0.143,-3.784
3 6 12 18 40;0.0222,0.143,-3.784
3 7 12 18 40;0.0222,0.143,-3.784
1 3 18 34 40;0.0222,0.143,-3.784
1 6 9 20 40;0.0222,0.143,-3.784
9 14 18 34 40;0.0222,0.143,-3.784
14 18 23 34 40;0.0222,0.143,-3.784
6 9 18 34 40;0.0222,0.143,-3.784
3 7 18 34 40;0.0222,0.143,-3.784
9 18 23 34 40;0.0222,0.143,-3.784
3 18 20 34 40;0.0222,0.143,-3.784
6 9 14 23 40;0.0222,0.143,-3.784
3 6 14 18 40;0.0222,0.143,-3.784
3 7 14 18 40;0.0222,0.143,-3.784
7 14 18 20 40;0.0222,0.143,-3.784
7 14 20 21 40;0.0222,0.143,-3.784
6 7 9 20 40;0.0222,0.143,-3.784
6 9 20 21 40;0.0222,0.143,-3.784
3 6 20 21 40;0.0222,0.143,-3.784
1 3 6 12 14 40;0.0222,0.143,-3.784
1 6 12 14 18 40;0.0222,0.143,-3.784
1 9 12 14 18 40;0.0222,0.143,-3.784
1 3 12 14 21 40;0.0222,0.143,-3.784
1 6 9 12 18 40;0.0222,0.143,-3.784
1 3 12 18 21 40;0.0222,0.143,-3.784
3 6 7 12 14 40;0.0222,0.143,-3.784
6 7 12 14 18 40;0.0222,0.143,-3.784
6 9 12 14 21 40;0.0222,0.143,-3.784
6 12 14 18 21 40;0.0222,0.143,-3.784
6 7 9 12 18 40;0.0222,0.143,-3.784
6 9 12 18 32 40;0.0222,0.143,-3.784
6 9 12 18 21 40;0.0222,0.143,-3.784
7 9 12 18 32 40;0.0222,0.143,-3.784
3 7 12 21 32 40;0.0222,0.143,-3.784
1 9 14 21 34 40;0.0222,0.143,-3.784
1 3 14 21 34 40;0.0222,0.143,-3.784
1 9 18 32 34 40;0.0222,0.143,-3.784
1 3 21 23 34 40;0.0222,0.143,-3.784
1 6 14 18 20 40;0.0222,0.143,-3.784
1 6 14 20 21 40;0.0222,0.143,-3.784
1 6 14 18 23 40;0.0222,0.143,-3.784
1 14 18 20 23 40;0.0222,0.143,-3.784
1 14 20 21 23 40;0.0222,0.143,-3.784
6 9 14 21 34 40;0.0222,0.143,-3.784
3 6 14 21 34 40;0.0222,0.143,-3.784
7 9 14 21 34 40;0.0222,0.143,-3.784
3 7 14 21 34 40;0.0222,0.143,-3.784
3 9 14 23 34 40;0.0222,0.143,-3.784
3 6 9 23 34 40;0.0222,0.143,-3.784
3 6 20 32 34 40;0.0222,0.143,-3.784
7 9 18 32 34 40;0.0222,0.143,-3.784
9 20 21 32 34 40;0.0222,0.143,-3.784
6 7 14 18 23 40;0.0222,0.143,-3.784
6 14 18 20 21 40;0.0222,0.143,-3.784
6 14 18 21 23 40;0.0222,0.143,-3.784
7 9 14 18 21 40;0.0222,0.143,-3.784
3 6 9 21 23 40;0.0222,0.143,-3.784
3 7 18 21 32 40;0.0222,0.143,-3.784
1 3 6 12 21 32 40;0.0222,0.143,-3.784
1 9 12 18 21 32 40;0.0222,0.143,-3.784
1 18 20 21 32 34 40;0.0222,0.143,-3.784
1 18 21 23 32 34 40;0.0222,0.143,-3.784
1 6 9 14 18 21 40;0.0222,0.143,-3.784
1 3 6 18 21 32 40;0.0222,0.143,-3.784
6 18 20 21 32 34 40;0.0222,0.143,-3.784
6 18 21 23 32 34 40;0.0222,0.143,-3.784
7 18 20 21 32 34 40;0.0222,0.143,-3.784
7 18 21 23 32 34 40;0.0222,0.143,-3.784
14 34 38;0.0444,0.154,-3.761
23 31 34 38;0.0444,0.154,-3.761
6 11 20 38;0.0444,0.154,-3.761
3 6 9 32 38;0.0444,0.154,-3.761
1 22 38;0.0222,0.400,-3.759
14 22 38;0.0222,0.400,-3.759
9 22 38;0.0222,0.400,-3.759
11 25 38;0.0222,0.400,-3.759
1 27 38;0.0222,0.400,-3.759
7 27 38;0.0222,0.400,-3.759
22 32 34 38;0.0222,0.400,-3.759
22 23 32 38;0.0222,0.400,-3.759
14 20 25 38;0.0222,0.400,-3.759
16 20 25 38;0.0222,0.400,-3.759
18 20 25 38;0.0222,0.400,-3.759
6 20 27 38;0.0222,0.400,-3.759
6 18 27 38;0.0222,0.400,-3.759
12 23 42;0.0444,0.267,-3.721
3 18 31 32 38;0.0556,0.114,-3.701
23 37;0.2000,0.240,-3.680
25 32 34 38;0.0333,0.214,-3.674
14 16 25 38;0.0333,0.214,-3.674
14 18 25 38;0.0333,0.214,-3.674
6 16 31 32 38;0.0333,0.214,-3.674
3 9 11 32 34 38;0.0333,0.214,-3.674
9 11 20 32 34 38;0.0333,0.214,-3.674
12 23 40;0.0222,0.133,-3.641
12 14 34 40;0.0222,0.133,-3.641
9 12 34 40;0.0222,0.133,-3.641
3 12 34 40;0.0222,0.133,-3.641
12 18 34 40;0.0222,0.133,-3.641
1 3 20 40;0.0222,0.133,-3.641
14 20 34 40;0.0222,0.133,-3.641
16 23 34 40;0.0222,0.133,-3.641
6 16 32 40;0.0222,0.133,-3.641
6 9 20 40;0.0222,0.133,-3.641
7 9 20 40;0.0222,0.133,-3.641
1 12 16 32 40;0.0222,0.133,-3.641
3 6 12 14 40;0.0222,0.133,-3.641
6 12 14 18 40;0.0222,0.133,-3.641
3 7 12 14 40;0.0222,0.133,-3.641
7 12 14 18 40;0.0222,0.133,-3.641
6 9 12 18 40;0.0222,0.133,-3.641
7 9 12 18 40;0.0222,0.133,-3.641
3 7 12 21 40;0.0222,0.133,-3.641
1 9 18 34 40;0.0222,0.133,-3.641
1 6 14 20 40;0.0222,0.133,-3.641
1 9 14 23 40;0.0222,0.133,-3.641
1 14 18 23 40;0.0222,0.133,-3.641
1 16 21 32 40;0.0222,0.133,-3.641
1 9 20 23 40;0.0222,0.133,-3.641
1 9 20 21 40;0.0222,0.133,-3.641
1 3 21 23 40;0.0222,0.133,-3.641
9 14 23 34 40;0.0222,0.133,-3.641
3 14 23 34 40;0.0222,0.133,-3.641
6 9 23 34 40;0.0222,0.133,-3.641
3 6 20 34 40;0.0222,0.133,-3.641
7 9 18 34 40;0.0222,0.133,-3.641
3 18 23 34 40;0.0222,0.133,-3.641
6 7 14 20 40;0.0222,0.133,-3.641
6 14 18 20 40;0.0222,0.133,-3.641
6 14 20 21 40;0.0222,0.133,-3.641
6 14 18 23 40;0.0222,0.133,-3.641
7 9 14 23 40;0.0222,0.133,-3.641
7 14 18 23 40;0.0222,0.133,-3.641
3 7 18 21 40;0.0222,0.133,-3.641
1 6 9 12 14 40;0.0222,0.133,-3.641
1 9 12 14 21 40;0.0222,0.133,-3.641
1 12 14 18 21 40;0.0222,0.133,-3.641
1 3 6 12 21 40;0.0222,0.133,-3.641
1 9 12 18 21 40;0.0222,0.133,-3.641
1 3 12 18 32 40;0.0222,0.133,-3.641
6 7 9 12 14 40;0.0222,0.133,-3.641
3 12 14 18 21 40;0.0222,0.133,-3.641
3 6 12 21 32 40;0.0222,0.133,-3.641
7 9 12 21 32 40;0.0222,0.133,-3.641
1 14 18 21 34 40;0.0222,0.133,-3.641
1 14 21 23 34 40;0.0222,0.133,-3.641
1 18 20 32 34 40;0.0222,0.133,-3.641
1 14 18 20 21 40;0.0222,0.133,-3.641
1 3 6 9 23 40;0.0222,0.133,-3.641
1 3 6 18 21 40;0.0222,0.133,-3.641
3 6 9 14 34 40;0.0222,0.133,-3.641
6 14 18 21 34 40;0.0222,0.133,-3.641
6 14 21 23 34 40;0.0222,0.133,-3.641
7 14 18 21 34 40;0.0222,0.133,-3.641
7 14 21 23 34 40;0.0222,0.133,-3.641
3 9 14 21 34 40;0.0222,0.133,-3.641
6 18 20 32 34 40;0.0222,0.133,-3.641
6 18 23 32 34 40;0.0222,0.133,-3.641
3 7 20 32 34 40;0.0222,0.133,-3.641
7 18 20 32 34 40;0.0222,0.133,-3.641
3 9 20 32 34 40;0.0222,0.133,-3.641
3 9 20 21 34 40;0.0222,0.133,-3.641
6 9 14 18 21 40;0.0222,0.133,-3.641
3 7 9 14 21 40;0.0222,0.133,-3.641
3 6 7 9 23 40;0.0222,0.133,-3.641
3 6 7 20 32 40;0.0222,0.133,-3.641
3 6 18 21 32 40;0.0222,0.133,-3.641
1 6 9 12 21 32 40;0.0222,0.133,-3.641
1 3 6 9 14 21 40;0.0222,0.133,-3.641
6 11 38;0.0444,0.148,-3.612
18 23 34 38;0.0444,0.148,-3.612
3 6 9 38;0.0444,0.148,-3.612
7 11 20 38;0.0444,0.148,-3.612
3 9 11 18 32 38;0.0444,0.148,-3.612
1 7 32 38;0.0556,0.111,-3.583
3 31 32 38;0.0556,0.111,-3.583
11 20 41;0.0889,0.136,-3.554
6 16 40;0.0222,0.125,-3.508
1 12 16 40;0.0222,0.125,-3.508
12 14 16 40;0.0222,0.125,-3.508
1 14 16 40;0.0222,0.125,-3.508
1 16 21 40;0.0222,0.125,-3.508
6 14 20 40;0.0222,0.125,-3.508
7 14 20 40;0.0222,0.125,-3.508
7 16 32 40;0.0222,0.125,-3.508
1 3 12 18 40;0.0222,0.125,-3.508
12 21 32 34 40;0.0222,0.125,-3.508
6 9 12 14 40;0.0222,0.125,-3.508
7 9 12 14 40;0.0222,0.125,-3.508
7 12 14 21 40;0.0222,0.125,-3.508
3 6 12 21 40;0.0222,0.125,-3.508
7 9 12 21 40;0.0222,0.125,-3.508
12 16 21 32 40;0.0222,0.125,-3.508
1 3 14 18 40;0.0222,0.125,-3.508
1 14 18 20 40;0.0222,0.125,-3.508
1 14 20 23 40;0.0222,0.125,-3.508
1 14 20 21 40;0.0222,0.125,-3.508
6 9 14 34 40;0.0222,0.125,-3.508
3 6 14 34 40;0.0222,0.125,-3.508
6 14 18 34 40;0.0222,0.125,-3.508
9 14 21 34 40;0.0222,0.125,-3.508
3 14 21 34 40;0.0222,0.125,-3.508
3 7 20 34 40;0.0222,0.125,-3.508
9 20 32 34 40;0.0222,0.125,-3.508
9 20 21 34 40;0.0222,0.125,-3.508
3 7 14 21 40;0.0222,0.125,-3.508
3 6 7 20 40;0.0222,0.125,-3.508
3 6 9 23 40;0.0222,0.125,-3.508
3 6 20 32 40;0.0222,0.125,-3.508
3 6 18 21 40;0.0222,0.125,-3.508
3 7 20 32 40;0.0222,0.125,-3.508
1 6 12 14 21 40;0.0222,0.125,-3.508
1 6 9 12 21 40;0.0222,0.125,-3.508
1 3 6 12 32 40;0.0222,0.125,-3.508
1 9 12 18 32 40;0.0222,0.125,-3.508
1 3 12 21 32 40;0.0222,0.125,-3.508
9 12 14 18 21 40;0.0222,0.125,-3.508
3 6 7 12 32 40;0.0222,0.125,-3.508
6 9 12 21 32 40;0.0222,0.125,-3.508
1 3 6 23 34 40;0.0222,0.125,-3.508
1 3 9 23 34 40;0.0222,0.125,-3.508
1 18 20 21 34 40;0.0222,0.125,-3.508
1 18 23 32 34 40;0.0222,0.125,-3.508
1 18 21 23 34 40;0.0222,0.125,-3.508
1 6 9 14 18 40;0.0222,0.125,-3.508
1 3 6 14 21 40;0.0222,0.125,-3.508
1 9 14 18 21 40;0.0222,0.125,-3.508
1 3 6 18 32 40;0.0222,0.125,-3.508
1 3 18 21 32 40;0.0222,0.125,-3.508
3 6 21 23 34 40;0.0222,0.125,-3.508
6 18 20 21 34 40;0.0222,0.125,-3.508
6 18 21 23 34 40;0.0222,0.125,-3.508
3 7 9 23 34 40;0.0222,0.125,-3.508
3 7 21 23 34 40;0.0222,0.125,-3.508
7 18 20 21 34 40;0.0222,0.125,-3.508
7 18 23 32 34 40;0.0222,0.125,-3.508
7 18 21 23 34 40;0.0222,0.125,-3.508
9 16 21 32 34 40;0.0222,0.125,-3.508
6 7 9 14 18 40;0.0222,0.125,-3.508
3 6 9 14 21 40;0.0222,0.125,-3.508
3 6 7 18 32 40;0.0222,0.125,-3.508
3 9 18 21 32 34 40;0.0222,0.125,-3.508
6 25 32 42;0.0444,0.250,-3.475
7 11 38;0.0444,0.143,-3.470
1 6 20 32 38;0.0444,0.143,-3.470
3 9 32 34 38;0.0444,0.143,-3.470
3 23 32 34 38;0.0444,0.143,-3.470
3 14 23 32 38;0.0444,0.143,-3.470
14 18 23 31 32 38;0.0444,0.143,-3.470
9 11 18 31 32 38;0.0444,0.143,-3.470
25 34 38;0.0333,0.200,-3.470
1 14 25 38;0.0333,0.200,-3.470
25 31 32 38;0.0333,0.200,-3.470
6 16 31 38;0.0333,0.200,-3.470
6 16 32 38;0.0333,0.200,-3.470
1 6 14 20 38;0.0333,0.200,-3.470
9 11 32 34 38;0.0333,0.200,-3.470
6 7 14 20 38;0.0333,0.200,-3.470
3 9 11 20 34 38;0.0333,0.200,-3.470
11 14 16 31 32 38;0.0333,0.200,-3.470
9 23 32 38;0.0556,0.109,-3.468
9 18 31 32 38;0.0556,0.109,-3.468
3 9 18 32 38;0.0556,0.109,-3.468
11 41;0.0889,0.133,-3.411
9 32 42;0.0889,0.133,-3.411
7 16 40;0.0222,0.118,-3.383
12 21 34 40;0.0222,0.118,-3.383
12 16 21 40;0.0222,0.118,-3.383
1 9 20 40;0.0222,0.118,-3.383
3 6 20 40;0.0222,0.118,-3.383
3 7 20 40;0.0222,0.118,-3.383
1 3 12 14 40;0.0222,0.118,-3.383
1 12 14 18 40;0.0222,0.118,-3.383
1 3 6 12 40;0.0222,0.118,-3.383
1 9 12 18 40;0.0222,0.118,-3.383
1 3 12 21 40;0.0222,0.118,-3.383
6 12 32 34 40;0.0222,0.118,-3.383
6 12 14 21 40;0.0222,0.118,-3.383
3 12 14 18 40;0.0222,0.118,-3.383
3 6 7 12 40;0.0222,0.118,-3.383
6 9 12 21 40;0.0222,0.118,-3.383
3 6 12 32 40;0.0222,0.118,-3.383
3 7 12 32 40;0.0222,0.118,-3.383
14 16 27 32 40;0.0222,0.118,-3.383
1 14 18 34 40;0.0222,0.118,-3.383
1 9 23 34 40;0.0222,0.118,-3.383
1 18 20 34 40;0.0222,0.118,-3.383
1 3 6 18 40;0.0222,0.118,-3.383
1 3 6 23 40;0.0222,0.118,-3.383
1 3 9 23 40;0.0222,0.118,-3.383
1 9 21 23 40;0.0222,0.118,-3.383
1 3 18 21 40;0.0222,0.118,-3.383
6 14 23 34 40;0.0222,0.118,-3.383
7 14 18 34 40;0.0222,0.118,-3.383
14 18 21 34 40;0.0222,0.118,-3.383
14 21 23 34 40;0.0222,0.118,-3.383
6 18 20 34 40;0.0222,0.118,-3.383
6 18 23 34 40;0.0222,0.118,-3.383
7 9 23 34 40;0.0222,0.118,-3.383
7 18 20 34 40;0.0222,0.118,-3.383
3 9 20 34 40;0.0222,0.118,-3.383
6 9 14 18 40;0.0222,0.118,-3.383
3 6 14 21 40;0.0222,0.118,-3.383
7 9 14 18 40;0.0222,0.118,-3.383
3 6 7 18 40;0.0222,0.118,-3.383
3 6 18 32 40;0.0222,0.118,-3.383
3 7 9 23 40;0.0222,0.118,-3.383
7 9 21 23 40;0.0222,0.118,-3.383
3 7 18 32 40;0.0222,0.118,-3.383
3 7 21 23 40;0.0222,0.118,-3.383
1 6 9 12 32 40;0.0222,0.118,-3.383
1 9 12 21 32 40;0.0222,0.118,-3.383
6 7 9 12 32 40;0.0222,0.118,-3.383
7 12 18 21 32 40;0.0222,0.118,-3.383
3 12 18 21 32 40;0.0222,0.118,-3.383
1 3 9 14 34 40;0.0222,0.118,-3.383
1 3 9 14 21 40;0.0222,0.118,-3.383
3 7 9 14 34 40;0.0222,0.118,-3.383
9 18 21 32 34 40;0.0222,0.118,-3.383
1 6 12 18 21 32 40;0.0222,0.118,-3.383
3 9 21 23 32 34 40;0.0222,0.118,-3.383
22 34 38;0.0222,0.333,-3.377
22 23 38;0.0222,0.333,-3.377
22 32 38;0.0222,0.333,-3.377
6 27 38;0.0222,0.333,-3.377
1 20 25 38;0.0222,0.333,-3.377
1 32 38;0.0556,0.106,-3.355
9 31 32 38;0.0556,0.106,-3.355
18 23 31 32 38;0.0556,0.106,-3.355
9 32 34 38;0.0444,0.138,-3.334
18 31 32 34 38;0.0444,0.138,-3.334
14 16 31 32 38;0.0444,0.138,-3.334
3 9 14 23 38;0.0444,0.138,-3.334
14 18 23 31 38;0.0444,0.138,-3.334
14 23 31 32 38;0.0444,0.138,-3.334
16 23 31 32 38;0.0444,0.138,-3.334
3 11 18 32 38;0.0444,0.138,-3.334
9 39;0.1222,0.162,-3.301
18 31 39;0.1222,0.162,-3.301
14 25 38;0.0333,0.188,-3.281
25 31 38;0.0333,0.188,-3.281
6 16 38;0.0333,0.188,-3.281
16 25 32 38;0.0333,0.188,-3.281
18 25 32 38;0.0333,0.188,-3.281
6 14 20 38;0.0333,0.188,-3.281
7 14 20 38;0.0333,0.188,-3.281
3 9 11 34 38;0.0333,0.188,-3.281
9 11 20 34 38;0.0333,0.188,-3.281
11 18 32 34 38;0.0333,0.188,-3.281
11 14 16 31 38;0.0333,0.188,-3.281
11 14 16 32 38;0.0333,0.188,-3.281
3 11 14 18 31 38;0.0333,0.188,-3.281
3 34 39;0.0889,0.205,-3.267
6 12 34 40;0.0222,0.111,-3.265
12 32 34 40;0.0222,0.111,-3.265
3 6 12 40;0.0222,0.111,-3.265
3 7 12 40;0.0222,0.111,-3.265
12 16 32 40;0.0222,0.111,-3.265
14 16 27 40;0.0222,0.111,-3.265
1 14 20 40;0.0222,0.111,-3.265
1 16 32 40;0.0222,0.111,-3.265
9 20 34 40;0.0222,0.111,-3.265
3 6 18 40;0.0222,0.111,-3.265
3 7 18 40;0.0222,0.111,-3.265
1 6 12 14 40;0.0222,0.111,-3.265
1 9 12 14 40;0.0222,0.111,-3.265
1 12 14 21 40;0.0222,0.111,-3.265
1 6 9 12 40;0.0222,0.111,-3.265
1 9 12 21 40;0.0222,0.111,-3.265
6 7 12 14 40;0.0222,0.111,-3.265
9 12 14 18 40;0.0222,0.111,-3.265
3 12 14 21 40;0.0222,0.111,-3.265
6 7 9 12 40;0.0222,0.111,-3.265
6 9 12 32 40;0.0222,0.111,-3.265
7 9 12 32 40;0.0222,0.111,-3.265
7 12 18 21 40;0.0222,0.111,-3.265
3 12 18 21 40;0.0222,0.111,-3.265
14 20 27 32 40;0.0222,0.111,-3.265
14 18 27 32 40;0.0222,0.111,-3.265
1 9 14 34 40;0.0222,0.111,-3.265
1 3 14 34 40;0.0222,0.111,-3.265
1 3 23 34 40;0.0222,0.111,-3.265
1 18 23 34 40;0.0222,0.111,-3.265
1 3 14 21 40;0.0222,0.111,-3.265
1 14 21 23 40;0.0222,0.111,-3.265
7 9 14 34 40;0.0222,0.111,-3.265
3 7 14 34 40;0.0222,0.111,-3.265
7 18 23 34 40;0.0222,0.111,-3.265
9 16 32 34 40;0.0222,0.111,-3.265
16 21 32 34 40;0.0222,0.111,-3.265
7 9 14 21 40;0.0222,0.111,-3.265
7 14 21 23 40;0.0222,0.111,-3.265
6 9 21 23 40;0.0222,0.111,-3.265
3 6 21 23 40;0.0222,0.111,-3.265
1 6 12 18 32 40;0.0222,0.111,-3.265
1 6 12 18 21 40;0.0222,0.111,-3.265
6 7 12 18 32 40;0.0222,0.111,-3.265
6 12 18 21 32 40;0.0222,0.111,-3.265
9 12 18 21 32 40;0.0222,0.111,-3.265
1 3 6 9 14 40;0.0222,0.111,-3.265
1 6 9 14 21 40;0.0222,0.111,-3.265
3 9 18 32 34 40;0.0222,0.111,-3.265
9 21 23 32 34 40;0.0222,0.111,-3.265
3 18 21 32 34 40;0.0222,0.111,-3.265
3 6 7 9 14 40;0.0222,0.111,-3.265
14 16 21 23 32 40;0.0222,0.111,-3.265
7 9 18 21 32 40;0.0222,0.111,-3.265
1 6 9 18 21 32 40;0.0222,0.111,-3.265
20 22 41;0.0222,0.500,-3.264
14 22 23 42;0.0222,0.500,-3.264
13 25 32 42;0.0222,0.500,-3.264
6 20 25 42;0.0222,0.500,-3.264
6 25 42;0.0444,0.235,-3.249
6 32 42;0.0778,0.149,-3.246
1 7 38;0.0556,0.104,-3.245
7 32 38;0.0556,0.104,-3.245
23 31 32 38;0.0556,0.104,-3.245
3 18 32 38;0.0556,0.104,-3.245
3 9 18 31 38;0.0556,0.104,-3.245
7 14 38;0.0444,0.133,-3.203
1 6 20 38;0.0444,0.133,-3.203
31 32 34 38;0.0444,0.133,-3.203
18 32 34 38;0.0444,0.133,-3.203
14 16 31 38;0.0444,0.133,-3.203
14 23 31 38;0.0444,0.133,-3.203
3 14 23 38;0.0444,0.133,-3.203
6 9 32 38;0.0444,0.133,-3.203
14 18 23 32 38;0.0444,0.133,-3.203
9 11 18 32 38;0.0444,0.133,-3.203
31 36;0.3667,0.478,-3.156
12 34 40;0.0222,0.105,-3.154
12 16 40;0.0222,0.105,-3.154
1 16 40;0.0222,0.105,-3.154
6 12 14 40;0.0222,0.105,-3.154
7 12 14 40;0.0222,0.105,-3.154
6 9 12 40;0.0222,0.105,-3.154
7 9 12 40;0.0222,0.105,-3.154
14 20 27 40;0.0222,0.105,-3.154
14 18 27 40;0.0222,0.105,-3.154
14 27 32 40;0.0222,0.105,-3.154
1 3 23 40;0.0222,0.105,-3.154
14 18 34 40;0.0222,0.105,-3.154
1 6 12 18 40;0.0222,0.105,-3.154
1 3 12 32 40;0.0222,0.105,-3.154
9 12 14 21 40;0.0222,0.105,-3.154
12 14 18 21 40;0.0222,0.105,-3.154
6 7 12 18 40;0.0222,0.105,-3.154
6 12 18 32 40;0.0222,0.105,-3.154
6 12 18 21 40;0.0222,0.105,-3.154
7 12 18 32 40;0.0222,0.105,-3.154
9 12 18 21 40;0.0222,0.105,-3.154
3 12 18 32 40;0.0222,0.105,-3.154
1 14 23 34 40;0.0222,0.105,-3.154
1 3 6 14 40;0.0222,0.105,-3.154
1 9 14 18 40;0.0222,0.105,-3.154
1 6 9 23 40;0.0222,0.105,-3.154
1 3 18 32 40;0.0222,0.105,-3.154
7 14 23 34 40;0.0222,0.105,-3.154
3 9 14 34 40;0.0222,0.105,-3.154
9 16 21 34 40;0.0222,0.105,-3.154
9 18 32 34 40;0.0222,0.105,-3.154
3 6 7 14 40;0.0222,0.105,-3.154
3 6 9 14 40;0.0222,0.105,-3.154
6 9 14 21 40;0.0222,0.105,-3.154
6 14 21 23 40;0.0222,0.105,-3.154
6 7 9 23 40;0.0222,0.105,-3.154
7 9 18 21 40;0.0222,0.105,-3.154
1 12 18 21 32 40;0.0222,0.105,-3.154
1 6 9 18 21 40;0.0222,0.105,-3.154
3 6 23 32 34 40;0.0222,0.105,-3.154
3 9 18 21 34 40;0.0222,0.105,-3.154
3 9 21 23 34 40;0.0222,0.105,-3.154
3 20 21 32 34 40;0.0222,0.105,-3.154
14 16 20 23 32 40;0.0222,0.105,-3.154
6 9 18 21 32 40;0.0222,0.105,-3.154
1 3 9 21 32 34 40;0.0222,0.105,-3.154
3 6 9 21 32 34 40;0.0222,0.105,-3.154
3 7 9 21 32 34 40;0.0222,0.105,-3.154
3 14 18 21 23 32 40;0.0222,0.105,-3.154
3 9 14 20 21 23 32 40;0.0222,0.105,-3.154
3 9 31 38;0.0556,0.102,-3.138
3 9 23 38;0.0556,0.102,-3.138
3 23 32 38;0.0556,0.102,-3.138
31 39;0.1222,0.159,-3.127
12 18 30 40;0.0111,0.500,-3.119
16 30 34 40;0.0111,0.500,-3.119
18 30 34 40;0.0111,0.500,-3.119
16 27 30 32 40;0.0111,0.500,-3.119
20 27 30 32 40;0.0111,0.500,-3.119
18 27 30 32 40;0.0111,0.500,-3.119
14 16 23 30 32 40;0.0111,0.500,-3.119
14 18 23 30 32 40;0.0111,0.500,-3.119
9 14 20 23 30 32 40;0.0111,0.500,-3.119
16 25 38;0.0333,0.176,-3.107
18 25 38;0.0333,0.176,-3.107
9 11 34 38;0.0333,0.176,-3.107
3 9 20 34 38;0.0333,0.176,-3.107
3 11 14 31 38;0.0333,0.176,-3.107
3 9 11 14 20 32 38;0.0333,0.176,-3.107
3 14 32 39;0.0889,0.200,-3.093
6 9 38;0.0444,0.129,-3.077
3 9 34 38;0.0444,0.129,-3.077
3 23 34 38;0.0444,0.129,-3.077
3 6 32 38;0.0444,0.129,-3.077
3 14 18 31 38;0.0444,0.129,-3.077
22 38;0.0222,0.286,-3.064
20 25 38;0.0222,0.286,-3.064
14 27 40;0.0222,0.100,-3.048
1 3 12 40;0.0222,0.100,-3.048
6 12 18 40;0.0222,0.100,-3.048
7 12 18 40;0.0222,0.100,-3.048
3 12 18 40;0.0222,0.100,-3.048
1 3 18 40;0.0222,0.100,-3.048
9 14 34 40;0.0222,0.100,-3.048
3 14 34 40;0.0222,0.100,-3.048
16 32 34 40;0.0222,0.100,-3.048
3 6 14 40;0.0222,0.100,-3.048
6 9 23 40;0.0222,0.100,-3.048
1 9 12 32 40;0.0222,0.100,-3.048
1 12 18 21 40;0.0222,0.100,-3.048
7 12 21 32 40;0.0222,0.100,-3.048
9 12 18 32 40;0.0222,0.100,-3.048
3 12 21 32 40;0.0222,0.100,-3.048
1 14 21 34 40;0.0222,0.100,-3.048
1 6 14 23 40;0.0222,0.100,-3.048
1 9 14 21 40;0.0222,0.100,-3.048
6 14 21 34 40;0.0222,0.100,-3.048
7 14 21 34 40;0.0222,0.100,-3.048
3 6 23 34 40;0.0222,0.100,-3.048
9 18 21 34 40;0.0222,0.100,-3.048
9 21 23 34 40;0.0222,0.100,-3.048
3 18 32 34 40;0.0222,0.100,-3.048
6 7 14 23 40;0.0222,0.100,-3.048
3 7 9 14 40;0.0222,0.100,-3.048
7 14 18 21 40;0.0222,0.100,-3.048
14 16 23 32 40;0.0222,0.100,-3.048
14 16 21 23 40;0.0222,0.100,-3.048
6 9 18 21 40;0.0222,0.100,-3.048
1 6 12 21 32 40;0.0222,0.100,-3.048
1 3 9 21 34 40;0.0222,0.100,-3.048
1 9 21 32 34 40;0.0222,0.100,-3.048
1 20 21 32 34 40;0.0222,0.100,-3.048
1 6 14 18 21 40;0.0222,0.100,-3.048
1 6 9 18 32 40;0.0222,0.100,-3.048
1 9 18 21 32 40;0.0222,0.100,-3.048
3 6 9 21 34 40;0.0222,0.100,-3.048
6 9 21 32 34 40;0.0222,0.100,-3.048
3 7 9 21 34 40;0.0222,0.100,-3.048
7 9 21 32 34 40;0.0222,0.100,-3.048
6 7 9 18 32 40;0.0222,0.100,-3.048
3 6 7 23 32 40;0.0222,0.100,-3.048
3 14 18 20 23 32 40;0.0222,0.100,-3.048
3 14 20 21 23 32 40;0.0222,0.100,-3.048
1 38;0.0556,0.100,-3.032
9 18 32 38;0.0556,0.100,-3.032
3 18 31 38;0.0556,0.100,-3.032
18 23 32 38;0.0556,0.100,-3.032
14 23 32 42;0.0667,0.162,-3.019
