5 9 11 15 16 19 22 23 26 27 30 35 39
5 9 11 15 16 19 22 23 25 27 30 35 38
5 9 11 15 16 19 22 23 26 27 30 35 39
1 9 11 15 16 19 22 23 26 27 30 35 39
1 9 11 14 16 19 22 23 26 27 30 35 39
1 9 11 14 16 19 22 23 25 27 30 35 39
1 9 11 14 16 19 22 23 26 27 30 35 39
3 9 11 15 16 19 22 23 26 27 30 35 39
4 9 11 15 16 19 22 23 25 27 30 35 38
6 9 11 15 16 19 22 23 25 27 30 35 37
5 9 11 14 16 19 22 23 25 27 30 35 39
2 8 11 15 16 19 22 23 26 27 30 35 38
4 9 11 15 16 19 22 23 25 27 30 35 39
6 9 11 14 16 19 22 23 25 27 30 35 37
6 9 11 15 16 19 22 23 25 27 30 35 37
3 8 11 15 16 19 22 23 26 27 30 35 39
5 9 11 14 16 19 22 23 26 27 30 35 39
4 9 11 14 16 19 22 23 25 27 30 35 39
1 8 11 14 16 19 22 23 26 27 30 35 38
5 9 11 14 16 19 22 23 25 27 30 35 38
6 9 11 15 16 19 22 23 25 27 30 35 37
3 8 11 15 16 20 22 23 26 27 30 35 41
6 9 11 14 16 19 22 23 25 27 30 35 37
4 10 11 14 16 19 21 23 26 27 30 35 42
6 8 11 15 16 19 22 23 25 27 30 35 37
4 8 11 15 16 19 22 23 26 27 30 35 38
6 9 11 15 16 19 22 23 25 27 30 35 37
6 9 11 15 16 19 22 23 26 27 30 35 37
1 8 11 15 16 20 22 23 26 27 30 35 39
1 9 11 15 16 19 22 23 26 28 30 36 39
6 9 11 15 16 19 22 23 25 27 30 35 37
1 8 11 15 16 19 22 23 26 27 30 35 39
6 9 11 15 16 19 22 23 26 27 30 35 37
4 9 11 15 16 19 22 23 26 27 30 35 39
1 9 11 14 16 19 22 23 25 27 30 35 39
1 8 11 15 16 19 22 23 25 27 30 35 38
1 8 11 14 16 20 22 23 25 28 30 35 39
1 8 12 14 18 19 22 23 26 27 30 35 39
1 8 11 14 16 20 22 23 26 27 30 35 39
6 9 11 15 16 19 22 23 25 27 30 35 37
4 9 11 13 16 19 22 23 25 27 30 35 39
1 8 11 14 16 19 22 23 25 27 30 35 39
5 9 11 13 16 19 22 23 25 27 30 35 39
5 8 11 15 16 19 22 23 25 27 30 35 39
1 8 11 15 16 20 22 23 26 29 31 35 39
1 8 12 15 16 20 22 23 25 27 30 35 39
1 8 11 14 16 20 22 23 25 27 30 35 39
6 9 11 14 16 19 22 23 25 27 30 35 37
5 9 11 15 16 20 22 23 26 27 30 35 39
5 9 11 15 16 19 22 23 25 27 30 35 39
6 9 11 15 16 19 22 23 25 27 30 35 37
1 9 11 15 16 20 22 23 26 27 30 35 39
3 7 12 15 16 20 22 23 26 28 31 35 39
1 8 11 15 16 20 22 23 26 27 30 35 39
6 9 11 15 16 19 22 23 25 27 30 35 37
1 9 11 15 16 20 22 23 26 27 30 35 39
5 8 11 15 16 19 22 23 25 27 30 35 39
3 7 11 14 16 19 22 23 26 27 30 35 39
1 8 11 14 16 19 22 23 26 27 30 35 39
6 9 11 15 16 19 22 23 25 27 30 35 37
5 9 11 14 16 20 22 23 26 27 30 35 39
3 7 12 15 18 20 22 23 26 28 32 36 39
3 8 12 15 16 20 22 23 26 27 30 35 40
5 8 11 15 16 20 22 23 26 28 30 35 39
5 9 11 14 16 20 22 23 26 27 30 35 38
5 8 11 15 16 20 22 23 26 27 30 35 39
2 10 11 14 16 20 22 23 25 28 30 35 42
5 8 11 15 16 20 22 23 26 27 30 35 39
6 9 11 15 16 19 22 23 25 27 30 35 37
6 9 11 15 16 19 22 23 25 27 30 35 37
4 9 11 15 16 19 22 23 25 27 30 35 38
5 10 11 14 16 19 21 23 26 27 30 35 42
1 9 11 14 16 20 22 23 26 27 30 35 39
3 7 12 14 18 20 22 23 26 27 30 35 39
3 8 11 15 16 20 22 23 26 27 32 36 39
5 8 11 14 16 20 22 23 25 27 31 35 39
1 9 11 14 16 20 22 23 26 27 30 35 38
5 9 11 13 16 20 22 23 26 27 30 35 39
5 10 11 15 16 20 22 23 26 27 30 35 42
3 8 11 15 16 20 22 23 26 27 30 35 39
4 10 11 14 16 19 22 23 26 27 30 35 42
6 9 11 14 16 19 22 23 25 27 30 35 37
5 10 11 15 16 19 21 23 26 27 30 35 42
5 9 11 13 16 20 22 23 26 27 30 35 38
3 7 12 14 18 20 22 23 26 27 30 35 39
1 8 11 14 16 20 22 23 26 27 30 35 39
5 9 12 14 16 20 22 23 25 27 30 35 38
5 9 11 14 16 20 22 23 26 27 30 35 38
5 9 11 14 16 20 22 23 26 27 30 35 38
5 9 12 15 16 20 22 23 26 27 30 35 38
3 8 11 15 16 20 22 23 26 27 31 35 39
4 10 11 14 16 19 22 23 26 27 30 35 42
5 10 11 15 16 19 21 23 26 27 30 35 42
5 9 11 14 16 19 22 23 26 28 30 35 38
3 9 11 14 18 20 22 23 26 27 30 35 38
5 9 11 13 18 20 22 23 26 27 30 35 38
5 9 11 13 16 20 22 23 26 27 30 35 38
3 8 11 15 16 20 22 23 26 27 30 35 38
1 7 11 15 16 20 22 23 26 27 30 35 40
4 10 11 14 16 19 22 23 26 27 30 35 42
5 10 11 14 16 19 21 23 26 27 30 35 42
4 10 11 14 16 19 22 23 26 27 30 35 42
5 10 12 14 16 19 22 23 26 27 30 35 42
6 9 11 15 16 19 22 23 26 27 30 35 37
5 8 11 14 16 20 22 23 26 27 30 35 38
5 10 11 13 16 20 22 23 26 27 30 36 42
3 7 11 15 18 20 22 23 26 27 31 35 39
1 8 12 14 18 20 22 23 26 27 30 35 39
5 10 11 14 16 19 22 23 26 27 30 35 42
6 9 11 14 16 19 22 23 25 27 30 35 37
5 8 12 15 18 19 22 23 25 27 31 35 38
5 9 11 13 16 19 22 23 26 27 31 35 38
3 10 12 14 18 20 22 23 26 27 30 35 42
3 8 11 15 16 20 22 23 26 27 30 35 39
1 10 11 15 16 19 22 23 26 27 30 35 42
4 9 11 13 16 19 22 23 26 27 30 35 38
4 9 11 15 16 19 22 23 26 27 30 35 38
6 9 11 15 16 19 22 23 25 27 30 35 37
6 9 11 15 16 19 22 23 25 28 30 35 37
3 10 11 15 16 20 22 23 26 27 30 35 42
3 8 11 15 16 20 22 23 26 27 30 35 38
5 10 11 14 16 19 22 23 26 27 30 35 42
6 9 11 15 16 19 22 23 25 27 30 35 37
4 8 12 15 18 19 22 23 26 27 30 35 38
4 10 11 14 18 19 22 23 26 27 30 35 42
6 9 11 15 16 19 22 23 25 27 30 35 37
4 9 11 15 16 19 22 23 26 27 30 35 39
3 10 11 14 16 20 22 23 26 27 30 35 42
3 8 11 14 16 20 22 23 26 27 30 35 39
2 10 11 15 16 19 22 23 26 27 30 35 42
6 8 11 15 16 19 22 23 25 27 30 35 37
6 9 11 15 16 19 22 23 25 27 30 35 37
6 8 11 15 16 19 22 23 25 27 30 35 37
4 9 12 14 16 19 22 23 26 28 30 35 39
1 10 11 15 16 20 22 23 26 27 30 35 42
3 9 11 14 16 20 22 23 26 27 30 35 38
5 10 11 14 16 19 22 23 26 27 30 35 42
6 9 11 14 16 19 22 23 25 27 30 35 37
6 9 11 14 16 19 22 23 25 28 30 35 37
4 9 11 15 16 19 22 23 25 27 30 35 38
6 8 11 15 16 19 22 23 25 27 30 35 37
1 9 11 15 16 20 22 23 26 27 30 35 38
3 8 11 14 16 20 22 23 26 27 30 35 38
5 10 11 14 16 19 22 23 26 27 30 35 42
5 8 11 15 16 19 22 23 25 27 30 35 39
6 9 11 14 16 19 22 23 25 27 30 35 37
6 9 12 14 16 19 22 23 25 27 30 35 37
5 10 11 14 16 19 21 23 26 27 30 35 42
1 10 11 15 16 19 22 23 26 27 30 35 42
3 8 11 15 16 20 22 23 26 29 34 35 38
6 9 11 15 16 19 22 23 26 27 30 35 37
5 10 11 15 16 19 21 23 26 27 30 35 42
5 9 11 15 16 19 22 23 26 27 31 35 38
1 8 11 15 16 19 22 23 26 27 30 35 38
5 10 11 15 16 19 21 23 26 27 30 35 42
5 9 11 15 16 19 22 23 26 28 30 35 39
5 9 11 14 18 20 22 23 26 27 30 35 38
6 9 11 14 16 19 22 23 25 27 30 35 37
5 10 11 14 16 19 21 23 26 27 30 35 42
5 9 11 15 16 19 22 23 26 27 30 35 38
5 9 11 15 16 19 22 23 26 27 30 35 38
1 10 11 15 16 19 21 23 26 29 30 35 42
6 9 12 13 16 19 22 23 25 28 30 35 37
4 10 11 14 16 19 21 23 26 27 30 35 42
5 9 12 14 16 20 22 23 26 27 31 35 38
5 10 11 15 16 19 21 23 26 27 30 35 42
5 10 12 14 18 19 22 23 26 27 30 35 42
5 9 11 14 16 19 22 23 26 27 30 35 38
1 8 11 15 16 19 22 23 26 27 30 35 38
5 8 11 15 16 19 22 23 26 27 32 35 40
6 9 11 14 16 19 22 23 25 27 30 35 37
5 9 11 14 16 19 22 23 26 28 30 35 39
5 9 11 13 16 20 22 23 26 27 30 35 38
5 9 11 14 16 19 22 23 26 27 30 35 38
5 10 11 13 16 19 22 23 26 27 30 35 42
5 9 11 14 16 19 22 23 26 27 30 35 38
5 8 12 14 16 19 22 23 26 27 30 35 38
5 9 11 14 16 20 22 23 26 29 34 35 39
5 9 11 15 16 19 22 23 26 28 30 35 39
6 9 11 15 16 19 22 23 26 27 30 35 37
1 9 11 15 16 19 22 23 26 27 30 35 38
5 9 11 15 16 19 22 23 26 27 30 35 38
4 8 11 15 16 19 22 23 26 27 30 35 38
6 9 11 14 18 20 22 23 26 27 30 35 37
6 8 12 15 16 19 22 23 26 28 30 35 37
2 9 11 14 16 19 22 23 26 27 30 35 39
5 10 11 13 16 19 22 23 26 27 30 35 42
4 10 11 14 16 19 22 23 26 27 30 35 42
1 10 11 14 16 19 22 23 26 27 30 35 42
4 8 11 14 16 19 22 23 26 27 30 35 38
4 9 12 13 16 19 22 23 26 27 30 35 38
3 9 11 15 16 19 22 23 26 28 30 35 39
4 9 11 14 16 19 22 23 26 27 30 35 39
5 10 11 14 16 19 22 23 26 27 30 35 42
6 9 11 14 16 19 22 23 25 27 30 35 37
6 8 11 15 16 19 22 23 26 27 30 35 37
6 9 11 15 16 19 22 23 25 27 30 35 37
5 9 11 15 16 19 22 23 26 28 31 35 38
1 8 11 15 16 19 22 23 26 27 30 35 39
6 9 11 15 16 19 22 23 26 27 31 35 37
6 9 11 14 16 19 22 23 26 27 30 35 37
6 8 11 15 16 19 22 23 25 27 30 35 37
6 8 11 15 16 19 22 23 25 27 30 35 37
1 8 11 15 16 19 22 23 26 27 30 35 39
2 8 12 15 16 19 22 23 26 27 30 35 38
3 9 11 15 16 20 22 23 26 29 30 35 39
6 9 11 15 16 19 22 23 26 28 30 35 37
3 8 11 15 16 19 22 23 25 27 30 35 38
1 9 11 14 16 19 22 23 26 27 30 35 38
1 8 11 14 16 19 22 23 26 27 30 35 39
6 9 11 15 16 19 22 23 26 27 30 35 37
6 8 11 15 16 19 22 23 26 27 30 35 37
6 9 11 15 16 19 22 23 26 28 31 35 37
6 8 11 14 16 20 22 23 26 27 30 35 37
6 8 11 15 16 19 22 23 25 27 30 35 37
1 8 11 15 16 20 22 23 26 27 30 35 38
2 8 12 14 18 19 22 23 26 28 31 35 38
3 8 11 14 16 20 22 23 26 28 31 35 41
4 9 11 14 18 19 22 23 26 27 30 35 38
1 9 11 14 16 19 22 23 26 27 30 35 40
5 9 11 13 16 19 22 23 26 27 30 35 38
1 8 11 15 16 20 22 23 26 27 30 35 39
6 9 12 15 16 19 22 23 26 27 31 35 37
4 9 11 15 16 19 22 23 26 27 30 35 38
5 8 11 14 16 20 22 23 26 27 30 35 39
1 10 11 15 16 19 21 23 26 27 30 35 42
6 9 11 14 16 19 22 23 25 27 30 35 37
1 9 11 15 16 20 22 23 26 27 30 35 38
2 8 11 15 16 19 22 23 26 27 30 35 39
1 8 12 15 16 20 22 23 26 27 30 35 41
3 9 11 15 16 19 22 23 26 28 30 35 40
5 10 11 15 16 19 22 23 26 27 30 35 42
3 7 11 15 16 20 22 23 26 27 30 35 39
6 9 11 15 16 19 22 23 25 27 30 35 37
6 9 12 14 18 19 22 23 25 27 30 35 37
1 8 11 15 16 19 22 23 26 27 30 35 39
1 8 11 15 16 20 22 23 26 27 30 35 38
4 10 11 14 16 19 21 23 26 27 30 35 42
4 9 11 13 16 20 22 23 25 27 30 35 38
2 8 12 15 18 20 22 23 26 27 30 35 39
3 8 12 14 18 20 22 23 26 27 31 35 40
3 8 11 15 16 19 22 23 26 27 30 35 40
5 9 11 14 16 19 22 23 26 27 30 35 38
3 7 11 15 16 20 22 23 26 28 30 35 39
6 9 11 15 16 19 22 23 25 27 30 35 37
6 9 12 14 18 19 22 23 25 27 30 35 37
5 9 11 15 16 20 22 23 26 27 30 35 39
4 10 11 15 16 19 22 23 26 27 30 35 42
1 10 11 15 16 20 22 23 26 27 30 35 42
4 10 11 14 16 19 21 23 26 27 30 35 42
5 10 11 15 16 19 22 23 26 27 30 35 42
4 8 11 15 16 19 22 23 26 27 30 35 38
2 8 11 14 16 20 22 23 26 28 30 35 38
1 8 11 15 16 20 22 23 26 27 31 35 41
3 8 12 15 16 20 22 23 26 27 30 35 40
5 10 11 14 16 19 22 23 26 27 30 35 42
3 7 11 15 16 20 22 23 26 27 31 36 39
5 8 11 15 16 20 22 23 26 27 30 35 39
1 10 11 15 16 20 22 23 26 27 31 36 42
4 10 11 14 16 19 21 23 25 27 30 35 42
5 10 11 14 16 19 22 23 26 27 30 35 42
6 9 11 15 16 19 22 23 26 27 30 35 37
2 9 11 14 16 20 22 23 26 27 30 35 38
1 8 12 15 18 20 22 23 26 27 31 35 41
3 7 11 15 16 20 22 23 26 27 31 35 40
5 9 11 15 16 19 22 23 26 27 30 35 38
3 7 12 15 16 20 22 24 26 29 30 35 39
5 9 11 14 16 20 22 23 26 27 30 35 38
4 9 11 14 16 20 22 23 25 27 30 35 38
6 9 11 15 16 19 22 23 25 27 30 35 37
4 10 11 15 16 19 22 23 26 27 30 35 42
1 8 11 15 16 19 22 23 26 27 30 35 40
6 9 11 14 16 19 22 23 25 27 30 35 37
5 10 12 15 16 20 22 23 26 27 30 35 42
1 8 12 14 18 20 22 23 26 27 30 35 40
3 8 11 14 16 20 22 23 26 28 30 35 40
5 10 11 15 16 19 22 23 26 27 30 35 42
3 7 12 15 18 20 22 24 26 27 32 35 39
5 8 11 14 16 20 22 23 25 27 30 35 38
6 9 11 15 16 19 22 23 25 27 30 35 37
1 8 11 15 16 20 22 23 26 27 30 35 40
6 9 11 15 16 19 22 23 25 27 30 35 37
3 10 11 14 16 20 22 23 26 27 30 35 42
3 8 11 15 18 20 22 24 26 27 30 35 41
1 8 12 14 18 20 22 23 26 27 31 35 40
2 10 11 15 16 19 22 23 26 27 30 35 42
3 7 12 14 16 20 22 24 26 28 30 35 39
1 9 11 15 16 20 22 23 26 27 30 35 38
3 8 11 15 16 19 22 23 26 27 30 35 40
5 10 11 14 16 20 22 23 26 27 30 35 42
5 9 11 14 16 20 22 23 26 27 30 35 41
1 8 12 14 16 20 22 23 26 29 30 35 40
5 10 11 14 16 19 22 23 26 27 30 35 42
3 7 12 14 18 20 22 24 26 28 32 35 39
5 10 11 13 16 20 22 23 26 27 30 35 42
5 8 11 15 16 19 22 23 26 27 30 35 40
5 10 11 14 16 20 22 23 26 27 30 35 42
5 9 11 14 16 20 22 23 26 27 30 35 41
5 9 12 14 18 20 22 23 26 27 31 35 40
5 10 11 14 16 19 22 23 26 27 30 35 42
3 7 12 14 16 20 22 24 26 28 31 35 39
5 10 11 14 16 20 22 23 26 27 30 35 42
5 9 11 14 16 20 22 23 26 27 30 35 38
6 9 11 15 16 19 22 23 25 27 30 35 37
6 9 11 15 16 19 22 23 25 27 30 35 37
5 10 11 15 16 19 21 23 26 27 30 35 42
5 10 11 14 16 20 22 23 26 27 30 35 42
1 9 12 15 16 20 22 23 26 27 30 35 40
5 10 11 15 16 19 22 23 26 27 30 35 42
3 7 12 14 18 20 22 24 26 28 30 36 39
5 10 11 15 16 20 22 23 26 27 30 35 42
1 9 11 14 16 20 22 23 26 27 30 35 38
1 9 11 15 16 19 22 23 26 27 30 35 39
5 9 11 15 16 19 22 23 26 27 30 35 39
5 9 11 13 18 20 22 23 26 27 30 35 38
5 10 11 14 16 19 22 23 26 27 30 35 42
3 7 12 15 18 20 22 24 26 27 30 35 39
4 9 11 14 16 20 22 23 26 27 30 35 38
4 9 11 15 16 19 22 23 26 27 30 35 39
1 9 11 15 16 19 22 23 26 27 30 35 40
4 9 11 15 16 19 22 23 25 27 30 35 38
3 7 11 15 16 19 22 24 26 27 32 35 40
