2 16 156;0.5981,0.867,-89.354
16 124 156;0.5443,0.915,-87.410
11 16 156;0.5475,0.906,-84.543
13 157;0.2152,0.958,-75.250
16 121 156;0.4778,0.938,-75.181
16 131 156;0.4620,0.942,-72.286
2 11 124 141 150 156;0.4399,0.946,-67.742
131 141 156;0.4684,0.925,-67.532
121 141 150 156;0.4494,0.934,-65.981
121 131 156;0.4620,0.924,-65.526
2 11 141 150 156;0.4620,0.924,-65.526
11 124 141 150 156;0.4399,0.939,-65.385
2 11 124 141 156;0.4589,0.924,-64.543
131 156;0.4842,0.905,-64.477
2 124 141 150 156;0.4842,0.905,-64.477
2 11 141 156;0.4810,0.905,-63.450
121 141 156;0.4684,0.914,-63.373
2 124 141 156;0.5032,0.888,-63.300
22 157;0.1899,0.952,-63.135
124 141 150 156;0.4842,0.900,-62.556
11 124 141 156;0.4589,0.918,-62.465
7 11 156;0.4652,0.913,-62.389
102 111 121 156;0.4209,0.943,-62.175
124 141 156;0.5032,0.883,-61.503
102 111 156;0.4335,0.932,-61.284
16 156;0.5981,0.804,-61.034
11 25 34 156;0.4177,0.936,-59.013
102 121 156;0.4620,0.901,-57.574
11 141 150 156;0.4620,0.896,-55.741
92 111 121 156;0.3766,0.952,-55.022
7 124 156;0.4525,0.899,-54.809
92 102 156;0.4177,0.923,-54.771
2 11 25 156;0.4241,0.918,-54.476
11 141 156;0.4810,0.879,-54.423
111 121 156;0.4304,0.913,-54.246
122 157;0.2184,0.821,-53.190
4 157;0.1994,0.863,-52.796
2 11 124 156;0.5285,0.839,-52.301
2 141 150 156;0.5095,0.852,-52.057
11 25 124 156;0.3734,0.944,-51.887
72 82 92 156;0.3196,0.981,-51.877
2 11 156;0.5791,0.799,-51.717
111 141 156;0.4209,0.911,-51.696
92 121 156;0.4051,0.921,-51.442
2 102 141 156;0.4747,0.872,-50.898
2 141 156;0.5285,0.835,-50.827
11 34 102 156;0.4241,0.905,-50.668
92 111 156;0.3766,0.937,-50.460
72 92 156;0.3449,0.956,-49.677
7 121 150 156;0.3544,0.949,-49.555
11 124 156;0.5285,0.831,-49.382
92 141 156;0.3797,0.930,-49.129
25 34 124 156;0.4082,0.908,-48.430
11 34 156;0.4968,0.849,-48.140
2 7 156;0.5063,0.842,-48.076
25 34 121 156;0.3576,0.942,-48.049
11 121 150 156;0.4272,0.894,-47.936
34 82 102 156;0.3829,0.924,-47.881
2 124 156;0.5791,0.789,-47.656
121 150 156;0.4684,0.865,-47.520
25 124 156;0.4114,0.903,-47.415
62 92 156;0.3639,0.935,-47.399
25 121 156;0.3639,0.935,-47.399
34 102 124 150 156;0.4177,0.898,-47.245
92 156;0.4241,0.893,-47.124
11 25 156;0.4241,0.893,-47.124
34 102 124 156;0.4304,0.889,-47.050
34 72 102 156;0.3703,0.929,-46.839
2 34 102 156;0.4684,0.860,-45.990
82 102 141 150 156;0.3576,0.934,-45.911
72 82 102 156;0.3481,0.940,-45.828
2 25 34 156;0.4557,0.867,-45.631
72 102 156;0.3734,0.922,-45.607
7 121 156;0.3892,0.911,-45.598
82 102 124 150 156;0.3449,0.940,-45.101
124 156;0.5791,0.782,-45.044
62 102 156;0.3703,0.921,-44.864
82 102 156;0.3861,0.910,-44.842
111 156;0.4462,0.870,-44.688
121 156;0.5127,0.827,-44.363
25 34 52 156;0.3576,0.926,-43.887
52 62 156;0.3797,0.909,-43.354
34 62 156;0.3924,0.899,-42.806
11 62 156;0.3608,0.919,-42.679
25 52 156;0.3608,0.919,-42.679
34 52 156;0.4177,0.880,-42.266
62 156;0.3956,0.893,-41.863
34 102 141 150 156;0.4335,0.867,-41.502
25 43 156;0.3544,0.918,-41.257
52 102 141 150 156;0.3449,0.924,-41.046
34 43 102 156;0.3608,0.912,-40.834
11 102 156;0.4652,0.845,-40.804
34 102 141 156;0.4367,0.863,-40.795
82 141 150 156;0.3576,0.911,-40.133
1 157;0.1139,1.000,-40.094
2 156;0.6329,0.714,-40.094
102 141 150 156;0.4557,0.847,-39.785
43 102 156;0.3639,0.906,-39.768
52 72 156;0.3386,0.922,-39.665
61 150 157;0.1392,0.917,-39.403
43 52 156;0.3766,0.895,-39.193
102 141 156;0.4747,0.833,-39.179
72 141 150 156;0.3449,0.916,-39.176
61 157;0.1646,0.839,-38.676
7 20 38 48 156;0.2405,0.987,-37.781
25 29 34 156;0.2911,0.948,-37.775
52 102 156;0.3766,0.888,-37.580
34 72 141 156;0.3449,0.908,-37.397
7 20 29 48 156;0.2658,0.966,-37.292
7 29 48 156;0.2880,0.948,-37.125
52 156;0.4209,0.858,-37.057
7 141 150 156;0.4082,0.866,-37.038
34 82 141 156;0.3576,0.897,-36.712
11 156;0.5791,0.759,-36.462
72 141 156;0.3481,0.902,-36.362
25 29 156;0.2943,0.939,-36.292
25 34 82 156;0.3291,0.912,-35.839
82 141 156;0.3608,0.891,-35.773
7 141 156;0.4209,0.853,-35.674
123 157;0.1171,0.949,-35.385
34 102 156;0.4684,0.822,-35.031
7 25 82 156;0.2880,0.938,-35.015
141 150 156;0.5095,0.797,-34.594
25 34 72 156;0.3228,0.911,-34.548
25 34 156;0.4557,0.828,-34.515
25 82 156;0.3291,0.904,-34.127
7 29 156;0.3354,0.898,-33.759
7 20 48 67 156;0.2595,0.953,-33.647
25 72 156;0.3259,0.904,-33.491
91 97 150 157;0.1171,0.925,-33.120
141 156;0.5285,0.780,-32.857
7 20 156;0.3513,0.881,-32.296
34 72 82 156;0.3513,0.881,-32.296
91 157;0.1582,0.794,-32.246
7 38 48 57 156;0.2627,0.943,-32.103
7 34 43 156;0.3165,0.901,-31.623
34 72 150 156;0.3449,0.879,-31.046
51 157;0.1297,0.854,-30.527
7 25 156;0.4146,0.834,-30.432
34 72 156;0.3766,0.856,-30.362
7 48 57 67 156;0.2532,0.941,-30.299
7 43 156;0.3165,0.893,-30.047
7 82 150 156;0.2722,0.925,-30.024
7 34 38 48 67 156;0.2152,0.971,-29.966
54 157;0.0949,0.968,-29.669
72 82 156;0.3513,0.867,-29.454
7 38 48 156;0.2785,0.917,-29.428
7 156;0.5063,0.780,-29.301
34 43 156;0.4146,0.829,-29.226
34 82 150 156;0.3608,0.857,-28.600
71 157;0.1329,0.808,-27.382
25 57 77 154 156;0.1677,1.000,-27.206
25 38 67 77 156;0.1677,1.000,-27.206
20 25 38 48 57 67 156;0.1677,1.000,-27.206
34 82 156;0.3861,0.836,-27.204
42 157;0.1108,0.875,-27.110
29 34 156;0.3576,0.850,-26.737
25 77 145 154 156;0.1646,1.000,-26.627
20 25 77 154 156;0.1646,1.000,-26.627
130 136 157;0.1139,0.857,-26.594
25 77 97 156;0.1962,0.969,-26.478
43 156;0.4177,0.815,-26.420
25 152 156;0.2089,0.957,-26.411
25 102 156;0.4114,0.818,-26.304
110 116 157;0.0981,0.912,-26.290
25 87 106 116 156;0.1804,0.983,-26.273
25 57 77 106 156;0.1804,0.983,-26.273
25 57 67 77 156;0.1804,0.983,-26.273
72 150 156;0.3481,0.853,-26.250
140 145 157;0.1171,0.841,-26.169
74 157;0.0918,0.935,-26.118
25 38 57 106 116 156;0.1614,1.000,-26.052
140 157;0.1361,0.782,-25.966
130 157;0.1361,0.782,-25.966
20 25 67 77 156;0.1930,0.968,-25.910
25 77 106 116 156;0.1772,0.982,-25.703
25 38 48 57 97 106 156;0.1772,0.982,-25.703
25 38 48 57 67 97 156;0.1772,0.982,-25.703
25 38 57 67 116 156;0.1582,1.000,-25.479
25 38 57 97 145 156;0.1582,1.000,-25.479
20 25 38 67 87 156;0.1582,1.000,-25.479
25 77 106 156;0.1899,0.968,-25.346
25 38 57 97 106 156;0.1899,0.968,-25.346
34 38 48 67 77 156;0.1899,0.968,-25.346
25 38 48 57 97 156;0.1899,0.968,-25.346
25 57 87 116 154 156;0.1551,1.000,-24.909
20 25 38 48 57 106 156;0.1551,1.000,-24.909
72 156;0.3797,0.828,-24.876
25 143 156;0.2120,0.944,-24.863
25 38 77 156;0.1867,0.967,-24.785
25 57 106 116 156;0.1867,0.967,-24.785
25 87 106 156;0.1994,0.955,-24.729
25 57 77 156;0.1994,0.955,-24.729
34 48 57 67 77 156;0.1994,0.955,-24.729
25 87 116 145 154 156;0.1519,1.000,-24.342
25 38 57 106 145 156;0.1519,1.000,-24.342
25 38 97 136 145 156;0.1519,1.000,-24.342
25 38 136 145 154 156;0.1519,1.000,-24.342
25 38 67 136 145 156;0.1519,1.000,-24.342
25 38 57 145 154 156;0.1519,1.000,-24.342
25 38 57 67 145 156;0.1519,1.000,-24.342
25 77 154 156;0.1835,0.967,-24.228
25 38 48 57 106 156;0.1835,0.967,-24.228
25 38 57 106 156;0.1962,0.954,-24.176
20 25 67 87 156;0.1962,0.954,-24.176
34 48 57 77 156;0.2184,0.932,-24.040
25 57 116 154 156;0.1677,0.981,-24.012
20 25 38 48 57 156;0.1677,0.981,-24.012
20 34 38 48 67 87 156;0.1677,0.981,-24.012
34 152 156;0.2563,0.900,-23.860
25 87 156;0.2563,0.900,-23.860
25 57 106 156;0.2373,0.915,-23.803
25 38 48 57 145 156;0.1487,1.000,-23.777
25 67 77 156;0.2057,0.942,-23.765
34 38 67 77 156;0.2057,0.942,-23.765
82 150 156;0.3608,0.832,-23.756
25 57 67 116 156;0.1804,0.966,-23.675
25 57 145 154 156;0.1804,0.966,-23.675
20 25 38 48 67 156;0.1804,0.966,-23.675
95 104 156;0.2152,0.932,-23.498
25 38 97 145 156;0.1646,0.981,-23.456
25 38 57 97 116 156;0.1646,0.981,-23.456
8 157;0.0949,0.882,-23.397
25 156;0.4652,0.778,-23.347
143 152 156;0.2342,0.914,-23.266
34 38 48 77 156;0.2025,0.941,-23.223
85 104 150 156;0.1772,0.966,-23.125
34 38 77 97 156;0.1899,0.952,-23.081
101 106 157;0.0981,0.861,-22.837
103 157;0.0823,0.929,-22.808
17 157;0.0823,0.929,-22.808
20 34 67 77 156;0.2310,0.913,-22.735
34 55 156;0.1741,0.965,-22.579
20 34 38 48 87 156;0.1741,0.965,-22.579
48 57 67 102 150 156;0.1741,0.965,-22.579
48 57 67 102 156;0.1867,0.952,-22.540
20 34 48 57 67 87 156;0.1867,0.952,-22.540
29 102 156;0.3196,0.849,-22.522
84 150 157;0.0665,1.000,-22.293
34 67 77 156;0.2468,0.897,-22.271
82 156;0.3892,0.809,-22.266
98 157;0.0854,0.900,-21.953
85 104 156;0.2057,0.929,-21.897
34 38 48 57 106 116 156;0.1551,0.980,-21.805
57 67 102 145 150 154 156;0.1551,0.980,-21.805
26 157;0.0949,0.857,-21.800
34 38 87 156;0.2152,0.919,-21.750
127 157;0.0791,0.926,-21.725
84 157;0.0791,0.926,-21.725
75 102 156;0.2342,0.902,-21.689
104 114 156;0.2247,0.910,-21.685
20 34 48 57 87 156;0.1930,0.938,-21.619
57 67 102 116 150 154 156;0.1361,1.000,-21.548
57 67 102 145 154 156;0.1677,0.964,-21.498
34 57 77 106 116 156;0.1804,0.950,-21.469
20 34 38 77 156;0.2025,0.928,-21.372
81 87 157;0.0981,0.838,-21.365
34 38 48 57 67 116 156;0.1519,0.980,-21.261
20 34 48 77 156;0.2120,0.918,-21.229
102 104 156;0.2310,0.901,-21.174
34 38 77 156;0.2310,0.901,-21.174
33 157;0.1171,0.771,-21.122
34 48 57 87 106 156;0.1899,0.938,-21.093
95 143 150 156;0.1646,0.963,-20.962
34 57 87 116 154 156;0.1646,0.963,-20.962
34 48 77 145 154 156;0.1646,0.963,-20.962
104 134 150 156;0.1772,0.949,-20.940
85 143 150 156;0.1772,0.949,-20.940
34 48 77 145 156;0.1772,0.949,-20.940
34 48 57 106 116 156;0.1772,0.949,-20.940
34 48 77 97 106 156;0.1772,0.949,-20.940
113 157;0.0823,0.897,-20.897
34 48 57 67 87 156;0.1994,0.926,-20.852
143 150 156;0.2468,0.886,-20.840
34 38 48 97 156;0.2373,0.893,-20.727
95 134 150 156;0.1487,0.979,-20.720
57 67 102 116 154 156;0.1487,0.979,-20.720
57 67 102 156;0.2089,0.917,-20.713
34 48 57 87 156;0.2184,0.908,-20.655
104 156;0.2848,0.857,-20.454
34 48 57 116 154 156;0.1614,0.962,-20.431
34 38 48 57 116 156;0.1614,0.962,-20.431
34 48 77 87 106 156;0.1741,0.948,-20.414
34 38 67 97 136 156;0.1741,0.948,-20.414
34 48 87 106 156;0.1962,0.925,-20.336
34 38 48 67 156;0.2437,0.885,-20.335
81 150 157;0.0854,0.871,-20.262
110 136 157;0.0854,0.871,-20.262
20 34 57 67 87 156;0.2057,0.915,-20.201
55 95 102 156;0.1456,0.979,-20.183
34 38 48 156;0.2753,0.861,-20.168
101 157;0.1139,0.766,-20.164
20 34 67 87 156;0.2247,0.899,-20.157
102 156;0.5127,0.743,-20.063
34 48 57 116 156;0.1835,0.935,-20.053
20 34 87 156;0.2500,0.878,-19.991
34 87 156;0.3038,0.842,-19.969
34 156;0.5443,0.729,-19.946
143 156;0.2880,0.850,-19.773
142 157;0.0728,0.920,-19.589
138 157;0.0665,0.955,-19.570
81 157;0.1076,0.773,-19.358
95 114 150 156;0.1899,0.923,-19.316
152 156;0.2753,0.853,-18.980
12 157;0.0759,0.889,-18.817
29 48 57 67 77 156;0.2152,0.895,-18.668
64 157;0.0633,0.952,-18.492
110 157;0.1108,0.745,-18.199
95 114 156;0.2120,0.893,-18.181
38 48 57 67 77 156;0.2025,0.901,-18.160
55 114 156;0.1329,0.977,-18.065
48 57 67 77 156;0.2278,0.878,-17.890
95 134 156;0.1582,0.943,-17.843
114 156;0.3038,0.828,-17.831
55 95 156;0.1456,0.958,-17.825
29 38 48 57 156;0.2595,0.854,-17.754
29 48 57 67 156;0.2722,0.843,-17.386
95 150 156;0.2310,0.869,-17.103
20 38 48 57 67 156;0.2310,0.869,-17.103
20 38 48 57 156;0.2627,0.847,-17.095
55 75 156;0.1266,0.976,-17.025
29 48 57 156;0.3101,0.817,-16.771
95 156;0.2595,0.845,-16.637
88 157;0.0633,0.909,-16.465
38 48 57 156;0.3006,0.819,-16.378
128 157;0.0570,0.947,-16.365
29 38 48 80 156;0.1044,1.000,-16.160
65 75 156;0.1456,0.939,-15.857
155 157;0.0665,0.875,-15.785
107 157;0.0665,0.875,-15.785
132 146 157;0.0475,1.000,-15.640
146 157;0.0791,0.806,-15.523
29 57 67 77 156;0.2278,0.857,-15.470
48 57 77 97 106 156;0.1835,0.892,-15.321
55 85 156;0.1297,0.953,-15.310
20 77 134 156;0.0981,1.000,-15.112
21 157;0.0633,0.870,-14.799
45 157;0.0759,0.800,-14.598
29 48 70 80 156;0.0949,1.000,-14.592
20 29 38 48 156;0.2595,0.828,-14.576
29 48 80 156;0.1108,0.972,-14.479
35 157;0.0570,0.900,-14.437
29 48 156;0.3608,0.776,-14.266
67 77 134 156;0.0918,1.000,-14.074
20 23 48 57 150 156;0.0918,1.000,-14.074
57 67 77 156;0.2405,0.835,-14.011
20 23 48 57 156;0.1076,0.971,-13.980
134 150 156;0.2247,0.845,-13.945
48 57 77 156;0.2468,0.830,-13.864
29 38 57 67 156;0.2468,0.830,-13.864
29 38 57 156;0.2753,0.813,-13.861
20 48 57 67 87 156;0.1994,0.863,-13.809
20 29 38 156;0.2880,0.805,-13.739
38 48 67 77 156;0.2152,0.850,-13.732
48 57 67 156;0.2943,0.802,-13.696
39 157;0.0728,0.793,-13.688
38 48 77 97 106 156;0.1614,0.895,-13.514
48 70 80 156;0.1044,0.971,-13.484
29 38 80 156;0.1044,0.971,-13.484
31 157;0.0411,1.000,-13.476
108 150 157;0.0411,1.000,-13.476
85 150 156;0.2437,0.828,-13.449
68 157;0.0538,0.895,-13.440
117 150 157;0.0538,0.895,-13.440
55 134 156;0.1171,0.949,-13.362
48 57 80 156;0.1171,0.949,-13.362
23 48 57 156;0.1171,0.949,-13.362
65 85 156;0.1392,0.917,-13.236
132 157;0.1139,0.655,-13.229
29 57 67 97 116 156;0.1772,0.875,-13.146
38 57 77 97 106 156;0.1677,0.883,-13.085
137 157;0.0665,0.808,-13.046
57 77 134 156;0.0854,1.000,-13.045
20 23 48 70 156;0.0854,1.000,-13.045
20 29 67 77 156;0.2468,0.821,-12.918
20 38 48 156;0.2880,0.798,-12.888
38 48 80 156;0.1139,0.947,-12.885
29 57 67 156;0.2943,0.795,-12.858
48 77 97 106 156;0.1835,0.866,-12.822
29 67 77 156;0.2532,0.816,-12.813
30 157;0.0696,0.786,-12.793
38 48 77 106 116 156;0.1551,0.891,-12.632
20 29 156;0.3766,0.758,-12.581
48 57 87 97 106 156;0.1899,0.857,-12.540
23 50 156;0.0823,1.000,-12.535
23 60 156;0.0823,1.000,-12.535
18 55 156;0.0823,1.000,-12.535
20 48 57 87 156;0.2057,0.844,-12.485
108 157;0.0506,0.889,-12.455
29 80 156;0.1108,0.946,-12.411
23 29 150 156;0.1108,0.946,-12.411
147 157;0.0380,1.000,-12.403
78 150 157;0.0380,1.000,-12.403
58 112 157;0.0380,1.000,-12.403
48 57 156;0.3576,0.764,-12.341
29 57 77 97 106 156;0.1709,0.871,-12.295
99 157;0.0443,0.933,-12.225
53 58 157;0.0443,0.933,-12.225
38 48 87 106 116 156;0.1519,0.889,-12.198
75 150 156;0.2184,0.831,-12.123
48 80 156;0.1203,0.927,-12.074
41 50 156;0.0791,1.000,-12.026
70 134 156;0.0791,1.000,-12.026
29 50 70 156;0.0791,1.000,-12.026
48 70 90 156;0.0791,1.000,-12.026
20 41 48 156;0.0791,1.000,-12.026
29 38 60 70 156;0.0791,1.000,-12.026
23 38 48 70 156;0.0791,1.000,-12.026
48 60 70 156;0.0949,0.968,-12.014
55 156;0.1772,0.862,-11.987
20 38 57 80 156;0.1076,0.944,-11.941
94 157;0.0538,0.850,-11.919
112 157;0.1139,0.632,-11.901
38 48 87 106 156;0.1677,0.869,-11.876
134 156;0.2658,0.800,-11.807
29 57 156;0.3354,0.768,-11.786
57 77 97 106 116 156;0.1835,0.853,-11.721
57 77 97 106 156;0.1994,0.840,-11.681
75 156;0.2500,0.806,-11.555
117 157;0.0570,0.818,-11.537
29 156;0.4272,0.734,-11.522
41 48 60 156;0.0759,1.000,-11.520
20 23 41 156;0.0759,1.000,-11.520
89 157;0.0475,0.882,-11.484
70 80 156;0.1044,0.943,-11.475
20 48 67 77 156;0.2278,0.818,-11.460
18 150 156;0.1266,0.909,-11.441
23 48 156;0.1266,0.909,-11.441
38 57 87 106 116 156;0.1551,0.875,-11.383
38 57 77 106 116 156;0.1551,0.875,-11.383
151 157;0.0411,0.929,-11.216
38 57 106 116 156;0.1709,0.857,-11.173
38 57 77 106 156;0.1709,0.857,-11.173
38 48 77 106 156;0.1709,0.857,-11.173
57 77 106 116 156;0.1867,0.843,-11.094
38 57 77 156;0.2247,0.816,-11.079
20 67 77 156;0.2595,0.796,-11.054
85 156;0.2722,0.789,-10.974
38 67 77 156;0.2310,0.811,-10.974
38 48 97 106 156;0.2089,0.825,-10.955
48 77 106 116 156;0.1772,0.848,-10.922
38 77 97 106 156;0.1677,0.855,-10.773
38 57 87 97 106 156;0.1677,0.855,-10.773
38 57 80 156;0.1108,0.921,-10.724
20 38 80 156;0.1108,0.921,-10.724
58 157;0.0538,0.810,-10.638
50 70 156;0.0854,0.964,-10.574
60 80 156;0.0854,0.964,-10.574
38 60 70 156;0.0854,0.964,-10.574
57 67 87 156;0.2342,0.804,-10.514
48 87 97 106 156;0.1899,0.833,-10.514
23 41 80 156;0.0696,1.000,-10.514
41 57 80 156;0.0696,1.000,-10.514
23 38 41 156;0.0696,1.000,-10.514
38 80 100 156;0.0696,1.000,-10.514
48 67 77 109 156;0.0696,1.000,-10.514
20 48 77 109 156;0.0696,1.000,-10.514
20 38 57 67 156;0.2405,0.800,-10.440
38 87 106 116 156;0.1646,0.852,-10.379
48 77 106 156;0.1962,0.827,-10.349
38 48 70 156;0.1076,0.919,-10.283
38 48 67 156;0.2785,0.779,-10.212
48 87 106 156;0.2025,0.821,-10.205
38 48 106 116 136 156;0.1456,0.868,-10.159
38 48 106 116 156;0.1709,0.844,-10.144
38 57 87 106 156;0.1709,0.844,-10.144
20 48 70 156;0.1171,0.902,-10.143
18 156;0.1361,0.878,-10.102
20 48 90 156;0.0823,0.963,-10.101
23 57 80 156;0.0823,0.963,-10.101
60 70 156;0.0949,0.938,-10.100
78 157;0.0475,0.833,-10.071
48 67 77 156;0.2437,0.794,-10.019
70 90 100 156;0.0665,1.000,-10.014
38 41 60 156;0.0665,1.000,-10.014
20 41 80 156;0.0665,1.000,-10.014
20 38 41 70 156;0.0665,1.000,-10.014
38 48 136 145 154 156;0.1772,0.836,-9.941
38 57 67 97 136 145 156;0.1519,0.857,-9.861
20 38 57 156;0.2816,0.774,-9.855
38 48 77 156;0.2278,0.800,-9.794
57 87 97 106 116 156;0.1835,0.829,-9.764
38 48 106 136 156;0.1677,0.841,-9.764
79 157;0.0506,0.800,-9.756
20 57 80 156;0.1139,0.900,-9.720
57 77 106 156;0.2057,0.812,-9.717
20 38 156;0.3291,0.754,-9.698
20 48 60 156;0.0918,0.935,-9.650
57 67 80 156;0.0918,0.935,-9.650
70 90 156;0.0791,0.962,-9.631
23 41 156;0.0791,0.962,-9.631
20 41 70 156;0.0791,0.962,-9.631
38 57 67 136 145 156;0.1582,0.847,-9.607
20 139 148 156;0.0633,1.000,-9.517
20 48 139 156;0.0633,1.000,-9.517
50 80 150 156;0.0633,1.000,-9.517
80 90 100 156;0.0633,1.000,-9.517
77 80 100 156;0.0633,1.000,-9.517
48 67 87 109 156;0.0633,1.000,-9.517
20 48 87 109 156;0.0633,1.000,-9.517
38 57 97 106 136 145 156;0.1487,0.855,-9.474
38 77 106 116 156;0.1646,0.839,-9.388
38 57 67 97 116 156;0.1646,0.839,-9.388
133 157;0.0570,0.750,-9.378
38 57 97 106 156;0.2089,0.805,-9.259
57 87 106 116 156;0.1867,0.819,-9.249
77 97 106 116 156;0.1867,0.819,-9.249
57 67 97 116 156;0.1867,0.819,-9.249
38 67 97 136 145 156;0.1551,0.845,-9.229
38 57 67 116 156;0.1709,0.831,-9.199
67 77 156;0.2753,0.770,-9.174
49 157;0.0443,0.824,-9.170
41 60 156;0.0759,0.960,-9.165
20 80 90 156;0.0759,0.960,-9.165
67 87 106 116 156;0.1772,0.824,-9.036
38 57 97 116 156;0.1772,0.824,-9.036
67 139 148 156;0.0601,1.000,-9.022
48 67 139 156;0.0601,1.000,-9.022
48 60 90 156;0.0601,1.000,-9.022
38 48 50 150 156;0.0601,1.000,-9.022
77 106 116 156;0.1994,0.808,-9.009
57 97 106 116 156;0.1994,0.808,-9.009
20 23 57 150 156;0.0981,0.912,-8.986
20 48 77 156;0.2405,0.784,-8.939
20 48 67 87 156;0.2057,0.802,-8.912
38 87 106 156;0.1835,0.817,-8.894
38 48 136 145 156;0.1835,0.817,-8.894
57 80 156;0.1171,0.881,-8.869
20 80 156;0.1171,0.881,-8.869
38 57 106 136 145 156;0.1519,0.842,-8.857
38 57 67 156;0.2658,0.771,-8.847
57 77 156;0.2722,0.768,-8.843
38 67 136 145 156;0.1677,0.828,-8.837
48 50 156;0.0854,0.931,-8.763
41 48 156;0.0854,0.931,-8.763
38 67 80 156;0.0854,0.931,-8.763
20 23 70 156;0.0854,0.931,-8.763
50 80 156;0.0728,0.958,-8.703
48 67 109 156;0.0728,0.958,-8.703
20 48 109 156;0.0728,0.958,-8.703
67 80 90 156;0.0728,0.958,-8.703
38 106 116 136 156;0.1582,0.833,-8.655
38 57 116 154 156;0.1582,0.833,-8.655
38 48 156;0.3418,0.740,-8.584
48 97 106 156;0.2437,0.778,-8.574
77 97 106 156;0.2025,0.800,-8.571
38 57 136 145 154 156;0.1804,0.814,-8.544
100 109 156;0.0570,1.000,-8.529
87 109 119 156;0.0570,1.000,-8.529
67 109 119 156;0.0570,1.000,-8.529
57 109 119 156;0.0570,1.000,-8.529
20 109 119 156;0.0570,1.000,-8.529
48 109 119 156;0.0570,1.000,-8.529
87 139 148 156;0.0570,1.000,-8.529
67 97 139 156;0.0570,1.000,-8.529
20 97 139 156;0.0570,1.000,-8.529
41 80 150 156;0.0570,1.000,-8.529
38 87 97 139 156;0.0570,1.000,-8.529
57 87 97 106 156;0.2089,0.795,-8.492
67 87 116 145 154 156;0.1646,0.825,-8.481
57 87 97 116 154 156;0.1646,0.825,-8.481
23 38 150 156;0.1044,0.892,-8.480
38 80 156;0.1139,0.878,-8.472
38 57 87 97 156;0.1867,0.808,-8.426
38 57 156;0.3228,0.745,-8.420
38 67 87 116 145 156;0.1392,0.846,-8.345
57 87 116 154 156;0.1709,0.818,-8.330
23 80 156;0.0823,0.929,-8.326
20 48 148 156;0.0823,0.929,-8.326
41 80 156;0.0696,0.957,-8.244
80 100 156;0.0696,0.957,-8.244
50 57 150 156;0.0696,0.957,-8.244
48 90 100 156;0.0696,0.957,-8.244
38 41 70 156;0.0696,0.957,-8.244
87 106 116 156;0.1994,0.797,-8.236
57 67 116 154 156;0.1772,0.812,-8.200
59 106 157;0.0253,1.000,-8.175
67 80 156;0.0918,0.906,-8.145
48 70 156;0.1203,0.864,-8.133
20 23 150 156;0.1203,0.864,-8.133
38 106 136 145 156;0.1614,0.823,-8.130
27 156;0.1456,0.836,-8.128
38 77 106 156;0.1835,0.806,-8.088
59 157;0.0443,0.778,-8.046
57 87 106 156;0.2184,0.784,-8.042
87 119 139 156;0.0538,1.000,-8.038
97 119 139 156;0.0538,1.000,-8.038
67 119 139 156;0.0538,1.000,-8.038
57 119 139 156;0.0538,1.000,-8.038
38 119 139 156;0.0538,1.000,-8.038
20 119 139 156;0.0538,1.000,-8.038
48 119 139 156;0.0538,1.000,-8.038
77 109 119 156;0.0538,1.000,-8.038
38 109 119 156;0.0538,1.000,-8.038
87 119 148 156;0.0538,1.000,-8.038
97 119 148 156;0.0538,1.000,-8.038
67 119 148 156;0.0538,1.000,-8.038
57 119 148 156;0.0538,1.000,-8.038
38 119 148 156;0.0538,1.000,-8.038
20 119 148 156;0.0538,1.000,-8.038
48 119 148 156;0.0538,1.000,-8.038
77 139 148 156;0.0538,1.000,-8.038
87 97 106 139 156;0.0538,1.000,-8.038
38 77 97 139 156;0.0538,1.000,-8.038
67 87 116 145 156;0.1677,0.815,-7.986
20 67 87 156;0.2373,0.773,-7.933
57 67 116 156;0.1962,0.795,-7.907
20 41 156;0.0791,0.926,-7.893
48 67 90 156;0.0791,0.926,-7.893
23 38 70 156;0.0791,0.926,-7.893
23 57 67 150 156;0.0791,0.926,-7.893
48 53 157;0.0759,0.632,-7.862
77 87 106 156;0.2025,0.790,-7.835
70 100 156;0.0665,0.955,-7.789
38 90 100 156;0.0665,0.955,-7.789
20 57 60 150 156;0.0665,0.955,-7.789
23 70 156;0.0886,0.903,-7.733
20 48 87 156;0.2152,0.782,-7.724
38 70 156;0.1076,0.872,-7.693
20 48 67 156;0.2975,0.746,-7.682
20 57 67 156;0.2848,0.750,-7.628
57 67 97 156;0.2405,0.768,-7.601
38 67 116 145 154 156;0.1487,0.825,-7.596
106 119 139 156;0.0506,1.000,-7.549
77 119 139 156;0.0506,1.000,-7.549
106 119 148 156;0.0506,1.000,-7.549
38 106 119 156;0.0506,1.000,-7.549
50 90 150 156;0.0506,1.000,-7.549
38 60 90 156;0.0506,1.000,-7.549
57 106 116 154 156;0.1709,0.806,-7.530
48 77 145 154 156;0.1709,0.806,-7.530
23 38 156;0.1234,0.848,-7.489
80 90 156;0.0759,0.923,-7.466
38 67 116 145 156;0.1551,0.817,-7.445
38 67 97 106 136 156;0.1551,0.817,-7.445
57 97 116 154 156;0.1772,0.800,-7.428
20 23 57 156;0.1139,0.857,-7.384
38 106 116 156;0.1835,0.795,-7.341
67 87 97 106 156;0.1835,0.795,-7.341
20 139 156;0.0633,0.952,-7.338
48 139 148 156;0.0633,0.952,-7.338
77 90 100 156;0.0633,0.952,-7.338
48 77 90 156;0.0633,0.952,-7.338
48 60 67 156;0.0633,0.952,-7.338
50 57 156;0.0854,0.900,-7.325
67 87 106 145 154 156;0.1614,0.810,-7.315
48 60 156;0.0949,0.882,-7.286
23 67 150 156;0.0949,0.882,-7.286
57 87 97 116 156;0.1899,0.789,-7.266
38 136 145 154 156;0.1899,0.789,-7.266
48 87 97 116 145 154 156;0.1456,0.821,-7.255
57 67 156;0.3165,0.735,-7.244
38 97 106 136 156;0.1677,0.803,-7.203
38 77 97 156;0.1962,0.785,-7.202
57 106 116 156;0.2025,0.780,-7.148
67 87 106 156;0.2025,0.780,-7.148
118 150 157;0.0222,1.000,-7.133
80 156;0.1203,0.844,-7.130
38 67 87 145 156;0.1519,0.814,-7.111
48 87 116 145 154 156;0.1519,0.814,-7.111
48 77 97 116 145 156;0.1519,0.814,-7.111
67 97 106 116 145 154 156;0.1519,0.814,-7.111
48 67 87 97 145 154 156;0.1519,0.814,-7.111
87 116 145 154 156;0.1741,0.797,-7.107
119 129 156;0.0475,1.000,-7.062
129 148 156;0.0475,1.000,-7.062
32 41 156;0.0475,1.000,-7.062
116 139 156;0.0475,1.000,-7.062
97 129 139 156;0.0475,1.000,-7.062
48 129 139 156;0.0475,1.000,-7.062
87 97 129 156;0.0475,1.000,-7.062
48 87 129 156;0.0475,1.000,-7.062
106 109 119 156;0.0475,1.000,-7.062
97 109 119 156;0.0475,1.000,-7.062
77 106 119 156;0.0475,1.000,-7.062
48 90 109 156;0.0475,1.000,-7.062
38 109 148 156;0.0475,1.000,-7.062
48 109 148 156;0.0475,1.000,-7.062
41 67 90 156;0.0475,1.000,-7.062
41 57 90 156;0.0475,1.000,-7.062
41 90 150 156;0.0475,1.000,-7.062
60 90 150 156;0.0475,1.000,-7.062
106 109 139 148 156;0.0475,1.000,-7.062
97 109 139 148 156;0.0475,1.000,-7.062
57 109 139 148 156;0.0475,1.000,-7.062
97 106 109 139 156;0.0475,1.000,-7.062
48 106 109 139 156;0.0475,1.000,-7.062
38 97 109 139 156;0.0475,1.000,-7.062
23 145 150 154 156;0.0475,1.000,-7.062
38 67 87 97 109 156;0.0475,1.000,-7.062
20 77 156;0.2848,0.744,-7.061
38 50 156;0.0728,0.920,-7.043
38 97 106 156;0.2215,0.769,-7.038
20 87 97 106 156;0.1804,0.792,-7.025
38 67 97 136 156;0.1804,0.792,-7.025
87 106 156;0.2342,0.763,-6.999
20 57 87 156;0.2342,0.763,-6.999
38 116 136 145 156;0.1582,0.806,-6.988
48 77 87 145 156;0.1582,0.806,-6.988
57 116 154 156;0.1867,0.787,-6.954
38 106 136 156;0.1867,0.787,-6.954
48 77 87 97 156;0.1867,0.787,-6.954
48 90 156;0.0823,0.897,-6.923
41 70 156;0.0823,0.897,-6.923
48 106 116 156;0.1930,0.782,-6.895
38 119 156;0.0601,0.950,-6.891
67 139 156;0.0601,0.950,-6.891
60 90 156;0.0601,0.950,-6.891
77 87 119 156;0.0601,0.950,-6.891
48 77 119 156;0.0601,0.950,-6.891
57 139 148 156;0.0601,0.950,-6.891
48 87 148 156;0.0601,0.950,-6.891
38 67 87 109 156;0.0601,0.950,-6.891
38 87 97 148 156;0.0601,0.950,-6.891
38 67 97 148 156;0.0601,0.950,-6.891
48 67 97 148 156;0.0601,0.950,-6.891
40 157;0.0316,0.833,-6.843
48 77 97 156;0.2057,0.774,-6.803
20 48 156;0.3513,0.721,-6.786
38 77 116 145 156;0.1487,0.810,-6.784
48 77 156;0.2753,0.744,-6.751
77 106 145 156;0.1772,0.789,-6.715
38 77 156;0.2563,0.750,-6.704
48 67 87 97 145 156;0.1551,0.803,-6.668
90 100 156;0.0696,0.917,-6.625
38 67 109 156;0.0696,0.917,-6.625
109 116 156;0.0443,1.000,-6.577
77 97 129 156;0.0443,1.000,-6.577
60 77 100 156;0.0443,1.000,-6.577
97 106 116 145 154 156;0.1614,0.797,-6.568
67 106 116 145 154 156;0.1614,0.797,-6.568
67 97 116 145 154 156;0.1614,0.797,-6.568
48 67 87 145 154 156;0.1614,0.797,-6.568
48 106 136 156;0.1962,0.775,-6.546
20 67 90 156;0.0791,0.893,-6.526
20 57 90 156;0.0791,0.893,-6.526
20 57 60 156;0.0886,0.875,-6.518
65 156;0.2025,0.771,-6.508
38 136 145 156;0.2025,0.771,-6.508
57 97 116 156;0.2089,0.767,-6.476
36 150 156;0.1456,0.807,-6.462
38 87 116 145 156;0.1456,0.807,-6.462
48 87 97 116 145 156;0.1456,0.807,-6.462
57 87 156;0.2658,0.743,-6.451
109 119 156;0.0570,0.947,-6.448
97 139 148 156;0.0570,0.947,-6.448
38 139 148 156;0.0570,0.947,-6.448
87 97 139 156;0.0570,0.947,-6.448
38 87 139 156;0.0570,0.947,-6.448
48 87 139 156;0.0570,0.947,-6.448
38 97 139 156;0.0570,0.947,-6.448
48 116 148 156;0.0570,0.947,-6.448
48 67 156;0.3418,0.720,-6.439
67 116 145 154 156;0.1741,0.786,-6.411
48 93 157;0.0601,0.633,-6.364
48 87 116 145 156;0.1519,0.800,-6.353
118 157;0.0253,0.889,-6.351
23 57 150 156;0.1044,0.846,-6.304
67 87 145 154 156;0.1867,0.776,-6.297
20 23 156;0.1361,0.811,-6.267
48 87 97 145 154 156;0.1582,0.794,-6.260
67 87 145 156;0.1930,0.772,-6.254
50 60 150 156;0.0665,0.913,-6.212
57 60 150 156;0.0665,0.913,-6.212
20 60 150 156;0.0665,0.913,-6.212
38 97 148 156;0.0665,0.913,-6.212
53 157;0.1076,0.531,-6.186
48 87 97 145 156;0.1646,0.788,-6.181
38 60 156;0.0854,0.871,-6.143
48 148 156;0.0854,0.871,-6.143
48 145 154 156;0.2310,0.753,-6.136
70 77 136 157;0.0190,1.000,-6.097
70 97 154 157;0.0190,1.000,-6.097
37 156;0.0411,1.000,-6.095
97 109 129 156;0.0411,1.000,-6.095
48 109 129 156;0.0411,1.000,-6.095
32 48 154 156;0.0411,1.000,-6.095
106 116 119 156;0.0411,1.000,-6.095
5 77 116 156;0.0411,1.000,-6.095
23 67 100 156;0.0411,1.000,-6.095
20 97 100 148 156;0.0411,1.000,-6.095
38 44 106 150 156;0.0411,1.000,-6.095
83 157;0.0949,0.545,-6.049
67 106 116 136 145 156;0.1487,0.797,-6.045
32 48 156;0.0538,0.944,-6.010
119 139 156;0.0538,0.944,-6.010
106 139 148 156;0.0538,0.944,-6.010
97 106 139 156;0.0538,0.944,-6.010
48 106 139 156;0.0538,0.944,-6.010
77 97 139 156;0.0538,0.944,-6.010
23 67 90 156;0.0538,0.944,-6.010
23 57 90 156;0.0538,0.944,-6.010
69 157;0.0285,0.818,-5.967
38 97 116 145 156;0.1551,0.790,-5.958
106 116 136 145 154 156;0.1551,0.790,-5.958
67 97 106 116 145 156;0.1551,0.790,-5.958
77 97 116 145 154 156;0.1551,0.790,-5.958
23 150 156;0.1329,0.808,-5.950
20 70 156;0.1171,0.822,-5.912
57 97 106 156;0.2532,0.741,-5.892
67 106 136 145 154 156;0.1614,0.785,-5.884
67 97 136 145 154 156;0.1614,0.785,-5.884
38 67 97 145 154 156;0.1614,0.785,-5.884
77 106 156;0.2215,0.753,-5.868
20 60 156;0.0918,0.853,-5.848
46 150 156;0.1392,0.800,-5.838
77 116 145 154 156;0.1677,0.779,-5.821
67 97 116 145 156;0.1677,0.779,-5.821
67 106 136 145 156;0.1677,0.779,-5.821
67 97 136 145 156;0.1677,0.779,-5.821
38 67 97 145 156;0.1677,0.779,-5.821
87 119 156;0.0633,0.909,-5.805
67 119 156;0.0633,0.909,-5.805
57 119 156;0.0633,0.909,-5.805
20 119 156;0.0633,0.909,-5.805
48 119 156;0.0633,0.909,-5.805
139 148 156;0.0633,0.909,-5.805
67 87 109 156;0.0633,0.909,-5.805
20 87 109 156;0.0633,0.909,-5.805
48 87 109 156;0.0633,0.909,-5.805
20 97 148 156;0.0633,0.909,-5.805
20 90 156;0.0823,0.867,-5.774
41 57 156;0.0823,0.867,-5.774
48 87 145 156;0.1741,0.775,-5.769
97 106 116 145 156;0.1741,0.775,-5.769
77 87 145 154 156;0.1741,0.775,-5.769
38 67 145 154 156;0.1741,0.775,-5.769
23 57 156;0.1234,0.812,-5.764
20 67 156;0.3449,0.712,-5.762
67 109 156;0.0728,0.885,-5.750
38 67 87 116 136 154 156;0.1456,0.793,-5.743
38 67 145 156;0.1804,0.770,-5.724
67 116 145 156;0.1867,0.766,-5.688
38 116 145 154 156;0.1519,0.787,-5.662
38 87 97 145 156;0.1519,0.787,-5.662
67 106 116 136 154 156;0.1519,0.787,-5.662
38 67 87 97 116 156;0.1519,0.787,-5.662
38 67 116 136 154 156;0.1519,0.787,-5.662
38 67 156;0.3038,0.722,-5.645
97 106 116 156;0.2057,0.756,-5.619
23 67 156;0.0981,0.838,-5.615
19 156;0.0380,1.000,-5.614
100 129 156;0.0380,1.000,-5.614
41 100 156;0.0380,1.000,-5.614
32 60 154 156;0.0380,1.000,-5.614
100 119 148 156;0.0380,1.000,-5.614
87 100 139 156;0.0380,1.000,-5.614
50 100 150 156;0.0380,1.000,-5.614
5 38 116 156;0.0380,1.000,-5.614
87 100 148 156;0.0380,1.000,-5.614
67 97 100 148 156;0.0380,1.000,-5.614
106 119 156;0.0506,0.941,-5.577
50 90 156;0.0506,0.941,-5.577
77 119 148 156;0.0506,0.941,-5.577
77 97 119 156;0.0506,0.941,-5.577
106 116 148 156;0.0506,0.941,-5.577
97 116 148 156;0.0506,0.941,-5.577
38 116 145 156;0.1646,0.776,-5.536
38 87 145 156;0.1646,0.776,-5.536
106 116 136 145 156;0.1646,0.776,-5.536
106 116 136 154 156;0.1646,0.776,-5.536
106 116 145 154 156;0.1709,0.771,-5.487
77 97 116 145 156;0.1709,0.771,-5.487
20 87 145 154 156;0.1772,0.767,-5.447
67 136 145 154 156;0.1835,0.763,-5.415
50 60 156;0.0791,0.862,-5.412
67 90 156;0.0791,0.862,-5.412
77 119 156;0.0601,0.905,-5.404
38 87 109 156;0.0601,0.905,-5.404
87 97 148 156;0.0601,0.905,-5.404
38 87 148 156;0.0601,0.905,-5.404
67 97 148 156;0.0601,0.905,-5.404
67 106 116 156;0.1899,0.759,-5.388
50 150 156;0.0696,0.880,-5.371
44 157;0.1108,0.507,-5.262
87 97 116 145 156;0.1677,0.768,-5.212
20 87 156;0.2627,0.728,-5.188
106 116 136 156;0.1741,0.764,-5.176
38 106 145 156;0.1741,0.764,-5.176
67 87 97 116 156;0.1741,0.764,-5.176
50 156;0.0854,0.844,-5.154
129 139 156;0.0475,0.938,-5.148
87 129 156;0.0475,0.938,-5.148
97 129 156;0.0475,0.938,-5.148
90 109 156;0.0475,0.938,-5.148
41 90 156;0.0475,0.938,-5.148
106 109 139 156;0.0475,0.938,-5.148
97 109 139 156;0.0475,0.938,-5.148
38 109 139 156;0.0475,0.938,-5.148
48 109 139 156;0.0475,0.938,-5.148
106 109 148 156;0.0475,0.938,-5.148
87 109 148 156;0.0475,0.938,-5.148
97 109 148 156;0.0475,0.938,-5.148
57 109 148 156;0.0475,0.938,-5.148
20 109 148 156;0.0475,0.938,-5.148
38 148 154 156;0.0475,0.938,-5.148
20 156;0.4430,0.686,-5.147
116 129 156;0.0348,1.000,-5.136
70 119 156;0.0348,1.000,-5.136
139 145 156;0.0348,1.000,-5.136
77 100 139 156;0.0348,1.000,-5.136
5 77 87 156;0.0348,1.000,-5.136
60 100 150 156;0.0348,1.000,-5.136
77 100 148 156;0.0348,1.000,-5.136
44 106 136 150 156;0.0348,1.000,-5.136
38 106 156;0.2437,0.733,-5.125
77 97 116 156;0.1994,0.750,-5.094
57 136 145 154 156;0.1994,0.750,-5.094
48 87 97 156;0.2120,0.744,-5.084
82 100 157;0.0158,1.000,-5.066
60 72 157;0.0158,1.000,-5.066
80 106 150 157;0.0158,1.000,-5.066
70 97 145 157;0.0158,1.000,-5.066
70 106 136 157;0.0158,1.000,-5.066
70 106 154 157;0.0158,1.000,-5.066
70 106 150 157;0.0158,1.000,-5.066
70 87 136 157;0.0158,1.000,-5.066
70 87 154 157;0.0158,1.000,-5.066
70 97 136 157;0.0158,1.000,-5.066
34 70 136 157;0.0158,1.000,-5.066
48 109 156;0.0759,0.857,-5.056
23 156;0.1519,0.774,-5.031
38 87 116 136 154 156;0.1519,0.774,-5.031
93 157;0.0886,0.528,-5.026
87 139 156;0.0570,0.900,-5.009
97 139 156;0.0570,0.900,-5.009
38 139 156;0.0570,0.900,-5.009
77 97 148 156;0.0570,0.900,-5.009
60 150 156;0.0665,0.875,-4.999
97 148 156;0.0665,0.875,-4.999
48 106 156;0.2658,0.724,-4.973
65 97 136 145 157;0.0285,0.750,-4.956
57 60 156;0.0918,0.829,-4.952
67 87 156;0.2595,0.726,-4.946
48 97 116 145 156;0.1646,0.765,-4.944
77 87 116 145 156;0.1709,0.761,-4.912
97 116 145 154 156;0.1709,0.761,-4.912
67 97 106 136 156;0.1709,0.761,-4.912
48 116 145 156;0.1772,0.757,-4.886
106 116 145 156;0.1835,0.753,-4.866
87 116 145 156;0.1835,0.753,-4.866
67 136 145 156;0.1899,0.750,-4.851
77 145 154 156;0.1899,0.750,-4.851
67 97 106 156;0.2215,0.737,-4.843
87 145 154 156;0.1962,0.747,-4.841
38 145 154 156;0.2025,0.744,-4.836
77 87 97 156;0.2089,0.742,-4.835
38 148 156;0.0823,0.839,-4.817
67 70 156;0.0823,0.839,-4.817
57 156;0.4082,0.690,-4.815
38 156;0.4082,0.690,-4.815
70 156;0.1203,0.792,-4.747
77 129 156;0.0443,0.933,-4.725
77 109 148 156;0.0443,0.933,-4.725
60 67 100 156;0.0443,0.933,-4.725
48 87 156;0.2500,0.725,-4.685
126 154 156;0.0316,1.000,-4.659
32 150 156;0.0316,1.000,-4.659
67 126 136 156;0.0316,1.000,-4.659
67 97 126 156;0.0316,1.000,-4.659
90 97 106 156;0.0316,1.000,-4.659
100 116 148 156;0.0316,1.000,-4.659
44 77 116 150 156;0.0316,1.000,-4.659
116 136 145 154 156;0.1677,0.757,-4.653
48 139 156;0.0633,0.870,-4.633
77 90 156;0.0633,0.870,-4.633
32 156;0.0538,0.895,-4.620
119 148 156;0.0538,0.895,-4.620
97 119 156;0.0538,0.895,-4.620
106 139 156;0.0538,0.895,-4.620
41 67 150 156;0.0538,0.895,-4.620
106 116 154 156;0.1804,0.750,-4.614
106 116 156;0.2184,0.734,-4.603
77 116 145 156;0.1867,0.747,-4.602
106 136 145 156;0.1867,0.747,-4.602
77 87 145 156;0.1867,0.747,-4.602
23 36 65 157;0.0190,0.857,-4.513
65 97 145 154 157;0.0190,0.857,-4.513
11 20 38 46 57 157;0.0190,0.857,-4.513
77 97 156;0.2342,0.725,-4.413
77 87 116 154 156;0.1709,0.750,-4.382
67 145 154 156;0.2215,0.729,-4.381
77 100 156;0.0696,0.846,-4.365
48 136 145 156;0.2089,0.733,-4.361
48 63 157;0.0601,0.559,-4.360
116 145 154 156;0.1835,0.744,-4.359
67 106 136 156;0.1899,0.741,-4.354
67 97 136 156;0.1962,0.738,-4.353
41 156;0.0854,0.818,-4.317
109 129 156;0.0411,0.929,-4.307
83 87 156;0.0411,0.929,-4.307
5 48 116 156;0.0411,0.929,-4.307
11 38 46 57 157;0.0222,0.778,-4.285
11 46 57 77 136 157;0.0222,0.778,-4.285
11 20 46 57 121 136 157;0.0222,0.778,-4.285
77 87 156;0.2563,0.717,-4.282
73 157;0.0949,0.500,-4.279
87 148 156;0.0601,0.864,-4.275
5 116 156;0.0506,0.889,-4.238
65 97 154 157;0.0253,0.727,-4.185
11 46 57 121 136 157;0.0253,0.727,-4.185
86 150 156;0.0285,1.000,-4.184
66 150 156;0.0285,1.000,-4.184
105 150 156;0.0285,1.000,-4.184
106 126 156;0.0285,1.000,-4.184
46 53 156;0.0285,1.000,-4.184
53 93 106 156;0.0285,1.000,-4.184
67 83 136 154 156;0.0285,1.000,-4.184
53 63 106 136 156;0.0285,1.000,-4.184
67 73 145 150 156;0.0285,1.000,-4.184
67 83 106 150 154 156;0.0285,1.000,-4.184
136 145 154 156;0.2184,0.726,-4.155
67 97 145 156;0.1930,0.735,-4.121
97 106 136 156;0.1930,0.735,-4.121
97 116 145 156;0.1867,0.738,-4.120
87 97 145 156;0.1867,0.738,-4.120
23 76 157;0.0127,1.000,-4.042
41 97 157;0.0127,1.000,-4.042
72 100 157;0.0127,1.000,-4.042
60 82 157;0.0127,1.000,-4.042
28 97 152 157;0.0127,1.000,-4.042
20 28 116 157;0.0127,1.000,-4.042
20 28 97 157;0.0127,1.000,-4.042
70 109 136 157;0.0127,1.000,-4.042
106 109 121 157;0.0127,1.000,-4.042
106 109 150 157;0.0127,1.000,-4.042
109 121 136 157;0.0127,1.000,-4.042
109 136 150 157;0.0127,1.000,-4.042
97 109 150 157;0.0127,1.000,-4.042
62 100 150 157;0.0127,1.000,-4.042
100 145 150 157;0.0127,1.000,-4.042
100 106 111 157;0.0127,1.000,-4.042
100 106 121 157;0.0127,1.000,-4.042
100 136 150 157;0.0127,1.000,-4.042
97 100 150 157;0.0127,1.000,-4.042
43 100 121 157;0.0127,1.000,-4.042
43 100 150 157;0.0127,1.000,-4.042
60 87 145 157;0.0127,1.000,-4.042
60 97 145 157;0.0127,1.000,-4.042
60 87 154 157;0.0127,1.000,-4.042
60 97 154 157;0.0127,1.000,-4.042
11 46 148 157;0.0127,1.000,-4.042
75 106 148 157;0.0127,1.000,-4.042
85 106 148 157;0.0127,1.000,-4.042
80 106 121 157;0.0127,1.000,-4.042
80 102 106 157;0.0127,1.000,-4.042
65 70 97 157;0.0127,1.000,-4.042
70 106 145 157;0.0127,1.000,-4.042
70 106 121 157;0.0127,1.000,-4.042
70 106 141 157;0.0127,1.000,-4.042
70 97 121 157;0.0127,1.000,-4.042
70 97 150 157;0.0127,1.000,-4.042
34 70 109 154 157;0.0127,1.000,-4.042
34 109 121 154 157;0.0127,1.000,-4.042
34 109 150 154 157;0.0127,1.000,-4.042
72 106 134 148 157;0.0127,1.000,-4.042
106 121 134 148 157;0.0127,1.000,-4.042
106 121 124 148 157;0.0127,1.000,-4.042
34 70 77 154 157;0.0127,1.000,-4.042
23 27 36 52 157;0.0127,1.000,-4.042
23 27 34 36 157;0.0127,1.000,-4.042
75 106 134 154 157;0.0127,1.000,-4.042
29 46 57 95 121 157;0.0127,1.000,-4.042
67 95 106 114 121 157;0.0127,1.000,-4.042
20 67 75 106 134 157;0.0127,1.000,-4.042
20 67 85 106 134 157;0.0127,1.000,-4.042
20 57 95 106 114 121 157;0.0127,1.000,-4.042
48 97 156;0.2816,0.706,-4.016
67 145 156;0.2405,0.717,-4.013
106 136 156;0.2215,0.722,-3.950
97 106 156;0.2690,0.708,-3.945
87 145 156;0.2152,0.723,-3.934
77 145 156;0.2152,0.723,-3.934
116 148 156;0.0570,0.857,-3.924
36 156;0.1582,0.746,-3.917
77 116 136 154 156;0.1646,0.743,-3.905
67 97 116 156;0.1962,0.729,-3.901
90 119 156;0.0380,0.923,-3.895
100 139 156;0.0380,0.923,-3.895
67 100 148 156;0.0380,0.923,-3.895
48 129 156;0.0475,0.882,-3.863
100 119 156;0.0475,0.882,-3.863
109 148 156;0.0475,0.882,-3.863
5 77 156;0.0475,0.882,-3.863
60 100 156;0.0475,0.882,-3.863
63 67 156;0.0475,0.882,-3.863
136 148 154 156;0.0475,0.882,-3.863
77 156;0.3354,0.693,-3.847
60 156;0.0949,0.789,-3.793
67 97 156;0.2658,0.706,-3.739
150 153 156;0.0253,1.000,-3.712
126 145 156;0.0253,1.000,-3.712
73 97 145 156;0.0253,1.000,-3.712
83 116 150 154 156;0.0253,1.000,-3.712
119 156;0.0633,0.833,-3.704
87 109 156;0.0633,0.833,-3.704
67 116 136 154 156;0.1677,0.736,-3.670
82 109 157;0.0158,0.833,-3.628
76 97 134 157;0.0158,0.833,-3.628
109 150 154 157;0.0158,0.833,-3.628
34 100 111 157;0.0158,0.833,-3.628
106 121 148 157;0.0158,0.833,-3.628
34 70 154 157;0.0158,0.833,-3.628
46 65 136 157;0.0158,0.833,-3.628
46 65 121 145 157;0.0158,0.833,-3.628
29 65 97 145 157;0.0158,0.833,-3.628
11 20 46 97 116 136 157;0.0158,0.833,-3.628
11 20 46 87 97 136 157;0.0158,0.833,-3.628
11 20 46 57 97 136 157;0.0158,0.833,-3.628
65 97 136 157;0.0348,0.611,-3.616
136 148 156;0.0538,0.850,-3.581
67 116 156;0.2278,0.713,-3.572
11 20 46 57 121 157;0.0316,0.625,-3.548
48 145 156;0.2563,0.704,-3.507
87 90 156;0.0443,0.875,-3.496
5 87 156;0.0443,0.875,-3.496
44 97 145 150 156;0.0348,0.917,-3.490
65 87 136 145 157;0.0190,0.750,-3.487
11 46 57 97 136 157;0.0190,0.750,-3.487
20 65 87 116 136 157;0.0190,0.750,-3.487
11 20 46 57 116 136 157;0.0190,0.750,-3.487
46 57 121 136 157;0.0253,0.667,-3.455
11 46 57 136 157;0.0253,0.667,-3.455
75 82 106 154 157;0.0253,0.667,-3.455
46 57 77 136 157;0.0222,0.700,-3.446
65 87 116 136 157;0.0222,0.700,-3.446
65 77 136 145 157;0.0222,0.700,-3.446
48 87 104 154 157;0.0222,0.700,-3.446
11 20 46 77 87 136 157;0.0222,0.700,-3.446
67 156;0.3924,0.678,-3.354
145 154 156;0.2595,0.701,-3.345
90 156;0.0823,0.788,-3.328
5 156;0.0823,0.788,-3.328
48 100 156;0.0823,0.788,-3.328
48 86 156;0.0222,1.000,-3.241
83 97 116 154 156;0.0222,1.000,-3.241
73 106 145 150 156;0.0222,1.000,-3.241
11 46 57 121 157;0.0380,0.571,-3.222
48 136 154 156;0.2152,0.708,-3.156
100 148 156;0.0411,0.867,-3.138
116 145 156;0.2089,0.710,-3.135
56 150 156;0.0316,0.909,-3.092
126 136 156;0.0316,0.909,-3.092
97 126 156;0.0316,0.909,-3.092
53 63 106 156;0.0316,0.909,-3.092
44 97 136 150 156;0.0316,0.909,-3.092
87 116 154 156;0.1835,0.716,-3.067
20 65 97 157;0.0316,0.588,-3.034
75 106 154 157;0.0316,0.588,-3.034
75 82 154 157;0.0316,0.588,-3.034
11 20 46 57 157;0.0316,0.588,-3.034
46 156;0.1456,0.730,-3.028
129 150 157;0.0095,1.000,-3.023
139 150 157;0.0095,1.000,-3.023
36 109 157;0.0095,1.000,-3.023
50 72 157;0.0095,1.000,-3.023
50 106 157;0.0095,1.000,-3.023
72 90 157;0.0095,1.000,-3.023
41 82 157;0.0095,1.000,-3.023
46 80 157;0.0095,1.000,-3.023
23 116 149 157;0.0095,1.000,-3.023
23 87 149 157;0.0095,1.000,-3.023
23 97 149 157;0.0095,1.000,-3.023
116 124 149 157;0.0095,1.000,-3.023
87 124 149 157;0.0095,1.000,-3.023
97 124 149 157;0.0095,1.000,-3.023
47 76 97 157;0.0095,1.000,-3.023
28 76 116 157;0.0095,1.000,-3.023
28 76 97 157;0.0095,1.000,-3.023
28 65 116 157;0.0095,1.000,-3.023
28 65 136 157;0.0095,1.000,-3.023
28 65 97 157;0.0095,1.000,-3.023
28 145 152 157;0.0095,1.000,-3.023
28 97 134 157;0.0095,1.000,-3.023
20 28 145 157;0.0095,1.000,-3.023
20 28 136 157;0.0095,1.000,-3.023
20 28 38 157;0.0095,1.000,-3.023
76 116 152 157;0.0095,1.000,-3.023
76 116 134 157;0.0095,1.000,-3.023
114 129 154 157;0.0095,1.000,-3.023
82 104 119 157;0.0095,1.000,-3.023
82 119 124 157;0.0095,1.000,-3.023
82 139 143 157;0.0095,1.000,-3.023
121 139 143 157;0.0095,1.000,-3.023
82 114 139 157;0.0095,1.000,-3.023
52 114 139 157;0.0095,1.000,-3.023
114 121 139 157;0.0095,1.000,-3.023
82 124 139 157;0.0095,1.000,-3.023
52 109 114 157;0.0095,1.000,-3.023
109 145 150 157;0.0095,1.000,-3.023
106 109 141 157;0.0095,1.000,-3.023
52 109 121 157;0.0095,1.000,-3.023
52 109 150 157;0.0095,1.000,-3.023
97 109 121 157;0.0095,1.000,-3.023
43 109 150 157;0.0095,1.000,-3.023
90 106 121 157;0.0095,1.000,-3.023
41 87 136 157;0.0095,1.000,-3.023
41 87 154 157;0.0095,1.000,-3.023
41 77 136 157;0.0095,1.000,-3.023
5 75 154 157;0.0095,1.000,-3.023
100 111 152 157;0.0095,1.000,-3.023
100 111 134 157;0.0095,1.000,-3.023
100 104 145 157;0.0095,1.000,-3.023
97 100 104 157;0.0095,1.000,-3.023
85 100 106 157;0.0095,1.000,-3.023
100 111 114 157;0.0095,1.000,-3.023
100 106 131 157;0.0095,1.000,-3.023
97 100 121 157;0.0095,1.000,-3.023
43 100 111 157;0.0095,1.000,-3.023
43 100 131 157;0.0095,1.000,-3.023
34 60 75 157;0.0095,1.000,-3.023
60 106 145 157;0.0095,1.000,-3.023
60 77 145 157;0.0095,1.000,-3.023
34 60 145 157;0.0095,1.000,-3.023
60 106 154 157;0.0095,1.000,-3.023
60 106 121 157;0.0095,1.000,-3.023
60 87 136 157;0.0095,1.000,-3.023
60 77 136 157;0.0095,1.000,-3.023
60 97 136 157;0.0095,1.000,-3.023
60 97 150 157;0.0095,1.000,-3.023
34 60 154 157;0.0095,1.000,-3.023
29 46 148 157;0.0095,1.000,-3.023
36 141 148 157;0.0095,1.000,-3.023
106 141 148 157;0.0095,1.000,-3.023
80 145 152 157;0.0095,1.000,-3.023
80 102 152 157;0.0095,1.000,-3.023
80 97 102 157;0.0095,1.000,-3.023
65 70 87 157;0.0095,1.000,-3.023
65 70 77 157;0.0095,1.000,-3.023
70 87 145 157;0.0095,1.000,-3.023
70 77 145 157;0.0095,1.000,-3.023
34 70 145 157;0.0095,1.000,-3.023
70 82 87 157;0.0095,1.000,-3.023
70 87 102 157;0.0095,1.000,-3.023
43 70 136 157;0.0095,1.000,-3.023
70 82 97 157;0.0095,1.000,-3.023
70 82 154 157;0.0095,1.000,-3.023
57 70 82 157;0.0095,1.000,-3.023
70 97 141 157;0.0095,1.000,-3.023
43 70 121 157;0.0095,1.000,-3.023
43 70 150 157;0.0095,1.000,-3.023
38 106 135 154 157;0.0095,1.000,-3.023
28 57 116 152 157;0.0095,1.000,-3.023
28 38 57 152 157;0.0095,1.000,-3.023
20 28 57 152 157;0.0095,1.000,-3.023
57 76 87 134 157;0.0095,1.000,-3.023
38 67 76 134 157;0.0095,1.000,-3.023
34 57 121 139 157;0.0095,1.000,-3.023
34 121 124 139 157;0.0095,1.000,-3.023
87 109 121 154 157;0.0095,1.000,-3.023
34 87 109 121 157;0.0095,1.000,-3.023
34 41 77 154 157;0.0095,1.000,-3.023
5 34 57 70 157;0.0095,1.000,-3.023
5 34 70 141 157;0.0095,1.000,-3.023
5 34 70 150 157;0.0095,1.000,-3.023
87 100 150 154 157;0.0095,1.000,-3.023
60 75 134 148 157;0.0095,1.000,-3.023
34 60 121 148 157;0.0095,1.000,-3.023
57 75 134 148 157;0.0095,1.000,-3.023
57 72 75 148 157;0.0095,1.000,-3.023
38 121 148 152 157;0.0095,1.000,-3.023
57 85 134 148 157;0.0095,1.000,-3.023
85 134 141 148 157;0.0095,1.000,-3.023
57 72 134 148 157;0.0095,1.000,-3.023
106 111 134 148 157;0.0095,1.000,-3.023
57 121 134 148 157;0.0095,1.000,-3.023
57 72 85 148 157;0.0095,1.000,-3.023
25 85 141 148 157;0.0095,1.000,-3.023
72 106 114 148 157;0.0095,1.000,-3.023
106 111 114 148 157;0.0095,1.000,-3.023
72 106 124 148 157;0.0095,1.000,-3.023
82 106 124 148 157;0.0095,1.000,-3.023
106 111 124 148 157;0.0095,1.000,-3.023
80 87 136 150 157;0.0095,1.000,-3.023
80 97 136 150 157;0.0095,1.000,-3.023
34 80 136 150 157;0.0095,1.000,-3.023
34 70 87 121 157;0.0095,1.000,-3.023
18 23 65 87 157;0.0095,1.000,-3.023
18 23 65 97 157;0.0095,1.000,-3.023
18 23 57 65 157;0.0095,1.000,-3.023
18 23 87 143 157;0.0095,1.000,-3.023
18 23 62 87 157;0.0095,1.000,-3.023
18 23 87 92 157;0.0095,1.000,-3.023
18 23 52 87 157;0.0095,1.000,-3.023
18 23 57 87 157;0.0095,1.000,-3.023
18 23 87 102 157;0.0095,1.000,-3.023
18 23 34 87 157;0.0095,1.000,-3.023
23 27 36 152 157;0.0095,1.000,-3.023
23 27 36 104 157;0.0095,1.000,-3.023
23 27 36 143 157;0.0095,1.000,-3.023
23 27 36 114 157;0.0095,1.000,-3.023
23 27 36 62 157;0.0095,1.000,-3.023
23 27 36 92 157;0.0095,1.000,-3.023
23 27 36 57 157;0.0095,1.000,-3.023
23 27 36 102 157;0.0095,1.000,-3.023
23 27 65 104 157;0.0095,1.000,-3.023
23 27 65 114 157;0.0095,1.000,-3.023
23 27 114 143 157;0.0095,1.000,-3.023
27 36 106 134 157;0.0095,1.000,-3.023
27 36 57 77 157;0.0095,1.000,-3.023
20 27 36 97 157;0.0095,1.000,-3.023
23 36 46 152 157;0.0095,1.000,-3.023
23 38 46 57 157;0.0095,1.000,-3.023
23 36 87 152 157;0.0095,1.000,-3.023
23 36 87 143 157;0.0095,1.000,-3.023
23 65 114 143 157;0.0095,1.000,-3.023
46 65 145 154 157;0.0095,1.000,-3.023
38 46 65 154 157;0.0095,1.000,-3.023
46 57 77 95 157;0.0095,1.000,-3.023
11 46 85 106 157;0.0095,1.000,-3.023
55 87 97 116 157;0.0095,1.000,-3.023
55 97 116 136 157;0.0095,1.000,-3.023
55 97 116 154 157;0.0095,1.000,-3.023
55 87 97 154 157;0.0095,1.000,-3.023
55 97 136 154 157;0.0095,1.000,-3.023
36 65 106 134 157;0.0095,1.000,-3.023
36 97 116 152 157;0.0095,1.000,-3.023
20 36 97 152 157;0.0095,1.000,-3.023
85 106 134 145 157;0.0095,1.000,-3.023
85 106 134 154 157;0.0095,1.000,-3.023
52 106 143 154 157;0.0095,1.000,-3.023
67 106 143 154 157;0.0095,1.000,-3.023
34 57 121 124 148 157;0.0095,1.000,-3.023
20 27 36 57 150 157;0.0095,1.000,-3.023
23 46 57 97 145 157;0.0095,1.000,-3.023
20 23 46 97 145 157;0.0095,1.000,-3.023
23 46 57 97 136 157;0.0095,1.000,-3.023
23 52 87 114 143 157;0.0095,1.000,-3.023
23 87 102 114 143 157;0.0095,1.000,-3.023
23 34 57 114 154 157;0.0095,1.000,-3.023
36 46 65 97 116 157;0.0095,1.000,-3.023
36 46 57 65 116 157;0.0095,1.000,-3.023
36 46 65 87 97 157;0.0095,1.000,-3.023
36 46 57 116 152 157;0.0095,1.000,-3.023
36 46 87 97 152 157;0.0095,1.000,-3.023
36 46 57 87 152 157;0.0095,1.000,-3.023
36 46 57 97 116 157;0.0095,1.000,-3.023
36 46 102 106 121 157;0.0095,1.000,-3.023
36 46 57 87 97 157;0.0095,1.000,-3.023
46 52 57 87 95 157;0.0095,1.000,-3.023
46 57 87 95 121 157;0.0095,1.000,-3.023
29 46 52 57 95 157;0.0095,1.000,-3.023
46 57 67 95 121 157;0.0095,1.000,-3.023
36 57 87 116 152 157;0.0095,1.000,-3.023
36 57 116 150 152 157;0.0095,1.000,-3.023
20 36 57 150 152 157;0.0095,1.000,-3.023
29 38 65 77 145 157;0.0095,1.000,-3.023
38 57 95 136 152 157;0.0095,1.000,-3.023
20 38 95 136 152 157;0.0095,1.000,-3.023
20 95 136 141 152 157;0.0095,1.000,-3.023
85 95 106 121 145 157;0.0095,1.000,-3.023
85 95 106 121 154 157;0.0095,1.000,-3.023
57 67 85 95 106 157;0.0095,1.000,-3.023
67 85 95 106 121 157;0.0095,1.000,-3.023
20 57 85 95 106 157;0.0095,1.000,-3.023
20 85 95 106 121 157;0.0095,1.000,-3.023
95 106 114 121 154 157;0.0095,1.000,-3.023
38 67 95 106 114 157;0.0095,1.000,-3.023
38 57 95 106 114 157;0.0095,1.000,-3.023
38 43 67 95 114 157;0.0095,1.000,-3.023
38 43 57 95 114 157;0.0095,1.000,-3.023
67 75 106 134 145 157;0.0095,1.000,-3.023
29 75 106 134 145 157;0.0095,1.000,-3.023
20 75 106 134 145 157;0.0095,1.000,-3.023
34 75 134 145 154 157;0.0095,1.000,-3.023
20 29 75 106 134 157;0.0095,1.000,-3.023
20 48 85 106 134 157;0.0095,1.000,-3.023
34 57 114 134 154 157;0.0095,1.000,-3.023
57 87 114 143 154 157;0.0095,1.000,-3.023
57 114 136 143 154 157;0.0095,1.000,-3.023
52 57 114 143 154 157;0.0095,1.000,-3.023
57 102 114 143 154 157;0.0095,1.000,-3.023
34 57 114 143 154 157;0.0095,1.000,-3.023
38 52 87 136 143 157;0.0095,1.000,-3.023
38 67 87 136 143 157;0.0095,1.000,-3.023
38 52 87 143 154 157;0.0095,1.000,-3.023
38 67 87 143 154 157;0.0095,1.000,-3.023
38 52 136 143 154 157;0.0095,1.000,-3.023
38 67 136 143 154 157;0.0095,1.000,-3.023
20 23 46 97 116 136 157;0.0095,1.000,-3.023
20 23 46 87 97 136 157;0.0095,1.000,-3.023
23 34 87 114 121 143 157;0.0095,1.000,-3.023
20 57 65 104 150 152 157;0.0095,1.000,-3.023
20 43 48 95 114 136 157;0.0095,1.000,-3.023
34 38 67 95 114 136 157;0.0095,1.000,-3.023
34 38 57 95 114 136 157;0.0095,1.000,-3.023
43 57 67 95 114 121 157;0.0095,1.000,-3.023
34 57 95 114 121 154 157;0.0095,1.000,-3.023
7 11 75 106 114 134 157;0.0095,1.000,-3.023
34 57 67 75 134 145 157;0.0095,1.000,-3.023
29 34 57 75 134 145 157;0.0095,1.000,-3.023
20 34 57 75 134 145 157;0.0095,1.000,-3.023
20 34 57 75 134 154 157;0.0095,1.000,-3.023
34 57 67 114 134 145 157;0.0095,1.000,-3.023
38 97 106 111 116 134 157;0.0095,1.000,-3.023
52 67 77 87 121 143 157;0.0095,1.000,-3.023
38 52 77 87 121 143 157;0.0095,1.000,-3.023
11 38 52 87 121 143 157;0.0095,1.000,-3.023
11 52 67 77 121 143 157;0.0095,1.000,-3.023
20 23 67 92 97 106 116 157;0.0095,1.000,-3.023
20 23 38 67 92 97 106 157;0.0095,1.000,-3.023
20 23 38 48 67 92 106 157;0.0095,1.000,-3.023
20 23 34 57 67 106 154 157;0.0095,1.000,-3.023
20 23 34 38 57 106 154 157;0.0095,1.000,-3.023
20 23 38 48 67 102 106 157;0.0095,1.000,-3.023
11 38 46 77 97 116 154 157;0.0095,1.000,-3.023
11 20 38 46 97 116 154 157;0.0095,1.000,-3.023
11 38 46 77 87 97 154 157;0.0095,1.000,-3.023
11 20 38 46 87 97 154 157;0.0095,1.000,-3.023
20 43 67 95 114 121 136 157;0.0095,1.000,-3.023
20 43 57 95 114 121 136 157;0.0095,1.000,-3.023
34 57 67 95 114 121 136 157;0.0095,1.000,-3.023
20 34 67 95 114 121 136 157;0.0095,1.000,-3.023
20 34 57 95 114 121 136 157;0.0095,1.000,-3.023
20 29 43 57 95 114 121 157;0.0095,1.000,-3.023
20 43 57 95 114 121 150 157;0.0095,1.000,-3.023
38 43 57 75 85 114 134 157;0.0095,1.000,-3.023
38 48 57 75 85 106 134 157;0.0095,1.000,-3.023
38 43 57 75 85 97 134 157;0.0095,1.000,-3.023
20 29 52 77 87 121 143 157;0.0095,1.000,-3.023
11 29 38 52 77 121 143 157;0.0095,1.000,-3.023
11 20 38 52 77 121 143 157;0.0095,1.000,-3.023
20 23 34 38 57 87 106 136 157;0.0095,1.000,-3.023
20 23 34 57 67 77 106 136 157;0.0095,1.000,-3.023
20 23 34 38 57 67 106 136 157;0.0095,1.000,-3.023
20 23 29 34 38 57 106 136 157;0.0095,1.000,-3.023
