2 11 16 156;0.5759,0.919,-86.743
2 16 156;0.6234,0.872,-84.444
11 16 156;0.5759,0.910,-82.372
16 124 156;0.5696,0.914,-81.785
16 121 156;0.4810,0.944,-68.463
13 157;0.1930,0.938,-68.151
121 131 141 156;0.4462,0.946,-60.904
121 141 150 156;0.4462,0.946,-60.904
121 141 156;0.4684,0.931,-60.241
7 11 156;0.4873,0.917,-59.421
121 131 156;0.4620,0.930,-58.489
16 131 156;0.4620,0.930,-58.489
2 11 124 141 150 156;0.4525,0.935,-58.073
2 11 124 141 156;0.4747,0.920,-57.836
16 156;0.6234,0.814,-57.273
131 141 156;0.4715,0.920,-56.958
22 157;0.1646,0.945,-56.804
102 111 121 156;0.4209,0.950,-56.667
2 11 141 156;0.4968,0.902,-56.380
11 124 141 150 156;0.4525,0.929,-55.937
11 124 141 156;0.4747,0.915,-55.847
131 156;0.4873,0.906,-55.538
2 11 124 156;0.5601,0.855,-54.094
102 111 156;0.4367,0.932,-53.947
11 25 34 156;0.4367,0.932,-53.947
2 124 141 156;0.5127,0.885,-53.847
7 124 156;0.4715,0.909,-53.072
122 157;0.2120,0.788,-52.865
2 11 156;0.6108,0.814,-52.591
92 111 121 156;0.3829,0.960,-52.360
124 141 156;0.5127,0.880,-52.144
111 121 156;0.4367,0.926,-51.874
11 124 156;0.5601,0.847,-50.980
92 102 156;0.4146,0.936,-50.610
102 121 156;0.4525,0.911,-50.011
11 34 156;0.5222,0.864,-48.420
92 121 156;0.4051,0.934,-48.370
111 141 156;0.4304,0.919,-48.347
11 141 156;0.4968,0.877,-47.708
92 111 156;0.3829,0.945,-47.615
2 124 156;0.6044,0.806,-46.997
72 82 92 156;0.3165,0.980,-45.903
11 92 156;0.3829,0.938,-45.448
92 156;0.4209,0.911,-44.254
124 156;0.6044,0.799,-44.253
2 141 156;0.5380,0.842,-44.051
111 156;0.4557,0.889,-43.785
2 7 156;0.5253,0.847,-43.321
25 34 121 156;0.3513,0.949,-42.970
11 25 156;0.4430,0.892,-42.450
121 156;0.5158,0.849,-42.169
4 157;0.1677,0.815,-41.622
2 25 34 156;0.4715,0.871,-41.267
25 34 52 156;0.3608,0.934,-40.708
34 72 102 156;0.3703,0.929,-40.701
34 82 102 156;0.3861,0.917,-40.252
72 82 102 156;0.3481,0.940,-40.156
34 52 156;0.4241,0.893,-39.810
72 102 156;0.3734,0.922,-39.454
25 52 156;0.3639,0.927,-39.392
11 156;0.6108,0.781,-38.912
62 102 156;0.3703,0.921,-38.803
25 43 156;0.3703,0.921,-38.803
82 102 141 150 156;0.3608,0.927,-38.746
34 43 102 156;0.3671,0.921,-38.158
34 62 156;0.3924,0.905,-38.054
1 157;0.1013,1.000,-37.849
2 156;0.6582,0.732,-37.849
82 102 156;0.3892,0.904,-37.401
52 156;0.4272,0.882,-37.335
62 72 82 156;0.3196,0.944,-36.597
62 72 156;0.3386,0.930,-36.261
61 150 157;0.1203,0.905,-35.415
43 102 156;0.3703,0.907,-35.273
25 29 34 156;0.2975,0.949,-34.522
62 82 141 150 156;0.3165,0.935,-33.972
7 29 34 156;0.2943,0.949,-33.933
43 62 156;0.3544,0.911,-33.898
62 156;0.3956,0.887,-33.881
72 141 150 156;0.3449,0.916,-33.814
91 97 150 157;0.1108,0.921,-33.670
82 141 150 156;0.3608,0.905,-33.435
123 157;0.1044,0.943,-33.375
7 29 48 67 156;0.2658,0.966,-33.271
7 20 29 67 156;0.2753,0.956,-32.650
7 20 38 48 67 156;0.2310,0.986,-32.410
54 157;0.0949,0.968,-32.114
34 72 141 156;0.3449,0.908,-32.111
7 29 67 156;0.2943,0.939,-31.867
7 20 29 156;0.3038,0.932,-31.644
91 157;0.1456,0.780,-31.616
72 82 141 156;0.3228,0.919,-31.450
61 154 157;0.1044,0.917,-31.189
25 29 156;0.3006,0.931,-31.074
72 141 156;0.3481,0.902,-31.069
34 102 141 150 156;0.4367,0.852,-30.843
7 29 156;0.3449,0.901,-30.492
7 20 38 48 156;0.2500,0.963,-30.433
7 20 48 57 67 156;0.2500,0.963,-30.433
34 82 141 156;0.3608,0.891,-30.292
34 102 141 156;0.4399,0.848,-30.185
29 34 156;0.3671,0.885,-29.964
7 20 48 67 156;0.2722,0.945,-29.937
25 34 82 156;0.3323,0.905,-29.809
25 34 72 156;0.3228,0.911,-29.750
61 157;0.1329,0.792,-29.442
82 141 156;0.3639,0.885,-29.390
34 43 141 156;0.3386,0.899,-29.356
7 20 67 156;0.3006,0.922,-29.256
7 34 43 156;0.3291,0.904,-29.248
25 34 156;0.4715,0.828,-29.172
7 141 156;0.4272,0.849,-28.996
7 25 82 156;0.2880,0.929,-28.842
7 20 156;0.3608,0.884,-28.822
25 72 156;0.3259,0.904,-28.691
102 141 156;0.4747,0.824,-28.639
43 141 156;0.3418,0.893,-28.393
34 43 156;0.4304,0.845,-28.351
29 141 150 156;0.3323,0.897,-28.243
7 48 57 67 156;0.2722,0.935,-27.974
7 57 67 77 156;0.2215,0.972,-27.945
34 141 150 156;0.4589,0.829,-27.823
7 43 156;0.3291,0.897,-27.695
34 38 48 67 77 156;0.2025,0.985,-27.426
34 38 67 77 156;0.2184,0.972,-27.406
103 157;0.0886,0.933,-27.221
130 136 150 157;0.0886,0.933,-27.221
34 72 82 156;0.3513,0.881,-27.155
29 141 156;0.3418,0.885,-26.934
34 102 156;0.4715,0.819,-26.859
25 82 156;0.3323,0.890,-26.754
7 38 48 57 156;0.2753,0.926,-26.686
141 156;0.5380,0.787,-26.664
7 48 67 156;0.3038,0.906,-26.475
34 72 156;0.3766,0.862,-26.176
7 67 77 156;0.2373,0.949,-26.051
51 57 150 157;0.0854,0.931,-26.023
130 136 157;0.1044,0.846,-25.970
7 25 156;0.4304,0.834,-25.959
7 104 156;0.2595,0.932,-25.847
7 95 114 156;0.2089,0.971,-25.809
7 34 38 77 156;0.2089,0.971,-25.809
34 48 57 67 77 156;0.2089,0.971,-25.809
7 48 57 156;0.3165,0.893,-25.556
7 143 150 156;0.2342,0.949,-25.527
51 157;0.1108,0.814,-25.400
20 34 38 48 67 87 156;0.1709,1.000,-25.335
110 116 157;0.0886,0.903,-25.200
34 38 48 77 156;0.2184,0.958,-25.046
7 95 156;0.2310,0.948,-25.007
25 152 156;0.2310,0.948,-25.007
7 156;0.5253,0.787,-24.914
34 38 77 156;0.2532,0.930,-24.810
20 34 38 67 87 156;0.1867,0.983,-24.769
25 38 77 156;0.2025,0.970,-24.761
71 150 157;0.0918,0.879,-24.576
72 82 156;0.3513,0.867,-24.474
43 156;0.4335,0.825,-24.263
20 34 67 77 156;0.2373,0.938,-24.083
8 157;0.0854,0.900,-24.038
34 57 67 77 156;0.2247,0.947,-23.978
130 157;0.1234,0.750,-23.812
34 57 77 106 116 156;0.1804,0.983,-23.727
74 157;0.0791,0.926,-23.662
17 157;0.0791,0.926,-23.662
25 143 156;0.2342,0.937,-23.576
29 48 57 67 77 156;0.2215,0.946,-23.470
20 34 38 48 67 156;0.2215,0.946,-23.470
25 38 57 106 116 156;0.1582,1.000,-23.235
20 25 38 67 87 156;0.1582,1.000,-23.235
25 77 106 156;0.1930,0.968,-23.214
34 48 57 77 156;0.2310,0.936,-23.072
26 157;0.0918,0.853,-22.973
34 82 150 156;0.3639,0.852,-22.836
71 157;0.1139,0.766,-22.828
33 157;0.1171,0.755,-22.780
34 38 87 106 116 156;0.1551,1.000,-22.717
34 38 67 87 116 156;0.1551,1.000,-22.717
85 95 104 156;0.1899,0.968,-22.705
20 34 48 57 67 87 156;0.1899,0.968,-22.705
104 114 156;0.2500,0.919,-22.588
34 38 48 67 156;0.2500,0.919,-22.588
34 38 67 87 156;0.2025,0.955,-22.491
34 152 156;0.2785,0.898,-22.391
64 157;0.0696,0.957,-22.361
140 145 150 157;0.0854,0.871,-22.308
34 38 97 116 145 156;0.1519,1.000,-22.201
34 57 87 116 154 156;0.1519,1.000,-22.201
34 57 77 116 154 156;0.1519,1.000,-22.201
25 57 77 87 154 156;0.1519,1.000,-22.201
34 38 48 57 106 116 156;0.1519,1.000,-22.201
25 57 67 77 87 156;0.1709,0.982,-22.188
20 25 67 77 87 156;0.1709,0.982,-22.188
20 25 38 48 57 67 156;0.1709,0.982,-22.188
34 38 87 156;0.2247,0.934,-22.077
34 48 67 77 156;0.2247,0.934,-22.077
34 67 77 156;0.2563,0.910,-21.973
20 34 57 67 87 156;0.2120,0.944,-21.967
34 38 48 156;0.2848,0.891,-21.939
29 48 57 67 156;0.2848,0.891,-21.939
25 77 156;0.2658,0.903,-21.911
20 34 38 156;0.2753,0.897,-21.902
95 104 156;0.2342,0.925,-21.799
20 25 38 48 67 156;0.1835,0.967,-21.697
34 38 116 136 145 156;0.1487,1.000,-21.688
34 38 57 116 145 156;0.1487,1.000,-21.688
34 38 106 116 136 156;0.1487,1.000,-21.688
25 38 87 106 116 156;0.1487,1.000,-21.688
25 38 57 67 116 156;0.1487,1.000,-21.688
25 87 106 116 156;0.1677,0.981,-21.681
25 38 106 116 156;0.1677,0.981,-21.681
85 104 156;0.2215,0.933,-21.586
84 150 157;0.0601,1.000,-21.529
72 150 156;0.3481,0.853,-21.519
25 87 106 156;0.1962,0.954,-21.494
25 57 67 87 156;0.1962,0.954,-21.494
20 25 67 87 156;0.1962,0.954,-21.494
12 157;0.0728,0.920,-21.346
101 106 150 157;0.0728,0.920,-21.346
34 38 156;0.3544,0.848,-21.341
95 114 156;0.2310,0.924,-21.312
34 57 67 87 156;0.2310,0.924,-21.312
20 34 67 87 156;0.2310,0.924,-21.312
34 82 156;0.3892,0.831,-21.236
138 157;0.0665,0.955,-21.187
25 38 97 136 145 156;0.1456,1.000,-21.177
25 38 136 145 154 156;0.1456,1.000,-21.177
20 34 48 77 156;0.2184,0.932,-21.098
140 150 157;0.0981,0.795,-21.064
25 38 48 57 97 156;0.1930,0.953,-21.000
104 134 150 156;0.2057,0.942,-20.984
34 48 77 156;0.2595,0.901,-20.947
72 156;0.3797,0.833,-20.825
25 57 106 116 156;0.1772,0.966,-20.702
34 77 97 106 116 156;0.1772,0.966,-20.702
25 38 97 145 156;0.1614,0.981,-20.675
25 38 57 97 116 156;0.1614,0.981,-20.675
25 38 67 136 145 156;0.1424,1.000,-20.669
29 57 67 77 156;0.2373,0.915,-20.644
48 57 67 77 156;0.2373,0.915,-20.644
113 157;0.0759,0.889,-20.626
20 38 48 57 67 156;0.2468,0.907,-20.529
34 77 106 116 156;0.1899,0.952,-20.510
25 87 156;0.2658,0.894,-20.465
42 157;0.0886,0.824,-20.448
104 156;0.3165,0.862,-20.268
84 157;0.0696,0.917,-20.205
140 145 157;0.0918,0.806,-20.202
34 57 97 116 154 156;0.1582,0.980,-20.177
25 38 106 136 145 156;0.1392,1.000,-20.163
25 38 48 136 145 156;0.1392,1.000,-20.163
34 87 106 116 145 154 156;0.1392,1.000,-20.163
57 67 102 136 145 154 156;0.1392,1.000,-20.163
29 67 77 102 145 154 156;0.1392,1.000,-20.163
25 38 106 156;0.2120,0.931,-20.135
25 38 48 97 156;0.2120,0.931,-20.135
34 156;0.5665,0.752,-20.112
98 157;0.0791,0.862,-20.094
25 106 116 156;0.1867,0.952,-20.024
20 25 38 48 156;0.1867,0.952,-20.024
95 134 150 156;0.1709,0.964,-19.721
29 67 102 145 154 156;0.1709,0.964,-19.721
101 106 157;0.0823,0.839,-19.692
67 102 116 145 154 156;0.1361,1.000,-19.659
25 38 57 116 154 156;0.1361,1.000,-19.659
25 102 106 156;0.2089,0.930,-19.659
25 38 97 156;0.2405,0.905,-19.588
29 67 102 145 156;0.1835,0.951,-19.542
127 157;0.0728,0.885,-19.514
146 157;0.0854,0.818,-19.387
25 38 145 156;0.1677,0.964,-19.235
25 57 116 154 156;0.1519,0.980,-19.188
25 38 48 57 156;0.2057,0.929,-19.187
38 102 106 116 156;0.1329,1.000,-19.158
38 77 102 116 145 156;0.1329,1.000,-19.158
57 67 102 116 154 156;0.1329,1.000,-19.158
77 87 102 116 145 154 156;0.1329,1.000,-19.158
25 57 102 136 145 154 156;0.1329,1.000,-19.158
57 77 87 102 145 154 156;0.1329,1.000,-19.158
29 38 48 57 156;0.2658,0.884,-19.108
110 136 150 157;0.0665,0.913,-19.076
25 102 156;0.4146,0.809,-19.074
20 25 38 67 156;0.1930,0.938,-19.063
20 25 48 57 67 156;0.1930,0.938,-19.063
95 134 156;0.1804,0.950,-19.062
25 57 97 116 156;0.1804,0.950,-19.062
48 57 67 102 156;0.1804,0.950,-19.062
110 136 157;0.0759,0.857,-19.007
25 57 156;0.2911,0.868,-18.975
25 38 156;0.2816,0.873,-18.836
140 157;0.1108,0.714,-18.770
25 116 145 154 156;0.1487,0.979,-18.699
38 97 102 116 145 156;0.1297,1.000,-18.659
77 102 106 116 154 156;0.1297,1.000,-18.659
57 77 87 102 116 154 156;0.1297,1.000,-18.659
29 67 77 102 116 154 156;0.1297,1.000,-18.659
67 102 106 136 145 154 156;0.1297,1.000,-18.659
29 77 87 102 145 154 156;0.1297,1.000,-18.659
85 143 150 156;0.1899,0.938,-18.592
25 156;0.4810,0.779,-18.509
29 48 57 156;0.3196,0.849,-18.432
95 156;0.2785,0.871,-18.385
38 48 57 67 156;0.2690,0.876,-18.278
57 67 102 145 154 156;0.1614,0.962,-18.272
57 67 102 136 145 156;0.1456,0.979,-18.212
29 67 102 156;0.2310,0.901,-18.210
29 38 57 67 156;0.2595,0.882,-18.202
29 102 156;0.3101,0.852,-18.196
29 57 67 156;0.3101,0.852,-18.196
20 29 38 48 67 156;0.2405,0.894,-18.164
20 67 102 116 154 156;0.1266,1.000,-18.163
77 87 97 102 116 154 156;0.1266,1.000,-18.163
67 97 102 136 145 154 156;0.1266,1.000,-18.163
114 156;0.3323,0.840,-18.068
29 38 48 67 77 156;0.2089,0.917,-18.017
88 150 157;0.0506,1.000,-17.960
88 157;0.0633,0.909,-17.958
20 38 48 57 156;0.2753,0.870,-17.939
29 38 48 67 156;0.2563,0.880,-17.757
48 70 80 156;0.1234,1.000,-17.669
20 38 48 70 156;0.1234,1.000,-17.669
38 102 116 145 154 156;0.1234,1.000,-17.669
38 67 102 116 145 156;0.1234,1.000,-17.669
67 102 106 116 154 156;0.1234,1.000,-17.669
38 77 102 116 154 156;0.1234,1.000,-17.669
38 57 102 116 154 156;0.1234,1.000,-17.669
77 87 102 106 145 154 156;0.1234,1.000,-17.669
20 77 87 102 145 154 156;0.1234,1.000,-17.669
48 77 87 102 145 154 156;0.1234,1.000,-17.669
20 48 57 67 156;0.2816,0.864,-17.634
57 67 102 156;0.2057,0.915,-17.563
48 57 67 156;0.3133,0.846,-17.544
152 156;0.2975,0.855,-17.543
20 38 48 67 156;0.2627,0.874,-17.392
21 157;0.0665,0.875,-17.329
57 67 77 156;0.2532,0.879,-17.316
20 29 48 67 77 156;0.2247,0.899,-17.314
81 87 157;0.0791,0.806,-17.310
134 143 156;0.2437,0.885,-17.275
48 57 102 156;0.2437,0.885,-17.275
29 48 67 77 156;0.2342,0.892,-17.272
55 82 156;0.1392,0.978,-17.247
38 102 116 145 156;0.1392,0.978,-17.247
77 102 116 145 154 156;0.1392,0.978,-17.247
77 87 102 116 154 156;0.1392,0.978,-17.247
38 48 102 136 145 154 156;0.1392,0.978,-17.247
67 77 97 102 116 154 156;0.1203,1.000,-17.177
143 150 156;0.2690,0.867,-17.063
29 67 77 156;0.2595,0.872,-16.956
20 29 38 67 156;0.2595,0.872,-16.956
143 156;0.3165,0.840,-16.921
38 48 57 156;0.3165,0.840,-16.921
81 150 157;0.0696,0.846,-16.874
77 102 106 116 156;0.1519,0.960,-16.853
142 157;0.0601,0.905,-16.853
110 157;0.1013,0.711,-16.826
38 48 80 156;0.1361,0.977,-16.768
102 106 116 154 156;0.1361,0.977,-16.768
87 102 116 145 154 156;0.1361,0.977,-16.768
67 77 102 116 154 156;0.1361,0.977,-16.768
57 77 102 116 154 156;0.1361,0.977,-16.768
67 102 106 136 145 156;0.1361,0.977,-16.768
48 102 106 136 156;0.1646,0.945,-16.719
77 102 106 136 145 154 156;0.1171,1.000,-16.687
38 67 97 102 136 145 156;0.1171,1.000,-16.687
38 48 67 102 136 145 156;0.1171,1.000,-16.687
20 67 97 102 136 154 156;0.1171,1.000,-16.687
20 38 67 97 102 136 156;0.1171,1.000,-16.687
48 102 106 156;0.1994,0.913,-16.666
20 29 38 48 156;0.2658,0.866,-16.632
128 157;0.0538,0.944,-16.591
82 150 156;0.3639,0.816,-16.507
29 48 67 156;0.3133,0.839,-16.493
75 102 156;0.2278,0.889,-16.398
38 48 67 77 156;0.2278,0.889,-16.398
67 102 116 145 156;0.1487,0.959,-16.386
67 102 136 145 154 156;0.1487,0.959,-16.386
48 67 102 145 154 156;0.1487,0.959,-16.386
57 87 102 116 154 156;0.1329,0.977,-16.293
77 97 102 116 154 156;0.1329,0.977,-16.293
38 77 102 116 150 156;0.1329,0.977,-16.293
38 57 97 102 116 156;0.1329,0.977,-16.293
77 102 106 145 154 156;0.1329,0.977,-16.293
67 97 102 136 145 156;0.1329,0.977,-16.293
20 67 97 102 136 156;0.1329,0.977,-16.293
57 87 102 136 145 154 156;0.1329,0.977,-16.293
20 67 77 102 145 154 156;0.1329,0.977,-16.293
20 29 38 57 156;0.2627,0.865,-16.206
48 60 70 156;0.1139,1.000,-16.200
77 87 97 102 106 154 156;0.1139,1.000,-16.200
67 77 97 102 136 154 156;0.1139,1.000,-16.200
77 87 97 102 136 145 154 156;0.1139,1.000,-16.200
29 38 67 156;0.2785,0.854,-16.073
20 29 38 156;0.2943,0.845,-16.032
102 116 145 154 156;0.1456,0.958,-15.923
38 77 102 116 156;0.1456,0.958,-15.923
57 102 116 154 156;0.1456,0.958,-15.923
67 102 106 145 154 156;0.1456,0.958,-15.923
38 48 102 136 145 156;0.1456,0.958,-15.923
57 87 102 145 154 156;0.1456,0.958,-15.923
57 77 87 102 154 156;0.1456,0.958,-15.923
29 38 57 156;0.2848,0.849,-15.833
20 38 48 156;0.3006,0.841,-15.833
67 102 106 116 156;0.1297,0.976,-15.820
20 77 102 116 154 156;0.1297,0.976,-15.820
38 102 106 136 145 156;0.1297,0.976,-15.820
38 67 102 136 145 156;0.1297,0.976,-15.820
20 38 67 102 136 156;0.1297,0.976,-15.820
77 87 102 136 145 154 156;0.1297,0.976,-15.820
20 38 102 136 145 154 156;0.1297,0.976,-15.820
20 67 102 145 154 156;0.1582,0.943,-15.806
57 102 145 154 156;0.1930,0.910,-15.786
35 157;0.0570,0.900,-15.760
29 38 48 70 156;0.1108,1.000,-15.715
20 38 67 102 116 156;0.1108,1.000,-15.715
38 87 97 102 136 145 156;0.1108,1.000,-15.715
38 77 87 97 102 145 156;0.1108,1.000,-15.715
38 57 77 87 102 145 156;0.1108,1.000,-15.715
77 97 102 106 136 154 156;0.1108,1.000,-15.715
38 77 87 97 102 154 156;0.1108,1.000,-15.715
20 77 87 97 102 154 156;0.1108,1.000,-15.715
29 67 156;0.3576,0.813,-15.655
45 154 157;0.0443,1.000,-15.618
34 39 150 157;0.0443,1.000,-15.618
34 39 157;0.0506,0.941,-15.467
48 80 156;0.1424,0.957,-15.462
20 29 134 156;0.1424,0.957,-15.462
77 87 102 145 154 156;0.1424,0.957,-15.462
38 48 70 156;0.1266,0.976,-15.350
29 48 134 156;0.1266,0.976,-15.350
67 77 97 102 116 156;0.1266,0.976,-15.350
48 77 87 102 145 156;0.1266,0.976,-15.350
38 48 67 102 145 156;0.1266,0.976,-15.350
87 102 106 136 145 154 156;0.1266,0.976,-15.350
38 48 87 102 145 156;0.1076,1.000,-15.232
38 77 97 102 106 136 156;0.1076,1.000,-15.232
38 67 77 97 102 136 156;0.1076,1.000,-15.232
38 48 77 87 102 136 154 156;0.1076,1.000,-15.232
137 157;0.0601,0.864,-15.197
67 102 145 154 156;0.1772,0.918,-15.117
45 157;0.0791,0.758,-15.028
82 156;0.3924,0.795,-15.007
20 48 70 156;0.1392,0.957,-15.006
20 67 102 116 156;0.1392,0.957,-15.006
102 106 136 145 154 156;0.1392,0.957,-15.006
20 67 102 136 154 156;0.1392,0.957,-15.006
81 157;0.0854,0.730,-14.928
102 106 136 156;0.1867,0.908,-14.922
29 134 156;0.1519,0.941,-14.907
77 102 106 145 156;0.1519,0.941,-14.907
67 102 106 145 156;0.1519,0.941,-14.907
38 102 136 145 154 156;0.1519,0.941,-14.907
70 80 156;0.1234,0.975,-14.883
77 97 102 106 154 156;0.1234,0.975,-14.883
87 97 102 136 145 154 156;0.1234,0.975,-14.883
20 67 77 87 102 145 156;0.1234,0.975,-14.883
77 87 97 102 136 154 156;0.1234,0.975,-14.883
112 157;0.1139,0.643,-14.853
67 102 145 156;0.1962,0.899,-14.797
60 80 156;0.1044,1.000,-14.751
38 60 70 156;0.1044,1.000,-14.751
20 77 134 156;0.1044,1.000,-14.751
20 38 102 116 154 156;0.1044,1.000,-14.751
20 38 77 87 102 145 156;0.1044,1.000,-14.751
48 67 77 87 97 102 154 156;0.1044,1.000,-14.751
29 48 156;0.3703,0.801,-14.661
48 57 156;0.3766,0.799,-14.628
20 29 156;0.3829,0.796,-14.604
38 57 102 116 156;0.1361,0.956,-14.552
77 102 116 136 154 156;0.1361,0.956,-14.552
77 102 116 150 154 156;0.1361,0.956,-14.552
87 102 106 145 154 156;0.1361,0.956,-14.552
20 38 102 136 154 156;0.1361,0.956,-14.552
134 150 156;0.2500,0.859,-14.550
38 57 77 106 116 156;0.1614,0.927,-14.522
48 102 136 145 154 156;0.1614,0.927,-14.522
20 134 156;0.1835,0.906,-14.497
102 106 145 156;0.1835,0.906,-14.497
20 102 145 154 156;0.1835,0.906,-14.497
48 102 145 154 156;0.1835,0.906,-14.497
77 102 116 154 156;0.1487,0.940,-14.463
29 57 156;0.3481,0.809,-14.423
38 77 87 102 145 156;0.1203,0.974,-14.419
38 77 97 102 106 156;0.1203,0.974,-14.419
38 67 77 97 102 156;0.1203,0.974,-14.419
48 77 87 97 102 154 156;0.1203,0.974,-14.419
20 67 77 97 102 154 156;0.1203,0.974,-14.419
85 102 156;0.2310,0.869,-14.363
99 157;0.0475,0.938,-14.355
39 157;0.0696,0.786,-14.312
70 134 156;0.1013,1.000,-14.273
20 48 77 87 102 136 154 156;0.1013,1.000,-14.273
20 48 67 87 97 102 154 156;0.1013,1.000,-14.273
77 102 106 156;0.1709,0.915,-14.255
101 157;0.0949,0.682,-14.162
20 38 80 156;0.1329,0.955,-14.101
77 87 97 102 154 156;0.1329,0.955,-14.101
102 106 116 156;0.1582,0.926,-14.089
38 97 102 106 156;0.1582,0.926,-14.089
20 67 102 136 156;0.1582,0.926,-14.089
38 48 77 106 116 156;0.1582,0.926,-14.089
38 102 106 156;0.1804,0.905,-14.075
102 136 145 154 156;0.1804,0.905,-14.075
67 102 116 154 156;0.1456,0.939,-14.023
77 97 102 116 145 156;0.1456,0.939,-14.023
20 38 67 77 156;0.2278,0.867,-13.959
38 87 97 102 145 156;0.1171,0.974,-13.958
67 77 97 102 136 156;0.1171,0.974,-13.958
38 77 87 97 102 156;0.1171,0.974,-13.958
57 102 156;0.3006,0.826,-13.885
50 70 156;0.0981,1.000,-13.797
48 70 90 156;0.0981,1.000,-13.797
57 77 134 156;0.0981,1.000,-13.797
107 157;0.0601,0.826,-13.785
38 67 77 156;0.2437,0.856,-13.752
77 97 102 116 156;0.1551,0.925,-13.659
67 97 102 136 156;0.1551,0.925,-13.659
20 77 87 102 154 156;0.1297,0.953,-13.654
67 77 97 102 154 156;0.1297,0.953,-13.654
20 48 67 77 156;0.2342,0.860,-13.644
20 38 57 67 156;0.2595,0.845,-13.642
102 156;0.5127,0.747,-13.639
57 77 106 116 156;0.1867,0.894,-13.550
60 70 156;0.1139,0.973,-13.500
20 67 77 156;0.2658,0.840,-13.424
20 48 148 156;0.0949,1.000,-13.322
108 150 157;0.0380,1.000,-13.306
53 58 150 157;0.0380,1.000,-13.306
78 150 157;0.0443,0.933,-13.254
53 58 157;0.0443,0.933,-13.254
38 57 87 106 116 156;0.1519,0.923,-13.234
38 48 67 87 106 116 156;0.1392,0.936,-13.152
134 156;0.2943,0.823,-13.115
20 38 67 156;0.2848,0.826,-12.886
48 67 77 156;0.2532,0.842,-12.872
23 50 156;0.0918,1.000,-12.850
23 60 156;0.0918,1.000,-12.850
38 57 106 116 156;0.1709,0.900,-12.835
38 57 77 97 106 156;0.1709,0.900,-12.835
38 67 87 106 116 156;0.1487,0.922,-12.812
38 48 87 106 116 156;0.1487,0.922,-12.812
155 157;0.0570,0.818,-12.787
55 85 156;0.1234,0.951,-12.770
29 38 80 156;0.1234,0.951,-12.770
20 38 70 156;0.1234,0.951,-12.770
20 23 48 156;0.1234,0.951,-12.770
38 48 67 156;0.2911,0.821,-12.739
57 67 87 156;0.2437,0.846,-12.722
68 157;0.0475,0.882,-12.558
29 156;0.4399,0.764,-12.524
85 150 156;0.2500,0.840,-12.495
38 48 106 116 156;0.1677,0.898,-12.431
65 75 156;0.1456,0.920,-12.394
38 57 67 97 136 145 156;0.1456,0.920,-12.394
41 50 156;0.0886,1.000,-12.380
20 41 48 156;0.0886,1.000,-12.380
38 57 80 156;0.1329,0.933,-12.297
31 157;0.0348,1.000,-12.160
108 154 157;0.0348,1.000,-12.160
30 53 157;0.0348,1.000,-12.160
38 57 77 156;0.2468,0.839,-12.122
94 157;0.0506,0.842,-12.108
117 150 157;0.0506,0.842,-12.108
20 38 156;0.3418,0.794,-12.004
48 70 156;0.1424,0.918,-11.980
48 77 106 116 156;0.1741,0.887,-11.947
50 80 156;0.0854,1.000,-11.912
41 48 60 156;0.0854,1.000,-11.912
20 23 41 156;0.0854,1.000,-11.912
38 80 100 156;0.0854,1.000,-11.912
38 57 87 106 136 145 156;0.1297,0.932,-11.875
78 157;0.0538,0.810,-11.805
58 157;0.0538,0.810,-11.805
38 67 116 145 156;0.1519,0.906,-11.768
38 57 67 136 145 156;0.1519,0.906,-11.768
132 157;0.1044,0.611,-11.758
20 48 67 90 156;0.1013,0.970,-11.695
20 57 67 156;0.3038,0.807,-11.655
85 156;0.2816,0.817,-11.641
38 87 106 116 156;0.1614,0.895,-11.634
38 57 67 97 116 156;0.1614,0.895,-11.634
38 48 77 97 106 156;0.1614,0.895,-11.634
20 80 156;0.1392,0.917,-11.570
20 48 67 156;0.3101,0.803,-11.562
38 77 106 116 156;0.1709,0.885,-11.557
38 48 77 106 156;0.1709,0.885,-11.557
108 157;0.0443,0.875,-11.518
38 70 156;0.1266,0.930,-11.456
38 67 87 106 136 145 156;0.1266,0.930,-11.456
30 157;0.0633,0.741,-11.386
38 67 97 136 145 156;0.1487,0.904,-11.368
70 90 156;0.0981,0.969,-11.251
48 77 106 156;0.1962,0.861,-11.201
67 77 106 116 156;0.1677,0.883,-11.172
38 57 67 116 156;0.1677,0.883,-11.172
38 80 156;0.1361,0.915,-11.164
23 48 156;0.1361,0.915,-11.164
67 87 106 116 145 154 156;0.1361,0.915,-11.164
67 77 156;0.2848,0.811,-11.163
38 57 67 156;0.2848,0.811,-11.163
20 48 60 156;0.1108,0.946,-11.042
147 157;0.0316,1.000,-11.022
44 151 157;0.0316,1.000,-11.022
70 100 156;0.0791,1.000,-10.983
23 41 80 156;0.0791,1.000,-10.983
41 57 80 156;0.0791,1.000,-10.983
23 38 41 156;0.0791,1.000,-10.983
80 90 100 156;0.0791,1.000,-10.983
77 80 100 156;0.0791,1.000,-10.983
38 57 97 106 136 145 156;0.1456,0.902,-10.973
57 67 156;0.3386,0.787,-10.892
38 48 77 156;0.2437,0.828,-10.847
48 53 157;0.0823,0.650,-10.811
67 80 90 156;0.0949,0.968,-10.811
57 80 90 156;0.0949,0.968,-10.811
67 87 106 116 156;0.1646,0.881,-10.791
55 156;0.1741,0.873,-10.772
38 57 87 106 145 156;0.1329,0.913,-10.762
117 157;0.0538,0.773,-10.665
38 67 106 136 145 156;0.1424,0.900,-10.581
38 67 87 136 145 156;0.1424,0.900,-10.581
133 157;0.0570,0.750,-10.556
77 106 116 156;0.1994,0.851,-10.544
38 48 97 106 156;0.1994,0.851,-10.544
38 41 60 156;0.0759,1.000,-10.521
60 67 90 156;0.0759,1.000,-10.521
89 157;0.0411,0.867,-10.493
67 87 116 145 154 156;0.1519,0.889,-10.471
38 57 97 116 145 156;0.1519,0.889,-10.471
38 67 106 116 156;0.1614,0.879,-10.415
38 67 136 145 156;0.1614,0.879,-10.415
38 48 106 136 156;0.1614,0.879,-10.415
38 48 87 106 156;0.1614,0.879,-10.415
38 57 87 97 106 156;0.1614,0.879,-10.415
38 77 97 106 156;0.1709,0.871,-10.401
57 77 106 156;0.2057,0.844,-10.286
67 80 156;0.1171,0.925,-10.224
20 48 90 156;0.1044,0.943,-10.199
57 80 156;0.1392,0.898,-10.194
38 87 106 136 145 156;0.1392,0.898,-10.194
57 87 106 116 145 154 156;0.1392,0.898,-10.194
49 157;0.0443,0.824,-10.127
38 57 106 136 145 156;0.1487,0.887,-10.092
100 109 156;0.0728,1.000,-10.061
20 139 148 156;0.0728,1.000,-10.061
57 87 106 116 156;0.1772,0.862,-10.059
67 87 116 145 156;0.1582,0.877,-10.043
20 67 87 156;0.2437,0.819,-9.994
38 67 87 106 145 156;0.1266,0.909,-9.970
23 41 156;0.0886,0.966,-9.938
20 41 70 156;0.0886,0.966,-9.938
48 67 109 156;0.0886,0.966,-9.938
20 48 109 156;0.0886,0.966,-9.938
79 157;0.0475,0.789,-9.894
93 151 157;0.0285,1.000,-9.890
63 151 157;0.0285,1.000,-9.890
38 77 106 136 145 156;0.1361,0.896,-9.811
48 67 87 106 145 154 156;0.1361,0.896,-9.811
20 67 90 156;0.1013,0.941,-9.783
48 67 90 156;0.1013,0.941,-9.783
38 106 116 156;0.1835,0.853,-9.759
38 48 116 145 156;0.1456,0.885,-9.718
57 77 87 116 145 154 156;0.1456,0.885,-9.718
38 57 116 145 156;0.1551,0.875,-9.676
48 87 106 116 156;0.1646,0.867,-9.673
38 57 87 106 156;0.1646,0.867,-9.673
87 109 119 156;0.0696,1.000,-9.603
67 109 119 156;0.0696,1.000,-9.603
57 109 119 156;0.0696,1.000,-9.603
20 109 119 156;0.0696,1.000,-9.603
48 109 119 156;0.0696,1.000,-9.603
67 139 148 156;0.0696,1.000,-9.603
48 67 139 156;0.0696,1.000,-9.603
48 87 148 156;0.0696,1.000,-9.603
38 87 97 148 156;0.0696,1.000,-9.603
38 67 97 148 156;0.0696,1.000,-9.603
48 67 97 148 156;0.0696,1.000,-9.603
48 87 106 156;0.1994,0.840,-9.593
57 77 156;0.2911,0.793,-9.531
20 48 77 156;0.2468,0.812,-9.517
41 60 156;0.0854,0.964,-9.506
80 100 156;0.0854,0.964,-9.506
38 48 50 156;0.0854,0.964,-9.506
48 60 67 156;0.0854,0.964,-9.506
151 157;0.0380,0.857,-9.484
38 57 156;0.3449,0.773,-9.463
18 150 156;0.1329,0.894,-9.432
20 67 156;0.3576,0.769,-9.431
50 57 156;0.0981,0.939,-9.371
48 50 156;0.0981,0.939,-9.371
80 90 156;0.0981,0.939,-9.371
48 148 156;0.0981,0.939,-9.371
53 157;0.1171,0.544,-9.354
80 156;0.1424,0.882,-9.348
38 87 106 145 156;0.1424,0.882,-9.348
67 87 106 136 145 154 156;0.1424,0.882,-9.348
57 87 116 145 154 156;0.1519,0.873,-9.313
67 87 106 145 154 156;0.1519,0.873,-9.313
38 48 106 156;0.2120,0.827,-9.176
38 77 106 156;0.1867,0.843,-9.151
77 109 119 156;0.0665,1.000,-9.147
38 109 119 156;0.0665,1.000,-9.147
87 139 148 156;0.0665,1.000,-9.147
67 97 139 156;0.0665,1.000,-9.147
38 77 97 148 156;0.0665,1.000,-9.147
48 67 156;0.3544,0.767,-9.112
38 48 156;0.3544,0.767,-9.112
20 48 156;0.3608,0.765,-9.104
67 90 100 156;0.0823,0.963,-9.078
75 156;0.2500,0.806,-9.066
20 57 60 156;0.1076,0.919,-9.028
20 70 156;0.1392,0.880,-8.983
38 67 87 97 145 156;0.1392,0.880,-8.983
59 157;0.0443,0.778,-8.968
38 77 116 145 156;0.1582,0.862,-8.964
38 97 116 145 156;0.1582,0.862,-8.964
57 87 116 154 156;0.1582,0.862,-8.964
38 106 136 145 156;0.1582,0.862,-8.964
67 87 106 145 156;0.1582,0.862,-8.964
41 48 156;0.0949,0.938,-8.963
20 148 156;0.0949,0.938,-8.963
38 67 87 145 156;0.1487,0.870,-8.955
87 106 116 145 154 156;0.1487,0.870,-8.955
77 87 106 145 154 156;0.1487,0.870,-8.955
57 97 106 116 156;0.1930,0.836,-8.920
48 77 156;0.2911,0.786,-8.828
87 119 139 156;0.0633,1.000,-8.693
97 119 139 156;0.0633,1.000,-8.693
67 119 139 156;0.0633,1.000,-8.693
38 119 139 156;0.0633,1.000,-8.693
57 119 139 156;0.0633,1.000,-8.693
20 119 139 156;0.0633,1.000,-8.693
48 119 139 156;0.0633,1.000,-8.693
87 119 148 156;0.0633,1.000,-8.693
97 119 148 156;0.0633,1.000,-8.693
67 119 148 156;0.0633,1.000,-8.693
38 119 148 156;0.0633,1.000,-8.693
57 119 148 156;0.0633,1.000,-8.693
77 139 148 156;0.0633,1.000,-8.693
50 67 90 156;0.0633,1.000,-8.693
48 90 109 156;0.0633,1.000,-8.693
20 23 57 156;0.1266,0.889,-8.689
38 67 97 145 156;0.1646,0.852,-8.661
60 90 156;0.0791,0.962,-8.653
48 90 156;0.1044,0.917,-8.637
67 106 116 136 145 154 156;0.1361,0.878,-8.623
67 97 106 116 145 154 156;0.1361,0.878,-8.623
57 87 106 145 154 156;0.1551,0.860,-8.617
67 106 116 145 154 156;0.1456,0.868,-8.602
38 67 97 106 136 156;0.1456,0.868,-8.602
38 67 87 97 106 156;0.1456,0.868,-8.602
87 106 116 156;0.1899,0.833,-8.591
48 60 156;0.1139,0.900,-8.439
57 87 106 145 156;0.1709,0.844,-8.394
38 67 97 136 156;0.1709,0.844,-8.394
67 116 145 154 156;0.1614,0.850,-8.323
77 87 106 145 156;0.1614,0.850,-8.323
38 87 97 106 156;0.1614,0.850,-8.323
38 77 156;0.2785,0.786,-8.288
67 106 116 145 156;0.1519,0.857,-8.275
23 38 156;0.1329,0.875,-8.267
38 67 87 106 136 156;0.1329,0.875,-8.267
18 156;0.1424,0.865,-8.254
67 90 156;0.1013,0.914,-8.251
20 57 90 156;0.1013,0.914,-8.251
119 129 156;0.0601,1.000,-8.241
87 97 129 156;0.0601,1.000,-8.241
48 87 129 156;0.0601,1.000,-8.241
77 119 139 156;0.0601,1.000,-8.241
97 109 119 156;0.0601,1.000,-8.241
38 136 148 156;0.0601,1.000,-8.241
38 87 106 148 156;0.0601,1.000,-8.241
38 97 148 156;0.0759,0.960,-8.231
38 60 67 156;0.0759,0.960,-8.231
77 87 106 156;0.2025,0.821,-8.210
67 116 145 156;0.1772,0.836,-8.158
38 67 145 156;0.1772,0.836,-8.158
38 87 106 156;0.1772,0.836,-8.158
20 41 156;0.0886,0.933,-8.157
20 60 156;0.1108,0.897,-8.067
38 116 145 156;0.1677,0.841,-8.065
57 106 116 145 156;0.1677,0.841,-8.065
38 67 106 136 156;0.1582,0.847,-7.990
77 87 116 145 154 156;0.1582,0.847,-7.990
38 67 156;0.3165,0.769,-7.985
48 106 116 156;0.1835,0.829,-7.948
87 106 145 156;0.1835,0.829,-7.948
38 119 156;0.0728,0.958,-7.812
77 87 119 156;0.0728,0.958,-7.812
20 77 119 156;0.0728,0.958,-7.812
129 148 156;0.0570,1.000,-7.791
97 129 139 156;0.0570,1.000,-7.791
48 129 139 156;0.0570,1.000,-7.791
77 97 129 156;0.0570,1.000,-7.791
41 57 90 156;0.0570,1.000,-7.791
41 90 150 156;0.0570,1.000,-7.791
38 109 148 156;0.0570,1.000,-7.791
60 67 100 156;0.0570,1.000,-7.791
106 116 148 156;0.0570,1.000,-7.791
97 116 148 156;0.0570,1.000,-7.791
97 109 139 148 156;0.0570,1.000,-7.791
57 109 139 148 156;0.0570,1.000,-7.791
38 97 109 139 156;0.0570,1.000,-7.791
20 97 109 139 156;0.0570,1.000,-7.791
87 97 106 139 156;0.0570,1.000,-7.791
20 97 106 139 156;0.0570,1.000,-7.791
38 50 156;0.0854,0.931,-7.760
90 100 156;0.0854,0.931,-7.760
87 116 145 154 156;0.1646,0.839,-7.741
67 106 136 145 156;0.1646,0.839,-7.741
67 70 156;0.1076,0.895,-7.700
57 106 116 154 156;0.1551,0.845,-7.663
118 150 157;0.0222,1.000,-7.647
40 154 157;0.0222,1.000,-7.647
77 106 145 156;0.1804,0.826,-7.634
38 106 136 156;0.1804,0.826,-7.634
20 23 156;0.1456,0.852,-7.605
57 87 106 156;0.2120,0.807,-7.601
57 106 116 156;0.1962,0.816,-7.592
48 106 136 156;0.1962,0.816,-7.592
20 77 156;0.2911,0.773,-7.530
69 157;0.0316,0.833,-7.520
40 157;0.0316,0.833,-7.520
38 148 156;0.0949,0.909,-7.491
23 70 156;0.0949,0.909,-7.491
38 97 106 145 156;0.1614,0.836,-7.422
67 87 136 145 154 156;0.1614,0.836,-7.422
57 87 136 145 154 156;0.1614,0.836,-7.422
109 119 156;0.0696,0.957,-7.397
67 139 156;0.0696,0.957,-7.397
57 139 148 156;0.0696,0.957,-7.397
87 97 148 156;0.0696,0.957,-7.397
67 97 148 156;0.0696,0.957,-7.397
32 48 156;0.0538,1.000,-7.343
97 109 129 156;0.0538,1.000,-7.343
48 109 129 156;0.0538,1.000,-7.343
106 119 139 156;0.0538,1.000,-7.343
106 119 148 156;0.0538,1.000,-7.343
116 139 148 156;0.0538,1.000,-7.343
77 97 106 139 156;0.0538,1.000,-7.343
20 90 156;0.1044,0.892,-7.338
38 60 156;0.1044,0.892,-7.338
67 106 116 156;0.1772,0.824,-7.326
57 87 145 154 156;0.1772,0.824,-7.326
67 87 106 156;0.1930,0.813,-7.291
70 156;0.1424,0.849,-7.278
38 87 97 136 145 156;0.1424,0.849,-7.278
44 157;0.1108,0.515,-7.266
48 97 106 156;0.2310,0.793,-7.252
97 106 116 145 156;0.1677,0.828,-7.210
67 87 136 145 156;0.1677,0.828,-7.210
38 97 106 156;0.2152,0.800,-7.181
77 97 106 156;0.1994,0.808,-7.145
50 60 156;0.0918,0.906,-7.119
48 109 156;0.0918,0.906,-7.119
106 116 136 145 154 156;0.1487,0.839,-7.023
57 116 154 156;0.1741,0.821,-7.022
38 106 145 156;0.1741,0.821,-7.022
67 87 145 156;0.1899,0.811,-6.995
97 139 148 156;0.0665,0.955,-6.985
20 97 139 156;0.0665,0.955,-6.985
77 97 148 156;0.0665,0.955,-6.985
38 87 97 139 156;0.0665,0.955,-6.985
57 90 156;0.1013,0.889,-6.980
57 60 156;0.1108,0.875,-6.912
23 67 156;0.1108,0.875,-6.912
77 116 145 154 156;0.1646,0.825,-6.905
67 97 136 145 156;0.1646,0.825,-6.905
100 129 156;0.0506,1.000,-6.897
109 116 156;0.0506,1.000,-6.897
77 106 119 156;0.0506,1.000,-6.897
106 116 139 156;0.0506,1.000,-6.897
106 109 139 148 156;0.0506,1.000,-6.897
97 106 109 139 156;0.0506,1.000,-6.897
38 136 145 156;0.1962,0.805,-6.855
57 156;0.4335,0.729,-6.844
20 156;0.4557,0.724,-6.795
67 109 156;0.0886,0.903,-6.750
93 157;0.0949,0.526,-6.714
77 106 156;0.2247,0.789,-6.690
50 156;0.0981,0.886,-6.628
106 116 136 145 156;0.1614,0.823,-6.605
87 106 156;0.2310,0.785,-6.602
87 119 156;0.0759,0.923,-6.595
67 119 156;0.0759,0.923,-6.595
48 119 156;0.0759,0.923,-6.595
97 148 156;0.0759,0.923,-6.595
23 145 156;0.0759,0.923,-6.595
119 139 156;0.0633,0.952,-6.578
90 109 156;0.0633,0.952,-6.578
136 148 156;0.0633,0.952,-6.578
77 97 119 156;0.0633,0.952,-6.578
106 116 145 156;0.1772,0.812,-6.563
67 136 145 154 156;0.1772,0.812,-6.563
118 154 157;0.0190,1.000,-6.535
82 100 157;0.0190,1.000,-6.535
70 97 154 157;0.0190,1.000,-6.535
38 87 97 145 156;0.1519,0.828,-6.498
32 41 156;0.0475,1.000,-6.453
100 119 148 156;0.0475,1.000,-6.453
106 116 119 156;0.0475,1.000,-6.453
87 100 148 156;0.0475,1.000,-6.453
67 100 148 156;0.0475,1.000,-6.453
97 106 116 156;0.1994,0.797,-6.448
48 106 145 156;0.1835,0.806,-6.419
48 87 116 145 156;0.1424,0.833,-6.404
65 97 136 145 157;0.0316,0.769,-6.397
38 109 156;0.0854,0.900,-6.387
77 100 156;0.0854,0.900,-6.387
60 67 156;0.0854,0.900,-6.387
83 157;0.0886,0.528,-6.355
77 97 116 145 156;0.1741,0.809,-6.277
77 87 145 154 156;0.1741,0.809,-6.277
77 119 156;0.0728,0.920,-6.216
139 148 156;0.0728,0.920,-6.216
87 129 156;0.0601,0.950,-6.173
97 129 156;0.0601,0.950,-6.173
38 87 145 156;0.1646,0.812,-6.144
67 87 97 116 156;0.1646,0.812,-6.144
36 150 156;0.1551,0.817,-6.020
106 116 136 154 156;0.1551,0.817,-6.020
67 136 145 156;0.1867,0.797,-6.015
19 156;0.0443,1.000,-6.010
106 116 136 156;0.1709,0.806,-5.996
48 87 145 156;0.1709,0.806,-5.996
77 87 116 145 156;0.1709,0.806,-5.996
38 106 156;0.2373,0.773,-5.928
118 157;0.0222,0.875,-5.904
65 97 145 154 157;0.0222,0.875,-5.904
87 148 156;0.0696,0.917,-5.842
129 139 156;0.0570,0.947,-5.773
77 129 156;0.0570,0.947,-5.773
41 90 156;0.0570,0.947,-5.773
97 109 139 156;0.0570,0.947,-5.773
97 106 139 156;0.0570,0.947,-5.773
48 106 139 156;0.0570,0.947,-5.773
48 106 156;0.2563,0.764,-5.764
67 106 136 156;0.1835,0.795,-5.746
27 156;0.1519,0.814,-5.736
48 116 145 156;0.1677,0.803,-5.721
67 87 156;0.2690,0.759,-5.681
67 145 156;0.2342,0.771,-5.675
77 116 145 156;0.1899,0.789,-5.640
48 136 145 154 156;0.1899,0.789,-5.640
20 65 87 116 136 157;0.0253,0.800,-5.638
106 116 156;0.2120,0.779,-5.630
38 87 116 136 154 156;0.1424,0.818,-5.621
65 97 136 157;0.0411,0.650,-5.615
73 157;0.0949,0.500,-5.592
37 156;0.0411,1.000,-5.569
32 60 156;0.0411,1.000,-5.569
116 129 156;0.0411,1.000,-5.569
41 100 156;0.0411,1.000,-5.569
38 156;0.4241,0.720,-5.548
65 97 154 157;0.0285,0.750,-5.523
65 87 116 136 157;0.0285,0.750,-5.523
65 136 145 150 157;0.0316,0.714,-5.488
97 119 156;0.0665,0.913,-5.472
87 97 139 156;0.0665,0.913,-5.472
48 87 139 156;0.0665,0.913,-5.472
41 67 150 156;0.0665,0.913,-5.472
77 97 116 156;0.2025,0.780,-5.457
77 87 116 154 156;0.1646,0.800,-5.451
48 63 157;0.0633,0.556,-5.447
67 156;0.4051,0.723,-5.439
60 72 157;0.0158,1.000,-5.430
60 82 157;0.0158,1.000,-5.430
80 106 150 157;0.0158,1.000,-5.430
70 97 145 157;0.0158,1.000,-5.430
70 106 154 157;0.0158,1.000,-5.430
70 87 154 157;0.0158,1.000,-5.430
70 77 136 154 157;0.0158,1.000,-5.430
70 77 121 136 157;0.0158,1.000,-5.430
106 136 145 156;0.1867,0.787,-5.381
32 156;0.0538,0.944,-5.377
109 129 156;0.0538,0.944,-5.377
106 119 156;0.0538,0.944,-5.377
116 139 156;0.0538,0.944,-5.377
145 148 156;0.0538,0.944,-5.377
77 109 148 156;0.0538,0.944,-5.377
60 156;0.1139,0.837,-5.350
90 156;0.1044,0.846,-5.295
87 116 145 156;0.1772,0.789,-5.224
23 156;0.1614,0.797,-5.187
116 136 145 154 156;0.1614,0.797,-5.187
97 116 145 154 156;0.1614,0.797,-5.187
77 116 136 154 156;0.1614,0.797,-5.187
139 145 156;0.0380,1.000,-5.130
5 77 116 156;0.0380,1.000,-5.130
100 116 148 156;0.0380,1.000,-5.130
97 116 145 156;0.1835,0.784,-5.128
119 148 156;0.0633,0.909,-5.107
116 148 156;0.0633,0.909,-5.107
77 97 139 156;0.0633,0.909,-5.107
77 156;0.3576,0.729,-5.057
48 145 154 156;0.2184,0.767,-5.005
100 148 156;0.0506,0.941,-4.986
106 109 139 156;0.0506,0.941,-4.986
106 109 148 156;0.0506,0.941,-4.986
116 145 154 156;0.1741,0.786,-4.972
87 136 145 154 156;0.1741,0.786,-4.972
23 36 65 157;0.0190,0.857,-4.921
29 65 97 145 157;0.0190,0.857,-4.921
20 65 97 157;0.0380,0.632,-4.893
148 156;0.1076,0.829,-4.766
48 129 156;0.0601,0.905,-4.748
100 119 156;0.0601,0.905,-4.748
65 87 136 145 157;0.0222,0.778,-4.736
20 57 65 87 136 157;0.0222,0.778,-4.736
87 145 154 156;0.1930,0.772,-4.724
106 136 156;0.2215,0.761,-4.719
48 100 156;0.0981,0.838,-4.695
20 57 65 136 150 157;0.0285,0.692,-4.685
20 65 87 116 157;0.0253,0.727,-4.678
65 77 136 145 157;0.0253,0.727,-4.678
20 65 87 136 157;0.0253,0.727,-4.678
20 65 77 136 157;0.0253,0.727,-4.678
87 100 139 156;0.0475,0.938,-4.599
48 136 145 156;0.2057,0.765,-4.597
46 150 156;0.1456,0.793,-4.535
63 157;0.0918,0.475,-4.453
41 156;0.0949,0.833,-4.404
48 87 97 116 136 154 156;0.1361,0.796,-4.401
106 139 156;0.0570,0.900,-4.395
87 109 139 156;0.0570,0.900,-4.395
139 150 157;0.0127,1.000,-4.332
41 97 157;0.0127,1.000,-4.332
72 100 157;0.0127,1.000,-4.332
82 139 143 157;0.0127,1.000,-4.332
121 139 143 157;0.0127,1.000,-4.332
82 124 139 157;0.0127,1.000,-4.332
109 121 136 157;0.0127,1.000,-4.332
109 136 150 157;0.0127,1.000,-4.332
100 145 150 157;0.0127,1.000,-4.332
100 136 150 157;0.0127,1.000,-4.332
97 100 121 157;0.0127,1.000,-4.332
43 100 121 157;0.0127,1.000,-4.332
43 100 150 157;0.0127,1.000,-4.332
60 87 145 157;0.0127,1.000,-4.332
60 97 145 157;0.0127,1.000,-4.332
60 87 136 157;0.0127,1.000,-4.332
60 77 136 157;0.0127,1.000,-4.332
60 97 136 157;0.0127,1.000,-4.332
60 87 154 157;0.0127,1.000,-4.332
60 97 154 157;0.0127,1.000,-4.332
65 70 97 157;0.0127,1.000,-4.332
70 106 145 157;0.0127,1.000,-4.332
70 106 150 157;0.0127,1.000,-4.332
70 97 121 157;0.0127,1.000,-4.332
75 106 116 157;0.0127,1.000,-4.332
34 57 121 139 157;0.0127,1.000,-4.332
34 121 124 139 157;0.0127,1.000,-4.332
70 109 136 154 157;0.0127,1.000,-4.332
34 70 109 154 157;0.0127,1.000,-4.332
34 109 121 154 157;0.0127,1.000,-4.332
18 23 87 143 157;0.0127,1.000,-4.332
18 23 87 102 157;0.0127,1.000,-4.332
70 87 121 136 157;0.0127,1.000,-4.332
34 70 136 154 157;0.0127,1.000,-4.332
34 70 121 136 157;0.0127,1.000,-4.332
34 70 77 154 157;0.0127,1.000,-4.332
23 27 36 52 157;0.0127,1.000,-4.332
23 27 34 36 157;0.0127,1.000,-4.332
20 75 116 154 157;0.0127,1.000,-4.332
29 38 65 77 145 157;0.0127,1.000,-4.332
87 104 116 136 152 157;0.0127,1.000,-4.332
104 116 136 150 152 157;0.0127,1.000,-4.332
20 57 65 104 150 152 157;0.0127,1.000,-4.332
87 139 156;0.0665,0.875,-4.320
97 139 156;0.0665,0.875,-4.320
119 156;0.0759,0.857,-4.313
48 87 116 136 154 156;0.1424,0.789,-4.287
106 145 156;0.2152,0.756,-4.274
48 87 156;0.2627,0.741,-4.264
66 156;0.0316,1.000,-4.258
46 53 156;0.0316,1.000,-4.258
73 83 87 156;0.0316,1.000,-4.258
57 65 136 150 157;0.0348,0.611,-4.202
48 145 156;0.2468,0.743,-4.103
116 145 156;0.2057,0.756,-4.103
65 87 116 157;0.0316,0.625,-4.093
65 77 136 157;0.0316,0.625,-4.093
65 156;0.2120,0.753,-4.059
136 145 154 156;0.2120,0.753,-4.059
48 139 156;0.0728,0.852,-4.006
20 65 116 136 157;0.0285,0.643,-3.996
20 65 136 150 157;0.0285,0.643,-3.996
82 109 157;0.0158,0.833,-3.961
109 150 154 157;0.0158,0.833,-3.961
97 100 150 157;0.0158,0.833,-3.961
70 77 136 157;0.0158,0.833,-3.961
70 97 136 157;0.0158,0.833,-3.961
34 70 154 157;0.0158,0.833,-3.961
46 65 136 157;0.0158,0.833,-3.961
23 87 102 143 157;0.0158,0.833,-3.961
65 116 145 154 157;0.0158,0.833,-3.961
20 65 116 154 157;0.0158,0.833,-3.961
65 106 145 154 157;0.0158,0.833,-3.961
65 77 145 154 157;0.0158,0.833,-3.961
29 65 77 145 157;0.0158,0.833,-3.961
11 20 38 46 57 157;0.0158,0.833,-3.961
87 116 136 150 152 157;0.0158,0.833,-3.961
36 156;0.1677,0.768,-3.947
65 116 136 145 157;0.0253,0.667,-3.916
65 136 150 154 157;0.0253,0.667,-3.916
75 82 106 154 157;0.0222,0.700,-3.865
11 46 57 121 136 157;0.0222,0.700,-3.865
65 116 154 157;0.0190,0.750,-3.863
65 106 154 157;0.0190,0.750,-3.863
11 46 57 77 136 157;0.0190,0.750,-3.863
11 20 65 87 145 157;0.0190,0.750,-3.863
57 65 97 157;0.0475,0.536,-3.828
150 153 156;0.0285,1.000,-3.824
86 150 156;0.0285,1.000,-3.824
87 145 156;0.2152,0.747,-3.814
129 156;0.0601,0.864,-3.680
150 154 157;0.1741,0.404,-3.592
65 116 136 157;0.0316,0.588,-3.547
65 97 116 157;0.0316,0.588,-3.547
65 97 145 157;0.0316,0.588,-3.547
48 97 116 156;0.1899,0.750,-3.524
87 116 136 154 156;0.1614,0.761,-3.514
87 109 156;0.0759,0.828,-3.484
20 65 116 157;0.0285,0.600,-3.418
75 82 154 157;0.0285,0.600,-3.418
34 38 85 154 157;0.0285,0.600,-3.418
65 97 157;0.0538,0.500,-3.414
105 150 156;0.0253,1.000,-3.393
63 83 87 136 156;0.0253,1.000,-3.393
83 87 136 154 156;0.0253,1.000,-3.393
100 139 156;0.0475,0.882,-3.373
5 116 156;0.0475,0.882,-3.373
83 87 156;0.0475,0.882,-3.373
109 139 156;0.0570,0.857,-3.371
75 106 154 157;0.0253,0.615,-3.297
57 65 87 136 157;0.0253,0.615,-3.297
11 20 65 87 157;0.0253,0.615,-3.297
100 156;0.0981,0.795,-3.284
97 106 156;0.2595,0.726,-3.265
23 76 157;0.0095,1.000,-3.239
50 72 157;0.0095,1.000,-3.239
43 50 157;0.0095,1.000,-3.239
41 82 157;0.0095,1.000,-3.239
36 109 157;0.0095,1.000,-3.239
72 90 157;0.0095,1.000,-3.239
46 80 157;0.0095,1.000,-3.239
47 76 97 157;0.0095,1.000,-3.239
28 65 116 157;0.0095,1.000,-3.239
28 65 136 157;0.0095,1.000,-3.239
28 97 152 157;0.0095,1.000,-3.239
20 28 116 157;0.0095,1.000,-3.239
20 28 136 157;0.0095,1.000,-3.239
20 28 97 157;0.0095,1.000,-3.239
114 129 154 157;0.0095,1.000,-3.239
106 129 150 157;0.0095,1.000,-3.239
43 129 150 157;0.0095,1.000,-3.239
82 104 119 157;0.0095,1.000,-3.239
82 119 124 157;0.0095,1.000,-3.239
82 104 139 157;0.0095,1.000,-3.239
52 114 139 157;0.0095,1.000,-3.239
82 114 139 157;0.0095,1.000,-3.239
114 121 139 157;0.0095,1.000,-3.239
87 121 139 157;0.0095,1.000,-3.239
77 121 139 157;0.0095,1.000,-3.239
82 121 139 157;0.0095,1.000,-3.239
97 121 139 157;0.0095,1.000,-3.239
43 121 139 157;0.0095,1.000,-3.239
38 121 139 157;0.0095,1.000,-3.239
41 87 136 157;0.0095,1.000,-3.239
41 77 136 157;0.0095,1.000,-3.239
41 87 154 157;0.0095,1.000,-3.239
52 109 114 157;0.0095,1.000,-3.239
106 109 121 157;0.0095,1.000,-3.239
106 109 150 157;0.0095,1.000,-3.239
97 109 121 157;0.0095,1.000,-3.239
100 111 152 157;0.0095,1.000,-3.239
100 104 116 157;0.0095,1.000,-3.239
100 104 145 157;0.0095,1.000,-3.239
100 104 136 157;0.0095,1.000,-3.239
100 116 121 157;0.0095,1.000,-3.239
100 116 150 157;0.0095,1.000,-3.239
62 100 150 157;0.0095,1.000,-3.239
97 100 111 157;0.0095,1.000,-3.239
97 100 131 157;0.0095,1.000,-3.239
43 100 111 157;0.0095,1.000,-3.239
43 100 131 157;0.0095,1.000,-3.239
90 104 116 157;0.0095,1.000,-3.239
90 136 150 157;0.0095,1.000,-3.239
11 46 148 157;0.0095,1.000,-3.239
36 141 148 157;0.0095,1.000,-3.239
75 106 148 157;0.0095,1.000,-3.239
85 106 148 157;0.0095,1.000,-3.239
106 141 148 157;0.0095,1.000,-3.239
60 77 145 157;0.0095,1.000,-3.239
34 60 136 157;0.0095,1.000,-3.239
60 97 121 157;0.0095,1.000,-3.239
43 60 150 157;0.0095,1.000,-3.239
80 106 121 157;0.0095,1.000,-3.239
80 102 106 157;0.0095,1.000,-3.239
65 70 87 157;0.0095,1.000,-3.239
65 70 77 157;0.0095,1.000,-3.239
70 87 145 157;0.0095,1.000,-3.239
70 77 145 157;0.0095,1.000,-3.239
34 70 145 157;0.0095,1.000,-3.239
70 106 121 157;0.0095,1.000,-3.239
70 106 141 157;0.0095,1.000,-3.239
70 82 87 157;0.0095,1.000,-3.239
70 82 97 157;0.0095,1.000,-3.239
70 82 154 157;0.0095,1.000,-3.239
57 70 82 157;0.0095,1.000,-3.239
70 97 141 157;0.0095,1.000,-3.239
38 77 106 135 157;0.0095,1.000,-3.239
38 106 135 154 157;0.0095,1.000,-3.239
28 57 116 152 157;0.0095,1.000,-3.239
28 38 57 152 157;0.0095,1.000,-3.239
20 28 57 152 157;0.0095,1.000,-3.239
76 87 97 134 157;0.0095,1.000,-3.239
57 76 87 134 157;0.0095,1.000,-3.239
34 121 136 139 157;0.0095,1.000,-3.239
34 41 77 154 157;0.0095,1.000,-3.239
87 109 121 154 157;0.0095,1.000,-3.239
34 87 109 121 157;0.0095,1.000,-3.239
85 134 141 148 157;0.0095,1.000,-3.239
25 85 141 148 157;0.0095,1.000,-3.239
72 106 134 148 157;0.0095,1.000,-3.239
106 121 134 148 157;0.0095,1.000,-3.239
82 106 124 148 157;0.0095,1.000,-3.239
106 121 124 148 157;0.0095,1.000,-3.239
80 87 136 150 157;0.0095,1.000,-3.239
80 97 136 150 157;0.0095,1.000,-3.239
34 80 136 150 157;0.0095,1.000,-3.239
18 23 65 87 157;0.0095,1.000,-3.239
18 23 57 65 157;0.0095,1.000,-3.239
18 23 87 152 157;0.0095,1.000,-3.239
18 23 62 87 157;0.0095,1.000,-3.239
18 23 87 92 157;0.0095,1.000,-3.239
18 23 52 87 157;0.0095,1.000,-3.239
18 23 43 87 157;0.0095,1.000,-3.239
18 23 57 87 157;0.0095,1.000,-3.239
18 23 87 141 157;0.0095,1.000,-3.239
18 23 34 87 157;0.0095,1.000,-3.239
23 70 87 136 157;0.0095,1.000,-3.239
23 27 36 152 157;0.0095,1.000,-3.239
23 27 36 104 157;0.0095,1.000,-3.239
23 27 36 143 157;0.0095,1.000,-3.239
23 27 36 114 157;0.0095,1.000,-3.239
23 27 36 62 157;0.0095,1.000,-3.239
23 27 36 92 157;0.0095,1.000,-3.239
23 27 36 57 157;0.0095,1.000,-3.239
23 27 36 102 157;0.0095,1.000,-3.239
23 27 65 104 157;0.0095,1.000,-3.239
23 27 65 114 157;0.0095,1.000,-3.239
23 27 104 152 157;0.0095,1.000,-3.239
23 27 104 143 157;0.0095,1.000,-3.239
23 27 87 104 157;0.0095,1.000,-3.239
23 27 114 143 157;0.0095,1.000,-3.239
27 36 106 134 157;0.0095,1.000,-3.239
27 36 57 77 157;0.0095,1.000,-3.239
20 27 36 97 157;0.0095,1.000,-3.239
27 87 104 136 157;0.0095,1.000,-3.239
23 36 46 152 157;0.0095,1.000,-3.239
46 65 145 154 157;0.0095,1.000,-3.239
38 46 65 154 157;0.0095,1.000,-3.239
46 57 77 95 157;0.0095,1.000,-3.239
23 36 87 152 157;0.0095,1.000,-3.239
23 36 87 143 157;0.0095,1.000,-3.239
23 65 114 143 157;0.0095,1.000,-3.239
23 87 136 143 157;0.0095,1.000,-3.239
36 65 106 134 157;0.0095,1.000,-3.239
36 97 116 152 157;0.0095,1.000,-3.239
20 36 97 152 157;0.0095,1.000,-3.239
75 116 145 154 157;0.0095,1.000,-3.239
67 75 116 136 157;0.0095,1.000,-3.239
52 106 143 154 157;0.0095,1.000,-3.239
67 106 143 154 157;0.0095,1.000,-3.239
34 70 124 136 150 157;0.0095,1.000,-3.239
20 27 36 57 150 157;0.0095,1.000,-3.239
36 46 57 65 116 157;0.0095,1.000,-3.239
36 46 57 116 152 157;0.0095,1.000,-3.239
36 46 87 97 152 157;0.0095,1.000,-3.239
36 46 57 87 152 157;0.0095,1.000,-3.239
36 46 57 97 116 157;0.0095,1.000,-3.239
36 46 102 106 121 157;0.0095,1.000,-3.239
36 46 57 87 97 157;0.0095,1.000,-3.239
46 52 57 87 95 157;0.0095,1.000,-3.239
46 57 87 95 121 157;0.0095,1.000,-3.239
29 46 52 57 95 157;0.0095,1.000,-3.239
29 46 57 95 121 157;0.0095,1.000,-3.239
11 38 46 57 143 157;0.0095,1.000,-3.239
23 87 106 114 143 157;0.0095,1.000,-3.239
23 52 87 114 143 157;0.0095,1.000,-3.239
23 87 97 114 143 157;0.0095,1.000,-3.239
23 34 57 114 154 157;0.0095,1.000,-3.239
36 57 87 116 152 157;0.0095,1.000,-3.239
36 57 116 150 152 157;0.0095,1.000,-3.239
20 36 57 150 152 157;0.0095,1.000,-3.239
57 65 87 104 152 157;0.0095,1.000,-3.239
20 65 87 104 152 157;0.0095,1.000,-3.239
38 57 65 104 152 157;0.0095,1.000,-3.239
57 65 104 116 150 157;0.0095,1.000,-3.239
29 38 65 116 145 157;0.0095,1.000,-3.239
38 65 87 145 154 157;0.0095,1.000,-3.239
29 38 65 87 145 157;0.0095,1.000,-3.239
20 67 75 106 134 157;0.0095,1.000,-3.239
57 72 75 116 145 157;0.0095,1.000,-3.239
57 75 82 116 145 157;0.0095,1.000,-3.239
57 67 75 116 145 157;0.0095,1.000,-3.239
57 75 116 145 150 157;0.0095,1.000,-3.239
20 57 72 75 116 157;0.0095,1.000,-3.239
20 57 75 82 116 157;0.0095,1.000,-3.239
20 57 67 75 116 157;0.0095,1.000,-3.239
20 57 75 116 150 157;0.0095,1.000,-3.239
38 87 95 116 152 157;0.0095,1.000,-3.239
43 104 116 136 152 157;0.0095,1.000,-3.239
38 104 116 136 152 157;0.0095,1.000,-3.239
38 87 104 116 152 157;0.0095,1.000,-3.239
57 87 104 116 152 157;0.0095,1.000,-3.239
57 104 116 150 152 157;0.0095,1.000,-3.239
43 87 104 136 152 157;0.0095,1.000,-3.239
38 87 104 136 152 157;0.0095,1.000,-3.239
57 87 104 136 152 157;0.0095,1.000,-3.239
20 87 104 136 152 157;0.0095,1.000,-3.239
57 114 136 143 154 157;0.0095,1.000,-3.239
57 87 114 143 154 157;0.0095,1.000,-3.239
52 57 114 143 154 157;0.0095,1.000,-3.239
57 102 114 143 154 157;0.0095,1.000,-3.239
34 57 114 143 154 157;0.0095,1.000,-3.239
20 77 106 114 150 157;0.0095,1.000,-3.239
11 38 46 57 77 154 157;0.0095,1.000,-3.239
11 38 46 57 67 77 157;0.0095,1.000,-3.239
11 29 38 46 57 77 157;0.0095,1.000,-3.239
20 29 38 57 65 77 157;0.0095,1.000,-3.239
43 48 67 75 95 136 157;0.0095,1.000,-3.239
38 57 116 121 143 152 157;0.0095,1.000,-3.239
38 87 106 114 143 150 157;0.0095,1.000,-3.239
29 67 87 106 143 150 157;0.0095,1.000,-3.239
38 67 87 106 143 150 157;0.0095,1.000,-3.239
38 67 87 102 136 143 157;0.0095,1.000,-3.239
38 67 87 136 143 150 157;0.0095,1.000,-3.239
38 67 77 106 114 150 157;0.0095,1.000,-3.239
38 57 77 106 114 150 157;0.0095,1.000,-3.239
38 48 57 75 85 106 134 157;0.0095,1.000,-3.239
38 43 57 75 85 97 134 157;0.0095,1.000,-3.239
29 57 87 106 114 143 150 157;0.0095,1.000,-3.239
87 116 154 156;0.1709,0.750,-3.211
65 87 145 157;0.0222,0.636,-3.186
46 57 121 136 157;0.0222,0.636,-3.186
11 46 57 136 157;0.0222,0.636,-3.186
20 65 77 145 157;0.0222,0.636,-3.186
38 82 85 154 157;0.0222,0.636,-3.186
57 82 114 154 157;0.0222,0.636,-3.186
34 38 57 114 154 157;0.0222,0.636,-3.186
48 156;0.4589,0.694,-3.175
65 136 150 157;0.0411,0.520,-3.134
56 150 156;0.0348,0.917,-3.105
20 36 97 157;0.0190,0.667,-3.092
46 57 77 136 157;0.0190,0.667,-3.092
11 38 46 57 157;0.0190,0.667,-3.092
65 106 136 145 157;0.0190,0.667,-3.092
65 87 136 154 157;0.0190,0.667,-3.092
48 87 104 154 157;0.0190,0.667,-3.092
11 20 46 77 87 136 157;0.0190,0.667,-3.092
28 57 152 157;0.0127,0.800,-3.032
76 97 134 157;0.0127,0.800,-3.032
57 76 134 157;0.0127,0.800,-3.032
57 121 139 157;0.0127,0.800,-3.032
34 121 139 157;0.0127,0.800,-3.032
121 124 139 157;0.0127,0.800,-3.032
34 41 154 157;0.0127,0.800,-3.032
70 109 136 157;0.0127,0.800,-3.032
70 109 154 157;0.0127,0.800,-3.032
97 109 150 157;0.0127,0.800,-3.032
109 121 154 157;0.0127,0.800,-3.032
106 121 148 157;0.0127,0.800,-3.032
60 97 150 157;0.0127,0.800,-3.032
18 23 87 157;0.0127,0.800,-3.032
70 106 136 157;0.0127,0.800,-3.032
70 97 150 157;0.0127,0.800,-3.032
23 27 36 157;0.0127,0.800,-3.032
23 27 104 157;0.0127,0.800,-3.032
23 46 65 157;0.0127,0.800,-3.032
23 36 152 157;0.0127,0.800,-3.032
23 36 143 157;0.0127,0.800,-3.032
36 106 134 157;0.0127,0.800,-3.032
75 116 154 157;0.0127,0.800,-3.032
11 36 82 148 157;0.0127,0.800,-3.032
11 82 134 148 157;0.0127,0.800,-3.032
70 87 124 136 157;0.0127,0.800,-3.032
34 70 124 136 157;0.0127,0.800,-3.032
20 27 36 150 157;0.0127,0.800,-3.032
36 46 57 116 157;0.0127,0.800,-3.032
23 87 106 143 157;0.0127,0.800,-3.032
23 52 87 143 157;0.0127,0.800,-3.032
23 87 97 143 157;0.0127,0.800,-3.032
23 43 87 143 157;0.0127,0.800,-3.032
104 116 136 152 157;0.0127,0.800,-3.032
87 104 136 152 157;0.0127,0.800,-3.032
48 87 104 116 157;0.0127,0.800,-3.032
11 34 82 124 148 157;0.0127,0.800,-3.032
27 36 57 87 121 157;0.0127,0.800,-3.032
23 36 62 87 97 157;0.0127,0.800,-3.032
23 36 87 92 97 157;0.0127,0.800,-3.032
23 36 52 87 97 157;0.0127,0.800,-3.032
23 36 57 87 97 157;0.0127,0.800,-3.032
23 36 87 97 102 157;0.0127,0.800,-3.032
23 34 36 87 97 157;0.0127,0.800,-3.032
23 43 87 150 152 157;0.0127,0.800,-3.032
36 57 65 106 152 157;0.0127,0.800,-3.032
36 57 65 87 152 157;0.0127,0.800,-3.032
36 87 97 121 152 157;0.0127,0.800,-3.032
36 57 87 121 152 157;0.0127,0.800,-3.032
29 65 116 145 150 157;0.0127,0.800,-3.032
20 29 57 65 77 157;0.0127,0.800,-3.032
57 116 121 143 152 157;0.0127,0.800,-3.032
20 87 136 150 152 157;0.0127,0.800,-3.032
38 87 104 116 136 157;0.0127,0.800,-3.032
38 104 116 136 150 157;0.0127,0.800,-3.032
38 87 136 143 150 157;0.0127,0.800,-3.032
11 20 46 97 116 136 157;0.0127,0.800,-3.032
11 20 46 87 97 136 157;0.0127,0.800,-3.032
11 23 87 97 150 152 157;0.0127,0.800,-3.032
38 48 75 85 106 134 157;0.0127,0.800,-3.032
70 87 136 157;0.0158,0.714,-3.028
23 65 143 157;0.0158,0.714,-3.028
11 82 124 148 157;0.0158,0.714,-3.028
46 65 121 145 157;0.0158,0.714,-3.028
23 36 87 97 157;0.0158,0.714,-3.028
29 65 116 145 157;0.0158,0.714,-3.028
87 104 116 136 157;0.0158,0.714,-3.028
38 87 104 116 157;0.0158,0.714,-3.028
20 57 82 85 154 157;0.0158,0.714,-3.028
57 87 116 121 152 157;0.0158,0.714,-3.028
