8 36;0.3846,1.000,-58.175
5 21 36;0.3736,1.000,-54.131
5 16 20 36;0.3736,1.000,-54.131
5 18 20 36;0.3736,1.000,-54.131
2 18 36;0.3626,1.000,-50.764
5 16 36;0.3736,0.971,-50.593
5 20 36;0.3736,0.971,-50.593
5 18 36;0.3736,0.971,-50.593
2 5 36;0.3516,1.000,-47.785
2 16 36;0.3516,1.000,-47.785
5 36;0.3736,0.944,-47.720
2 9 36;0.3407,1.000,-45.077
2 21 36;0.3626,0.943,-44.444
4 37;0.1978,1.000,-42.999
15 26 37;0.1978,1.000,-42.999
1 26 37;0.1978,1.000,-42.999
6 26 37;0.1978,1.000,-42.999
7 26 37;0.1978,1.000,-42.999
3 18 20 21 36;0.3846,0.854,-42.856
16 20 21 36;0.3736,0.872,-40.957
1 15 18 37;0.1978,0.947,-40.055
7 15 18 37;0.1978,0.947,-40.055
1 6 15 31 37;0.1978,0.947,-40.055
1 15 21 31 37;0.1978,0.947,-40.055
6 7 15 31 37;0.1978,0.947,-40.055
7 15 21 31 37;0.1978,0.947,-40.055
2 36;0.3626,0.892,-39.806
3 18 20 36;0.3846,0.814,-39.382
11 16 21 36;0.3407,0.939,-38.943
15 18 37;0.1978,0.900,-37.752
1 15 31 37;0.1978,0.900,-37.752
6 15 31 37;0.1978,0.900,-37.752
7 15 31 37;0.1978,0.900,-37.752
15 21 31 37;0.1978,0.900,-37.752
16 20 36;0.3736,0.829,-37.330
11 16 36;0.3407,0.912,-36.584
3 11 18 21 36;0.3407,0.912,-36.584
15 31 37;0.1978,0.857,-35.806
19 24 39;0.1429,1.000,-35.190
6 24 39;0.1429,1.000,-35.190
7 24 39;0.1429,1.000,-35.190
6 16 19 39;0.1429,1.000,-35.190
6 19 31 39;0.1429,1.000,-35.190
6 18 19 39;0.1429,1.000,-35.190
6 12 16 25 39;0.1429,1.000,-35.190
6 12 25 31 39;0.1429,1.000,-35.190
6 12 18 25 39;0.1429,1.000,-35.190
3 11 18 36;0.3407,0.886,-34.485
23 26 31 37;0.1978,0.818,-34.102
1 21 23 31 37;0.1978,0.818,-34.102
7 20 21 31 37;0.1978,0.818,-34.102
7 21 23 31 37;0.1978,0.818,-34.102
1 6 20 21 31 37;0.1978,0.818,-34.102
3 20 21 36;0.3846,0.745,-33.495
3 18 21 23 36;0.3516,0.842,-33.271
16 21 23 36;0.3407,0.861,-32.583
26 31 37;0.1978,0.783,-32.575
1 6 15 20 37;0.1978,0.783,-32.575
1 15 20 21 37;0.1978,0.783,-32.575
1 6 20 31 37;0.1978,0.783,-32.575
1 6 23 31 37;0.1978,0.783,-32.575
6 7 20 31 37;0.1978,0.783,-32.575
6 7 23 31 37;0.1978,0.783,-32.575
6 20 21 31 37;0.1978,0.783,-32.575
6 21 23 31 37;0.1978,0.783,-32.575
7 18 20 31 37;0.1978,0.783,-32.575
1 18 20 23 31 37;0.1978,0.783,-32.575
16 19 39;0.1429,0.929,-32.551
19 31 39;0.1429,0.929,-32.551
18 19 39;0.1429,0.929,-32.551
6 12 25 39;0.1429,0.929,-32.551
7 12 16 25 39;0.1429,0.929,-32.551
7 12 25 31 39;0.1429,0.929,-32.551
7 12 18 25 39;0.1429,0.929,-32.551
6 12 16 31 39;0.1429,0.929,-32.551
1 3 6 12 31 39;0.1429,0.929,-32.551
3 6 7 12 31 39;0.1429,0.929,-32.551
23 26 37;0.1978,0.750,-31.189
1 15 20 37;0.1978,0.750,-31.189
6 20 31 37;0.1978,0.750,-31.189
6 23 31 37;0.1978,0.750,-31.189
7 20 31 37;0.1978,0.750,-31.189
1 20 23 31 37;0.1978,0.750,-31.189
1 20 21 31 37;0.1978,0.750,-31.189
1 18 23 31 37;0.1978,0.750,-31.189
1 18 21 23 37;0.1978,0.750,-31.189
7 18 23 31 37;0.1978,0.750,-31.189
7 18 20 21 37;0.1978,0.750,-31.189
7 18 21 23 37;0.1978,0.750,-31.189
1 6 18 20 21 37;0.1978,0.750,-31.189
3 20 35 36;0.2857,0.963,-30.834
12 19 21 25 39;0.1319,1.000,-30.820
7 12 21 25 39;0.1319,1.000,-30.820
24 25 39;0.1429,0.867,-30.536
1 24 39;0.1429,0.867,-30.536
12 19 25 39;0.1429,0.867,-30.536
6 19 25 39;0.1429,0.867,-30.536
7 12 25 39;0.1429,0.867,-30.536
6 16 25 39;0.1429,0.867,-30.536
6 25 31 39;0.1429,0.867,-30.536
6 18 25 39;0.1429,0.867,-30.536
7 12 16 31 39;0.1429,0.867,-30.536
3 6 12 31 39;0.1429,0.867,-30.536
3 7 12 31 39;0.1429,0.867,-30.536
1 6 9 12 31 39;0.1429,0.867,-30.536
6 7 9 12 31 39;0.1429,0.867,-30.536
26 37;0.1978,0.720,-29.916
1 23 31 37;0.1978,0.720,-29.916
7 23 31 37;0.1978,0.720,-29.916
7 15 20 21 37;0.1978,0.720,-29.916
1 18 20 31 37;0.1978,0.720,-29.916
6 18 20 21 37;0.1978,0.720,-29.916
6 18 21 23 37;0.1978,0.720,-29.916
9 18 20 21 36;0.3626,0.767,-29.760
1 10 31 37;0.1538,1.000,-28.881
1 10 18 37;0.1538,1.000,-28.881
6 10 31 37;0.1538,1.000,-28.881
6 10 18 37;0.1538,1.000,-28.881
7 10 31 37;0.1538,1.000,-28.881
7 10 18 37;0.1538,1.000,-28.881
24 39;0.1429,0.812,-28.862
19 25 39;0.1429,0.812,-28.862
12 16 25 39;0.1429,0.812,-28.862
12 25 31 39;0.1429,0.812,-28.862
12 18 25 39;0.1429,0.812,-28.862
7 16 25 39;0.1429,0.812,-28.862
7 25 31 39;0.1429,0.812,-28.862
7 18 25 39;0.1429,0.812,-28.862
6 9 12 31 39;0.1429,0.812,-28.862
7 9 12 31 39;0.1429,0.812,-28.862
15 20 21 37;0.1978,0.692,-28.738
1 20 31 37;0.1978,0.692,-28.738
7 18 20 37;0.1978,0.692,-28.738
1 6 18 20 37;0.1978,0.692,-28.738
1 6 18 23 37;0.1978,0.692,-28.738
1 18 20 23 37;0.1978,0.692,-28.738
1 18 20 21 37;0.1978,0.692,-28.738
6 7 18 23 37;0.1978,0.692,-28.738
3 20 31 36;0.3297,0.833,-28.611
3 18 23 36;0.3516,0.780,-28.600
3 9 20 36;0.3626,0.750,-28.414
16 23 36;0.3407,0.795,-27.710
1 18 23 37;0.1978,0.667,-27.639
6 18 20 37;0.1978,0.667,-27.639
6 18 23 37;0.1978,0.667,-27.639
7 18 23 37;0.1978,0.667,-27.639
6 7 15 20 37;0.1978,0.667,-27.639
3 20 36;0.3846,0.673,-27.455
12 25 39;0.1429,0.765,-27.415
6 12 16 39;0.1429,0.765,-27.415
6 16 31 39;0.1429,0.765,-27.415
1 12 16 31 39;0.1429,0.765,-27.415
1 3 12 31 39;0.1429,0.765,-27.415
1 3 6 12 18 39;0.1429,0.765,-27.415
3 6 7 12 18 39;0.1429,0.765,-27.415
9 18 20 36;0.3626,0.733,-27.134
9 20 21 36;0.3626,0.733,-27.134
6 15 20 37;0.1978,0.643,-26.609
7 15 20 37;0.1978,0.643,-26.609
1 18 20 37;0.1978,0.643,-26.609
1 6 20 21 37;0.1978,0.643,-26.609
1 7 20 21 37;0.1978,0.643,-26.609
1 20 21 23 37;0.1978,0.643,-26.609
11 27 36;0.2747,0.926,-26.556
3 9 11 21 36;0.3187,0.829,-26.555
9 11 18 21 36;0.3187,0.829,-26.555
3 18 21 36;0.3846,0.660,-26.375
3 11 21 31 36;0.2857,0.897,-26.219
16 25 39;0.1429,0.722,-26.134
6 25 39;0.1429,0.722,-26.134
25 31 39;0.1429,0.722,-26.134
18 25 39;0.1429,0.722,-26.134
7 12 16 39;0.1429,0.722,-26.134
12 16 31 39;0.1429,0.722,-26.134
7 16 31 39;0.1429,0.722,-26.134
1 9 12 31 39;0.1429,0.722,-26.134
3 6 12 18 39;0.1429,0.722,-26.134
3 7 12 18 39;0.1429,0.722,-26.134
1 3 6 31 39;0.1429,0.722,-26.134
3 6 7 31 39;0.1429,0.722,-26.134
1 6 9 12 18 39;0.1429,0.722,-26.134
6 7 9 12 18 39;0.1429,0.722,-26.134
3 21 23 31 36;0.2967,0.871,-26.134
15 20 37;0.1978,0.621,-25.640
1 15 21 37;0.1978,0.621,-25.640
9 17 42;0.0989,0.900,-25.085
9 11 18 36;0.3187,0.806,-25.026
7 25 39;0.1429,0.684,-24.981
6 12 19 39;0.1429,0.684,-24.981
3 12 31 39;0.1429,0.684,-24.981
3 6 31 39;0.1429,0.684,-24.981
6 9 12 18 39;0.1429,0.684,-24.981
7 9 12 18 39;0.1429,0.684,-24.981
3 7 18 31 39;0.1429,0.684,-24.981
3 11 21 36;0.3407,0.756,-24.963
1 6 15 37;0.1978,0.600,-24.724
1 6 20 37;0.1978,0.600,-24.724
1 20 21 37;0.1978,0.600,-24.724
7 20 21 37;0.1978,0.600,-24.724
16 21 35 36;0.2747,0.893,-24.485
9 20 35 36;0.2857,0.867,-24.354
1 10 37;0.1538,0.875,-24.194
10 31 37;0.1538,0.875,-24.194
10 18 37;0.1538,0.875,-24.194
16 21 36;0.3736,0.667,-24.150
3 11 35 36;0.2418,0.957,-23.952
12 19 39;0.1429,0.650,-23.931
6 19 39;0.1429,0.650,-23.931
6 16 39;0.1429,0.650,-23.931
1 12 16 39;0.1429,0.650,-23.931
9 12 31 39;0.1429,0.650,-23.931
1 16 31 39;0.1429,0.650,-23.931
3 7 31 39;0.1429,0.650,-23.931
1 6 12 31 39;0.1429,0.650,-23.931
1 3 12 18 39;0.1429,0.650,-23.931
6 7 12 31 39;0.1429,0.650,-23.931
1 15 37;0.1978,0.581,-23.855
7 15 21 37;0.1978,0.581,-23.855
1 7 20 37;0.1978,0.581,-23.855
1 20 23 37;0.1978,0.581,-23.855
6 20 21 37;0.1978,0.581,-23.855
9 20 36;0.3626,0.688,-23.628
3 9 11 36;0.3187,0.784,-23.606
1 3 9 15 42;0.0989,0.818,-23.380
3 7 9 15 42;0.0989,0.818,-23.380
3 23 35 36;0.2527,0.920,-23.228
15 21 37;0.1978,0.562,-23.028
25 39;0.1429,0.619,-22.966
19 39;0.1429,0.619,-22.966
12 16 39;0.1429,0.619,-22.966
7 16 39;0.1429,0.619,-22.966
6 12 31 39;0.1429,0.619,-22.966
7 12 31 39;0.1429,0.619,-22.966
1 9 12 18 39;0.1429,0.619,-22.966
1 3 6 18 39;0.1429,0.619,-22.966
1 3 18 31 39;0.1429,0.619,-22.966
3 6 7 18 39;0.1429,0.619,-22.966
9 18 21 23 36;0.3297,0.750,-22.912
11 29 41;0.0769,1.000,-22.814
20 29 41;0.0769,1.000,-22.814
20 21 27 36;0.2857,0.839,-22.683
18 21 27 36;0.2857,0.839,-22.683
3 18 35 36;0.2857,0.839,-22.683
3 21 35 36;0.2857,0.839,-22.683
3 11 31 36;0.2857,0.839,-22.683
16 35 36;0.2747,0.862,-22.669
3 18 36;0.3846,0.614,-22.386
9 11 21 36;0.3187,0.763,-22.278
1 20 37;0.1978,0.545,-22.239
3 12 18 39;0.1429,0.591,-22.072
1 3 31 39;0.1429,0.591,-22.072
3 6 18 39;0.1429,0.591,-22.072
3 7 18 39;0.1429,0.591,-22.072
1 6 9 31 39;0.1429,0.591,-22.072
6 7 9 31 39;0.1429,0.591,-22.072
1 17 42;0.0989,0.750,-21.994
3 9 15 42;0.0989,0.750,-21.994
16 27 31 36;0.2418,0.917,-21.669
6 7 15 37;0.1978,0.529,-21.486
1 21 23 37;0.1978,0.529,-21.486
6 7 20 37;0.1978,0.529,-21.486
7 21 31 37;0.1978,0.529,-21.486
1 6 21 31 37;0.1978,0.529,-21.486
3 23 31 36;0.2967,0.794,-21.411
27 31 36;0.2527,0.885,-21.259
1 16 39;0.1429,0.565,-21.240
1 12 31 39;0.1429,0.565,-21.240
9 12 18 39;0.1429,0.565,-21.240
6 9 31 39;0.1429,0.565,-21.240
1 3 6 12 39;0.1429,0.565,-21.240
1 6 12 18 39;0.1429,0.565,-21.240
3 6 7 12 39;0.1429,0.565,-21.240
6 7 12 18 39;0.1429,0.565,-21.240
7 9 18 31 39;0.1429,0.565,-21.240
20 27 36;0.2857,0.812,-21.164
18 27 36;0.2857,0.812,-21.164
21 27 36;0.2857,0.812,-21.164
3 35 36;0.2857,0.812,-21.164
6 10 21 37;0.1538,0.778,-21.058
7 10 21 37;0.1538,0.778,-21.058
16 27 36;0.2747,0.833,-21.045
27 35 36;0.2198,0.952,-20.905
1 3 15 42;0.0989,0.692,-20.815
14 17 42;0.0879,0.889,-20.782
9 15 30 42;0.0879,0.889,-20.782
3 7 14 15 42;0.0879,0.889,-20.782
6 15 37;0.1978,0.514,-20.764
7 15 37;0.1978,0.514,-20.764
6 20 37;0.1978,0.514,-20.764
7 20 37;0.1978,0.514,-20.764
6 21 31 37;0.1978,0.514,-20.764
17 20 30 41;0.0769,0.875,-20.735
6 17 20 41;0.0769,0.875,-20.735
15 20 30 41;0.0769,0.875,-20.735
6 11 20 30 41;0.0769,0.875,-20.735
7 11 20 30 41;0.0769,0.875,-20.735
3 6 15 20 34 41;0.0769,0.875,-20.735
18 20 21 36;0.3846,0.593,-20.562
3 6 12 39;0.1429,0.542,-20.459
6 12 18 39;0.1429,0.542,-20.459
3 7 12 39;0.1429,0.542,-20.459
7 12 18 39;0.1429,0.542,-20.459
1 3 18 39;0.1429,0.542,-20.459
7 9 31 39;0.1429,0.542,-20.459
1 6 9 12 39;0.1429,0.542,-20.459
6 7 9 12 39;0.1429,0.542,-20.459
3 11 36;0.3407,0.689,-20.290
16 36;0.3736,0.618,-20.208
15 37;0.1978,0.500,-20.070
1 6 31 37;0.1978,0.500,-20.070
1 21 31 37;0.1978,0.500,-20.070
6 7 31 37;0.1978,0.500,-20.070
7 21 23 37;0.1978,0.500,-20.070
7 18 21 37;0.1978,0.500,-20.070
1 6 18 21 37;0.1978,0.500,-20.070
9 11 36;0.3187,0.725,-19.859
27 36;0.2857,0.788,-19.771
20 35 36;0.2857,0.788,-19.771
9 18 21 35 36;0.2857,0.788,-19.771
12 31 39;0.1429,0.520,-19.725
6 9 12 39;0.1429,0.520,-19.725
7 9 12 39;0.1429,0.520,-19.725
1 6 9 18 39;0.1429,0.520,-19.725
1 9 18 31 39;0.1429,0.520,-19.725
6 7 9 18 39;0.1429,0.520,-19.725
9 18 23 35 36;0.2527,0.852,-19.544
9 18 23 36;0.3297,0.698,-19.450
6 31 37;0.1978,0.486,-19.404
1 6 23 37;0.1978,0.486,-19.404
6 21 23 37;0.1978,0.486,-19.404
6 18 21 37;0.1978,0.486,-19.404
7 18 31 37;0.1978,0.486,-19.404
11 18 21 36;0.3407,0.674,-19.257
29 41;0.0769,0.778,-19.231
17 20 41;0.0769,0.778,-19.231
17 19 42;0.0769,1.000,-19.231
19 30 42;0.0769,1.000,-19.231
15 19 42;0.0769,1.000,-19.231
11 17 30 41;0.0769,0.778,-19.231
6 11 17 41;0.0769,0.778,-19.231
11 15 30 41;0.0769,0.778,-19.231
6 11 30 41;0.0769,0.778,-19.231
7 11 30 41;0.0769,0.778,-19.231
6 19 23 42;0.0769,1.000,-19.231
11 20 30 34 41;0.0769,0.778,-19.231
3 15 20 34 41;0.0769,0.778,-19.231
3 6 11 15 34 41;0.0769,0.778,-19.231
3 6 7 15 20 41;0.0769,0.778,-19.231
3 6 11 15 20 41;0.0769,0.778,-19.231
3 14 15 42;0.0879,0.800,-19.184
9 15 34 42;0.0879,0.800,-19.184
1 3 12 39;0.1429,0.500,-19.032
1 12 18 39;0.1429,0.500,-19.032
1 9 31 39;0.1429,0.500,-19.032
6 9 18 39;0.1429,0.500,-19.032
7 9 18 39;0.1429,0.500,-19.032
17 32 42;0.0989,0.600,-18.869
1 9 15 42;0.0989,0.600,-18.869
7 9 15 42;0.0989,0.600,-18.869
18 20 36;0.3846,0.574,-18.833
7 31 37;0.1978,0.474,-18.762
1 18 21 37;0.1978,0.474,-18.762
6 10 37;0.1538,0.700,-18.624
7 10 37;0.1538,0.700,-18.624
10 21 37;0.1538,0.700,-18.624
9 18 35 36;0.2857,0.765,-18.485
9 21 35 36;0.2857,0.765,-18.485
3 9 21 23 36;0.3297,0.682,-18.410
1 9 12 39;0.1429,0.481,-18.376
10 17 41;0.0659,1.000,-18.372
10 30 41;0.0659,1.000,-18.372
3 10 15 41;0.0659,1.000,-18.372
3 6 10 41;0.0659,1.000,-18.372
3 7 10 41;0.0659,1.000,-18.372
3 21 23 36;0.3516,0.640,-18.334
11 18 36;0.3407,0.660,-18.268
1 23 37;0.1978,0.462,-18.143
1 6 18 37;0.1978,0.462,-18.143
1 18 31 37;0.1978,0.462,-18.143
6 7 18 37;0.1978,0.462,-18.143
17 42;0.0989,0.562,-18.043
9 15 42;0.0989,0.562,-18.043
3 7 15 32 42;0.0989,0.562,-18.043
11 17 41;0.0769,0.700,-18.027
11 30 34 41;0.0769,0.700,-18.027
3 11 15 34 41;0.0769,0.700,-18.027
3 6 11 15 41;0.0769,0.700,-18.027
3 6 15 20 41;0.0769,0.700,-18.027
3 7 15 20 41;0.0769,0.700,-18.027
3 11 15 20 41;0.0769,0.700,-18.027
9 23 35 36;0.2527,0.821,-18.018
1 15 30 42;0.0879,0.727,-17.895
3 12 39;0.1429,0.464,-17.751
12 18 39;0.1429,0.464,-17.751
1 9 18 39;0.1429,0.464,-17.751
1 31 37;0.1978,0.450,-17.545
6 18 37;0.1978,0.450,-17.545
7 18 37;0.1978,0.450,-17.545
9 35 36;0.2857,0.743,-17.290
3 7 15 42;0.0989,0.529,-17.289
3 15 32 42;0.0989,0.529,-17.289
19 23 42;0.0769,0.875,-17.172
14 15 30 42;0.0769,0.875,-17.172
9 12 39;0.1429,0.448,-17.157
1 6 12 39;0.1429,0.448,-17.157
6 7 12 39;0.1429,0.448,-17.157
6 20 30 41;0.0769,0.636,-17.015
7 20 30 41;0.0769,0.636,-17.015
3 11 15 41;0.0769,0.636,-17.015
3 15 20 41;0.0769,0.636,-17.015
3 6 11 20 34 41;0.0769,0.636,-17.015
9 21 23 31 36;0.2747,0.758,-16.987
6 7 23 37;0.1978,0.439,-16.967
9 18 21 36;0.3626,0.600,-16.890
1 9 30 42;0.0879,0.667,-16.808
6 9 30 42;0.0879,0.667,-16.808
7 9 30 42;0.0879,0.667,-16.808
10 37;0.1538,0.636,-16.622
11 35 36;0.2418,0.815,-16.614
3 15 42;0.0989,0.500,-16.596
6 12 39;0.1429,0.433,-16.589
7 12 39;0.1429,0.433,-16.589
1 3 6 9 39;0.1429,0.433,-16.589
3 6 7 9 39;0.1429,0.433,-16.589
3 21 31 36;0.3297,0.652,-16.472
13 17 41;0.0659,0.857,-16.436
13 15 30 41;0.0659,0.857,-16.436
3 13 15 34 41;0.0659,0.857,-16.436
3 6 11 13 34 41;0.0659,0.857,-16.436
3 7 11 13 34 41;0.0659,0.857,-16.436
1 18 37;0.1978,0.429,-16.407
6 23 37;0.1978,0.429,-16.407
18 21 35 36;0.2857,0.722,-16.176
20 30 34 41;0.0769,0.583,-16.140
3 6 11 34 41;0.0769,0.583,-16.140
3 6 11 20 41;0.0769,0.583,-16.140
3 7 11 20 34 41;0.0769,0.583,-16.140
3 6 9 39;0.1429,0.419,-16.045
1 3 9 23 42;0.0989,0.474,-15.954
3 7 9 23 42;0.0989,0.474,-15.954
12 15 30 42;0.0659,1.000,-15.887
7 23 37;0.1978,0.419,-15.865
1 3 18 23 31 38;0.0549,0.833,-15.863
3 7 18 23 31 38;0.0549,0.833,-15.863
20 21 36;0.3846,0.538,-15.626
3 21 36;0.3846,0.538,-15.626
1 12 39;0.1429,0.406,-15.524
1 3 6 39;0.1429,0.406,-15.524
3 7 9 39;0.1429,0.406,-15.524
18 23 35 36;0.2527,0.767,-15.391
11 20 30 41;0.0769,0.538,-15.367
3 6 11 41;0.0769,0.538,-15.367
3 7 11 34 41;0.0769,0.538,-15.367
3 7 11 20 41;0.0769,0.538,-15.367
18 35 36;0.2857,0.703,-15.132
21 35 36;0.2857,0.703,-15.132
3 10 41;0.0659,0.750,-15.060
6 13 30 41;0.0659,0.750,-15.060
7 13 30 41;0.0659,0.750,-15.060
3 13 15 41;0.0659,0.750,-15.060
3 7 11 13 41;0.0659,0.750,-15.060
3 6 13 20 34 41;0.0659,0.750,-15.060
3 6 13 23 34 41;0.0659,0.750,-15.060
3 7 13 20 34 41;0.0659,0.750,-15.060
3 7 13 23 34 41;0.0659,0.750,-15.060
1 30 42;0.0879,0.571,-15.028
15 30 32 42;0.0879,0.571,-15.028
12 16 27 40;0.0440,1.000,-14.799
12 20 27 34 40;0.0440,1.000,-14.799
12 18 27 34 40;0.0440,1.000,-14.799
1 12 20 27 40;0.0440,1.000,-14.799
1 12 18 27 40;0.0440,1.000,-14.799
7 12 20 27 40;0.0440,1.000,-14.799
7 12 18 27 40;0.0440,1.000,-14.799
12 16 20 34 40;0.0440,1.000,-14.799
9 12 20 34 40;0.0440,1.000,-14.799
3 12 20 34 40;0.0440,1.000,-14.799
6 12 16 20 40;0.0440,1.000,-14.799
6 12 16 23 40;0.0440,1.000,-14.799
7 12 16 20 40;0.0440,1.000,-14.799
12 16 20 23 40;0.0440,1.000,-14.799
3 7 12 20 40;0.0440,1.000,-14.799
1 3 6 12 20 40;0.0440,1.000,-14.799
1 3 12 20 23 40;0.0440,1.000,-14.799
6 9 12 18 23 34 40;0.0440,1.000,-14.799
3 6 12 18 23 34 40;0.0440,1.000,-14.799
1 3 6 12 18 23 40;0.0440,1.000,-14.799
3 6 7 12 18 23 40;0.0440,1.000,-14.799
1 3 23 42;0.0989,0.429,-14.796
9 21 23 36;0.3297,0.625,-14.701
11 30 41;0.0769,0.500,-14.673
17 30 34 41;0.0769,0.500,-14.673
6 17 34 41;0.0769,0.500,-14.673
15 30 34 41;0.0769,0.500,-14.673
3 7 11 41;0.0769,0.500,-14.673
3 6 15 34 41;0.0769,0.500,-14.673
1 3 23 31 38;0.0549,0.714,-14.611
3 7 23 31 38;0.0549,0.714,-14.611
12 39;0.1429,0.382,-14.541
1 6 9 39;0.1429,0.382,-14.541
1 3 7 39;0.1429,0.382,-14.541
1 3 9 39;0.1429,0.382,-14.541
6 7 9 39;0.1429,0.382,-14.541
6 14 30 42;0.0769,0.700,-14.507
7 14 30 42;0.0769,0.700,-14.507
1 6 21 37;0.1978,0.391,-14.332
1 7 21 37;0.1978,0.391,-14.332
15 30 42;0.0879,0.533,-14.277
9 30 32 42;0.0879,0.533,-14.277
23 35 36;0.2527,0.742,-14.243
35 36;0.2857,0.684,-14.152
6 9 39;0.1429,0.371,-14.077
17 30 41;0.0769,0.467,-14.045
17 34 41;0.0769,0.467,-14.045
6 17 41;0.0769,0.467,-14.045
15 30 41;0.0769,0.467,-14.045
3 15 34 41;0.0769,0.467,-14.045
3 6 20 34 41;0.0769,0.467,-14.045
13 30 34 41;0.0659,0.667,-13.972
3 6 13 20 41;0.0659,0.667,-13.972
3 6 13 23 41;0.0659,0.667,-13.972
3 7 13 20 41;0.0659,0.667,-13.972
3 7 13 23 41;0.0659,0.667,-13.972
3 9 23 36;0.3297,0.612,-13.871
1 9 23 42;0.0989,0.391,-13.774
7 9 23 42;0.0989,0.391,-13.774
9 23 31 36;0.2747,0.694,-13.767
9 18 36;0.3626,0.559,-13.701
1 3 39;0.1429,0.361,-13.629
7 9 39;0.1429,0.361,-13.629
1 6 31 39;0.1429,0.361,-13.629
6 7 31 39;0.1429,0.361,-13.629
3 6 7 39;0.1429,0.361,-13.629
1 14 15 42;0.0879,0.500,-13.595
7 14 15 42;0.0879,0.500,-13.595
3 7 14 23 42;0.0879,0.500,-13.595
17 41;0.0769,0.438,-13.470
20 30 41;0.0769,0.438,-13.470
3 6 7 15 41;0.0769,0.438,-13.470
3 7 20 34 41;0.0769,0.438,-13.470
3 6 7 20 41;0.0769,0.438,-13.470
6 11 15 20 34 41;0.0769,0.438,-13.470
1 21 37;0.1978,0.375,-13.379
7 21 37;0.1978,0.375,-13.379
18 21 23 36;0.3516,0.571,-13.311
3 7 23 32 42;0.0989,0.375,-13.304
6 31 39;0.1429,0.351,-13.196
3 6 39;0.1429,0.351,-13.196
7 18 31 39;0.1429,0.351,-13.196
12 27 34 40;0.0440,0.800,-13.189
1 12 27 40;0.0440,0.800,-13.189
7 12 27 40;0.0440,0.800,-13.189
12 20 27 40;0.0440,0.800,-13.189
12 18 27 40;0.0440,0.800,-13.189
1 16 27 40;0.0440,0.800,-13.189
6 16 27 40;0.0440,0.800,-13.189
7 16 27 40;0.0440,0.800,-13.189
12 16 23 40;0.0440,0.800,-13.189
1 20 27 34 40;0.0440,0.800,-13.189
1 18 27 34 40;0.0440,0.800,-13.189
6 20 27 34 40;0.0440,0.800,-13.189
6 18 27 34 40;0.0440,0.800,-13.189
7 20 27 34 40;0.0440,0.800,-13.189
7 18 27 34 40;0.0440,0.800,-13.189
3 6 12 20 40;0.0440,0.800,-13.189
7 9 12 20 40;0.0440,0.800,-13.189
3 12 20 23 40;0.0440,0.800,-13.189
9 12 18 23 34 40;0.0440,0.800,-13.189
3 12 18 23 34 40;0.0440,0.800,-13.189
1 6 9 12 20 40;0.0440,0.800,-13.189
1 9 12 20 23 40;0.0440,0.800,-13.189
1 3 12 18 23 40;0.0440,0.800,-13.189
3 6 12 18 23 40;0.0440,0.800,-13.189
3 7 12 18 23 40;0.0440,0.800,-13.189
1 6 9 12 18 23 40;0.0440,0.800,-13.189
6 7 9 12 18 23 40;0.0440,0.800,-13.189
1 3 11 18 38;0.0440,1.000,-13.189
3 6 11 31 38;0.0440,1.000,-13.189
3 6 11 18 38;0.0440,1.000,-13.189
3 7 11 18 38;0.0440,1.000,-13.189
11 21 36;0.3407,0.585,-13.118
3 31 36;0.3297,0.600,-13.075
13 30 41;0.0659,0.600,-13.066
9 30 42;0.0879,0.471,-12.971
14 15 42;0.0879,0.471,-12.971
6 30 32 42;0.0879,0.471,-12.971
7 30 32 42;0.0879,0.471,-12.971
6 30 34 41;0.0769,0.412,-12.939
7 30 34 41;0.0769,0.412,-12.939
3 6 15 41;0.0769,0.412,-12.939
3 7 15 41;0.0769,0.412,-12.939
3 6 20 41;0.0769,0.412,-12.939
3 7 20 41;0.0769,0.412,-12.939
6 11 15 34 41;0.0769,0.412,-12.939
11 15 20 34 41;0.0769,0.412,-12.939
6 21 37;0.1978,0.367,-12.921
21 23 31 37;0.1978,0.367,-12.921
3 7 23 42;0.0989,0.360,-12.857
1 3 18 23 38;0.0549,0.556,-12.819
3 7 18 23 38;0.0549,0.556,-12.819
3 7 21 39;0.1319,0.400,-12.781
1 9 39;0.1429,0.342,-12.777
7 31 39;0.1429,0.342,-12.777
3 7 39;0.1429,0.342,-12.777
14 30 32 42;0.0769,0.583,-12.664
12 14 30 42;0.0659,0.750,-12.616
3 23 36;0.3516,0.561,-12.572
1 6 37;0.1978,0.360,-12.475
18 20 23 31 37;0.1978,0.360,-12.475
30 34 41;0.0769,0.389,-12.446
6 30 41;0.0769,0.389,-12.446
7 30 41;0.0769,0.389,-12.446
3 15 41;0.0769,0.389,-12.446
11 15 34 41;0.0769,0.389,-12.446
6 30 42;0.0879,0.444,-12.395
7 30 42;0.0879,0.444,-12.395
3 6 9 23 42;0.0879,0.444,-12.395
1 6 18 39;0.1429,0.333,-12.372
1 18 31 39;0.1429,0.333,-12.372
6 7 18 39;0.1429,0.333,-12.372
1 9 18 23 31 38;0.0549,0.500,-12.126
7 9 18 23 31 38;0.0549,0.500,-12.126
12 27 40;0.0440,0.667,-12.091
1 27 34 40;0.0440,0.667,-12.091
6 27 34 40;0.0440,0.667,-12.091
7 27 34 40;0.0440,0.667,-12.091
1 20 27 40;0.0440,0.667,-12.091
1 18 27 40;0.0440,0.667,-12.091
7 20 27 40;0.0440,0.667,-12.091
7 18 27 40;0.0440,0.667,-12.091
1 12 16 20 40;0.0440,0.667,-12.091
1 3 12 20 40;0.0440,0.667,-12.091
6 9 12 20 40;0.0440,0.667,-12.091
9 12 20 23 40;0.0440,0.667,-12.091
3 12 18 23 40;0.0440,0.667,-12.091
1 9 12 18 23 40;0.0440,0.667,-12.091
6 9 12 18 23 40;0.0440,0.667,-12.091
7 9 12 18 23 40;0.0440,0.667,-12.091
20 23 31 37;0.1978,0.353,-12.040
18 23 31 37;0.1978,0.353,-12.040
20 36;0.3846,0.500,-12.008
6 11 20 34 41;0.0769,0.368,-11.987
1 31 39;0.1429,0.325,-11.979
6 18 39;0.1429,0.325,-11.979
7 18 39;0.1429,0.325,-11.979
14 30 42;0.0769,0.538,-11.913
1 15 32 42;0.0989,0.321,-11.639
1 7 37;0.1978,0.346,-11.615
23 31 37;0.1978,0.346,-11.615
20 21 31 37;0.1978,0.346,-11.615
3 6 13 34 41;0.0659,0.500,-11.605
3 7 13 34 41;0.0659,0.500,-11.605
1 16 23 31 38;0.0440,0.800,-11.589
1 3 11 31 38;0.0440,0.800,-11.589
7 16 23 31 38;0.0440,0.800,-11.589
3 7 11 31 38;0.0440,0.800,-11.589
1 3 6 20 31 38;0.0440,0.800,-11.589
3 6 7 20 31 38;0.0440,0.800,-11.589
3 7 18 20 31 38;0.0440,0.800,-11.589
6 11 34 41;0.0769,0.350,-11.556
6 15 20 34 41;0.0769,0.350,-11.556
7 11 20 34 41;0.0769,0.350,-11.556
12 30 42;0.0659,0.667,-11.549
1 9 23 31 38;0.0549,0.455,-11.519
7 9 23 31 38;0.0549,0.455,-11.519
30 32 42;0.0879,0.400,-11.362
18 21 36;0.3846,0.493,-11.329
2 7 41;0.0440,1.000,-11.243
2 10 15 41;0.0440,1.000,-11.243
2 6 10 41;0.0440,1.000,-11.243
2 13 15 41;0.0440,1.000,-11.243
2 15 34 41;0.0440,1.000,-11.243
2 11 15 41;0.0440,1.000,-11.243
2 6 13 41;0.0440,1.000,-11.243
2 6 34 41;0.0440,1.000,-11.243
2 6 11 41;0.0440,1.000,-11.243
1 27 40;0.0440,0.571,-11.243
7 27 40;0.0440,0.571,-11.243
6 20 27 40;0.0440,0.571,-11.243
6 18 27 40;0.0440,0.571,-11.243
12 16 20 40;0.0440,0.571,-11.243
6 16 20 40;0.0440,0.571,-11.243
6 16 23 40;0.0440,0.571,-11.243
7 16 20 40;0.0440,0.571,-11.243
1 9 12 20 40;0.0440,0.571,-11.243
9 12 18 23 40;0.0440,0.571,-11.243
1 16 20 34 40;0.0440,0.571,-11.243
1 16 20 23 40;0.0440,0.571,-11.243
1 3 18 20 34 40;0.0440,0.571,-11.243
3 6 18 20 34 40;0.0440,0.571,-11.243
3 6 18 23 34 40;0.0440,0.571,-11.243
3 7 18 20 34 40;0.0440,0.571,-11.243
1 18 39;0.1429,0.310,-11.227
18 20 31 37;0.1978,0.340,-11.200
18 23 36;0.3516,0.542,-11.165
15 20 34 41;0.0769,0.333,-11.151
7 11 34 41;0.0769,0.333,-11.151
6 11 15 20 41;0.0769,0.333,-11.151
3 6 23 34 41;0.0769,0.333,-11.151
3 11 20 34 41;0.0769,0.333,-11.151
3 6 13 41;0.0659,0.462,-10.997
3 7 13 41;0.0659,0.462,-10.997
1 11 37;0.1319,0.545,-10.945
9 21 36;0.3626,0.524,-10.878
9 23 36;0.3297,0.566,-10.870
1 37;0.1978,0.333,-10.794
6 7 37;0.1978,0.333,-10.794
20 31 37;0.1978,0.333,-10.794
6 11 15 41;0.0769,0.318,-10.768
11 15 20 41;0.0769,0.318,-10.768
3 11 34 41;0.0769,0.318,-10.768
3 6 12 14 23 42;0.0659,0.600,-10.664
3 6 14 23 42;0.0769,0.467,-10.636
1 15 42;0.0989,0.290,-10.568
7 15 32 42;0.0989,0.290,-10.568
3 7 9 32 42;0.0989,0.290,-10.568
6 27 40;0.0440,0.500,-10.550
12 20 34 40;0.0440,0.500,-10.550
3 12 20 40;0.0440,0.500,-10.550
1 16 23 40;0.0440,0.500,-10.550
7 16 23 40;0.0440,0.500,-10.550
3 7 18 20 40;0.0440,0.500,-10.550
6 12 18 23 34 40;0.0440,0.500,-10.550
1 9 18 20 34 40;0.0440,0.500,-10.550
1 3 18 23 34 40;0.0440,0.500,-10.550
6 9 18 20 34 40;0.0440,0.500,-10.550
6 9 18 23 34 40;0.0440,0.500,-10.550
7 9 18 20 34 40;0.0440,0.500,-10.550
3 7 18 23 34 40;0.0440,0.500,-10.550
1 3 6 18 20 40;0.0440,0.500,-10.550
1 3 6 18 23 40;0.0440,0.500,-10.550
1 3 18 20 23 40;0.0440,0.500,-10.550
3 6 7 18 23 40;0.0440,0.500,-10.550
3 6 20 31 38;0.0440,0.667,-10.500
3 6 23 31 38;0.0440,0.667,-10.500
3 7 20 31 38;0.0440,0.667,-10.500
3 6 9 11 20 38;0.0440,0.667,-10.500
1 9 18 23 38;0.0549,0.385,-10.495
7 9 18 23 38;0.0549,0.385,-10.495
6 9 23 42;0.0879,0.364,-10.456
3 9 23 32 34 42;0.0879,0.364,-10.456
9 16 21 31 34 39;0.0989,0.500,-10.446
3 9 21 31 34 39;0.0989,0.500,-10.446
30 41;0.0769,0.304,-10.405
11 15 41;0.0769,0.304,-10.405
3 7 23 34 41;0.0769,0.304,-10.405
3 6 7 23 41;0.0769,0.304,-10.405
6 37;0.1978,0.327,-10.398
12 16 30 40;0.0330,1.000,-10.321
12 20 30 40;0.0330,1.000,-10.321
12 18 30 40;0.0330,1.000,-10.321
1 16 30 40;0.0330,1.000,-10.321
1 18 30 40;0.0330,1.000,-10.321
6 16 30 40;0.0330,1.000,-10.321
7 16 30 40;0.0330,1.000,-10.321
6 18 30 40;0.0330,1.000,-10.321
7 18 30 40;0.0330,1.000,-10.321
16 30 32 34 40;0.0330,1.000,-10.321
18 30 32 34 40;0.0330,1.000,-10.321
20 27 30 32 34 40;0.0330,1.000,-10.321
11 36;0.3407,0.544,-10.281
15 32 42;0.0989,0.281,-10.238
3 7 9 42;0.0989,0.281,-10.238
9 16 31 39;0.1429,0.289,-10.176
6 14 19 42;0.0769,0.438,-10.084
3 9 14 23 34 42;0.0769,0.438,-10.084
6 11 20 41;0.0769,0.292,-10.060
3 6 23 41;0.0769,0.292,-10.060
30 42;0.0879,0.348,-10.041
1 14 23 42;0.0879,0.348,-10.041
7 14 23 42;0.0879,0.348,-10.041
9 23 32 34 42;0.0879,0.348,-10.041
3 6 23 32 42;0.0879,0.348,-10.041
7 37;0.1978,0.321,-10.010
3 36;0.3846,0.479,-10.010
18 21 23 37;0.1978,0.321,-10.010
9 12 20 40;0.0440,0.444,-9.962
1 16 20 40;0.0440,0.444,-9.962
16 27 32 34 40;0.0440,0.444,-9.962
20 27 32 34 40;0.0440,0.444,-9.962
18 27 32 34 40;0.0440,0.444,-9.962
12 18 23 34 40;0.0440,0.444,-9.962
1 3 18 23 40;0.0440,0.444,-9.962
3 6 18 20 40;0.0440,0.444,-9.962
3 6 18 23 40;0.0440,0.444,-9.962
3 7 18 23 40;0.0440,0.444,-9.962
6 9 12 23 34 40;0.0440,0.444,-9.962
3 6 12 23 34 40;0.0440,0.444,-9.962
1 9 18 23 34 40;0.0440,0.444,-9.962
3 6 9 20 34 40;0.0440,0.444,-9.962
7 9 18 23 34 40;0.0440,0.444,-9.962
10 11 34 41;0.0659,0.400,-9.949
6 10 11 41;0.0659,0.400,-9.949
7 10 11 41;0.0659,0.400,-9.949
13 15 34 41;0.0659,0.400,-9.949
3 13 20 34 41;0.0659,0.400,-9.949
3 13 23 34 41;0.0659,0.400,-9.949
1 3 7 32 42;0.0989,0.273,-9.919
1 3 9 32 42;0.0989,0.273,-9.919
3 12 14 23 42;0.0659,0.545,-9.908
3 6 12 23 42;0.0659,0.545,-9.908
9 21 31 34 39;0.0989,0.474,-9.854
6 11 41;0.0769,0.280,-9.731
3 20 34 41;0.0769,0.280,-9.731
7 11 20 41;0.0769,0.280,-9.731
3 7 23 41;0.0769,0.280,-9.731
2 15 41;0.0440,0.800,-9.662
2 6 41;0.0440,0.800,-9.662
1 14 16 23 38;0.0440,0.571,-9.662
7 14 16 23 38;0.0440,0.571,-9.662
1 9 11 18 38;0.0440,0.571,-9.662
6 9 11 31 38;0.0440,0.571,-9.662
3 6 9 11 38;0.0440,0.571,-9.662
6 9 11 18 38;0.0440,0.571,-9.662
7 9 11 18 38;0.0440,0.571,-9.662
14 16 23 31 34 38;0.0440,0.571,-9.662
1 3 9 11 20 38;0.0440,0.571,-9.662
1 3 18 20 31 38;0.0440,0.571,-9.662
3 7 9 11 20 38;0.0440,0.571,-9.662
3 14 18 23 31 34 38;0.0440,0.571,-9.662
3 6 23 42;0.0879,0.333,-9.648
3 9 23 34 42;0.0879,0.333,-9.648
1 3 7 42;0.0989,0.265,-9.612
1 3 9 42;0.0989,0.265,-9.612
14 19 42;0.0769,0.412,-9.576
9 14 23 34 42;0.0769,0.412,-9.576
3 14 23 34 42;0.0769,0.412,-9.576
16 31 39;0.1429,0.277,-9.520
3 9 18 31 39;0.1429,0.277,-9.520
6 13 20 34 41;0.0659,0.375,-9.490
6 13 23 34 41;0.0659,0.375,-9.490
7 13 20 34 41;0.0659,0.375,-9.490
7 13 23 34 41;0.0659,0.375,-9.490
27 32 34 40;0.0440,0.400,-9.451
7 12 20 40;0.0440,0.400,-9.451
9 12 23 34 40;0.0440,0.400,-9.451
3 12 23 34 40;0.0440,0.400,-9.451
1 6 12 20 40;0.0440,0.400,-9.451
1 12 20 23 40;0.0440,0.400,-9.451
6 9 20 34 40;0.0440,0.400,-9.451
1 3 18 20 40;0.0440,0.400,-9.451
1 3 6 12 23 40;0.0440,0.400,-9.451
1 6 12 18 23 40;0.0440,0.400,-9.451
3 6 7 12 23 40;0.0440,0.400,-9.451
6 7 12 18 23 40;0.0440,0.400,-9.451
1 3 9 20 34 40;0.0440,0.400,-9.451
3 7 9 20 34 40;0.0440,0.400,-9.451
1 3 6 9 20 40;0.0440,0.400,-9.451
3 6 7 9 20 40;0.0440,0.400,-9.451
7 11 41;0.0769,0.269,-9.418
6 15 34 41;0.0769,0.269,-9.418
16 23 25 38;0.0330,1.000,-9.405
23 25 31 38;0.0330,1.000,-9.405
18 23 25 38;0.0330,1.000,-9.405
1 11 16 38;0.0330,1.000,-9.405
6 11 16 38;0.0330,1.000,-9.405
7 11 16 38;0.0330,1.000,-9.405
7 15 42;0.0989,0.257,-9.315
1 3 32 42;0.0989,0.257,-9.315
7 9 32 42;0.0989,0.257,-9.315
3 21 31 34 39;0.0989,0.450,-9.306
3 7 14 42;0.0879,0.320,-9.276
9 23 34 42;0.0879,0.320,-9.276
18 20 23 37;0.1978,0.310,-9.259
3 12 23 42;0.0659,0.500,-9.247
9 12 14 23 42;0.0659,0.500,-9.247
3 9 31 39;0.1429,0.271,-9.204
15 34 41;0.0769,0.259,-9.118
6 20 34 41;0.0769,0.259,-9.118
6 7 15 20 41;0.0769,0.259,-9.118
10 11 41;0.0659,0.353,-9.066
6 10 34 41;0.0659,0.353,-9.066
7 10 34 41;0.0659,0.353,-9.066
15 42;0.0989,0.250,-9.027
1 3 42;0.0989,0.250,-9.027
7 9 42;0.0989,0.250,-9.027
1 23 32 42;0.0989,0.250,-9.027
3 7 32 42;0.0989,0.250,-9.027
16 27 34 40;0.0440,0.364,-8.999
20 27 34 40;0.0440,0.364,-8.999
18 27 34 40;0.0440,0.364,-8.999
6 12 20 40;0.0440,0.364,-8.999
12 20 23 40;0.0440,0.364,-8.999
1 3 12 23 40;0.0440,0.364,-8.999
1 12 18 23 40;0.0440,0.364,-8.999
3 6 12 23 40;0.0440,0.364,-8.999
6 12 18 23 40;0.0440,0.364,-8.999
3 7 12 23 40;0.0440,0.364,-8.999
7 12 18 23 40;0.0440,0.364,-8.999
1 9 20 34 40;0.0440,0.364,-8.999
7 9 20 34 40;0.0440,0.364,-8.999
3 6 9 20 40;0.0440,0.364,-8.999
3 7 9 20 40;0.0440,0.364,-8.999
1 6 9 12 23 40;0.0440,0.364,-8.999
6 7 9 12 23 40;0.0440,0.364,-8.999
1 3 6 20 34 40;0.0440,0.364,-8.999
1 3 9 20 23 40;0.0440,0.364,-8.999
1 16 23 38;0.0440,0.500,-8.978
7 16 23 38;0.0440,0.500,-8.978
1 9 11 31 38;0.0440,0.500,-8.978
1 3 9 11 38;0.0440,0.500,-8.978
1 3 20 31 38;0.0440,0.500,-8.978
7 9 11 31 38;0.0440,0.500,-8.978
3 7 9 11 38;0.0440,0.500,-8.978
3 7 18 20 38;0.0440,0.500,-8.978
3 14 23 31 34 38;0.0440,0.500,-8.978
1 3 6 11 20 38;0.0440,0.500,-8.978
1 3 6 18 20 38;0.0440,0.500,-8.978
9 14 18 23 31 34 38;0.0440,0.500,-8.978
16 30 34 40;0.0330,0.750,-8.944
18 30 34 40;0.0330,0.750,-8.944
1 9 32 34 42;0.0879,0.308,-8.921
3 18 31 39;0.1429,0.265,-8.896
18 23 37;0.1978,0.305,-8.895
18 20 21 37;0.1978,0.305,-8.895
6 15 20 41;0.0769,0.250,-8.830
7 15 20 41;0.0769,0.250,-8.830
7 20 34 41;0.0769,0.250,-8.830
9 16 21 34 39;0.0989,0.429,-8.798
9 18 31 34 39;0.0989,0.429,-8.798
3 9 18 21 34 39;0.0989,0.429,-8.798
1 9 32 42;0.0989,0.243,-8.748
18 36;0.3846,0.467,-8.741
6 19 32 42;0.0769,0.368,-8.672
9 12 23 42;0.0659,0.462,-8.661
3 7 18 31 32 38;0.0549,0.278,-8.599
1 6 39;0.1429,0.260,-8.595
3 31 39;0.1429,0.260,-8.595
27 34 40;0.0440,0.333,-8.594
1 12 20 40;0.0440,0.333,-8.594
3 12 23 40;0.0440,0.333,-8.594
12 18 23 40;0.0440,0.333,-8.594
1 9 12 23 40;0.0440,0.333,-8.594
6 9 12 23 40;0.0440,0.333,-8.594
7 9 12 23 40;0.0440,0.333,-8.594
1 3 20 34 40;0.0440,0.333,-8.594
1 3 6 20 40;0.0440,0.333,-8.594
7 9 18 20 40;0.0440,0.333,-8.594
6 12 16 32 34 40;0.0440,0.333,-8.594
9 16 20 32 34 40;0.0440,0.333,-8.594
1 6 9 18 20 40;0.0440,0.333,-8.594
1 6 9 18 23 40;0.0440,0.333,-8.594
1 9 18 20 23 40;0.0440,0.333,-8.594
6 7 9 18 23 40;0.0440,0.333,-8.594
6 9 12 18 32 34 40;0.0440,0.333,-8.594
3 6 12 18 32 34 40;0.0440,0.333,-8.594
3 9 18 20 32 34 40;0.0440,0.333,-8.594
2 10 41;0.0440,0.667,-8.591
1 9 34 42;0.0879,0.296,-8.583
15 20 41;0.0769,0.241,-8.554
11 20 34 41;0.0769,0.241,-8.554
1 9 42;0.0989,0.237,-8.478
3 7 42;0.0989,0.237,-8.478
14 16 23 34 38;0.0440,0.444,-8.400
1 3 6 11 38;0.0440,0.444,-8.400
1 3 11 20 38;0.0440,0.444,-8.400
6 9 11 20 38;0.0440,0.444,-8.400
3 6 18 20 38;0.0440,0.444,-8.400
3 6 18 23 38;0.0440,0.444,-8.400
9 14 23 31 34 38;0.0440,0.444,-8.400
3 14 18 23 34 38;0.0440,0.444,-8.400
1 6 9 20 31 38;0.0440,0.444,-8.400
6 7 9 20 31 38;0.0440,0.444,-8.400
7 9 18 20 31 38;0.0440,0.444,-8.400
1 14 18 23 31 34 38;0.0440,0.444,-8.400
7 14 18 23 31 34 38;0.0440,0.444,-8.400
9 31 34 39;0.0989,0.409,-8.323
9 18 21 34 39;0.0989,0.409,-8.323
10 34 41;0.0659,0.316,-8.304
13 15 41;0.0659,0.316,-8.304
3 13 34 41;0.0659,0.316,-8.304
9 18 31 39;0.1429,0.255,-8.300
1 3 9 23 38;0.0549,0.263,-8.294
3 7 18 31 38;0.0549,0.263,-8.294
3 7 31 32 38;0.0549,0.263,-8.294
3 7 9 23 38;0.0549,0.263,-8.294
11 34 41;0.0769,0.233,-8.288
3 6 34 41;0.0769,0.233,-8.288
6 19 42;0.0769,0.350,-8.265
19 32 42;0.0769,0.350,-8.265
3 9 14 23 32 42;0.0879,0.286,-8.260
9 12 23 40;0.0440,0.308,-8.226
6 12 16 34 40;0.0440,0.308,-8.226
12 16 32 34 40;0.0440,0.308,-8.226
6 12 23 34 40;0.0440,0.308,-8.226
1 3 7 20 40;0.0440,0.308,-8.226
1 3 9 20 40;0.0440,0.308,-8.226
1 9 18 23 40;0.0440,0.308,-8.226
1 3 20 23 40;0.0440,0.308,-8.226
6 9 18 20 40;0.0440,0.308,-8.226
6 9 18 23 40;0.0440,0.308,-8.226
7 9 18 23 40;0.0440,0.308,-8.226
6 9 12 18 34 40;0.0440,0.308,-8.226
3 6 12 18 34 40;0.0440,0.308,-8.226
9 12 18 32 34 40;0.0440,0.308,-8.226
3 12 18 32 34 40;0.0440,0.308,-8.226
9 16 23 32 34 40;0.0440,0.308,-8.226
9 18 20 32 34 40;0.0440,0.308,-8.226
3 9 18 23 32 34 40;0.0440,0.308,-8.226
1 23 42;0.0989,0.231,-8.216
7 23 32 42;0.0989,0.231,-8.216
18 20 37;0.1978,0.295,-8.189
6 12 14 23 42;0.0659,0.429,-8.134
16 27 30 32 40;0.0330,0.600,-8.036
20 27 30 32 40;0.0330,0.600,-8.036
18 27 30 32 40;0.0330,0.600,-8.036
1 9 20 30 40;0.0330,0.600,-8.036
6 9 20 30 40;0.0330,0.600,-8.036
7 9 20 30 40;0.0330,0.600,-8.036
9 20 30 32 34 40;0.0330,0.600,-8.036
6 16 20 31 38;0.0330,0.750,-8.036
6 16 23 31 38;0.0330,0.750,-8.036
7 16 20 31 38;0.0330,0.750,-8.036
1 11 14 18 34 38;0.0330,0.750,-8.036
6 11 14 31 34 38;0.0330,0.750,-8.036
6 11 14 18 34 38;0.0330,0.750,-8.036
7 11 14 18 34 38;0.0330,0.750,-8.036
3 6 11 14 20 38;0.0330,0.750,-8.036
1 16 20 31 34 38;0.0330,0.750,-8.036
1 7 39;0.1429,0.250,-8.013
9 31 39;0.1429,0.250,-8.013
3 7 31 38;0.0549,0.250,-8.006
1 3 18 31 32 38;0.0549,0.250,-8.006
10 15 41;0.0659,0.300,-7.959
6 10 41;0.0659,0.300,-7.959
7 10 41;0.0659,0.300,-7.959
6 13 34 41;0.0659,0.300,-7.959
7 13 34 41;0.0659,0.300,-7.959
6 13 20 41;0.0659,0.300,-7.959
6 13 23 41;0.0659,0.300,-7.959
7 13 20 41;0.0659,0.300,-7.959
7 13 23 41;0.0659,0.300,-7.959
3 14 23 32 42;0.0879,0.276,-7.951
3 23 32 34 42;0.0879,0.276,-7.951
1 3 11 38;0.0440,0.400,-7.899
6 9 11 38;0.0440,0.400,-7.899
1 9 11 20 38;0.0440,0.400,-7.899
1 3 18 20 38;0.0440,0.400,-7.899
6 9 20 31 38;0.0440,0.400,-7.899
6 9 23 31 38;0.0440,0.400,-7.899
7 9 11 20 38;0.0440,0.400,-7.899
7 9 20 31 38;0.0440,0.400,-7.899
1 14 16 31 34 38;0.0440,0.400,-7.899
1 14 23 31 34 38;0.0440,0.400,-7.899
7 14 16 31 34 38;0.0440,0.400,-7.899
7 14 23 31 34 38;0.0440,0.400,-7.899
9 14 18 23 34 38;0.0440,0.400,-7.899
1 3 6 9 20 38;0.0440,0.400,-7.899
3 6 7 9 20 38;0.0440,0.400,-7.899
1 3 14 18 31 34 38;0.0440,0.400,-7.899
9 16 23 31 32 34 38;0.0440,0.400,-7.899
3 9 18 23 31 32 34 38;0.0440,0.400,-7.899
12 20 40;0.0440,0.286,-7.890
12 16 34 40;0.0440,0.286,-7.890
12 23 34 40;0.0440,0.286,-7.890
9 12 18 34 40;0.0440,0.286,-7.890
3 12 18 34 40;0.0440,0.286,-7.890
9 16 20 34 40;0.0440,0.286,-7.890
16 20 32 34 40;0.0440,0.286,-7.890
1 6 9 20 40;0.0440,0.286,-7.890
1 9 18 20 40;0.0440,0.286,-7.890
6 7 9 20 40;0.0440,0.286,-7.890
3 6 20 32 34 40;0.0440,0.286,-7.890
3 9 18 20 34 40;0.0440,0.286,-7.890
9 18 23 32 34 40;0.0440,0.286,-7.890
3 18 20 32 34 40;0.0440,0.286,-7.890
19 42;0.0769,0.333,-7.884
14 23 34 42;0.0769,0.333,-7.884
3 9 14 34 42;0.0769,0.333,-7.884
16 21 34 39;0.0989,0.391,-7.879
3 18 21 34 39;0.0989,0.391,-7.879
21 23 31 36;0.2967,0.551,-7.862
20 21 23 37;0.1978,0.290,-7.846
3 7 34 41;0.0769,0.219,-7.785
3 23 34 41;0.0769,0.219,-7.785
9 31 36;0.3077,0.538,-7.756
1 3 23 38;0.0549,0.238,-7.734
1 3 18 31 38;0.0549,0.238,-7.734
1 3 31 32 38;0.0549,0.238,-7.734
3 7 18 32 38;0.0549,0.238,-7.734
1 18 23 31 32 38;0.0549,0.238,-7.734
7 18 23 31 32 38;0.0549,0.238,-7.734
9 16 39;0.1429,0.245,-7.731
12 14 23 42;0.0659,0.400,-7.657
3 9 14 23 42;0.0879,0.267,-7.655
3 9 32 34 42;0.0879,0.267,-7.655
3 6 9 32 42;0.0879,0.267,-7.655
1 3 20 40;0.0440,0.267,-7.580
6 9 20 40;0.0440,0.267,-7.580
7 9 20 40;0.0440,0.267,-7.580
6 16 32 34 40;0.0440,0.267,-7.580
9 16 23 34 40;0.0440,0.267,-7.580
16 23 32 34 40;0.0440,0.267,-7.580
3 6 20 34 40;0.0440,0.267,-7.580
9 18 20 34 40;0.0440,0.267,-7.580
1 9 20 23 40;0.0440,0.267,-7.580
3 6 9 23 34 40;0.0440,0.267,-7.580
3 6 18 32 34 40;0.0440,0.267,-7.580
3 7 20 32 34 40;0.0440,0.267,-7.580
3 9 20 32 34 40;0.0440,0.267,-7.580
3 9 18 23 34 40;0.0440,0.267,-7.580
3 18 23 32 34 40;0.0440,0.267,-7.580
3 6 7 20 32 40;0.0440,0.267,-7.580
6 23 34 41;0.0769,0.212,-7.547
9 14 34 42;0.0769,0.318,-7.525
3 14 34 42;0.0769,0.318,-7.525
6 14 23 42;0.0769,0.318,-7.525
1 3 31 38;0.0549,0.227,-7.476
3 7 18 38;0.0549,0.227,-7.476
1 23 31 32 38;0.0549,0.227,-7.476
7 23 31 32 38;0.0549,0.227,-7.476
7 9 18 31 32 38;0.0549,0.227,-7.476
3 9 18 34 39;0.0989,0.375,-7.462
1 9 11 38;0.0440,0.364,-7.457
7 9 11 38;0.0440,0.364,-7.457
3 6 9 20 38;0.0440,0.364,-7.457
3 7 9 20 38;0.0440,0.364,-7.457
1 14 18 23 34 38;0.0440,0.364,-7.457
7 14 18 23 34 38;0.0440,0.364,-7.457
14 18 23 31 34 38;0.0440,0.364,-7.457
9 16 23 31 34 38;0.0440,0.364,-7.457
1 9 18 20 31 38;0.0440,0.364,-7.457
3 6 11 20 32 38;0.0440,0.364,-7.457
1 9 14 18 31 34 38;0.0440,0.364,-7.457
7 9 14 18 31 34 38;0.0440,0.364,-7.457
3 9 18 23 31 34 38;0.0440,0.364,-7.457
3 9 23 31 32 34 38;0.0440,0.364,-7.457
9 18 23 31 32 34 38;0.0440,0.364,-7.457
1 39;0.1429,0.241,-7.456
6 7 39;0.1429,0.241,-7.456
3 14 23 42;0.0879,0.258,-7.370
9 32 34 42;0.0879,0.258,-7.370
3 6 9 42;0.0879,0.258,-7.370
9 14 23 32 42;0.0879,0.258,-7.370
16 27 30 40;0.0330,0.500,-7.351
20 27 30 40;0.0330,0.500,-7.351
18 27 30 40;0.0330,0.500,-7.351
27 30 32 40;0.0330,0.500,-7.351
16 30 32 40;0.0330,0.500,-7.351
18 30 32 40;0.0330,0.500,-7.351
9 20 30 34 40;0.0330,0.500,-7.351
10 41;0.0659,0.273,-7.328
6 7 15 41;0.0769,0.206,-7.316
6 7 20 41;0.0769,0.206,-7.316
6 16 34 40;0.0440,0.250,-7.292
16 20 34 40;0.0440,0.250,-7.292
1 6 12 23 40;0.0440,0.250,-7.292
6 12 16 32 40;0.0440,0.250,-7.292
6 7 12 23 40;0.0440,0.250,-7.292
1 16 32 34 40;0.0440,0.250,-7.292
7 16 32 34 40;0.0440,0.250,-7.292
6 9 23 34 40;0.0440,0.250,-7.292
3 6 18 34 40;0.0440,0.250,-7.292
3 7 20 34 40;0.0440,0.250,-7.292
9 20 32 34 40;0.0440,0.250,-7.292
9 18 23 34 40;0.0440,0.250,-7.292
3 18 20 34 40;0.0440,0.250,-7.292
3 6 7 20 40;0.0440,0.250,-7.292
3 6 20 32 40;0.0440,0.250,-7.292
3 7 20 32 40;0.0440,0.250,-7.292
6 12 18 32 34 40;0.0440,0.250,-7.292
1 18 20 32 34 40;0.0440,0.250,-7.292
1 3 18 32 34 40;0.0440,0.250,-7.292
6 9 18 32 34 40;0.0440,0.250,-7.292
6 18 20 32 34 40;0.0440,0.250,-7.292
6 18 23 32 34 40;0.0440,0.250,-7.292
7 18 20 32 34 40;0.0440,0.250,-7.292
3 7 18 32 34 40;0.0440,0.250,-7.292
1 3 6 12 18 32 40;0.0440,0.250,-7.292
3 6 7 12 18 32 40;0.0440,0.250,-7.292
28 42;0.0330,1.000,-7.277
7 23 42;0.0989,0.209,-7.237
3 9 23 32 42;0.0989,0.209,-7.237
1 9 23 38;0.0549,0.217,-7.231
7 9 23 38;0.0549,0.217,-7.231
1 3 18 32 38;0.0549,0.217,-7.231
7 9 18 31 38;0.0549,0.217,-7.231
7 9 31 32 38;0.0549,0.217,-7.231
9 36;0.3626,0.478,-7.215
16 39;0.1429,0.236,-7.186
6 39;0.1429,0.236,-7.186
3 9 18 39;0.1429,0.236,-7.186
21 31 37;0.1978,0.281,-7.179
14 23 25 38;0.0330,0.600,-7.137
11 14 16 34 38;0.0330,0.600,-7.137
3 6 11 14 38;0.0330,0.600,-7.137
1 11 14 31 34 38;0.0330,0.600,-7.137
6 11 14 20 34 38;0.0330,0.600,-7.137
7 11 14 31 34 38;0.0330,0.600,-7.137
3 11 14 18 34 38;0.0330,0.600,-7.137
3 7 11 14 20 38;0.0330,0.600,-7.137
7 14 42;0.0879,0.250,-7.097
3 23 34 42;0.0879,0.250,-7.097
6 15 41;0.0769,0.200,-7.093
7 15 41;0.0769,0.200,-7.093
6 20 41;0.0769,0.200,-7.093
7 20 41;0.0769,0.200,-7.093
7 23 34 41;0.0769,0.200,-7.093
9 18 34 39;0.0989,0.360,-7.069
1 14 16 34 38;0.0440,0.333,-7.061
7 14 16 34 38;0.0440,0.333,-7.061
14 16 31 34 38;0.0440,0.333,-7.061
14 23 31 34 38;0.0440,0.333,-7.061
1 3 6 20 38;0.0440,0.333,-7.061
1 9 20 31 38;0.0440,0.333,-7.061
3 6 11 20 38;0.0440,0.333,-7.061
3 6 11 32 38;0.0440,0.333,-7.061
7 9 18 20 38;0.0440,0.333,-7.061
1 9 14 31 34 38;0.0440,0.333,-7.061
1 3 14 18 34 38;0.0440,0.333,-7.061
7 9 14 31 34 38;0.0440,0.333,-7.061
3 14 18 31 34 38;0.0440,0.333,-7.061
1 14 18 23 31 38;0.0440,0.333,-7.061
7 14 18 23 31 38;0.0440,0.333,-7.061
16 23 31 32 34 38;0.0440,0.333,-7.061
3 9 23 31 34 38;0.0440,0.333,-7.061
9 18 23 31 34 38;0.0440,0.333,-7.061
9 23 31 32 34 38;0.0440,0.333,-7.061
1 6 9 18 20 38;0.0440,0.333,-7.061
3 7 11 20 32 38;0.0440,0.333,-7.061
3 18 23 31 32 34 38;0.0440,0.333,-7.061
13 20 34 41;0.0659,0.261,-7.037
13 23 34 41;0.0659,0.261,-7.037
1 12 23 40;0.0440,0.235,-7.024
6 12 16 40;0.0440,0.235,-7.024
6 12 23 40;0.0440,0.235,-7.024
7 12 23 40;0.0440,0.235,-7.024
1 16 34 40;0.0440,0.235,-7.024
7 16 34 40;0.0440,0.235,-7.024
16 23 34 40;0.0440,0.235,-7.024
1 9 20 40;0.0440,0.235,-7.024
3 6 20 40;0.0440,0.235,-7.024
3 7 20 40;0.0440,0.235,-7.024
6 12 18 34 40;0.0440,0.235,-7.024
12 18 32 34 40;0.0440,0.235,-7.024
7 12 16 32 40;0.0440,0.235,-7.024
1 3 18 34 40;0.0440,0.235,-7.024
6 9 18 34 40;0.0440,0.235,-7.024
3 7 18 34 40;0.0440,0.235,-7.024
3 9 20 34 40;0.0440,0.235,-7.024
3 18 23 34 40;0.0440,0.235,-7.024
6 9 12 32 34 40;0.0440,0.235,-7.024
3 6 12 32 34 40;0.0440,0.235,-7.024
1 3 6 12 18 40;0.0440,0.235,-7.024
3 6 7 12 18 40;0.0440,0.235,-7.024
3 6 12 18 32 40;0.0440,0.235,-7.024
3 7 12 18 32 40;0.0440,0.235,-7.024
1 3 6 23 34 40;0.0440,0.235,-7.024
1 3 9 23 34 40;0.0440,0.235,-7.024
1 9 18 32 34 40;0.0440,0.235,-7.024
1 18 23 32 34 40;0.0440,0.235,-7.024
3 7 9 23 34 40;0.0440,0.235,-7.024
7 9 18 32 34 40;0.0440,0.235,-7.024
7 18 23 32 34 40;0.0440,0.235,-7.024
1 3 6 9 23 40;0.0440,0.235,-7.024
3 6 7 9 23 40;0.0440,0.235,-7.024
1 6 9 12 18 32 40;0.0440,0.235,-7.024
6 7 9 12 18 32 40;0.0440,0.235,-7.024
1 3 18 38;0.0549,0.208,-6.998
7 9 31 38;0.0549,0.208,-6.998
1 18 23 31 38;0.0549,0.208,-6.998
1 18 23 32 38;0.0549,0.208,-6.998
7 18 23 31 38;0.0549,0.208,-6.998
3 7 23 32 38;0.0549,0.208,-6.998
7 18 23 32 38;0.0549,0.208,-6.998
1 9 18 31 32 38;0.0549,0.208,-6.998
7 39;0.1429,0.232,-6.922
15 41;0.0769,0.194,-6.877
3 6 7 41;0.0769,0.194,-6.877
1 14 34 42;0.0769,0.292,-6.868
3 6 14 42;0.0769,0.292,-6.868
20 21 37;0.1978,0.277,-6.855
9 14 23 42;0.0879,0.242,-6.834
3 9 34 42;0.0879,0.242,-6.834
6 12 23 42;0.0659,0.353,-6.819
27 30 40;0.0330,0.429,-6.801
1 20 30 40;0.0330,0.429,-6.801
1 23 31 38;0.0549,0.200,-6.775
7 23 31 38;0.0549,0.200,-6.775
3 7 23 38;0.0549,0.200,-6.775
1 9 18 31 38;0.0549,0.200,-6.775
1 9 31 32 38;0.0549,0.200,-6.775
7 9 18 32 38;0.0549,0.200,-6.775
12 23 40;0.0440,0.222,-6.772
12 18 34 40;0.0440,0.222,-6.772
7 12 16 40;0.0440,0.222,-6.772
9 20 34 40;0.0440,0.222,-6.772
6 9 12 34 40;0.0440,0.222,-6.772
3 6 12 34 40;0.0440,0.222,-6.772
9 12 32 34 40;0.0440,0.222,-6.772
3 12 32 34 40;0.0440,0.222,-6.772
3 6 12 18 40;0.0440,0.222,-6.772
3 7 12 18 40;0.0440,0.222,-6.772
1 9 23 34 40;0.0440,0.222,-6.772
1 9 18 34 40;0.0440,0.222,-6.772
7 9 23 34 40;0.0440,0.222,-6.772
7 9 18 34 40;0.0440,0.222,-6.772
3 6 9 23 40;0.0440,0.222,-6.772
1 6 9 12 18 40;0.0440,0.222,-6.772
6 7 9 12 18 40;0.0440,0.222,-6.772
6 9 12 18 32 40;0.0440,0.222,-6.772
7 9 12 18 32 40;0.0440,0.222,-6.772
6 13 41;0.0659,0.250,-6.762
7 13 41;0.0659,0.250,-6.762
3 6 11 38;0.0440,0.308,-6.703
3 14 31 34 38;0.0440,0.308,-6.703
14 18 23 34 38;0.0440,0.308,-6.703
16 23 31 34 38;0.0440,0.308,-6.703
9 23 31 34 38;0.0440,0.308,-6.703
1 3 7 20 38;0.0440,0.308,-6.703
1 11 18 32 38;0.0440,0.308,-6.703
1 3 9 20 38;0.0440,0.308,-6.703
6 11 31 32 38;0.0440,0.308,-6.703
6 11 18 32 38;0.0440,0.308,-6.703
6 9 18 20 38;0.0440,0.308,-6.703
6 9 18 23 38;0.0440,0.308,-6.703
3 7 11 20 38;0.0440,0.308,-6.703
3 7 11 32 38;0.0440,0.308,-6.703
7 11 18 32 38;0.0440,0.308,-6.703
1 9 14 18 34 38;0.0440,0.308,-6.703
7 9 14 18 34 38;0.0440,0.308,-6.703
9 14 18 31 34 38;0.0440,0.308,-6.703
1 16 31 32 34 38;0.0440,0.308,-6.703
7 16 31 32 34 38;0.0440,0.308,-6.703
9 16 23 32 34 38;0.0440,0.308,-6.703
3 18 23 31 34 38;0.0440,0.308,-6.703
3 23 31 32 34 38;0.0440,0.308,-6.703
3 9 18 23 32 34 38;0.0440,0.308,-6.703
3 18 34 39;0.0989,0.346,-6.698
20 34 41;0.0769,0.189,-6.667
3 6 41;0.0769,0.189,-6.667
3 18 39;0.1429,0.228,-6.663
1 14 42;0.0879,0.235,-6.580
9 34 42;0.0879,0.235,-6.580
6 9 32 42;0.0879,0.235,-6.580
1 9 31 38;0.0549,0.192,-6.561
7 9 18 38;0.0549,0.192,-6.561
9 12 34 40;0.0440,0.211,-6.536
3 12 34 40;0.0440,0.211,-6.536
6 16 32 40;0.0440,0.211,-6.536
1 12 16 32 40;0.0440,0.211,-6.536
6 9 12 18 40;0.0440,0.211,-6.536
7 9 12 18 40;0.0440,0.211,-6.536
1 18 20 34 40;0.0440,0.211,-6.536
1 3 23 34 40;0.0440,0.211,-6.536
6 18 20 34 40;0.0440,0.211,-6.536
6 18 23 34 40;0.0440,0.211,-6.536
7 18 20 34 40;0.0440,0.211,-6.536
1 3 6 23 40;0.0440,0.211,-6.536
1 3 9 23 40;0.0440,0.211,-6.536
3 7 9 23 40;0.0440,0.211,-6.536
1 3 12 18 32 40;0.0440,0.211,-6.536
3 11 13 41;0.0659,0.240,-6.500
3 7 41;0.0769,0.184,-6.464
23 25 38;0.0330,0.500,-6.461
6 11 14 34 38;0.0330,0.500,-6.461
11 14 18 34 38;0.0330,0.500,-6.461
1 11 14 18 38;0.0330,0.500,-6.461
6 14 16 20 38;0.0330,0.500,-6.461
6 14 16 23 38;0.0330,0.500,-6.461
7 14 16 20 38;0.0330,0.500,-6.461
6 11 14 31 38;0.0330,0.500,-6.461
6 11 14 18 38;0.0330,0.500,-6.461
3 7 11 14 38;0.0330,0.500,-6.461
7 11 14 18 38;0.0330,0.500,-6.461
1 16 20 31 38;0.0330,0.500,-6.461
1 11 14 20 34 38;0.0330,0.500,-6.461
7 11 14 20 34 38;0.0330,0.500,-6.461
3 9 11 14 20 34 38;0.0330,0.500,-6.461
12 23 42;0.0659,0.333,-6.448
14 16 34 38;0.0440,0.286,-6.377
3 7 11 38;0.0440,0.286,-6.377
9 14 31 34 38;0.0440,0.286,-6.377
3 14 18 34 38;0.0440,0.286,-6.377
1 14 18 23 38;0.0440,0.286,-6.377
7 14 16 31 38;0.0440,0.286,-6.377
7 14 18 23 38;0.0440,0.286,-6.377
1 16 31 34 38;0.0440,0.286,-6.377
7 16 31 34 38;0.0440,0.286,-6.377
3 23 31 34 38;0.0440,0.286,-6.377
1 6 9 20 38;0.0440,0.286,-6.377
1 11 31 32 38;0.0440,0.286,-6.377
1 9 18 20 38;0.0440,0.286,-6.377
6 7 9 20 38;0.0440,0.286,-6.377
7 11 31 32 38;0.0440,0.286,-6.377
1 14 18 31 34 38;0.0440,0.286,-6.377
7 14 18 31 34 38;0.0440,0.286,-6.377
9 18 23 32 34 38;0.0440,0.286,-6.377
1 18 23 38;0.0549,0.185,-6.356
7 18 23 38;0.0549,0.185,-6.356
1 9 18 32 38;0.0549,0.185,-6.356
3 9 18 23 31 32 38;0.0549,0.185,-6.356
9 23 32 42;0.0989,0.191,-6.355
16 30 40;0.0330,0.375,-6.339
18 30 40;0.0330,0.375,-6.339
12 30 34 40;0.0330,0.375,-6.339
9 20 30 32 40;0.0330,0.375,-6.339
6 9 42;0.0879,0.229,-6.336
3 6 32 42;0.0879,0.229,-6.336
6 16 40;0.0440,0.200,-6.313
1 12 16 40;0.0440,0.200,-6.313
12 16 32 40;0.0440,0.200,-6.313
7 16 32 40;0.0440,0.200,-6.313
1 3 12 18 40;0.0440,0.200,-6.313
1 18 23 34 40;0.0440,0.200,-6.313
7 18 23 34 40;0.0440,0.200,-6.313
1 9 12 18 32 40;0.0440,0.200,-6.313
1 6 20 32 34 40;0.0440,0.200,-6.313
3 6 23 32 34 40;0.0440,0.200,-6.313
1 3 6 18 32 40;0.0440,0.200,-6.313
3 6 7 18 32 40;0.0440,0.200,-6.313
14 34 42;0.0769,0.269,-6.277
3 13 20 41;0.0659,0.231,-6.250
3 13 23 41;0.0659,0.231,-6.250
18 31 37;0.1978,0.269,-6.223
20 23 37;0.1978,0.269,-6.223
23 31 36;0.2967,0.519,-6.202
9 18 39;0.1429,0.220,-6.161
1 9 18 38;0.0549,0.179,-6.159
3 9 23 31 32 38;0.0549,0.179,-6.159
1 7 32 42;0.0989,0.188,-6.147
12 16 40;0.0440,0.190,-6.102
7 16 40;0.0440,0.190,-6.102
1 3 23 40;0.0440,0.190,-6.102
6 12 32 34 40;0.0440,0.190,-6.102
1 9 12 18 40;0.0440,0.190,-6.102
3 12 18 32 40;0.0440,0.190,-6.102
1 20 32 34 40;0.0440,0.190,-6.102
9 16 32 34 40;0.0440,0.190,-6.102
3 6 23 34 40;0.0440,0.190,-6.102
1 6 9 23 40;0.0440,0.190,-6.102
1 3 6 18 40;0.0440,0.190,-6.102
6 7 9 23 40;0.0440,0.190,-6.102
3 6 7 18 40;0.0440,0.190,-6.102
3 6 18 32 40;0.0440,0.190,-6.102
3 7 18 32 40;0.0440,0.190,-6.102
3 9 18 32 34 40;0.0440,0.190,-6.102
14 23 32 42;0.0879,0.222,-6.100
1 32 34 42;0.0879,0.222,-6.100
1 3 20 38;0.0440,0.267,-6.077
6 9 20 38;0.0440,0.267,-6.077
7 9 20 38;0.0440,0.267,-6.077
1 14 31 34 38;0.0440,0.267,-6.077
7 14 31 34 38;0.0440,0.267,-6.077
9 14 18 34 38;0.0440,0.267,-6.077
9 16 23 34 38;0.0440,0.267,-6.077
16 23 32 34 38;0.0440,0.267,-6.077
14 16 23 31 32 38;0.0440,0.267,-6.077
3 9 18 23 34 38;0.0440,0.267,-6.077
3 18 23 32 34 38;0.0440,0.267,-6.077
3 6 7 20 32 38;0.0440,0.267,-6.077
3 9 21 34 39;0.0989,0.321,-6.016
11 16 25 38;0.0220,1.000,-6.015
11 25 31 38;0.0220,1.000,-6.015
11 18 25 38;0.0220,1.000,-6.015
1 11 27 38;0.0220,1.000,-6.015
6 11 27 38;0.0220,1.000,-6.015
7 11 27 38;0.0220,1.000,-6.015
16 22 25 34 38;0.0220,1.000,-6.015
22 25 31 34 38;0.0220,1.000,-6.015
18 22 25 34 38;0.0220,1.000,-6.015
16 22 31 34 38;0.0220,1.000,-6.015
18 22 31 34 38;0.0220,1.000,-6.015
16 22 23 31 38;0.0220,1.000,-6.015
18 22 23 31 38;0.0220,1.000,-6.015
14 20 25 34 38;0.0220,1.000,-6.015
6 14 20 25 38;0.0220,1.000,-6.015
7 14 20 25 38;0.0220,1.000,-6.015
11 14 20 25 38;0.0220,1.000,-6.015
16 20 25 34 38;0.0220,1.000,-6.015
20 25 31 34 38;0.0220,1.000,-6.015
18 20 25 34 38;0.0220,1.000,-6.015
6 16 20 25 38;0.0220,1.000,-6.015
7 16 20 25 38;0.0220,1.000,-6.015
6 20 25 31 38;0.0220,1.000,-6.015
6 18 20 25 38;0.0220,1.000,-6.015
7 20 25 31 38;0.0220,1.000,-6.015
7 18 20 25 38;0.0220,1.000,-6.015
13 34 41;0.0659,0.222,-6.012
3 18 23 31 32 38;0.0549,0.172,-5.970
3 9 23 42;0.0989,0.184,-5.944
12 30 40;0.0330,0.333,-5.943
6 16 20 38;0.0330,0.429,-5.919
6 16 23 38;0.0330,0.429,-5.919
7 16 20 38;0.0330,0.429,-5.919
1 11 14 34 38;0.0330,0.429,-5.919
7 11 14 34 38;0.0330,0.429,-5.919
11 14 31 34 38;0.0330,0.429,-5.919
1 11 14 31 38;0.0330,0.429,-5.919
6 11 14 20 38;0.0330,0.429,-5.919
7 11 14 31 38;0.0330,0.429,-5.919
1 16 20 34 38;0.0330,0.429,-5.919
3 6 14 20 34 38;0.0330,0.429,-5.919
9 11 14 20 34 38;0.0330,0.429,-5.919
3 9 11 14 34 38;0.0330,0.429,-5.919
3 11 14 20 34 38;0.0330,0.429,-5.919
3 6 7 14 20 38;0.0330,0.429,-5.919
31 37;0.1978,0.265,-5.916
21 23 37;0.1978,0.265,-5.916
6 12 34 40;0.0440,0.182,-5.901
12 32 34 40;0.0440,0.182,-5.901
3 12 18 40;0.0440,0.182,-5.901
1 16 32 40;0.0440,0.182,-5.901
6 9 23 40;0.0440,0.182,-5.901
3 6 18 40;0.0440,0.182,-5.901
3 7 18 40;0.0440,0.182,-5.901
9 12 18 32 40;0.0440,0.182,-5.901
9 18 32 34 40;0.0440,0.182,-5.901
3 20 32 34 40;0.0440,0.182,-5.901
1 3 6 12 32 40;0.0440,0.182,-5.901
1 6 12 18 32 40;0.0440,0.182,-5.901
3 6 7 12 32 40;0.0440,0.182,-5.901
6 7 12 18 32 40;0.0440,0.182,-5.901
3 7 23 32 34 40;0.0440,0.182,-5.901
3 9 23 32 34 40;0.0440,0.182,-5.901
3 6 7 23 32 40;0.0440,0.182,-5.901
3 34 41;0.0769,0.171,-5.886
6 7 23 41;0.0769,0.171,-5.886
3 6 42;0.0879,0.216,-5.871
3 32 34 42;0.0879,0.216,-5.871
21 23 36;0.3516,0.471,-5.859
7 14 16 38;0.0440,0.250,-5.799
1 11 18 38;0.0440,0.250,-5.799
6 11 31 38;0.0440,0.250,-5.799
6 11 18 38;0.0440,0.250,-5.799
7 11 18 38;0.0440,0.250,-5.799
1 14 18 34 38;0.0440,0.250,-5.799
7 14 18 34 38;0.0440,0.250,-5.799
14 18 31 34 38;0.0440,0.250,-5.799
1 14 16 31 38;0.0440,0.250,-5.799
14 16 23 31 38;0.0440,0.250,-5.799
1 16 32 34 38;0.0440,0.250,-5.799
7 16 32 34 38;0.0440,0.250,-5.799
9 18 23 34 38;0.0440,0.250,-5.799
3 6 7 20 38;0.0440,0.250,-5.799
3 6 20 32 38;0.0440,0.250,-5.799
3 7 20 32 38;0.0440,0.250,-5.799
3 9 14 23 34 38;0.0440,0.250,-5.799
3 23 31 32 38;0.0549,0.167,-5.788
1 32 42;0.0989,0.180,-5.746
3 23 32 42;0.0989,0.180,-5.746
12 34 40;0.0440,0.174,-5.710
1 16 40;0.0440,0.174,-5.710
9 12 18 40;0.0440,0.174,-5.710
16 32 34 40;0.0440,0.174,-5.710
1 9 23 40;0.0440,0.174,-5.710
7 9 23 40;0.0440,0.174,-5.710
1 3 6 12 40;0.0440,0.174,-5.710
1 6 12 18 40;0.0440,0.174,-5.710
3 6 7 12 40;0.0440,0.174,-5.710
6 7 12 18 40;0.0440,0.174,-5.710
3 6 12 32 40;0.0440,0.174,-5.710
6 12 18 32 40;0.0440,0.174,-5.710
3 7 12 32 40;0.0440,0.174,-5.710
7 12 18 32 40;0.0440,0.174,-5.710
1 6 20 34 40;0.0440,0.174,-5.710
6 20 32 34 40;0.0440,0.174,-5.710
3 7 23 34 40;0.0440,0.174,-5.710
9 23 32 34 40;0.0440,0.174,-5.710
18 20 32 34 40;0.0440,0.174,-5.710
3 18 32 34 40;0.0440,0.174,-5.710
1 3 18 32 40;0.0440,0.174,-5.710
3 6 7 23 40;0.0440,0.174,-5.710
3 6 23 32 40;0.0440,0.174,-5.710
7 18 20 32 40;0.0440,0.174,-5.710
1 6 9 12 32 40;0.0440,0.174,-5.710
6 7 9 12 32 40;0.0440,0.174,-5.710
3 6 9 32 34 40;0.0440,0.174,-5.710
1 6 18 20 32 40;0.0440,0.174,-5.710
1 6 18 23 32 40;0.0440,0.174,-5.710
1 18 20 23 32 40;0.0440,0.174,-5.710
6 7 18 23 32 40;0.0440,0.174,-5.710
6 34 41;0.0769,0.167,-5.704
6 23 41;0.0769,0.167,-5.704
9 21 34 39;0.0989,0.310,-5.700
14 23 42;0.0879,0.211,-5.651
23 32 34 42;0.0879,0.211,-5.651
6 23 32 42;0.0879,0.211,-5.651
3 7 9 32 38;0.0549,0.161,-5.612
3 9 18 23 31 38;0.0549,0.161,-5.612
9 18 23 31 32 38;0.0549,0.161,-5.612
9 20 30 40;0.0330,0.300,-5.595
20 30 32 34 40;0.0330,0.300,-5.595
6 20 30 32 40;0.0330,0.300,-5.595
7 20 30 32 40;0.0330,0.300,-5.595
3 14 20 34 40;0.0330,0.300,-5.595
7 32 42;0.0989,0.176,-5.551
14 31 34 38;0.0440,0.235,-5.542
1 16 34 38;0.0440,0.235,-5.542
7 16 34 38;0.0440,0.235,-5.542
16 23 34 38;0.0440,0.235,-5.542
1 11 31 38;0.0440,0.235,-5.542
1 9 20 38;0.0440,0.235,-5.542
3 6 20 38;0.0440,0.235,-5.542
7 11 31 38;0.0440,0.235,-5.542
3 7 20 38;0.0440,0.235,-5.542
9 14 23 34 38;0.0440,0.235,-5.542
3 14 23 34 38;0.0440,0.235,-5.542
3 18 23 34 38;0.0440,0.235,-5.542
7 16 31 32 38;0.0440,0.235,-5.542
3 14 18 23 31 38;0.0440,0.235,-5.542
1 6 11 20 32 38;0.0440,0.235,-5.542
3 6 12 40;0.0440,0.167,-5.528
6 12 18 40;0.0440,0.167,-5.528
3 7 12 40;0.0440,0.167,-5.528
7 12 18 40;0.0440,0.167,-5.528
1 20 34 40;0.0440,0.167,-5.528
9 16 34 40;0.0440,0.167,-5.528
1 3 18 40;0.0440,0.167,-5.528
3 6 23 40;0.0440,0.167,-5.528
1 6 9 12 40;0.0440,0.167,-5.528
6 7 9 12 40;0.0440,0.167,-5.528
6 9 12 32 40;0.0440,0.167,-5.528
7 9 12 32 40;0.0440,0.167,-5.528
3 6 9 34 40;0.0440,0.167,-5.528
6 9 32 34 40;0.0440,0.167,-5.528
6 18 32 34 40;0.0440,0.167,-5.528
7 20 32 34 40;0.0440,0.167,-5.528
3 9 23 34 40;0.0440,0.167,-5.528
3 9 18 34 40;0.0440,0.167,-5.528
18 23 32 34 40;0.0440,0.167,-5.528
1 18 23 32 40;0.0440,0.167,-5.528
6 18 20 32 40;0.0440,0.167,-5.528
6 18 23 32 40;0.0440,0.167,-5.528
3 7 23 32 40;0.0440,0.167,-5.528
7 18 23 32 40;0.0440,0.167,-5.528
1 6 9 18 32 40;0.0440,0.167,-5.528
6 7 9 18 32 40;0.0440,0.167,-5.528
7 23 41;0.0769,0.163,-5.526
6 11 14 38;0.0330,0.375,-5.467
14 18 25 34 38;0.0330,0.375,-5.467
9 11 14 34 38;0.0330,0.375,-5.467
11 14 20 34 38;0.0330,0.375,-5.467
3 11 14 34 38;0.0330,0.375,-5.467
1 14 16 20 38;0.0330,0.375,-5.467
1 11 14 20 38;0.0330,0.375,-5.467
7 11 14 20 38;0.0330,0.375,-5.467
9 11 16 32 34 38;0.0330,0.375,-5.467
3 9 11 18 32 34 38;0.0330,0.375,-5.467
14 20 30 34 40;0.0220,0.667,-5.442
6 14 20 30 40;0.0220,0.667,-5.442
7 14 20 30 40;0.0220,0.667,-5.442
3 7 9 38;0.0549,0.156,-5.442
3 9 23 31 38;0.0549,0.156,-5.442
9 23 31 32 38;0.0549,0.156,-5.442
1 7 42;0.0989,0.173,-5.361
3 13 41;0.0659,0.200,-5.355
16 27 32 40;0.0440,0.160,-5.353
6 9 12 40;0.0440,0.160,-5.353
7 9 12 40;0.0440,0.160,-5.353
6 9 34 40;0.0440,0.160,-5.353
9 23 34 40;0.0440,0.160,-5.353
9 18 34 40;0.0440,0.160,-5.353
3 20 34 40;0.0440,0.160,-5.353
3 7 23 40;0.0440,0.160,-5.353
1 3 12 32 40;0.0440,0.160,-5.353
1 12 18 32 40;0.0440,0.160,-5.353
1 18 32 34 40;0.0440,0.160,-5.353
7 18 32 34 40;0.0440,0.160,-5.353
1 6 9 18 40;0.0440,0.160,-5.353
1 18 20 32 40;0.0440,0.160,-5.353
6 7 9 18 40;0.0440,0.160,-5.353
6 9 18 32 40;0.0440,0.160,-5.353
7 9 18 32 40;0.0440,0.160,-5.353
1 3 6 32 34 40;0.0440,0.160,-5.353
1 3 9 32 34 40;0.0440,0.160,-5.353
3 7 9 32 34 40;0.0440,0.160,-5.353
7 34 41;0.0769,0.159,-5.353
23 34 41;0.0769,0.159,-5.353
3 11 20 41;0.0769,0.159,-5.353
20 37;0.1978,0.257,-5.316
14 18 34 38;0.0440,0.222,-5.301
1 14 16 38;0.0440,0.222,-5.301
7 16 31 38;0.0440,0.222,-5.301
3 14 23 31 38;0.0440,0.222,-5.301
1 6 11 32 38;0.0440,0.222,-5.301
1 11 20 32 38;0.0440,0.222,-5.301
3 6 31 32 38;0.0440,0.222,-5.301
3 6 9 23 38;0.0440,0.222,-5.301
9 16 31 32 34 38;0.0440,0.222,-5.301
3 9 18 31 32 34 38;0.0440,0.222,-5.301
6 20 30 40;0.0330,0.273,-5.286
7 20 30 40;0.0330,0.273,-5.286
1 9 30 34 40;0.0330,0.273,-5.286
7 9 30 34 40;0.0330,0.273,-5.286
9 30 32 34 40;0.0330,0.273,-5.286
6 14 20 34 40;0.0330,0.273,-5.286
1 3 7 32 38;0.0549,0.152,-5.278
1 3 9 32 38;0.0549,0.152,-5.278
7 18 31 32 38;0.0549,0.152,-5.278
3 18 23 31 38;0.0549,0.152,-5.278
3 9 18 23 32 38;0.0549,0.152,-5.278
2 22 41;0.0220,1.000,-5.273
13 22 41;0.0220,1.000,-5.273
1 34 42;0.0879,0.200,-5.230
3 9 14 32 42;0.0879,0.200,-5.230
16 34 40;0.0440,0.154,-5.186
1 3 12 40;0.0440,0.154,-5.186
1 12 18 40;0.0440,0.154,-5.186
3 18 34 40;0.0440,0.154,-5.186
6 9 18 40;0.0440,0.154,-5.186
7 9 18 40;0.0440,0.154,-5.186
7 18 20 40;0.0440,0.154,-5.186
1 9 12 32 40;0.0440,0.154,-5.186
1 3 6 34 40;0.0440,0.154,-5.186
1 3 9 34 40;0.0440,0.154,-5.186
1 9 32 34 40;0.0440,0.154,-5.186
3 7 9 34 40;0.0440,0.154,-5.186
7 9 32 34 40;0.0440,0.154,-5.186
1 6 18 20 40;0.0440,0.154,-5.186
1 6 18 23 40;0.0440,0.154,-5.186
1 18 20 23 40;0.0440,0.154,-5.186
6 7 18 23 40;0.0440,0.154,-5.186
1 6 23 32 34 40;0.0440,0.154,-5.186
3 11 41;0.0769,0.156,-5.184
11 13 18 34 37;0.0769,0.500,-5.181
9 23 42;0.0989,0.170,-5.175
1 3 7 38;0.0549,0.147,-5.119
1 3 9 38;0.0549,0.147,-5.119
7 31 32 38;0.0549,0.147,-5.119
3 23 31 38;0.0549,0.147,-5.119
6 23 25 42;0.0330,0.600,-5.079
11 14 34 38;0.0330,0.333,-5.079
1 11 14 38;0.0330,0.333,-5.079
7 11 14 38;0.0330,0.333,-5.079
1 16 20 38;0.0330,0.333,-5.079
3 9 14 20 34 38;0.0330,0.333,-5.079
9 11 16 31 34 38;0.0330,0.333,-5.079
9 11 18 32 34 38;0.0330,0.333,-5.079
3 9 11 18 31 34 38;0.0330,0.333,-5.079
3 9 11 31 32 34 38;0.0330,0.333,-5.079
1 11 32 38;0.0440,0.211,-5.075
3 6 31 38;0.0440,0.211,-5.075
1 14 23 34 38;0.0440,0.211,-5.075
7 14 23 34 38;0.0440,0.211,-5.075
14 16 23 32 38;0.0440,0.211,-5.075
1 16 31 32 38;0.0440,0.211,-5.075
3 9 31 32 34 38;0.0440,0.211,-5.075
9 18 31 32 34 38;0.0440,0.211,-5.075
3 34 42;0.0879,0.195,-5.029
3 14 32 42;0.0879,0.195,-5.029
20 27 32 40;0.0440,0.148,-5.026
18 27 32 40;0.0440,0.148,-5.026
1 9 12 40;0.0440,0.148,-5.026
3 12 32 40;0.0440,0.148,-5.026
12 18 32 40;0.0440,0.148,-5.026
1 9 34 40;0.0440,0.148,-5.026
6 20 34 40;0.0440,0.148,-5.026
7 9 34 40;0.0440,0.148,-5.026
1 18 23 40;0.0440,0.148,-5.026
6 18 20 40;0.0440,0.148,-5.026
6 18 23 40;0.0440,0.148,-5.026
7 18 23 40;0.0440,0.148,-5.026
1 3 32 34 40;0.0440,0.148,-5.026
1 6 20 32 40;0.0440,0.148,-5.026
1 9 18 32 40;0.0440,0.148,-5.026
6 14 42;0.0769,0.226,-5.026
18 21 37;0.1978,0.254,-5.024
9 30 34 40;0.0330,0.250,-5.007
20 30 34 40;0.0330,0.250,-5.007
1 9 30 40;0.0330,0.250,-5.007
6 9 30 40;0.0330,0.250,-5.007
7 9 30 40;0.0330,0.250,-5.007
7 14 20 34 40;0.0330,0.250,-5.007
14 18 20 34 40;0.0330,0.250,-5.007
1 42;0.0989,0.167,-4.993
1 3 32 38;0.0549,0.143,-4.965
7 9 32 38;0.0549,0.143,-4.965
1 18 31 32 38;0.0549,0.143,-4.965
9 18 23 31 38;0.0549,0.143,-4.965
3 18 23 32 38;0.0549,0.143,-4.965
22 25 34 38;0.0220,0.667,-4.939
16 22 25 38;0.0220,0.667,-4.939
22 25 31 38;0.0220,0.667,-4.939
18 22 25 38;0.0220,0.667,-4.939
16 22 34 38;0.0220,0.667,-4.939
22 31 34 38;0.0220,0.667,-4.939
18 22 34 38;0.0220,0.667,-4.939
16 22 31 38;0.0220,0.667,-4.939
16 22 23 38;0.0220,0.667,-4.939
22 23 31 38;0.0220,0.667,-4.939
18 22 31 38;0.0220,0.667,-4.939
18 22 23 38;0.0220,0.667,-4.939
11 14 25 38;0.0220,0.667,-4.939
20 25 34 38;0.0220,0.667,-4.939
6 20 25 38;0.0220,0.667,-4.939
7 20 25 38;0.0220,0.667,-4.939
11 20 25 38;0.0220,0.667,-4.939
1 27 31 38;0.0220,0.667,-4.939
7 27 31 38;0.0220,0.667,-4.939
3 12 14 42;0.0659,0.261,-4.932
2 34 41;0.0440,0.308,-4.932
27 32 40;0.0440,0.143,-4.872
3 12 40;0.0440,0.143,-4.872
12 18 40;0.0440,0.143,-4.872
9 12 32 40;0.0440,0.143,-4.872
1 3 34 40;0.0440,0.143,-4.872
6 18 34 40;0.0440,0.143,-4.872
7 20 34 40;0.0440,0.143,-4.872
18 20 34 40;0.0440,0.143,-4.872
1 9 18 40;0.0440,0.143,-4.872
1 18 20 40;0.0440,0.143,-4.872
1 6 12 32 40;0.0440,0.143,-4.872
6 7 12 32 40;0.0440,0.143,-4.872
1 23 32 34 40;0.0440,0.143,-4.872
3 6 32 34 40;0.0440,0.143,-4.872
1 7 20 32 40;0.0440,0.143,-4.872
1 20 23 32 40;0.0440,0.143,-4.872
1 16 31 38;0.0440,0.200,-4.863
7 16 32 38;0.0440,0.200,-4.863
1 9 14 34 38;0.0440,0.200,-4.863
1 3 14 34 38;0.0440,0.200,-4.863
7 9 14 34 38;0.0440,0.200,-4.863
3 7 14 34 38;0.0440,0.200,-4.863
9 16 31 34 38;0.0440,0.200,-4.863
16 31 32 34 38;0.0440,0.200,-4.863
9 31 32 34 38;0.0440,0.200,-4.863
1 6 11 20 38;0.0440,0.200,-4.863
6 11 20 32 38;0.0440,0.200,-4.863
3 9 18 31 34 38;0.0440,0.200,-4.863
3 18 31 32 34 38;0.0440,0.200,-4.863
1 6 20 31 32 38;0.0440,0.200,-4.863
21 31 34 39;0.0989,0.281,-4.844
6 23 42;0.0879,0.190,-4.835
3 9 14 42;0.0879,0.190,-4.835
1 3 38;0.0549,0.139,-4.815
7 9 38;0.0549,0.139,-4.815
1 31 32 38;0.0549,0.139,-4.815
1 23 32 38;0.0549,0.139,-4.815
3 7 32 38;0.0549,0.139,-4.815
7 18 32 38;0.0549,0.139,-4.815
9 23 31 38;0.0549,0.139,-4.815
3 9 39;0.1429,0.200,-4.760
1 30 34 40;0.0330,0.231,-4.754
20 30 32 40;0.0330,0.231,-4.754
14 18 23 34 40;0.0330,0.231,-4.754
14 25 34 38;0.0330,0.300,-4.741
9 14 20 34 38;0.0330,0.300,-4.741
3 14 20 34 38;0.0330,0.300,-4.741
9 11 16 34 38;0.0330,0.300,-4.741
11 16 32 34 38;0.0330,0.300,-4.741
3 9 11 31 34 38;0.0330,0.300,-4.741
9 11 18 31 34 38;0.0330,0.300,-4.741
3 9 11 18 34 38;0.0330,0.300,-4.741
3 11 18 32 34 38;0.0330,0.300,-4.741
12 29 42;0.0220,1.000,-4.734
9 14 29 42;0.0220,1.000,-4.734
9 12 40;0.0440,0.138,-4.723
1 6 12 40;0.0440,0.138,-4.723
6 7 12 40;0.0440,0.138,-4.723
6 12 32 40;0.0440,0.138,-4.723
7 12 32 40;0.0440,0.138,-4.723
1 18 34 40;0.0440,0.138,-4.723
7 18 34 40;0.0440,0.138,-4.723
18 23 34 40;0.0440,0.138,-4.723
1 6 23 34 40;0.0440,0.138,-4.723
6 23 32 34 40;0.0440,0.138,-4.723
3 23 32 34 40;0.0440,0.138,-4.723
1 3 6 9 32 40;0.0440,0.138,-4.723
3 6 7 9 32 40;0.0440,0.138,-4.723
21 31 36;0.3297,0.469,-4.696
9 12 14 42;0.0659,0.250,-4.681
1 9 32 38;0.0549,0.135,-4.670
7 18 31 38;0.0549,0.135,-4.670
9 18 23 32 38;0.0549,0.135,-4.670
7 16 38;0.0440,0.190,-4.662
14 23 34 38;0.0440,0.190,-4.662
14 16 23 38;0.0440,0.190,-4.662
1 6 11 38;0.0440,0.190,-4.662
1 11 20 38;0.0440,0.190,-4.662
6 11 32 38;0.0440,0.190,-4.662
3 9 14 34 38;0.0440,0.190,-4.662
9 16 32 34 38;0.0440,0.190,-4.662
3 9 31 34 38;0.0440,0.190,-4.662
9 18 31 34 38;0.0440,0.190,-4.662
3 31 32 34 38;0.0440,0.190,-4.662
6 20 31 32 38;0.0440,0.190,-4.662
6 23 31 32 38;0.0440,0.190,-4.662
3 6 18 32 38;0.0440,0.190,-4.662
7 11 20 32 38;0.0440,0.190,-4.662
18 23 31 32 34 38;0.0440,0.190,-4.662
3 9 18 32 34 38;0.0440,0.190,-4.662
3 14 42;0.0879,0.186,-4.646
9 14 32 42;0.0879,0.186,-4.646
7 42;0.0989,0.161,-4.639
11 13 41;0.0659,0.176,-4.592
16 27 40;0.0440,0.133,-4.580
6 12 40;0.0440,0.133,-4.580
7 12 40;0.0440,0.133,-4.580
3 6 34 40;0.0440,0.133,-4.580
1 6 20 40;0.0440,0.133,-4.580
1 20 32 40;0.0440,0.133,-4.580
3 7 32 34 40;0.0440,0.133,-4.580
3 9 32 34 40;0.0440,0.133,-4.580
1 3 6 9 40;0.0440,0.133,-4.580
3 6 7 9 40;0.0440,0.133,-4.580
6 7 20 32 40;0.0440,0.133,-4.580
3 6 9 32 40;0.0440,0.133,-4.580
9 16 20 23 32 40;0.0440,0.133,-4.580
3 20 23 41;0.0769,0.143,-4.546
1 9 38;0.0549,0.132,-4.529
7 31 38;0.0549,0.132,-4.529
3 7 38;0.0549,0.132,-4.529
1 18 32 38;0.0549,0.132,-4.529
1 30 40;0.0330,0.214,-4.523
14 20 34 40;0.0330,0.214,-4.523
6 7 14 20 40;0.0330,0.214,-4.523
1 11 38;0.0440,0.182,-4.472
9 14 34 38;0.0440,0.182,-4.472
3 14 34 38;0.0440,0.182,-4.472
16 31 34 38;0.0440,0.182,-4.472
9 31 34 38;0.0440,0.182,-4.472
1 16 32 38;0.0440,0.182,-4.472
6 9 23 38;0.0440,0.182,-4.472
3 6 18 38;0.0440,0.182,-4.472
7 11 32 38;0.0440,0.182,-4.472
3 14 18 23 38;0.0440,0.182,-4.472
3 18 31 34 38;0.0440,0.182,-4.472
23 31 32 34 38;0.0440,0.182,-4.472
9 18 32 34 38;0.0440,0.182,-4.472
6 9 31 32 38;0.0440,0.182,-4.472
3 9 23 32 34 38;0.0440,0.182,-4.472
3 23 42;0.0989,0.158,-4.467
23 34 42;0.0879,0.182,-4.463
1 12 32 40;0.0440,0.129,-4.442
1 23 34 40;0.0440,0.129,-4.442
9 32 34 40;0.0440,0.129,-4.442
20 32 34 40;0.0440,0.129,-4.442
1 7 20 40;0.0440,0.129,-4.442
1 20 23 40;0.0440,0.129,-4.442
3 6 9 40;0.0440,0.129,-4.442
6 20 32 40;0.0440,0.129,-4.442
7 20 32 40;0.0440,0.129,-4.442
7 23 32 34 40;0.0440,0.129,-4.442
1 3 6 32 40;0.0440,0.129,-4.442
9 16 23 32 40;0.0440,0.129,-4.442
3 7 9 32 40;0.0440,0.129,-4.442
16 25 32 34 38;0.0330,0.273,-4.441
25 31 32 34 38;0.0330,0.273,-4.441
18 25 32 34 38;0.0330,0.273,-4.441
6 14 20 34 38;0.0330,0.273,-4.441
9 11 18 34 38;0.0330,0.273,-4.441
1 6 14 20 31 38;0.0330,0.273,-4.441
3 9 11 20 32 34 38;0.0330,0.273,-4.441
23 25 42;0.0330,0.500,-4.439
1 23 38;0.0549,0.128,-4.392
1 18 31 38;0.0549,0.128,-4.392
7 23 32 38;0.0549,0.128,-4.392
3 9 18 23 38;0.0549,0.128,-4.392
9 34 39;0.0989,0.265,-4.338
18 31 34 39;0.0989,0.265,-4.338
3 21 34 39;0.0989,0.265,-4.338
18 31 39;0.1429,0.194,-4.325
9 30 32 40;0.0330,0.200,-4.309
6 14 20 40;0.0330,0.200,-4.309
7 14 20 40;0.0330,0.200,-4.309
20 27 40;0.0440,0.125,-4.308
18 27 40;0.0440,0.125,-4.308
1 12 40;0.0440,0.125,-4.308
3 7 34 40;0.0440,0.125,-4.308
3 23 34 40;0.0440,0.125,-4.308
18 32 34 40;0.0440,0.125,-4.308
1 3 6 40;0.0440,0.125,-4.308
3 7 9 40;0.0440,0.125,-4.308
16 20 23 32 40;0.0440,0.125,-4.308
3 9 18 20 23 32 40;0.0440,0.125,-4.308
3 9 32 42;0.0989,0.155,-4.299
1 16 38;0.0440,0.174,-4.292
7 14 23 38;0.0440,0.174,-4.292
7 14 18 38;0.0440,0.174,-4.292
16 32 34 38;0.0440,0.174,-4.292
3 31 34 38;0.0440,0.174,-4.292
6 9 31 38;0.0440,0.174,-4.292
9 23 32 34 38;0.0440,0.174,-4.292
3 18 32 34 38;0.0440,0.174,-4.292
1 6 20 31 38;0.0440,0.174,-4.292
3 6 23 32 38;0.0440,0.174,-4.292
14 18 23 31 32 38;0.0440,0.174,-4.292
9 14 42;0.0879,0.178,-4.284
22 25 38;0.0220,0.500,-4.269
16 22 38;0.0220,0.500,-4.269
22 31 38;0.0220,0.500,-4.269
18 22 38;0.0220,0.500,-4.269
11 25 38;0.0220,0.500,-4.269
14 20 25 38;0.0220,0.500,-4.269
16 20 25 38;0.0220,0.500,-4.269
20 25 31 38;0.0220,0.500,-4.269
18 20 25 38;0.0220,0.500,-4.269
6 27 31 38;0.0220,0.500,-4.269
1 31 38;0.0549,0.125,-4.258
7 18 38;0.0549,0.125,-4.258
27 40;0.0440,0.121,-4.179
12 32 40;0.0440,0.121,-4.179
1 20 40;0.0440,0.121,-4.179
6 23 34 40;0.0440,0.121,-4.179
3 9 34 40;0.0440,0.121,-4.179
16 23 32 40;0.0440,0.121,-4.179
1 6 9 32 40;0.0440,0.121,-4.179
1 3 7 32 40;0.0440,0.121,-4.179
1 3 9 32 40;0.0440,0.121,-4.179
9 16 20 32 40;0.0440,0.121,-4.179
6 7 9 32 40;0.0440,0.121,-4.179
3 9 18 23 32 40;0.0440,0.121,-4.179
13 18 34 37;0.0879,0.400,-4.172
11 18 34 37;0.0879,0.400,-4.172
16 25 34 38;0.0330,0.250,-4.171
25 31 34 38;0.0330,0.250,-4.171
18 25 34 38;0.0330,0.250,-4.171
11 16 34 38;0.0330,0.250,-4.171
1 14 20 34 38;0.0330,0.250,-4.171
7 14 20 34 38;0.0330,0.250,-4.171
6 14 20 31 38;0.0330,0.250,-4.171
6 14 23 31 38;0.0330,0.250,-4.171
3 11 18 34 38;0.0330,0.250,-4.171
9 11 20 32 34 38;0.0330,0.250,-4.171
3 9 11 32 34 38;0.0330,0.250,-4.171
3 18 23 38;0.0549,0.122,-4.128
1 14 34 38;0.0440,0.167,-4.121
7 14 34 38;0.0440,0.167,-4.121
9 16 34 38;0.0440,0.167,-4.121
6 11 20 38;0.0440,0.167,-4.121
6 20 31 38;0.0440,0.167,-4.121
6 23 31 38;0.0440,0.167,-4.121
3 6 23 38;0.0440,0.167,-4.121
14 18 23 31 38;0.0440,0.167,-4.121
14 23 31 32 38;0.0440,0.167,-4.121
3 9 23 34 38;0.0440,0.167,-4.121
3 9 18 34 38;0.0440,0.167,-4.121
18 23 32 34 38;0.0440,0.167,-4.121
6 18 20 32 38;0.0440,0.167,-4.121
6 18 23 32 38;0.0440,0.167,-4.121
3 9 11 18 31 32 38;0.0440,0.167,-4.121
31 39;0.1429,0.191,-4.113
32 34 42;0.0879,0.174,-4.111
20 30 40;0.0330,0.188,-4.111
30 32 34 40;0.0330,0.188,-4.111
3 20 41;0.0769,0.135,-4.103
18 21 34 39;0.0989,0.257,-4.102
21 36;0.3846,0.422,-4.091
13 20 41;0.0659,0.162,-4.087
13 23 41;0.0659,0.162,-4.087
18 34 37;0.1319,0.316,-4.067
12 40;0.0440,0.118,-4.054
9 34 40;0.0440,0.118,-4.054
1 6 9 40;0.0440,0.118,-4.054
1 3 7 40;0.0440,0.118,-4.054
1 3 9 40;0.0440,0.118,-4.054
6 7 9 40;0.0440,0.118,-4.054
6 7 20 40;0.0440,0.118,-4.054
6 9 32 40;0.0440,0.118,-4.054
1 6 32 34 40;0.0440,0.118,-4.054
1 6 23 32 40;0.0440,0.118,-4.054
3 6 7 32 40;0.0440,0.118,-4.054
3 18 20 23 32 40;0.0440,0.118,-4.054
12 14 42;0.0659,0.222,-4.006
3 12 32 42;0.0659,0.222,-4.006
1 18 38;0.0549,0.119,-4.001
3 9 18 31 32 38;0.0549,0.119,-4.001
34 41;0.0769,0.132,-3.961
6 11 38;0.0440,0.160,-3.958
14 23 31 38;0.0440,0.160,-3.958
9 23 34 38;0.0440,0.160,-3.958
9 18 34 38;0.0440,0.160,-3.958
7 11 20 38;0.0440,0.160,-3.958
9 14 18 23 38;0.0440,0.160,-3.958
18 23 31 34 38;0.0440,0.160,-3.958
6 9 18 32 38;0.0440,0.160,-3.958
3 9 11 31 32 38;0.0440,0.160,-3.958
6 9 40;0.0440,0.114,-3.933
6 20 40;0.0440,0.114,-3.933
7 20 40;0.0440,0.114,-3.933
7 23 34 40;0.0440,0.114,-3.933
1 3 32 40;0.0440,0.114,-3.933
16 20 32 40;0.0440,0.114,-3.933
3 6 32 40;0.0440,0.114,-3.933
7 9 32 40;0.0440,0.114,-3.933
1 6 18 32 40;0.0440,0.114,-3.933
6 7 18 32 40;0.0440,0.114,-3.933
3 18 23 32 40;0.0440,0.114,-3.933
3 9 20 23 32 40;0.0440,0.114,-3.933
3 9 18 20 32 40;0.0440,0.114,-3.933
6 14 16 31 38;0.0330,0.231,-3.927
9 11 32 34 38;0.0330,0.231,-3.927
11 14 16 31 32 38;0.0330,0.231,-3.927
3 9 11 20 34 38;0.0330,0.231,-3.927
3 11 14 18 31 32 38;0.0330,0.231,-3.927
9 30 40;0.0330,0.176,-3.926
6 30 34 40;0.0330,0.176,-3.926
7 30 34 40;0.0330,0.176,-3.926
6 30 32 40;0.0330,0.176,-3.926
7 30 32 40;0.0330,0.176,-3.926
9 39;0.1429,0.188,-3.904
23 37;0.1978,0.240,-3.900
18 37;0.1978,0.240,-3.900
7 23 38;0.0549,0.116,-3.878
9 18 23 38;0.0549,0.116,-3.878
3 9 31 32 38;0.0549,0.116,-3.878
3 9 23 32 38;0.0549,0.116,-3.878
6 7 41;0.0769,0.130,-3.822
1 3 40;0.0440,0.111,-3.815
7 9 40;0.0440,0.111,-3.815
1 32 34 40;0.0440,0.111,-3.815
1 23 32 40;0.0440,0.111,-3.815
3 6 7 40;0.0440,0.111,-3.815
6 18 32 40;0.0440,0.111,-3.815
3 7 32 40;0.0440,0.111,-3.815
7 18 32 40;0.0440,0.111,-3.815
9 16 20 23 40;0.0440,0.111,-3.815
9 18 20 23 32 40;0.0440,0.111,-3.815
3 12 42;0.0659,0.214,-3.803
9 12 32 42;0.0659,0.214,-3.803
14 34 38;0.0440,0.154,-3.803
16 34 38;0.0440,0.154,-3.803
7 11 38;0.0440,0.154,-3.803
23 31 34 38;0.0440,0.154,-3.803
3 18 34 38;0.0440,0.154,-3.803
6 9 18 38;0.0440,0.154,-3.803
3 11 18 31 32 38;0.0440,0.154,-3.803
20 25 38;0.0220,0.400,-3.781
14 22 23 38;0.0220,0.400,-3.781
1 22 34 38;0.0220,0.400,-3.781
9 22 34 38;0.0220,0.400,-3.781
9 22 23 38;0.0220,0.400,-3.781
1 20 21 27 38;0.0220,0.400,-3.781
7 20 21 27 38;0.0220,0.400,-3.781
14 32 42;0.0879,0.167,-3.779
3 18 31 32 38;0.0549,0.114,-3.757
18 23 31 32 38;0.0549,0.114,-3.757
30 34 40;0.0330,0.167,-3.754
6 30 40;0.0330,0.167,-3.754
7 30 40;0.0330,0.167,-3.754
14 18 34 40;0.0330,0.167,-3.754
14 16 25 38;0.0330,0.214,-3.705
7 14 25 38;0.0330,0.214,-3.705
14 25 31 38;0.0330,0.214,-3.705
14 18 25 38;0.0330,0.214,-3.705
25 32 34 38;0.0330,0.214,-3.705
1 6 14 20 38;0.0330,0.214,-3.705
11 14 16 31 38;0.0330,0.214,-3.705
6 7 14 20 38;0.0330,0.214,-3.705
6 14 18 20 38;0.0330,0.214,-3.705
6 14 18 23 38;0.0330,0.214,-3.705
9 11 20 34 38;0.0330,0.214,-3.705
3 9 11 34 38;0.0330,0.214,-3.705
3 11 14 18 31 38;0.0330,0.214,-3.705
3 11 14 31 32 38;0.0330,0.214,-3.705
20 34 40;0.0440,0.108,-3.700
3 6 40;0.0440,0.108,-3.700
6 32 34 40;0.0440,0.108,-3.700
3 32 34 40;0.0440,0.108,-3.700
1 6 23 40;0.0440,0.108,-3.700
1 9 32 40;0.0440,0.108,-3.700
9 16 23 40;0.0440,0.108,-3.700
6 7 23 32 40;0.0440,0.108,-3.700
9 18 23 32 40;0.0440,0.108,-3.700
3 18 20 32 40;0.0440,0.108,-3.700
14 29 42;0.0220,0.667,-3.689
9 29 42;0.0220,0.667,-3.689
11 21 25 42;0.0220,0.667,-3.689
6 41;0.0769,0.127,-3.686
9 32 42;0.0989,0.145,-3.654
6 18 20 38;0.0440,0.148,-3.654
6 18 23 38;0.0440,0.148,-3.654
14 16 31 32 38;0.0440,0.148,-3.654
14 18 23 32 38;0.0440,0.148,-3.654
1 6 20 32 38;0.0440,0.148,-3.654
16 23 31 32 38;0.0440,0.148,-3.654
3 11 31 32 38;0.0440,0.148,-3.654
9 11 18 31 32 38;0.0440,0.148,-3.654
3 9 11 18 32 38;0.0440,0.148,-3.654
3 31 32 38;0.0549,0.111,-3.639
23 31 32 38;0.0549,0.111,-3.639
9 12 42;0.0659,0.207,-3.610
6 12 32 42;0.0659,0.207,-3.610
18 34 40;0.0440,0.105,-3.589
1 9 40;0.0440,0.105,-3.589
3 7 40;0.0440,0.105,-3.589
1 6 34 40;0.0440,0.105,-3.589
23 32 34 40;0.0440,0.105,-3.589
1 18 32 40;0.0440,0.105,-3.589
16 20 23 40;0.0440,0.105,-3.589
6 23 32 40;0.0440,0.105,-3.589
3 9 20 32 40;0.0440,0.105,-3.589
3 9 18 20 23 40;0.0440,0.105,-3.589
11 22 41;0.0220,0.500,-3.558
7 41;0.0769,0.125,-3.552
11 20 41;0.0769,0.125,-3.552
9 18 31 32 38;0.0549,0.109,-3.524
14 16 31 38;0.0440,0.143,-3.512
1 7 20 32 38;0.0440,0.143,-3.512
9 11 31 32 38;0.0440,0.143,-3.512
3 9 11 18 31 38;0.0440,0.143,-3.512
25 34 38;0.0330,0.200,-3.501
6 14 16 38;0.0330,0.200,-3.501
6 14 20 38;0.0330,0.200,-3.501
7 14 20 38;0.0330,0.200,-3.501
9 11 34 38;0.0330,0.200,-3.501
11 14 16 32 38;0.0330,0.200,-3.501
3 11 14 31 38;0.0330,0.200,-3.501
11 18 32 34 38;0.0330,0.200,-3.501
3 11 14 18 32 38;0.0330,0.200,-3.501
3 9 20 32 34 38;0.0330,0.200,-3.501
13 41;0.0659,0.146,-3.488
1 23 40;0.0440,0.103,-3.481
16 23 40;0.0440,0.103,-3.481
7 32 34 40;0.0440,0.103,-3.481
1 6 18 40;0.0440,0.103,-3.481
9 16 20 40;0.0440,0.103,-3.481
6 7 18 40;0.0440,0.103,-3.481
7 23 32 40;0.0440,0.103,-3.481
9 20 23 32 40;0.0440,0.103,-3.481
9 18 20 32 40;0.0440,0.103,-3.481
3 9 18 23 40;0.0440,0.103,-3.481
14 42;0.0879,0.160,-3.465
6 32 42;0.0879,0.160,-3.465
18 34 39;0.0989,0.237,-3.454
30 32 40;0.0330,0.150,-3.439
6 12 42;0.0659,0.200,-3.427
11 41;0.0769,0.123,-3.421
3 23 41;0.0769,0.123,-3.421
9 31 32 38;0.0549,0.106,-3.412
9 23 32 38;0.0549,0.106,-3.412
3 9 18 31 38;0.0549,0.106,-3.412
14 22 38;0.0220,0.333,-3.399
1 22 38;0.0220,0.333,-3.399
9 22 38;0.0220,0.333,-3.399
22 32 34 38;0.0220,0.333,-3.399
22 23 32 38;0.0220,0.333,-3.399
1 20 27 38;0.0220,0.333,-3.399
1 21 27 38;0.0220,0.333,-3.399
7 20 27 38;0.0220,0.333,-3.399
7 21 27 38;0.0220,0.333,-3.399
6 20 21 27 38;0.0220,0.333,-3.399
6 18 21 27 38;0.0220,0.333,-3.399
1 34 40;0.0440,0.100,-3.376
6 18 40;0.0440,0.100,-3.376
7 18 40;0.0440,0.100,-3.376
3 18 20 23 40;0.0440,0.100,-3.376
14 18 23 38;0.0440,0.138,-3.375
18 23 34 38;0.0440,0.138,-3.375
3 14 18 31 38;0.0440,0.138,-3.375
3 14 23 32 38;0.0440,0.138,-3.375
18 31 32 34 38;0.0440,0.138,-3.375
3 23 32 34 38;0.0440,0.138,-3.375
3 9 11 31 38;0.0440,0.138,-3.375
3 11 18 32 38;0.0440,0.138,-3.375
14 25 38;0.0330,0.188,-3.312
11 31 32 34 38;0.0330,0.188,-3.312
9 20 32 34 38;0.0330,0.188,-3.312
6 16 31 32 38;0.0330,0.188,-3.312
9 11 14 18 31 38;0.0330,0.188,-3.312
11 14 18 31 32 38;0.0330,0.188,-3.312
3 9 11 14 20 32 38;0.0330,0.188,-3.312
1 7 32 38;0.0549,0.104,-3.302
3 9 31 38;0.0549,0.104,-3.302
3 9 18 32 38;0.0549,0.104,-3.302
14 23 34 40;0.0330,0.143,-3.295
6 7 14 23 40;0.0330,0.143,-3.295
3 14 20 23 32 40;0.0330,0.143,-3.295
3 34 40;0.0440,0.098,-3.273
16 20 40;0.0440,0.098,-3.273
6 7 23 40;0.0440,0.098,-3.273
3 18 23 40;0.0440,0.098,-3.273
3 9 20 23 40;0.0440,0.098,-3.273
3 9 18 20 40;0.0440,0.098,-3.273
14 18 32 39;0.0989,0.231,-3.257
3 14 31 38;0.0440,0.133,-3.244
31 32 34 38;0.0440,0.133,-3.244
1 6 20 38;0.0440,0.133,-3.244
1 20 32 38;0.0440,0.133,-3.244
3 9 14 23 38;0.0440,0.133,-3.244
3 9 32 34 38;0.0440,0.133,-3.244
6 7 20 32 38;0.0440,0.133,-3.244
3 6 9 32 38;0.0440,0.133,-3.244
3 11 18 31 38;0.0440,0.133,-3.244
9 11 18 32 38;0.0440,0.133,-3.244
3 9 11 20 32 38;0.0440,0.133,-3.244
3 9 42;0.0989,0.138,-3.199
3 32 42;0.0989,0.138,-3.199
23 32 42;0.0989,0.138,-3.199
3 18 31 38;0.0549,0.102,-3.194
3 9 23 38;0.0549,0.102,-3.194
6 34 40;0.0440,0.095,-3.173
1 18 40;0.0440,0.095,-3.173
6 23 40;0.0440,0.095,-3.173
9 20 32 40;0.0440,0.095,-3.173
9 18 20 23 40;0.0440,0.095,-3.173
3 20 23 32 40;0.0440,0.095,-3.173
12 34 42;0.0549,0.217,-3.166
11 13 21 34 37;0.0769,0.368,-3.153
16 25 32 38;0.0330,0.176,-3.137
25 31 32 38;0.0330,0.176,-3.137
18 25 32 38;0.0330,0.176,-3.137
1 14 20 38;0.0330,0.176,-3.137
11 14 16 38;0.0330,0.176,-3.137
6 16 31 38;0.0330,0.176,-3.137
9 11 14 31 38;0.0330,0.176,-3.137
11 14 18 31 38;0.0330,0.176,-3.137
11 14 31 32 38;0.0330,0.176,-3.137
3 11 14 18 38;0.0330,0.176,-3.137
3 9 20 34 38;0.0330,0.176,-3.137
3 9 11 14 32 38;0.0330,0.176,-3.137
3 11 14 20 32 38;0.0330,0.176,-3.137
14 16 32 38;0.0440,0.129,-3.118
3 14 23 38;0.0440,0.129,-3.118
9 32 34 38;0.0440,0.129,-3.118
1 7 20 38;0.0440,0.129,-3.118
16 23 31 38;0.0440,0.129,-3.118
3 6 9 38;0.0440,0.129,-3.118
6 20 32 38;0.0440,0.129,-3.118
7 20 32 38;0.0440,0.129,-3.118
3 11 31 38;0.0440,0.129,-3.118
9 11 18 31 38;0.0440,0.129,-3.118
3 9 11 32 38;0.0440,0.129,-3.118
3 39;0.1429,0.178,-3.101
1 32 38;0.0549,0.100,-3.089
3 31 38;0.0549,0.100,-3.089
3 23 32 38;0.0549,0.100,-3.089
3 18 32 38;0.0549,0.100,-3.089
18 23 32 38;0.0549,0.100,-3.089
20 22 41;0.0220,0.400,-3.085
22 34 38;0.0220,0.286,-3.085
22 23 38;0.0220,0.286,-3.085
22 32 38;0.0220,0.286,-3.085
1 27 38;0.0220,0.286,-3.085
7 27 38;0.0220,0.286,-3.085
6 20 27 38;0.0220,0.286,-3.085
6 18 27 38;0.0220,0.286,-3.085
6 21 27 38;0.0220,0.286,-3.085
31 36;0.3297,0.441,-3.077
7 23 40;0.0440,0.093,-3.075
9 18 23 40;0.0440,0.093,-3.075
3 18 20 40;0.0440,0.093,-3.075
3 9 23 32 40;0.0440,0.093,-3.075
11 25 42;0.0220,0.500,-3.050
30 40;0.0330,0.130,-3.029
3 14 20 23 40;0.0330,0.130,-3.029
6 34 42;0.0769,0.167,-3.028
34 42;0.0879,0.151,-3.024
