8 36;0.4066,1.000,-59.013
5 21 36;0.3956,1.000,-55.005
5 16 20 36;0.3956,1.000,-55.005
5 18 20 36;0.3956,1.000,-55.005
2 18 36;0.3846,1.000,-51.673
5 16 36;0.3956,0.973,-51.412
5 20 36;0.3956,0.973,-51.412
5 18 36;0.3956,0.973,-51.412
2 5 36;0.3736,1.000,-48.729
2 16 36;0.3736,1.000,-48.729
2 9 36;0.3736,1.000,-48.729
5 36;0.3956,0.947,-48.486
3 18 20 21 36;0.4066,0.881,-45.359
2 21 36;0.3846,0.946,-45.243
16 20 21 36;0.3956,0.900,-43.656
2 36;0.3846,0.921,-42.741
4 37;0.1868,1.000,-41.586
15 26 37;0.1868,1.000,-41.586
6 26 37;0.1868,1.000,-41.586
1 26 37;0.1868,1.000,-41.586
7 26 37;0.1868,1.000,-41.586
3 18 20 36;0.4066,0.841,-41.551
16 20 36;0.3956,0.857,-39.645
1 15 18 37;0.1868,0.944,-38.695
7 15 18 37;0.1868,0.944,-38.695
1 6 15 31 37;0.1868,0.944,-38.695
6 7 15 31 37;0.1868,0.944,-38.695
1 15 21 31 37;0.1868,0.944,-38.695
7 15 21 31 37;0.1868,0.944,-38.695
11 16 21 36;0.3407,0.969,-37.920
15 18 37;0.1868,0.895,-36.444
23 26 31 37;0.1868,0.895,-36.444
6 15 31 37;0.1868,0.895,-36.444
1 15 31 37;0.1868,0.895,-36.444
7 15 31 37;0.1868,0.895,-36.444
15 21 31 37;0.1868,0.895,-36.444
9 18 20 21 36;0.3956,0.818,-36.165
3 20 35 36;0.3297,0.968,-35.803
11 16 36;0.3407,0.939,-35.220
3 11 18 21 36;0.3407,0.939,-35.220
3 9 20 21 36;0.3956,0.800,-34.576
26 31 37;0.1868,0.850,-34.547
15 31 37;0.1868,0.850,-34.547
1 21 23 31 37;0.1868,0.850,-34.547
7 20 21 31 37;0.1868,0.850,-34.547
7 21 23 31 37;0.1868,0.850,-34.547
1 6 20 21 31 37;0.1868,0.850,-34.547
19 24 39;0.1319,1.000,-33.385
6 24 39;0.1319,1.000,-33.385
7 24 39;0.1319,1.000,-33.385
6 16 19 39;0.1319,1.000,-33.385
6 19 31 39;0.1319,1.000,-33.385
6 18 19 39;0.1319,1.000,-33.385
6 12 16 25 39;0.1319,1.000,-33.385
6 12 25 31 39;0.1319,1.000,-33.385
6 12 18 25 39;0.1319,1.000,-33.385
3 18 21 23 36;0.3626,0.868,-33.287
9 18 20 36;0.3956,0.783,-33.072
16 21 23 36;0.3516,0.889,-32.955
3 11 18 36;0.3407,0.912,-32.898
3 20 21 31 36;0.3407,0.912,-32.898
23 26 37;0.1868,0.810,-32.888
1 6 20 31 37;0.1868,0.810,-32.888
1 6 23 31 37;0.1868,0.810,-32.888
6 7 20 31 37;0.1868,0.810,-32.888
6 7 23 31 37;0.1868,0.810,-32.888
6 20 21 31 37;0.1868,0.810,-32.888
6 21 23 31 37;0.1868,0.810,-32.888
7 18 20 31 37;0.1868,0.810,-32.888
1 18 20 23 31 37;0.1868,0.810,-32.888
3 20 21 36;0.4066,0.740,-32.418
26 37;0.1868,0.773,-31.407
6 20 31 37;0.1868,0.773,-31.407
6 23 31 37;0.1868,0.773,-31.407
7 20 31 37;0.1868,0.773,-31.407
1 20 23 31 37;0.1868,0.773,-31.407
1 20 21 31 37;0.1868,0.773,-31.407
1 18 23 31 37;0.1868,0.773,-31.407
1 18 21 23 37;0.1868,0.773,-31.407
7 18 23 31 37;0.1868,0.773,-31.407
7 18 20 21 37;0.1868,0.773,-31.407
7 18 21 23 37;0.1868,0.773,-31.407
1 6 18 20 21 37;0.1868,0.773,-31.407
9 20 35 36;0.3297,0.909,-30.874
16 19 39;0.1319,0.923,-30.820
19 31 39;0.1319,0.923,-30.820
18 19 39;0.1319,0.923,-30.820
6 12 25 39;0.1319,0.923,-30.820
6 16 25 39;0.1319,0.923,-30.820
6 25 31 39;0.1319,0.923,-30.820
6 18 25 39;0.1319,0.923,-30.820
7 12 16 25 39;0.1319,0.923,-30.820
7 12 25 31 39;0.1319,0.923,-30.820
7 12 18 25 39;0.1319,0.923,-30.820
6 12 16 31 39;0.1319,0.923,-30.820
1 6 9 12 31 39;0.1319,0.923,-30.820
1 3 6 12 31 39;0.1319,0.923,-30.820
6 7 9 12 31 39;0.1319,0.923,-30.820
3 6 7 12 31 39;0.1319,0.923,-30.820
6 10 31 37;0.1538,1.000,-30.385
6 10 18 37;0.1538,1.000,-30.385
1 10 31 37;0.1538,1.000,-30.385
1 10 18 37;0.1538,1.000,-30.385
7 10 31 37;0.1538,1.000,-30.385
7 10 18 37;0.1538,1.000,-30.385
3 9 20 36;0.3956,0.750,-30.277
9 20 21 36;0.3956,0.750,-30.277
1 23 31 37;0.1868,0.739,-30.063
7 23 31 37;0.1868,0.739,-30.063
6 18 20 21 37;0.1868,0.739,-30.063
6 18 21 23 37;0.1868,0.739,-30.063
1 18 20 31 37;0.1868,0.739,-30.063
16 23 35 36;0.2747,1.000,-29.788
12 19 21 25 39;0.1209,1.000,-29.003
7 12 21 25 39;0.1209,1.000,-29.003
7 16 21 25 39;0.1209,1.000,-29.003
7 21 25 31 39;0.1209,1.000,-29.003
7 18 21 25 39;0.1209,1.000,-29.003
3 20 31 36;0.3407,0.861,-28.972
16 21 35 36;0.3187,0.906,-28.969
1 24 39;0.1319,0.857,-28.874
24 25 31 39;0.1319,0.857,-28.874
12 19 25 39;0.1319,0.857,-28.874
6 19 25 39;0.1319,0.857,-28.874
7 12 25 39;0.1319,0.857,-28.874
7 16 25 39;0.1319,0.857,-28.874
7 25 31 39;0.1319,0.857,-28.874
7 18 25 39;0.1319,0.857,-28.874
6 9 12 31 39;0.1319,0.857,-28.874
3 6 12 31 39;0.1319,0.857,-28.874
7 12 16 31 39;0.1319,0.857,-28.874
7 9 12 31 39;0.1319,0.857,-28.874
3 7 12 31 39;0.1319,0.857,-28.874
3 18 21 35 36;0.3297,0.882,-28.858
1 20 31 37;0.1868,0.708,-28.831
7 18 20 37;0.1868,0.708,-28.831
1 6 15 20 37;0.1868,0.708,-28.831
1 15 20 21 37;0.1868,0.708,-28.831
1 6 18 20 37;0.1868,0.708,-28.831
1 6 18 23 37;0.1868,0.708,-28.831
6 7 18 23 37;0.1868,0.708,-28.831
1 18 20 23 37;0.1868,0.708,-28.831
1 18 20 21 37;0.1868,0.708,-28.831
3 18 21 36;0.4066,0.698,-28.684
3 18 23 35 36;0.2857,0.963,-28.375
3 18 23 36;0.3626,0.805,-28.270
10 31 37;0.1538,0.933,-27.714
10 18 37;0.1538,0.933,-27.714
1 15 20 37;0.1868,0.680,-27.692
6 18 20 37;0.1868,0.680,-27.692
6 18 23 37;0.1868,0.680,-27.692
1 18 23 37;0.1868,0.680,-27.692
7 18 23 37;0.1868,0.680,-27.692
16 23 36;0.3516,0.821,-27.671
11 27 36;0.2967,0.931,-27.592
3 20 36;0.4066,0.685,-27.528
24 25 39;0.1319,0.800,-27.265
24 31 39;0.1319,0.800,-27.265
19 25 39;0.1319,0.800,-27.265
12 25 31 39;0.1319,0.800,-27.265
6 16 31 39;0.1319,0.800,-27.265
1 12 16 25 39;0.1319,0.800,-27.265
1 12 18 25 39;0.1319,0.800,-27.265
3 21 23 31 36;0.3077,0.903,-27.167
20 35 36;0.3297,0.857,-27.038
3 18 35 36;0.3297,0.857,-27.038
3 21 35 36;0.3297,0.857,-27.038
9 11 18 21 36;0.3297,0.857,-27.038
16 35 36;0.3187,0.879,-26.999
1 18 20 37;0.1868,0.654,-26.631
7 15 20 21 37;0.1868,0.654,-26.631
16 21 36;0.3956,0.706,-26.523
9 20 36;0.3956,0.706,-26.523
9 18 21 23 36;0.3516,0.800,-26.159
3 23 35 36;0.2857,0.929,-25.916
3 11 21 31 36;0.2857,0.929,-25.916
24 39;0.1319,0.750,-25.879
25 31 39;0.1319,0.750,-25.879
1 12 25 39;0.1319,0.750,-25.879
12 16 25 39;0.1319,0.750,-25.879
12 18 25 39;0.1319,0.750,-25.879
1 16 25 39;0.1319,0.750,-25.879
1 18 25 39;0.1319,0.750,-25.879
6 12 16 39;0.1319,0.750,-25.879
7 16 31 39;0.1319,0.750,-25.879
1 12 16 31 39;0.1319,0.750,-25.879
1 9 12 31 39;0.1319,0.750,-25.879
1 3 12 31 39;0.1319,0.750,-25.879
1 3 6 31 39;0.1319,0.750,-25.879
3 6 7 31 39;0.1319,0.750,-25.879
1 6 9 12 18 39;0.1319,0.750,-25.879
1 3 6 12 18 39;0.1319,0.750,-25.879
6 7 9 12 18 39;0.1319,0.750,-25.879
3 6 7 12 18 39;0.1319,0.750,-25.879
1 10 37;0.1538,0.875,-25.672
15 20 21 37;0.1868,0.630,-25.637
6 7 15 20 37;0.1868,0.630,-25.637
3 35 36;0.3297,0.833,-25.374
9 11 18 36;0.3297,0.833,-25.374
9 18 21 35 36;0.3297,0.833,-25.374
9 17 42;0.1099,0.833,-25.302
20 21 27 36;0.3187,0.853,-25.224
18 21 27 36;0.3187,0.853,-25.224
27 35 36;0.2637,0.960,-25.135
6 15 20 37;0.1868,0.607,-24.703
7 15 20 37;0.1868,0.607,-24.703
1 6 20 21 37;0.1868,0.607,-24.703
1 7 20 21 37;0.1868,0.607,-24.703
1 20 21 23 37;0.1868,0.607,-24.703
12 25 39;0.1319,0.706,-24.655
6 25 39;0.1319,0.706,-24.655
16 25 39;0.1319,0.706,-24.655
18 25 39;0.1319,0.706,-24.655
7 12 16 39;0.1319,0.706,-24.655
3 6 31 39;0.1319,0.706,-24.655
6 9 12 18 39;0.1319,0.706,-24.655
3 6 12 18 39;0.1319,0.706,-24.655
7 9 12 18 39;0.1319,0.706,-24.655
3 7 12 18 39;0.1319,0.706,-24.655
3 7 18 31 39;0.1319,0.706,-24.655
16 27 31 36;0.2747,0.926,-24.314
3 18 36;0.4066,0.649,-24.283
9 18 35 36;0.3297,0.811,-23.840
9 21 35 36;0.3297,0.811,-23.840
3 9 11 21 36;0.3297,0.811,-23.840
1 3 9 15 42;0.1099,0.769,-23.836
3 7 9 15 42;0.1099,0.769,-23.836
27 31 36;0.2857,0.897,-23.831
15 20 37;0.1868,0.586,-23.821
20 27 36;0.3187,0.829,-23.606
18 27 36;0.3187,0.829,-23.606
21 27 36;0.3187,0.829,-23.606
7 25 39;0.1319,0.667,-23.556
6 16 39;0.1319,0.667,-23.556
6 12 19 39;0.1319,0.667,-23.556
12 16 31 39;0.1319,0.667,-23.556
1 16 31 39;0.1319,0.667,-23.556
3 7 31 39;0.1319,0.667,-23.556
1 6 12 31 39;0.1319,0.667,-23.556
6 7 12 31 39;0.1319,0.667,-23.556
16 27 36;0.3077,0.848,-23.516
1 15 21 37;0.1868,0.567,-22.985
1 6 20 37;0.1868,0.567,-22.985
1 20 21 37;0.1868,0.567,-22.985
7 20 21 37;0.1868,0.567,-22.985
11 29 41;0.0769,1.000,-22.814
20 29 41;0.0769,1.000,-22.814
1 17 42;0.1099,0.714,-22.583
3 9 15 42;0.1099,0.714,-22.583
12 19 39;0.1319,0.632,-22.558
6 19 39;0.1319,0.632,-22.558
7 16 39;0.1319,0.632,-22.558
6 12 31 39;0.1319,0.632,-22.558
1 12 16 39;0.1319,0.632,-22.558
7 12 31 39;0.1319,0.632,-22.558
9 12 31 39;0.1319,0.632,-22.558
3 12 31 39;0.1319,0.632,-22.558
1 9 12 18 39;0.1319,0.632,-22.558
1 3 12 18 39;0.1319,0.632,-22.558
1 6 9 31 39;0.1319,0.632,-22.558
1 3 6 18 39;0.1319,0.632,-22.558
6 7 9 31 39;0.1319,0.632,-22.558
3 6 7 18 39;0.1319,0.632,-22.558
1 3 18 31 39;0.1319,0.632,-22.558
10 15 21 37;0.1538,0.778,-22.510
6 10 21 37;0.1538,0.778,-22.510
7 10 21 37;0.1538,0.778,-22.510
9 35 36;0.3297,0.789,-22.415
18 21 35 36;0.3297,0.789,-22.415
18 20 21 36;0.4066,0.627,-22.281
1 6 15 37;0.1868,0.548,-22.190
6 20 21 37;0.1868,0.548,-22.190
1 7 20 37;0.1868,0.548,-22.190
1 20 23 37;0.1868,0.548,-22.190
7 21 31 37;0.1868,0.548,-22.190
1 6 21 31 37;0.1868,0.548,-22.190
9 18 23 36;0.3516,0.744,-22.148
16 36;0.3956,0.655,-22.147
9 18 21 36;0.3956,0.655,-22.147
27 36;0.3187,0.806,-22.116
3 11 31 36;0.2857,0.867,-22.003
3 23 31 36;0.3077,0.824,-21.943
19 39;0.1319,0.600,-21.641
1 25 39;0.1319,0.600,-21.641
6 9 31 39;0.1319,0.600,-21.641
3 6 18 39;0.1319,0.600,-21.641
1 3 31 39;0.1319,0.600,-21.641
3 7 18 39;0.1319,0.600,-21.641
7 9 18 31 39;0.1319,0.600,-21.641
1 3 15 42;0.1099,0.667,-21.484
1 15 37;0.1868,0.531,-21.432
7 15 21 37;0.1868,0.531,-21.432
6 21 31 37;0.1868,0.531,-21.432
10 15 37;0.1538,0.737,-21.214
6 10 37;0.1538,0.737,-21.214
7 10 37;0.1538,0.737,-21.214
10 21 37;0.1538,0.737,-21.214
9 15 30 42;0.0989,0.818,-21.100
18 35 36;0.3297,0.769,-21.085
21 35 36;0.3297,0.769,-21.085
3 9 11 36;0.3297,0.769,-21.085
25 39;0.1319,0.571,-20.794
1 16 39;0.1319,0.571,-20.794
1 12 31 39;0.1319,0.571,-20.794
7 9 31 39;0.1319,0.571,-20.794
1 6 12 18 39;0.1319,0.571,-20.794
6 7 12 18 39;0.1319,0.571,-20.794
15 21 37;0.1868,0.515,-20.708
1 20 37;0.1868,0.515,-20.708
1 6 31 37;0.1868,0.515,-20.708
6 7 31 37;0.1868,0.515,-20.708
6 7 20 37;0.1868,0.515,-20.708
1 21 31 37;0.1868,0.515,-20.708
7 18 21 37;0.1868,0.515,-20.708
1 6 18 21 37;0.1868,0.515,-20.708
1 9 15 42;0.1099,0.625,-20.503
7 9 15 42;0.1099,0.625,-20.503
18 20 36;0.4066,0.607,-20.389
9 21 23 31 36;0.2967,0.818,-20.373
3 11 21 36;0.3407,0.738,-20.335
6 11 18 21 37;0.1319,0.857,-20.265
1 11 18 21 37;0.1319,0.857,-20.265
10 37;0.1538,0.700,-20.049
6 31 37;0.1868,0.500,-20.015
6 20 37;0.1868,0.500,-20.015
7 20 37;0.1868,0.500,-20.015
6 7 15 37;0.1868,0.500,-20.015
6 18 21 37;0.1868,0.500,-20.015
1 21 23 37;0.1868,0.500,-20.015
7 18 31 37;0.1868,0.500,-20.015
12 16 39;0.1319,0.545,-20.006
6 12 18 39;0.1319,0.545,-20.006
7 12 18 39;0.1319,0.545,-20.006
1 3 18 39;0.1319,0.545,-20.006
1 6 9 12 39;0.1319,0.545,-20.006
1 3 6 12 39;0.1319,0.545,-20.006
6 7 9 12 39;0.1319,0.545,-20.006
3 6 7 12 39;0.1319,0.545,-20.006
1 6 9 18 39;0.1319,0.545,-20.006
6 7 9 18 39;0.1319,0.545,-20.006
1 9 18 31 39;0.1319,0.545,-20.006
35 36;0.3297,0.750,-19.837
9 11 21 36;0.3297,0.750,-19.837
9 15 34 42;0.0989,0.750,-19.725
17 42;0.1099,0.588,-19.616
9 15 42;0.1099,0.588,-19.616
6 15 37;0.1868,0.486,-19.350
7 15 37;0.1868,0.486,-19.350
7 31 37;0.1868,0.486,-19.350
1 18 21 37;0.1868,0.486,-19.350
6 9 12 39;0.1319,0.522,-19.268
3 6 12 39;0.1319,0.522,-19.268
7 9 12 39;0.1319,0.522,-19.268
3 7 12 39;0.1319,0.522,-19.268
9 12 18 39;0.1319,0.522,-19.268
3 12 18 39;0.1319,0.522,-19.268
6 9 18 39;0.1319,0.522,-19.268
1 9 31 39;0.1319,0.522,-19.268
7 9 18 39;0.1319,0.522,-19.268
29 41;0.0769,0.778,-19.231
17 20 30 41;0.0769,0.778,-19.231
6 17 20 41;0.0769,0.778,-19.231
15 20 30 41;0.0769,0.778,-19.231
6 11 20 30 41;0.0769,0.778,-19.231
7 11 20 30 41;0.0769,0.778,-19.231
11 20 30 32 34 41;0.0769,0.778,-19.231
3 6 15 20 34 41;0.0769,0.778,-19.231
3 7 14 15 42;0.0879,0.889,-19.184
3 7 15 42;0.1099,0.556,-18.805
6 11 18 37;0.1319,0.800,-18.717
1 11 18 37;0.1319,0.800,-18.717
7 11 18 37;0.1319,0.800,-18.717
15 37;0.1868,0.472,-18.711
1 6 18 37;0.1868,0.472,-18.711
6 7 18 37;0.1868,0.472,-18.711
1 18 31 37;0.1868,0.472,-18.711
7 21 23 37;0.1868,0.472,-18.711
12 31 39;0.1319,0.500,-18.575
1 12 18 39;0.1319,0.500,-18.575
1 15 30 42;0.0989,0.692,-18.557
9 18 36;0.3956,0.610,-18.320
6 18 37;0.1868,0.459,-18.096
1 31 37;0.1868,0.459,-18.096
7 18 37;0.1868,0.459,-18.096
1 6 23 37;0.1868,0.459,-18.096
6 21 23 37;0.1868,0.459,-18.096
3 15 42;0.1099,0.526,-18.058
17 20 41;0.0769,0.700,-18.027
11 17 30 41;0.0769,0.700,-18.027
6 11 17 41;0.0769,0.700,-18.027
11 15 30 41;0.0769,0.700,-18.027
6 11 30 41;0.0769,0.700,-18.027
7 11 30 41;0.0769,0.700,-18.027
11 20 30 34 41;0.0769,0.700,-18.027
11 30 32 34 41;0.0769,0.700,-18.027
3 15 20 34 41;0.0769,0.700,-18.027
3 6 11 15 34 41;0.0769,0.700,-18.027
3 6 7 15 20 41;0.0769,0.700,-18.027
3 6 11 15 20 41;0.0769,0.700,-18.027
19 30 42;0.0769,1.000,-18.027
15 19 42;0.0769,1.000,-18.027
6 19 23 42;0.0769,1.000,-18.027
1 9 12 39;0.1319,0.480,-17.921
1 3 12 39;0.1319,0.480,-17.921
1 9 18 39;0.1319,0.480,-17.921
3 9 21 23 36;0.3516,0.681,-17.712
9 11 36;0.3297,0.714,-17.554
6 9 30 42;0.0989,0.643,-17.539
1 9 30 42;0.0989,0.643,-17.539
7 9 30 42;0.0989,0.643,-17.539
1 3 9 23 42;0.1099,0.500,-17.365
3 7 9 23 42;0.1099,0.500,-17.365
3 11 36;0.3407,0.689,-17.055
11 18 21 36;0.3407,0.689,-17.055
3 21 31 36;0.3407,0.689,-17.055
11 17 41;0.0769,0.636,-17.015
11 30 34 41;0.0769,0.636,-17.015
3 11 15 34 41;0.0769,0.636,-17.015
3 6 11 15 41;0.0769,0.636,-17.015
3 6 15 20 41;0.0769,0.636,-17.015
3 7 15 20 41;0.0769,0.636,-17.015
3 11 15 20 41;0.0769,0.636,-17.015
3 6 11 20 34 41;0.0769,0.636,-17.015
1 18 37;0.1868,0.436,-16.930
1 23 37;0.1868,0.436,-16.930
1 6 12 39;0.1319,0.444,-16.714
6 7 12 39;0.1319,0.444,-16.714
9 23 31 36;0.2967,0.750,-16.482
6 7 23 37;0.1868,0.425,-16.377
6 12 39;0.1319,0.429,-16.155
7 12 39;0.1319,0.429,-16.155
12 18 39;0.1319,0.429,-16.155
6 20 30 41;0.0769,0.583,-16.140
7 20 30 41;0.0769,0.583,-16.140
3 11 15 41;0.0769,0.583,-16.140
3 15 20 41;0.0769,0.583,-16.140
20 30 32 34 41;0.0769,0.583,-16.140
11 20 30 32 41;0.0769,0.583,-16.140
3 6 11 34 41;0.0769,0.583,-16.140
3 6 11 20 41;0.0769,0.583,-16.140
3 7 11 20 34 41;0.0769,0.583,-16.140
1 3 23 42;0.1099,0.455,-16.112
11 18 36;0.3407,0.674,-16.067
19 23 42;0.0769,0.875,-15.979
14 15 30 42;0.0769,0.875,-15.979
6 23 37;0.1868,0.415,-15.841
15 30 42;0.0989,0.562,-15.820
1 30 42;0.0989,0.562,-15.820
3 9 21 36;0.3956,0.581,-15.737
3 21 23 36;0.3626,0.635,-15.666
9 12 39;0.1319,0.414,-15.620
3 12 39;0.1319,0.414,-15.620
20 21 31 34 37;0.1429,0.619,-15.599
21 23 31 34 37;0.1429,0.619,-15.599
1 9 23 42;0.1099,0.435,-15.541
7 9 23 42;0.1099,0.435,-15.541
20 30 34 41;0.0769,0.538,-15.367
11 30 32 41;0.0769,0.538,-15.367
3 6 11 41;0.0769,0.538,-15.367
3 7 11 34 41;0.0769,0.538,-15.367
3 7 11 20 41;0.0769,0.538,-15.367
7 23 37;0.1868,0.405,-15.322
20 21 36;0.4066,0.552,-15.265
3 21 36;0.4066,0.552,-15.265
1 12 39;0.1319,0.400,-15.110
1 3 6 9 39;0.1319,0.400,-15.110
3 6 7 9 39;0.1319,0.400,-15.110
9 23 30 32 42;0.0989,0.529,-15.078
13 17 41;0.0659,0.750,-15.060
13 15 30 41;0.0659,0.750,-15.060
3 13 15 34 41;0.0659,0.750,-15.060
9 21 23 36;0.3516,0.640,-14.887
12 16 27 34 40;0.0440,1.000,-14.799
12 20 27 34 40;0.0440,1.000,-14.799
12 18 27 34 40;0.0440,1.000,-14.799
6 12 16 27 40;0.0440,1.000,-14.799
1 12 16 27 40;0.0440,1.000,-14.799
1 12 20 27 40;0.0440,1.000,-14.799
1 12 18 27 40;0.0440,1.000,-14.799
7 12 16 27 40;0.0440,1.000,-14.799
7 12 20 27 40;0.0440,1.000,-14.799
7 12 18 27 40;0.0440,1.000,-14.799
12 16 20 34 40;0.0440,1.000,-14.799
9 12 20 34 40;0.0440,1.000,-14.799
3 12 20 34 40;0.0440,1.000,-14.799
6 12 16 20 40;0.0440,1.000,-14.799
6 12 16 23 40;0.0440,1.000,-14.799
7 12 16 20 40;0.0440,1.000,-14.799
7 9 12 20 40;0.0440,1.000,-14.799
3 7 12 20 40;0.0440,1.000,-14.799
1 6 9 12 20 40;0.0440,1.000,-14.799
1 3 6 12 20 40;0.0440,1.000,-14.799
1 12 16 20 23 40;0.0440,1.000,-14.799
1 9 12 20 23 40;0.0440,1.000,-14.799
1 3 12 20 23 40;0.0440,1.000,-14.799
6 9 12 18 23 34 40;0.0440,1.000,-14.799
3 6 12 18 23 34 40;0.0440,1.000,-14.799
1 6 9 12 18 23 40;0.0440,1.000,-14.799
1 3 6 12 18 23 40;0.0440,1.000,-14.799
6 7 9 12 18 23 40;0.0440,1.000,-14.799
3 6 7 12 18 23 40;0.0440,1.000,-14.799
18 20 31 34 37;0.1429,0.591,-14.759
11 20 30 41;0.0769,0.500,-14.673
3 7 11 41;0.0769,0.500,-14.673
3 6 9 39;0.1319,0.387,-14.620
10 17 41;0.0549,1.000,-14.611
10 30 41;0.0549,1.000,-14.611
3 10 15 41;0.0549,1.000,-14.611
3 6 10 41;0.0549,1.000,-14.611
3 7 10 41;0.0549,1.000,-14.611
3 7 23 42;0.1099,0.400,-14.492
9 30 32 42;0.0989,0.500,-14.397
1 3 6 39;0.1319,0.375,-14.150
3 7 9 39;0.1319,0.375,-14.150
11 30 41;0.0769,0.467,-14.045
17 30 34 41;0.0769,0.467,-14.045
6 17 34 41;0.0769,0.467,-14.045
15 30 34 41;0.0769,0.467,-14.045
20 23 30 32 41;0.0769,0.467,-14.045
3 6 15 34 41;0.0769,0.467,-14.045
3 6 20 34 41;0.0769,0.467,-14.045
6 11 15 20 32 34 41;0.0769,0.467,-14.045
20 31 34 37;0.1429,0.565,-13.981
18 23 31 34 37;0.1429,0.565,-13.981
6 13 30 41;0.0659,0.667,-13.972
7 13 30 41;0.0659,0.667,-13.972
3 13 15 41;0.0659,0.667,-13.972
13 30 32 34 41;0.0659,0.667,-13.972
3 6 13 23 34 41;0.0659,0.667,-13.972
3 7 13 20 34 41;0.0659,0.667,-13.972
3 7 13 23 34 41;0.0659,0.667,-13.972
1 6 21 37;0.1868,0.378,-13.856
1 7 21 37;0.1868,0.378,-13.856
6 30 42;0.0989,0.474,-13.767
7 30 42;0.0989,0.474,-13.767
9 23 30 42;0.0989,0.474,-13.767
3 6 9 23 42;0.0989,0.474,-13.767
1 6 31 39;0.1319,0.364,-13.698
1 6 9 39;0.1319,0.364,-13.698
6 7 31 39;0.1319,0.364,-13.698
6 7 9 39;0.1319,0.364,-13.698
9 30 34 42;0.0879,0.571,-13.485
17 30 41;0.0769,0.438,-13.470
17 34 41;0.0769,0.438,-13.470
6 17 41;0.0769,0.438,-13.470
15 30 41;0.0769,0.438,-13.470
20 30 32 41;0.0769,0.438,-13.470
3 15 34 41;0.0769,0.438,-13.470
3 7 20 34 41;0.0769,0.438,-13.470
3 6 7 20 41;0.0769,0.438,-13.470
6 11 15 32 34 41;0.0769,0.438,-13.470
11 15 20 32 34 41;0.0769,0.438,-13.470
3 31 36;0.3407,0.633,-13.369
9 21 36;0.3956,0.554,-13.359
12 39;0.1319,0.353,-13.263
6 31 39;0.1319,0.353,-13.263
6 9 39;0.1319,0.353,-13.263
1 3 7 39;0.1319,0.353,-13.263
1 3 9 39;0.1319,0.353,-13.263
7 18 31 39;0.1319,0.353,-13.263
23 31 34 37;0.1429,0.542,-13.256
18 20 21 34 37;0.1429,0.542,-13.256
18 21 23 34 37;0.1429,0.542,-13.256
3 9 23 36;0.3516,0.615,-13.194
12 27 34 40;0.0440,0.800,-13.189
1 12 27 40;0.0440,0.800,-13.189
7 12 27 40;0.0440,0.800,-13.189
12 16 27 40;0.0440,0.800,-13.189
6 16 27 40;0.0440,0.800,-13.189
1 16 27 40;0.0440,0.800,-13.189
7 16 27 40;0.0440,0.800,-13.189
6 12 20 27 40;0.0440,0.800,-13.189
6 12 18 27 40;0.0440,0.800,-13.189
12 16 23 34 40;0.0440,0.800,-13.189
6 9 12 20 40;0.0440,0.800,-13.189
3 6 12 20 40;0.0440,0.800,-13.189
1 12 16 23 40;0.0440,0.800,-13.189
7 12 16 23 40;0.0440,0.800,-13.189
12 16 20 23 40;0.0440,0.800,-13.189
6 20 27 34 40;0.0440,0.800,-13.189
6 18 27 34 40;0.0440,0.800,-13.189
1 20 27 34 40;0.0440,0.800,-13.189
1 18 27 34 40;0.0440,0.800,-13.189
7 20 27 34 40;0.0440,0.800,-13.189
7 18 27 34 40;0.0440,0.800,-13.189
9 12 18 23 34 40;0.0440,0.800,-13.189
3 12 18 23 34 40;0.0440,0.800,-13.189
6 9 12 18 23 40;0.0440,0.800,-13.189
3 6 12 18 23 40;0.0440,0.800,-13.189
1 9 12 18 23 40;0.0440,0.800,-13.189
1 3 12 18 23 40;0.0440,0.800,-13.189
7 9 12 18 23 40;0.0440,0.800,-13.189
3 7 12 18 23 40;0.0440,0.800,-13.189
1 3 18 23 31 38;0.0440,0.800,-13.189
3 7 18 23 31 38;0.0440,0.800,-13.189
9 30 42;0.0989,0.450,-13.182
18 21 23 36;0.3626,0.600,-13.148
13 30 34 41;0.0659,0.600,-13.066
13 30 32 41;0.0659,0.600,-13.066
3 6 13 20 41;0.0659,0.600,-13.066
3 6 13 23 41;0.0659,0.600,-13.066
3 7 13 20 41;0.0659,0.600,-13.066
3 7 13 23 41;0.0659,0.600,-13.066
18 21 36;0.4066,0.529,-12.959
1 21 37;0.1868,0.362,-12.946
7 21 37;0.1868,0.362,-12.946
17 41;0.0769,0.412,-12.939
20 23 30 41;0.0769,0.412,-12.939
3 6 20 41;0.0769,0.412,-12.939
3 7 20 41;0.0769,0.412,-12.939
11 15 32 34 41;0.0769,0.412,-12.939
3 6 7 15 41;0.0769,0.412,-12.939
6 11 20 32 34 41;0.0769,0.412,-12.939
3 11 20 32 34 41;0.0769,0.412,-12.939
7 31 39;0.1319,0.343,-12.843
7 9 39;0.1319,0.343,-12.843
3 6 7 39;0.1319,0.343,-12.843
3 10 41;0.0549,0.833,-12.838
1 15 32 42;0.1099,0.345,-12.679
6 21 37;0.1868,0.354,-12.509
21 23 31 37;0.1868,0.354,-12.509
20 30 41;0.0769,0.389,-12.446
6 30 34 41;0.0769,0.389,-12.446
7 30 34 41;0.0769,0.389,-12.446
30 32 34 41;0.0769,0.389,-12.446
3 6 15 41;0.0769,0.389,-12.446
3 7 15 41;0.0769,0.389,-12.446
6 11 32 34 41;0.0769,0.389,-12.446
3 11 32 34 41;0.0769,0.389,-12.446
6 11 15 20 34 41;0.0769,0.389,-12.446
7 11 20 32 34 41;0.0769,0.389,-12.446
3 6 39;0.1319,0.333,-12.437
1 3 39;0.1319,0.333,-12.437
1 6 18 39;0.1319,0.333,-12.437
6 7 18 39;0.1319,0.333,-12.437
1 18 31 39;0.1319,0.333,-12.437
13 30 41;0.0659,0.545,-12.288
7 11 13 32 34 41;0.0659,0.545,-12.288
20 36;0.4066,0.521,-12.222
23 30 32 42;0.0989,0.409,-12.122
6 9 23 42;0.0989,0.409,-12.122
3 9 23 32 34 42;0.0989,0.409,-12.122
6 12 27 40;0.0440,0.667,-12.091
12 20 27 40;0.0440,0.667,-12.091
12 18 27 40;0.0440,0.667,-12.091
12 16 23 40;0.0440,0.667,-12.091
6 27 34 40;0.0440,0.667,-12.091
1 27 34 40;0.0440,0.667,-12.091
7 27 34 40;0.0440,0.667,-12.091
1 20 27 40;0.0440,0.667,-12.091
1 18 27 40;0.0440,0.667,-12.091
7 20 27 40;0.0440,0.667,-12.091
7 18 27 40;0.0440,0.667,-12.091
6 16 20 40;0.0440,0.667,-12.091
6 16 23 40;0.0440,0.667,-12.091
7 16 20 40;0.0440,0.667,-12.091
1 12 16 20 40;0.0440,0.667,-12.091
1 9 12 20 40;0.0440,0.667,-12.091
1 3 12 20 40;0.0440,0.667,-12.091
9 12 20 23 40;0.0440,0.667,-12.091
3 12 20 23 40;0.0440,0.667,-12.091
1 16 20 34 40;0.0440,0.667,-12.091
1 16 20 23 40;0.0440,0.667,-12.091
1 3 23 31 38;0.0440,0.667,-12.091
3 7 23 31 38;0.0440,0.667,-12.091
3 6 18 20 34 40;0.0440,0.667,-12.091
3 6 18 23 34 40;0.0440,0.667,-12.091
1 3 18 20 34 40;0.0440,0.667,-12.091
3 7 18 20 34 40;0.0440,0.667,-12.091
1 6 37;0.1868,0.347,-12.083
18 20 23 31 37;0.1868,0.347,-12.083
1 14 15 42;0.0879,0.500,-12.076
7 14 15 42;0.0879,0.500,-12.076
6 18 39;0.1319,0.324,-12.045
1 31 39;0.1319,0.324,-12.045
1 9 39;0.1319,0.324,-12.045
7 18 39;0.1319,0.324,-12.045
3 7 39;0.1319,0.324,-12.045
30 34 41;0.0769,0.368,-11.987
6 30 41;0.0769,0.368,-11.987
7 30 41;0.0769,0.368,-11.987
3 15 41;0.0769,0.368,-11.987
6 11 15 34 41;0.0769,0.368,-11.987
11 15 20 34 41;0.0769,0.368,-11.987
7 11 32 34 41;0.0769,0.368,-11.987
3 11 20 34 41;0.0769,0.368,-11.987
6 15 20 32 34 41;0.0769,0.368,-11.987
6 11 15 20 32 41;0.0769,0.368,-11.987
18 20 34 37;0.1429,0.500,-11.942
3 7 9 32 42;0.1099,0.323,-11.884
12 14 23 30 42;0.0659,0.750,-11.721
20 23 31 37;0.1868,0.340,-11.667
18 23 31 37;0.1868,0.340,-11.667
30 32 42;0.0989,0.391,-11.638
9 23 32 34 42;0.0989,0.391,-11.638
13 15 32 34 41;0.0659,0.500,-11.605
3 6 13 32 34 41;0.0659,0.500,-11.605
3 7 13 32 34 41;0.0659,0.500,-11.605
3 13 20 32 34 41;0.0659,0.500,-11.605
3 13 23 32 34 41;0.0659,0.500,-11.605
11 15 34 41;0.0769,0.350,-11.556
3 11 34 41;0.0769,0.350,-11.556
15 20 32 34 41;0.0769,0.350,-11.556
6 11 15 32 41;0.0769,0.350,-11.556
11 15 20 32 41;0.0769,0.350,-11.556
6 11 20 34 41;0.0769,0.350,-11.556
1 15 42;0.1099,0.312,-11.509
7 15 32 42;0.1099,0.312,-11.509
3 7 9 42;0.1099,0.312,-11.509
14 15 42;0.0879,0.471,-11.464
18 23 34 37;0.1429,0.481,-11.343
1 18 39;0.1319,0.308,-11.298
1 7 37;0.1868,0.333,-11.262
23 31 37;0.1868,0.333,-11.262
20 21 31 37;0.1868,0.333,-11.262
12 27 40;0.0440,0.571,-11.243
1 27 40;0.0440,0.571,-11.243
7 27 40;0.0440,0.571,-11.243
6 20 27 40;0.0440,0.571,-11.243
6 18 27 40;0.0440,0.571,-11.243
1 16 23 40;0.0440,0.571,-11.243
7 16 23 40;0.0440,0.571,-11.243
9 12 18 23 40;0.0440,0.571,-11.243
3 12 18 23 40;0.0440,0.571,-11.243
3 7 18 20 40;0.0440,0.571,-11.243
6 9 18 20 34 40;0.0440,0.571,-11.243
6 9 18 23 34 40;0.0440,0.571,-11.243
1 9 18 20 34 40;0.0440,0.571,-11.243
1 3 18 23 34 40;0.0440,0.571,-11.243
7 9 18 20 34 40;0.0440,0.571,-11.243
3 7 18 23 34 40;0.0440,0.571,-11.243
1 3 6 18 20 40;0.0440,0.571,-11.243
1 3 6 18 23 40;0.0440,0.571,-11.243
3 6 7 18 23 40;0.0440,0.571,-11.243
1 3 18 20 23 40;0.0440,0.571,-11.243
1 11 37;0.1319,0.522,-11.242
23 30 42;0.0989,0.375,-11.181
3 6 23 42;0.0989,0.375,-11.181
3 9 23 34 42;0.0989,0.375,-11.181
3 9 36;0.3956,0.529,-11.162
11 15 32 41;0.0769,0.333,-11.151
6 11 34 41;0.0769,0.333,-11.151
3 6 23 34 41;0.0769,0.333,-11.151
7 11 20 34 41;0.0769,0.333,-11.151
3 20 32 34 41;0.0769,0.333,-11.151
6 11 20 32 41;0.0769,0.333,-11.151
15 32 42;0.1099,0.303,-11.148
1 3 7 32 42;0.1099,0.303,-11.148
1 3 9 32 42;0.1099,0.303,-11.148
3 6 13 34 41;0.0659,0.462,-10.997
3 7 13 34 41;0.0659,0.462,-10.997
3 6 13 32 41;0.0659,0.462,-10.997
3 7 13 32 41;0.0659,0.462,-10.997
6 13 20 32 34 41;0.0659,0.462,-10.997
6 13 23 32 34 41;0.0659,0.462,-10.997
7 13 20 32 34 41;0.0659,0.462,-10.997
7 13 23 32 34 41;0.0659,0.462,-10.997
9 23 36;0.3516,0.582,-10.899
18 23 36;0.3626,0.569,-10.896
3 23 36;0.3626,0.569,-10.896
6 7 37;0.1868,0.327,-10.866
18 20 31 37;0.1868,0.327,-10.866
1 3 7 42;0.1099,0.294,-10.800
1 3 9 42;0.1099,0.294,-10.800
7 9 32 42;0.1099,0.294,-10.800
23 30 32 41;0.0769,0.318,-10.768
7 11 34 41;0.0769,0.318,-10.768
6 11 32 41;0.0769,0.318,-10.768
6 15 20 34 41;0.0769,0.318,-10.768
6 11 15 20 41;0.0769,0.318,-10.768
7 11 20 32 41;0.0769,0.318,-10.768
30 42;0.0989,0.360,-10.748
9 23 34 42;0.0989,0.360,-10.748
6 27 40;0.0440,0.500,-10.550
12 20 34 40;0.0440,0.500,-10.550
1 16 20 40;0.0440,0.500,-10.550
16 27 32 34 40;0.0440,0.500,-10.550
20 27 32 34 40;0.0440,0.500,-10.550
18 27 32 34 40;0.0440,0.500,-10.550
3 6 18 20 40;0.0440,0.500,-10.550
3 6 18 23 40;0.0440,0.500,-10.550
1 3 18 23 40;0.0440,0.500,-10.550
3 7 18 23 40;0.0440,0.500,-10.550
1 3 18 23 38;0.0440,0.500,-10.550
3 7 18 23 38;0.0440,0.500,-10.550
6 12 18 23 34 40;0.0440,0.500,-10.550
1 9 18 23 34 40;0.0440,0.500,-10.550
7 9 18 23 34 40;0.0440,0.500,-10.550
1 9 18 23 31 38;0.0440,0.500,-10.550
7 9 18 23 31 38;0.0440,0.500,-10.550
9 16 21 31 34 39;0.0879,0.533,-10.508
3 9 21 31 34 39;0.0879,0.533,-10.508
6 37;0.1868,0.321,-10.479
1 37;0.1868,0.321,-10.479
20 31 37;0.1868,0.321,-10.479
7 15 42;0.1099,0.286,-10.463
7 9 42;0.1099,0.286,-10.463
1 3 32 42;0.1099,0.286,-10.463
3 6 13 41;0.0659,0.429,-10.448
3 7 13 41;0.0659,0.429,-10.448
11 13 32 34 41;0.0659,0.429,-10.448
3 13 20 34 41;0.0659,0.429,-10.448
3 13 23 34 41;0.0659,0.429,-10.448
7 11 13 32 41;0.0659,0.429,-10.448
11 21 31 36;0.2857,0.650,-10.414
30 32 41;0.0769,0.304,-10.405
15 20 34 41;0.0769,0.304,-10.405
6 11 15 41;0.0769,0.304,-10.405
11 15 20 41;0.0769,0.304,-10.405
3 20 34 41;0.0769,0.304,-10.405
7 11 32 41;0.0769,0.304,-10.405
3 7 23 34 41;0.0769,0.304,-10.405
11 20 32 34 41;0.0769,0.304,-10.405
3 6 7 23 41;0.0769,0.304,-10.405
1 9 32 34 42;0.0989,0.346,-10.337
6 16 30 40;0.0330,1.000,-10.321
6 18 30 40;0.0330,1.000,-10.321
1 16 30 40;0.0330,1.000,-10.321
1 18 30 40;0.0330,1.000,-10.321
7 16 30 40;0.0330,1.000,-10.321
7 18 30 40;0.0330,1.000,-10.321
12 16 30 34 40;0.0330,1.000,-10.321
12 18 30 34 40;0.0330,1.000,-10.321
6 12 20 30 40;0.0330,1.000,-10.321
1 12 20 30 40;0.0330,1.000,-10.321
7 12 20 30 40;0.0330,1.000,-10.321
12 20 23 30 40;0.0330,1.000,-10.321
12 18 23 30 40;0.0330,1.000,-10.321
16 30 32 34 40;0.0330,1.000,-10.321
18 30 32 34 40;0.0330,1.000,-10.321
3 6 11 31 38;0.0330,1.000,-10.321
3 6 11 18 38;0.0330,1.000,-10.321
1 3 11 18 38;0.0330,1.000,-10.321
3 7 11 18 38;0.0330,1.000,-10.321
21 31 34 37;0.1429,0.448,-10.242
15 42;0.1099,0.278,-10.138
1 3 42;0.1099,0.278,-10.138
1 9 32 42;0.1099,0.278,-10.138
1 23 32 42;0.1099,0.278,-10.138
3 7 32 42;0.1099,0.278,-10.138
18 36;0.4066,0.500,-10.101
3 36;0.4066,0.500,-10.101
7 37;0.1868,0.315,-10.101
23 30 41;0.0769,0.292,-10.060
11 15 41;0.0769,0.292,-10.060
11 32 34 41;0.0769,0.292,-10.060
6 11 20 41;0.0769,0.292,-10.060
3 6 23 41;0.0769,0.292,-10.060
6 7 15 20 32 41;0.0769,0.292,-10.060
7 12 20 40;0.0440,0.444,-9.962
12 16 20 40;0.0440,0.444,-9.962
27 32 34 40;0.0440,0.444,-9.962
12 18 23 34 40;0.0440,0.444,-9.962
1 6 12 20 40;0.0440,0.444,-9.962
1 12 20 23 40;0.0440,0.444,-9.962
1 3 18 20 40;0.0440,0.444,-9.962
1 9 23 31 38;0.0440,0.444,-9.962
7 9 23 31 38;0.0440,0.444,-9.962
6 9 12 23 34 40;0.0440,0.444,-9.962
3 6 12 23 34 40;0.0440,0.444,-9.962
1 6 12 18 23 40;0.0440,0.444,-9.962
6 7 12 18 23 40;0.0440,0.444,-9.962
13 15 34 41;0.0659,0.400,-9.949
3 13 32 34 41;0.0659,0.400,-9.949
1 9 34 42;0.0989,0.333,-9.945
16 21 31 34 39;0.0879,0.500,-9.862
9 21 31 34 39;0.0879,0.500,-9.862
3 21 31 34 39;0.0879,0.500,-9.862
1 9 42;0.1099,0.270,-9.823
3 7 42;0.1099,0.270,-9.823
6 14 19 34 42;0.0659,0.600,-9.791
9 31 36;0.3297,0.588,-9.756
30 41;0.0769,0.280,-9.731
6 11 41;0.0769,0.280,-9.731
7 11 20 41;0.0769,0.280,-9.731
3 7 23 41;0.0769,0.280,-9.731
6 15 32 34 41;0.0769,0.280,-9.731
6 15 20 32 41;0.0769,0.280,-9.731
7 15 20 32 41;0.0769,0.280,-9.731
6 20 32 34 41;0.0769,0.280,-9.731
18 21 23 37;0.1868,0.309,-9.731
11 21 36;0.3407,0.574,-9.593
3 23 32 34 42;0.0989,0.321,-9.571
6 14 19 42;0.0769,0.467,-9.521
13 15 32 41;0.0659,0.375,-9.490
6 13 20 34 41;0.0659,0.375,-9.490
6 13 23 34 41;0.0659,0.375,-9.490
6 13 32 34 41;0.0659,0.375,-9.490
7 13 20 34 41;0.0659,0.375,-9.490
7 13 23 34 41;0.0659,0.375,-9.490
7 13 32 34 41;0.0659,0.375,-9.490
13 20 32 34 41;0.0659,0.375,-9.490
13 23 32 34 41;0.0659,0.375,-9.490
6 12 20 40;0.0440,0.400,-9.451
9 12 20 40;0.0440,0.400,-9.451
3 12 20 40;0.0440,0.400,-9.451
16 27 34 40;0.0440,0.400,-9.451
20 27 34 40;0.0440,0.400,-9.451
18 27 34 40;0.0440,0.400,-9.451
9 12 23 34 40;0.0440,0.400,-9.451
3 12 23 34 40;0.0440,0.400,-9.451
6 12 18 23 40;0.0440,0.400,-9.451
1 12 18 23 40;0.0440,0.400,-9.451
7 12 18 23 40;0.0440,0.400,-9.451
7 9 18 20 40;0.0440,0.400,-9.451
1 6 9 12 23 40;0.0440,0.400,-9.451
1 3 6 12 23 40;0.0440,0.400,-9.451
6 7 9 12 23 40;0.0440,0.400,-9.451
3 6 7 12 23 40;0.0440,0.400,-9.451
3 6 9 20 34 40;0.0440,0.400,-9.451
9 16 20 32 34 40;0.0440,0.400,-9.451
1 6 9 18 20 40;0.0440,0.400,-9.451
1 6 9 18 23 40;0.0440,0.400,-9.451
6 7 9 18 23 40;0.0440,0.400,-9.451
1 9 18 20 23 40;0.0440,0.400,-9.451
3 9 18 20 32 34 40;0.0440,0.400,-9.451
7 11 41;0.0769,0.269,-9.418
15 32 34 41;0.0769,0.269,-9.418
15 20 32 41;0.0769,0.269,-9.418
7 20 32 34 41;0.0769,0.269,-9.418
9 16 31 39;0.1319,0.267,-9.303
3 9 18 31 34 39;0.0879,0.471,-9.274
18 31 34 37;0.1429,0.419,-9.252
1 23 42;0.1099,0.256,-9.221
7 23 32 42;0.1099,0.256,-9.221
3 9 32 34 42;0.0989,0.310,-9.213
9 36;0.3956,0.507,-9.125
6 7 15 20 41;0.0769,0.259,-9.118
6 13 20 32 41;0.0659,0.353,-9.066
6 13 23 32 41;0.0659,0.353,-9.066
7 13 20 32 41;0.0659,0.353,-9.066
7 13 23 32 41;0.0659,0.353,-9.066
14 19 34 42;0.0659,0.545,-9.045
18 20 23 37;0.1868,0.298,-9.015
7 14 23 42;0.0879,0.364,-9.010
16 31 39;0.1319,0.261,-9.001
27 34 40;0.0440,0.364,-8.999
1 12 20 40;0.0440,0.364,-8.999
12 20 23 40;0.0440,0.364,-8.999
6 9 12 23 40;0.0440,0.364,-8.999
3 6 12 23 40;0.0440,0.364,-8.999
1 9 12 23 40;0.0440,0.364,-8.999
1 3 12 23 40;0.0440,0.364,-8.999
7 9 12 23 40;0.0440,0.364,-8.999
3 7 12 23 40;0.0440,0.364,-8.999
6 9 20 34 40;0.0440,0.364,-8.999
16 20 32 34 40;0.0440,0.364,-8.999
6 9 18 20 40;0.0440,0.364,-8.999
6 9 18 23 40;0.0440,0.364,-8.999
1 9 18 23 40;0.0440,0.364,-8.999
7 9 18 23 40;0.0440,0.364,-8.999
1 9 18 23 38;0.0440,0.364,-8.999
7 9 18 23 38;0.0440,0.364,-8.999
6 12 16 32 34 40;0.0440,0.364,-8.999
1 3 9 20 34 40;0.0440,0.364,-8.999
3 7 9 20 34 40;0.0440,0.364,-8.999
9 16 23 32 34 40;0.0440,0.364,-8.999
9 18 20 32 34 40;0.0440,0.364,-8.999
3 18 20 32 34 40;0.0440,0.364,-8.999
1 3 6 9 20 40;0.0440,0.364,-8.999
3 6 7 9 20 40;0.0440,0.364,-8.999
6 9 12 18 32 34 40;0.0440,0.364,-8.999
3 6 12 18 32 34 40;0.0440,0.364,-8.999
3 9 18 23 32 34 40;0.0440,0.364,-8.999
14 19 42;0.0769,0.438,-8.980
3 14 23 34 42;0.0769,0.438,-8.980
12 16 30 40;0.0330,0.750,-8.944
12 20 30 40;0.0330,0.750,-8.944
12 18 30 40;0.0330,0.750,-8.944
16 30 34 40;0.0330,0.750,-8.944
18 30 34 40;0.0330,0.750,-8.944
1 16 23 31 38;0.0330,0.750,-8.944
1 3 11 31 38;0.0330,0.750,-8.944
7 16 23 31 38;0.0330,0.750,-8.944
3 7 11 31 38;0.0330,0.750,-8.944
1 3 6 20 31 38;0.0330,0.750,-8.944
3 6 7 20 31 38;0.0330,0.750,-8.944
3 7 18 20 31 38;0.0330,0.750,-8.944
11 31 36;0.2857,0.619,-8.903
9 32 34 42;0.0989,0.300,-8.871
3 23 34 42;0.0989,0.300,-8.871
3 6 9 32 42;0.0989,0.300,-8.871
6 15 34 41;0.0769,0.250,-8.830
6 15 20 41;0.0769,0.250,-8.830
7 15 20 41;0.0769,0.250,-8.830
6 20 34 41;0.0769,0.250,-8.830
11 20 34 41;0.0769,0.250,-8.830
3 6 32 34 41;0.0769,0.250,-8.830
3 23 32 34 41;0.0769,0.250,-8.830
31 34 37;0.1429,0.406,-8.793
20 21 34 37;0.1429,0.406,-8.793
18 21 34 37;0.1429,0.406,-8.793
9 16 21 34 39;0.0879,0.444,-8.735
9 18 31 34 39;0.0879,0.444,-8.735
3 9 31 34 39;0.0879,0.444,-8.735
3 18 31 34 39;0.0879,0.444,-8.735
3 9 18 21 34 39;0.0879,0.444,-8.735
3 9 18 31 39;0.1319,0.255,-8.706
3 13 34 41;0.0659,0.333,-8.672
3 11 13 32 41;0.0659,0.333,-8.672
18 23 37;0.1868,0.293,-8.669
12 18 23 40;0.0440,0.333,-8.594
6 12 16 34 40;0.0440,0.333,-8.594
12 16 32 34 40;0.0440,0.333,-8.594
1 9 20 34 40;0.0440,0.333,-8.594
7 9 20 34 40;0.0440,0.333,-8.594
9 16 20 34 40;0.0440,0.333,-8.594
16 23 32 34 40;0.0440,0.333,-8.594
3 6 9 20 40;0.0440,0.333,-8.594
1 9 18 20 40;0.0440,0.333,-8.594
3 7 9 20 40;0.0440,0.333,-8.594
6 9 12 18 34 40;0.0440,0.333,-8.594
3 6 12 18 34 40;0.0440,0.333,-8.594
9 12 18 32 34 40;0.0440,0.333,-8.594
3 12 18 32 34 40;0.0440,0.333,-8.594
1 3 6 20 34 40;0.0440,0.333,-8.594
3 9 18 20 34 40;0.0440,0.333,-8.594
9 18 23 32 34 40;0.0440,0.333,-8.594
3 18 23 32 34 40;0.0440,0.333,-8.594
1 3 9 20 23 40;0.0440,0.333,-8.594
15 34 41;0.0769,0.241,-8.554
15 20 41;0.0769,0.241,-8.554
11 34 41;0.0769,0.241,-8.554
3 6 34 41;0.0769,0.241,-8.554
7 20 34 41;0.0769,0.241,-8.554
3 6 9 42;0.0989,0.290,-8.542
3 9 31 39;0.1319,0.250,-8.418
3 18 31 39;0.1319,0.250,-8.418
9 12 14 23 42;0.0659,0.500,-8.395
3 12 14 23 42;0.0659,0.500,-8.395
7 23 42;0.1099,0.238,-8.382
18 20 21 37;0.1868,0.288,-8.329
13 15 41;0.0659,0.316,-8.304
13 32 34 41;0.0659,0.316,-8.304
3 13 20 32 41;0.0659,0.316,-8.304
3 13 23 32 41;0.0659,0.316,-8.304
3 23 34 41;0.0769,0.233,-8.288
3 7 32 34 41;0.0769,0.233,-8.288
6 7 20 32 41;0.0769,0.233,-8.288
16 21 34 39;0.0879,0.421,-8.237
9 31 34 39;0.0879,0.421,-8.237
3 31 34 39;0.0879,0.421,-8.237
9 18 21 34 39;0.0879,0.421,-8.237
3 18 21 34 39;0.0879,0.421,-8.237
21 23 31 36;0.3077,0.583,-8.227
12 16 34 40;0.0440,0.308,-8.226
9 12 23 40;0.0440,0.308,-8.226
3 12 23 40;0.0440,0.308,-8.226
16 20 34 40;0.0440,0.308,-8.226
6 12 23 34 40;0.0440,0.308,-8.226
9 12 18 34 40;0.0440,0.308,-8.226
3 12 18 34 40;0.0440,0.308,-8.226
6 16 32 34 40;0.0440,0.308,-8.226
1 3 20 34 40;0.0440,0.308,-8.226
9 16 23 34 40;0.0440,0.308,-8.226
9 18 20 34 40;0.0440,0.308,-8.226
3 18 20 34 40;0.0440,0.308,-8.226
1 3 6 20 40;0.0440,0.308,-8.226
3 6 18 32 34 40;0.0440,0.308,-8.226
3 9 18 23 34 40;0.0440,0.308,-8.226
3 9 34 42;0.0989,0.281,-8.226
2 7 41;0.0330,1.000,-8.152
2 10 15 41;0.0330,1.000,-8.152
2 6 10 41;0.0330,1.000,-8.152
2 6 13 41;0.0330,1.000,-8.152
2 6 34 41;0.0330,1.000,-8.152
1 6 39;0.1319,0.245,-8.137
3 31 39;0.1319,0.245,-8.137
10 11 32 41;0.0549,0.417,-8.077
16 27 30 32 40;0.0330,0.600,-8.036
20 27 30 32 40;0.0330,0.600,-8.036
18 27 30 32 40;0.0330,0.600,-8.036
3 6 20 31 38;0.0330,0.600,-8.036
3 6 23 31 38;0.0330,0.600,-8.036
3 7 20 31 38;0.0330,0.600,-8.036
3 7 34 41;0.0769,0.226,-8.032
20 32 34 41;0.0769,0.226,-8.032
6 20 32 41;0.0769,0.226,-8.032
7 20 32 41;0.0769,0.226,-8.032
6 7 15 32 41;0.0769,0.226,-8.032
6 23 32 34 41;0.0769,0.226,-8.032
6 19 32 42;0.0769,0.389,-8.027
6 13 34 41;0.0659,0.300,-7.959
7 13 34 41;0.0659,0.300,-7.959
6 13 20 41;0.0659,0.300,-7.959
6 13 23 41;0.0659,0.300,-7.959
6 13 32 41;0.0659,0.300,-7.959
7 13 20 41;0.0659,0.300,-7.959
7 13 23 41;0.0659,0.300,-7.959
7 13 32 41;0.0659,0.300,-7.959
9 34 42;0.0989,0.273,-7.923
6 9 32 42;0.0989,0.273,-7.923
6 23 25 42;0.0440,0.800,-7.899
12 23 34 40;0.0440,0.286,-7.890
6 16 34 40;0.0440,0.286,-7.890
16 23 34 40;0.0440,0.286,-7.890
3 6 18 34 40;0.0440,0.286,-7.890
1 16 32 34 40;0.0440,0.286,-7.890
7 16 32 34 40;0.0440,0.286,-7.890
9 18 23 34 40;0.0440,0.286,-7.890
3 18 23 34 40;0.0440,0.286,-7.890
1 6 9 20 40;0.0440,0.286,-7.890
6 7 9 20 40;0.0440,0.286,-7.890
1 3 7 20 40;0.0440,0.286,-7.890
1 3 9 20 40;0.0440,0.286,-7.890
1 3 20 23 40;0.0440,0.286,-7.890
6 9 18 32 34 40;0.0440,0.286,-7.890
1 3 18 32 34 40;0.0440,0.286,-7.890
3 7 18 32 34 40;0.0440,0.286,-7.890
9 18 31 39;0.1319,0.240,-7.863
3 9 23 32 42;0.1099,0.227,-7.859
9 12 23 42;0.0659,0.462,-7.820
3 12 23 42;0.0659,0.462,-7.820
6 12 14 23 42;0.0659,0.462,-7.820
6 15 32 41;0.0769,0.219,-7.785
7 15 32 41;0.0769,0.219,-7.785
11 36;0.3407,0.544,-7.684
18 20 37;0.1868,0.279,-7.669
13 20 34 41;0.0659,0.286,-7.634
13 23 34 41;0.0659,0.286,-7.634
6 9 42;0.0989,0.265,-7.630
6 19 42;0.0769,0.368,-7.604
19 32 42;0.0769,0.368,-7.604
1 7 39;0.1319,0.235,-7.595
9 31 39;0.1319,0.235,-7.595
12 20 40;0.0440,0.267,-7.580
1 16 34 40;0.0440,0.267,-7.580
7 16 34 40;0.0440,0.267,-7.580
6 9 20 40;0.0440,0.267,-7.580
7 9 20 40;0.0440,0.267,-7.580
1 6 12 23 40;0.0440,0.267,-7.580
6 7 12 23 40;0.0440,0.267,-7.580
6 12 16 32 40;0.0440,0.267,-7.580
3 6 20 34 40;0.0440,0.267,-7.580
6 9 18 34 40;0.0440,0.267,-7.580
1 3 18 34 40;0.0440,0.267,-7.580
3 7 18 34 40;0.0440,0.267,-7.580
1 9 20 23 40;0.0440,0.267,-7.580
6 12 18 32 34 40;0.0440,0.267,-7.580
1 9 18 32 34 40;0.0440,0.267,-7.580
7 9 18 32 34 40;0.0440,0.267,-7.580
3 9 20 32 34 40;0.0440,0.267,-7.580
1 6 9 12 18 32 40;0.0440,0.267,-7.580
1 3 6 12 18 32 40;0.0440,0.267,-7.580
6 7 9 12 18 32 40;0.0440,0.267,-7.580
3 6 7 12 18 32 40;0.0440,0.267,-7.580
15 32 41;0.0769,0.212,-7.547
6 7 20 41;0.0769,0.212,-7.547
7 23 32 34 41;0.0769,0.212,-7.547
18 34 37;0.1429,0.371,-7.538
16 27 30 40;0.0330,0.500,-7.351
20 27 30 40;0.0330,0.500,-7.351
18 27 30 40;0.0330,0.500,-7.351
27 30 32 40;0.0330,0.500,-7.351
16 23 30 32 40;0.0330,0.500,-7.351
18 23 30 32 40;0.0330,0.500,-7.351
1 14 16 23 38;0.0330,0.500,-7.351
7 14 16 23 38;0.0330,0.500,-7.351
6 9 11 31 38;0.0330,0.500,-7.351
6 9 11 18 38;0.0330,0.500,-7.351
1 9 11 18 38;0.0330,0.500,-7.351
7 9 11 18 38;0.0330,0.500,-7.351
3 6 7 14 20 40;0.0330,0.500,-7.351
14 16 23 31 34 38;0.0330,0.500,-7.351
1 3 18 20 31 38;0.0330,0.500,-7.351
3 14 18 23 31 34 38;0.0330,0.500,-7.351
21 31 37;0.1868,0.274,-7.348
3 32 34 42;0.0989,0.257,-7.348
3 6 32 42;0.0989,0.257,-7.348
9 16 34 39;0.0879,0.381,-7.346
3 9 18 34 39;0.0879,0.381,-7.346
6 7 39;0.1319,0.231,-7.332
3 13 32 41;0.0659,0.273,-7.328
6 20 41;0.0769,0.206,-7.316
7 20 41;0.0769,0.206,-7.316
6 7 15 41;0.0769,0.206,-7.316
6 23 34 41;0.0769,0.206,-7.316
3 6 7 32 41;0.0769,0.206,-7.316
6 12 16 40;0.0440,0.250,-7.292
6 12 23 40;0.0440,0.250,-7.292
1 12 23 40;0.0440,0.250,-7.292
7 12 23 40;0.0440,0.250,-7.292
1 3 20 40;0.0440,0.250,-7.292
6 12 18 34 40;0.0440,0.250,-7.292
12 18 32 34 40;0.0440,0.250,-7.292
7 12 16 32 40;0.0440,0.250,-7.292
1 9 18 34 40;0.0440,0.250,-7.292
3 7 20 34 40;0.0440,0.250,-7.292
7 9 18 34 40;0.0440,0.250,-7.292
9 20 32 34 40;0.0440,0.250,-7.292
3 6 7 20 40;0.0440,0.250,-7.292
6 9 12 32 34 40;0.0440,0.250,-7.292
3 6 12 32 34 40;0.0440,0.250,-7.292
1 6 9 12 18 40;0.0440,0.250,-7.292
1 3 6 12 18 40;0.0440,0.250,-7.292
6 7 9 12 18 40;0.0440,0.250,-7.292
3 6 7 12 18 40;0.0440,0.250,-7.292
6 9 12 18 32 40;0.0440,0.250,-7.292
3 6 12 18 32 40;0.0440,0.250,-7.292
7 9 12 18 32 40;0.0440,0.250,-7.292
3 7 12 18 32 40;0.0440,0.250,-7.292
6 18 20 32 34 40;0.0440,0.250,-7.292
3 6 9 23 34 40;0.0440,0.250,-7.292
6 18 23 32 34 40;0.0440,0.250,-7.292
1 18 20 32 34 40;0.0440,0.250,-7.292
7 18 20 32 34 40;0.0440,0.250,-7.292
3 7 18 31 32 38;0.0440,0.250,-7.292
19 42;0.0769,0.350,-7.209
3 14 34 42;0.0769,0.350,-7.209
6 10 32 34 41;0.0549,0.357,-7.192
7 10 32 34 41;0.0549,0.357,-7.192
20 34 37;0.1429,0.361,-7.156
1 7 32 42;0.1099,0.213,-7.124
9 23 32 42;0.1099,0.213,-7.124
1 3 11 20 21 41;0.0440,0.500,-7.108
6 15 41;0.0769,0.200,-7.093
7 15 41;0.0769,0.200,-7.093
3 32 34 41;0.0769,0.200,-7.093
3 6 7 41;0.0769,0.200,-7.093
3 6 32 41;0.0769,0.200,-7.093
3 6 42;0.0989,0.250,-7.076
6 39;0.1319,0.226,-7.075
1 39;0.1319,0.226,-7.075
11 13 32 41;0.0659,0.261,-7.037
20 21 23 37;0.1868,0.270,-7.034
12 18 34 40;0.0440,0.235,-7.024
7 12 16 40;0.0440,0.235,-7.024
6 16 32 40;0.0440,0.235,-7.024
3 6 20 40;0.0440,0.235,-7.024
1 9 20 40;0.0440,0.235,-7.024
3 7 20 40;0.0440,0.235,-7.024
6 9 12 34 40;0.0440,0.235,-7.024
3 6 12 34 40;0.0440,0.235,-7.024
9 12 32 34 40;0.0440,0.235,-7.024
3 12 32 34 40;0.0440,0.235,-7.024
6 9 12 18 40;0.0440,0.235,-7.024
3 6 12 18 40;0.0440,0.235,-7.024
7 9 12 18 40;0.0440,0.235,-7.024
3 7 12 18 40;0.0440,0.235,-7.024
6 9 23 34 40;0.0440,0.235,-7.024
3 9 20 34 40;0.0440,0.235,-7.024
3 7 18 31 38;0.0440,0.235,-7.024
3 7 31 32 38;0.0440,0.235,-7.024
1 18 23 32 34 40;0.0440,0.235,-7.024
7 18 23 32 34 40;0.0440,0.235,-7.024
16 34 39;0.0879,0.364,-6.945
9 18 34 39;0.0879,0.364,-6.945
3 18 34 39;0.0879,0.364,-6.945
28 42;0.0330,1.000,-6.920
11 21 25 42;0.0330,1.000,-6.920
21 23 25 42;0.0330,1.000,-6.920
15 41;0.0769,0.194,-6.877
20 34 41;0.0769,0.194,-6.877
3 6 41;0.0769,0.194,-6.877
7 23 34 41;0.0769,0.194,-6.877
3 7 32 41;0.0769,0.194,-6.877
3 11 20 32 41;0.0769,0.194,-6.877
23 25 42;0.0440,0.667,-6.857
6 14 23 42;0.0769,0.333,-6.840
12 14 23 42;0.0659,0.400,-6.838
7 39;0.1319,0.222,-6.824
9 16 39;0.1319,0.222,-6.824
1 32 34 42;0.0989,0.243,-6.813
10 11 41;0.0549,0.333,-6.808
10 32 34 41;0.0549,0.333,-6.808
27 30 40;0.0330,0.429,-6.801
16 30 32 40;0.0330,0.429,-6.801
18 30 32 40;0.0330,0.429,-6.801
1 16 23 38;0.0330,0.429,-6.801
7 16 23 38;0.0330,0.429,-6.801
1 9 11 31 38;0.0330,0.429,-6.801
1 3 20 31 38;0.0330,0.429,-6.801
7 9 11 31 38;0.0330,0.429,-6.801
3 7 18 20 38;0.0330,0.429,-6.801
3 14 23 31 34 38;0.0330,0.429,-6.801
1 6 9 20 31 38;0.0330,0.429,-6.801
1 3 6 18 20 38;0.0330,0.429,-6.801
6 7 9 20 31 38;0.0330,0.429,-6.801
3 6 9 11 20 38;0.0330,0.429,-6.801
7 9 18 20 31 38;0.0330,0.429,-6.801
9 14 18 23 31 34 38;0.0330,0.429,-6.801
2 10 41;0.0330,0.750,-6.801
2 6 41;0.0330,0.750,-6.801
21 23 34 37;0.1429,0.351,-6.790
12 23 40;0.0440,0.222,-6.772
6 16 40;0.0440,0.222,-6.772
9 12 34 40;0.0440,0.222,-6.772
3 12 34 40;0.0440,0.222,-6.772
9 20 34 40;0.0440,0.222,-6.772
7 16 32 40;0.0440,0.222,-6.772
3 7 31 38;0.0440,0.222,-6.772
1 12 16 32 40;0.0440,0.222,-6.772
9 16 32 34 40;0.0440,0.222,-6.772
1 9 12 18 32 40;0.0440,0.222,-6.772
1 3 12 18 32 40;0.0440,0.222,-6.772
1 3 6 23 34 40;0.0440,0.222,-6.772
1 3 9 23 34 40;0.0440,0.222,-6.772
3 7 9 23 34 40;0.0440,0.222,-6.772
3 9 18 32 34 40;0.0440,0.222,-6.772
1 3 6 9 23 40;0.0440,0.222,-6.772
1 3 6 18 32 40;0.0440,0.222,-6.772
3 6 7 9 23 40;0.0440,0.222,-6.772
3 6 7 18 32 40;0.0440,0.222,-6.772
1 3 18 31 32 38;0.0440,0.222,-6.772
6 13 41;0.0659,0.250,-6.762
7 13 41;0.0659,0.250,-6.762
3 11 13 41;0.0659,0.250,-6.762
3 7 41;0.0769,0.189,-6.667
3 11 32 41;0.0769,0.189,-6.667
6 7 23 32 41;0.0769,0.189,-6.667
1 32 42;0.1099,0.204,-6.662
16 39;0.1319,0.218,-6.578
3 34 42;0.0989,0.237,-6.559
23 32 34 42;0.0989,0.237,-6.559
6 23 32 42;0.0989,0.237,-6.559
1 3 11 21 41;0.0440,0.444,-6.549
7 16 40;0.0440,0.211,-6.536
1 12 16 40;0.0440,0.211,-6.536
16 32 34 40;0.0440,0.211,-6.536
1 9 12 18 40;0.0440,0.211,-6.536
1 3 12 18 40;0.0440,0.211,-6.536
6 18 20 34 40;0.0440,0.211,-6.536
6 18 23 34 40;0.0440,0.211,-6.536
1 18 20 34 40;0.0440,0.211,-6.536
1 9 23 34 40;0.0440,0.211,-6.536
7 18 20 34 40;0.0440,0.211,-6.536
7 9 23 34 40;0.0440,0.211,-6.536
9 18 32 34 40;0.0440,0.211,-6.536
3 18 32 34 40;0.0440,0.211,-6.536
1 3 6 18 40;0.0440,0.211,-6.536
3 6 7 18 40;0.0440,0.211,-6.536
3 6 9 23 40;0.0440,0.211,-6.536
3 6 18 32 40;0.0440,0.211,-6.536
3 7 18 32 40;0.0440,0.211,-6.536
1 3 18 31 38;0.0440,0.211,-6.536
1 3 31 32 38;0.0440,0.211,-6.536
3 7 18 32 38;0.0440,0.211,-6.536
1 18 23 31 32 38;0.0440,0.211,-6.536
7 9 18 31 32 38;0.0440,0.211,-6.536
7 18 23 31 32 38;0.0440,0.211,-6.536
16 23 25 38;0.0220,1.000,-6.526
23 25 31 38;0.0220,1.000,-6.526
18 23 25 38;0.0220,1.000,-6.526
6 11 27 38;0.0220,1.000,-6.526
1 11 27 38;0.0220,1.000,-6.526
7 11 27 38;0.0220,1.000,-6.526
6 11 16 38;0.0220,1.000,-6.526
1 11 16 38;0.0220,1.000,-6.526
7 11 16 38;0.0220,1.000,-6.526
16 22 25 34 38;0.0220,1.000,-6.526
22 25 31 34 38;0.0220,1.000,-6.526
18 22 25 34 38;0.0220,1.000,-6.526
16 22 31 34 38;0.0220,1.000,-6.526
18 22 31 34 38;0.0220,1.000,-6.526
16 22 23 31 38;0.0220,1.000,-6.526
18 22 23 31 38;0.0220,1.000,-6.526
13 34 41;0.0659,0.240,-6.500
3 13 20 41;0.0659,0.240,-6.500
3 13 23 41;0.0659,0.240,-6.500
14 23 34 42;0.0769,0.318,-6.494
3 34 41;0.0769,0.184,-6.464
6 32 34 41;0.0769,0.184,-6.464
23 32 34 41;0.0769,0.184,-6.464
6 23 32 41;0.0769,0.184,-6.464
6 10 32 41;0.0549,0.312,-6.455
7 10 32 41;0.0549,0.312,-6.455
7 32 42;0.1099,0.200,-6.439
3 23 32 42;0.1099,0.200,-6.439
23 31 36;0.3077,0.549,-6.435
18 31 37;0.1868,0.262,-6.422
6 12 23 42;0.0659,0.375,-6.413
12 30 34 40;0.0330,0.375,-6.339
16 23 30 40;0.0330,0.375,-6.339
18 23 30 40;0.0330,0.375,-6.339
14 16 23 34 38;0.0330,0.375,-6.339
3 6 9 11 38;0.0330,0.375,-6.339
6 9 20 31 38;0.0330,0.375,-6.339
6 9 23 31 38;0.0330,0.375,-6.339
3 6 18 20 38;0.0330,0.375,-6.339
3 6 18 23 38;0.0330,0.375,-6.339
7 9 20 31 38;0.0330,0.375,-6.339
1 14 16 31 34 38;0.0330,0.375,-6.339
7 14 16 31 34 38;0.0330,0.375,-6.339
9 14 23 31 34 38;0.0330,0.375,-6.339
3 14 18 23 34 38;0.0330,0.375,-6.339
1 3 9 11 20 38;0.0330,0.375,-6.339
3 7 9 11 20 38;0.0330,0.375,-6.339
9 16 23 31 32 34 38;0.0330,0.375,-6.339
3 9 18 23 31 32 34 38;0.0330,0.375,-6.339
3 9 18 39;0.1319,0.214,-6.337
7 14 42;0.0879,0.267,-6.316
3 6 18 40;0.0440,0.200,-6.313
1 16 32 40;0.0440,0.200,-6.313
3 7 18 40;0.0440,0.200,-6.313
1 3 31 38;0.0440,0.200,-6.313
3 7 18 38;0.0440,0.200,-6.313
6 12 32 34 40;0.0440,0.200,-6.313
1 18 23 34 40;0.0440,0.200,-6.313
1 3 23 34 40;0.0440,0.200,-6.313
7 18 23 34 40;0.0440,0.200,-6.313
1 3 6 23 40;0.0440,0.200,-6.313
1 3 9 23 40;0.0440,0.200,-6.313
3 7 9 23 40;0.0440,0.200,-6.313
1 23 31 32 38;0.0440,0.200,-6.313
1 3 9 23 38;0.0440,0.200,-6.313
7 9 18 31 38;0.0440,0.200,-6.313
7 9 31 32 38;0.0440,0.200,-6.313
7 23 31 32 38;0.0440,0.200,-6.313
3 7 9 23 38;0.0440,0.200,-6.313
1 6 12 18 32 40;0.0440,0.200,-6.313
6 7 12 18 32 40;0.0440,0.200,-6.313
7 23 32 41;0.0769,0.179,-6.266
13 20 32 41;0.0659,0.231,-6.250
13 23 32 41;0.0659,0.231,-6.250
1 7 42;0.1099,0.196,-6.221
10 32 41;0.0549,0.294,-6.128
6 10 34 41;0.0549,0.294,-6.128
7 10 34 41;0.0549,0.294,-6.128
31 37;0.1868,0.258,-6.124
1 16 40;0.0440,0.190,-6.102
6 12 34 40;0.0440,0.190,-6.102
12 32 34 40;0.0440,0.190,-6.102
12 16 32 40;0.0440,0.190,-6.102
9 16 34 40;0.0440,0.190,-6.102
7 9 31 38;0.0440,0.190,-6.102
1 6 12 18 40;0.0440,0.190,-6.102
6 7 12 18 40;0.0440,0.190,-6.102
6 12 18 32 40;0.0440,0.190,-6.102
7 12 18 32 40;0.0440,0.190,-6.102
3 6 23 34 40;0.0440,0.190,-6.102
18 20 32 34 40;0.0440,0.190,-6.102
3 20 32 34 40;0.0440,0.190,-6.102
3 9 18 34 40;0.0440,0.190,-6.102
1 6 9 23 40;0.0440,0.190,-6.102
6 7 9 23 40;0.0440,0.190,-6.102
1 3 18 32 40;0.0440,0.190,-6.102
7 18 20 32 40;0.0440,0.190,-6.102
1 3 18 32 38;0.0440,0.190,-6.102
1 6 9 12 32 40;0.0440,0.190,-6.102
1 3 6 12 32 40;0.0440,0.190,-6.102
6 7 9 12 32 40;0.0440,0.190,-6.102
3 6 7 12 32 40;0.0440,0.190,-6.102
1 6 18 20 32 40;0.0440,0.190,-6.102
1 6 9 18 32 40;0.0440,0.190,-6.102
1 6 18 23 32 40;0.0440,0.190,-6.102
6 7 9 18 32 40;0.0440,0.190,-6.102
6 7 18 23 32 40;0.0440,0.190,-6.102
1 18 20 23 32 40;0.0440,0.190,-6.102
1 9 18 31 32 38;0.0440,0.190,-6.102
3 18 39;0.1319,0.211,-6.100
7 32 34 41;0.0769,0.175,-6.073
6 7 23 41;0.0769,0.175,-6.073
1 3 11 20 41;0.0440,0.400,-6.068
3 9 23 42;0.1099,0.192,-6.007
16 30 40;0.0330,0.333,-5.943
18 30 40;0.0330,0.333,-5.943
6 12 30 40;0.0330,0.333,-5.943
1 12 30 40;0.0330,0.333,-5.943
7 12 30 40;0.0330,0.333,-5.943
1 20 30 40;0.0330,0.333,-5.943
3 14 20 34 40;0.0330,0.333,-5.943
1 3 9 11 38;0.0330,0.333,-5.943
1 3 18 20 38;0.0330,0.333,-5.943
3 7 9 11 38;0.0330,0.333,-5.943
9 14 18 23 34 38;0.0330,0.333,-5.943
9 16 23 31 34 38;0.0330,0.333,-5.943
16 23 31 32 34 38;0.0330,0.333,-5.943
1 3 6 11 20 38;0.0330,0.333,-5.943
1 9 18 20 31 38;0.0330,0.333,-5.943
1 9 14 18 31 34 38;0.0330,0.333,-5.943
3 9 18 23 31 34 38;0.0330,0.333,-5.943
9 18 23 31 32 34 38;0.0330,0.333,-5.943
3 9 23 31 32 34 38;0.0330,0.333,-5.943
3 18 23 31 32 34 38;0.0330,0.333,-5.943
12 34 40;0.0440,0.182,-5.901
12 16 40;0.0440,0.182,-5.901
16 34 40;0.0440,0.182,-5.901
6 12 18 40;0.0440,0.182,-5.901
7 12 18 40;0.0440,0.182,-5.901
9 18 34 40;0.0440,0.182,-5.901
3 18 34 40;0.0440,0.182,-5.901
6 9 23 40;0.0440,0.182,-5.901
1 3 18 40;0.0440,0.182,-5.901
1 3 23 40;0.0440,0.182,-5.901
1 3 18 38;0.0440,0.182,-5.901
1 3 23 38;0.0440,0.182,-5.901
1 6 9 12 40;0.0440,0.182,-5.901
1 3 6 12 40;0.0440,0.182,-5.901
6 7 9 12 40;0.0440,0.182,-5.901
3 6 7 12 40;0.0440,0.182,-5.901
6 9 12 32 40;0.0440,0.182,-5.901
3 6 12 32 40;0.0440,0.182,-5.901
7 9 12 32 40;0.0440,0.182,-5.901
3 7 12 32 40;0.0440,0.182,-5.901
9 12 18 32 40;0.0440,0.182,-5.901
3 12 18 32 40;0.0440,0.182,-5.901
18 23 32 34 40;0.0440,0.182,-5.901
1 6 9 18 40;0.0440,0.182,-5.901
6 7 9 18 40;0.0440,0.182,-5.901
6 18 20 32 40;0.0440,0.182,-5.901
6 9 18 32 40;0.0440,0.182,-5.901
6 18 23 32 40;0.0440,0.182,-5.901
1 18 23 32 40;0.0440,0.182,-5.901
7 9 18 32 40;0.0440,0.182,-5.901
7 18 23 32 40;0.0440,0.182,-5.901
1 9 18 31 38;0.0440,0.182,-5.901
1 9 31 32 38;0.0440,0.182,-5.901
1 18 23 31 38;0.0440,0.182,-5.901
1 18 23 32 38;0.0440,0.182,-5.901
7 18 23 31 38;0.0440,0.182,-5.901
7 9 18 32 38;0.0440,0.182,-5.901
7 18 23 32 38;0.0440,0.182,-5.901
1 6 20 32 34 40;0.0440,0.182,-5.901
3 9 23 32 34 40;0.0440,0.182,-5.901
6 23 41;0.0769,0.171,-5.886
1 14 34 42;0.0769,0.292,-5.862
1 34 42;0.0989,0.220,-5.843
6 23 42;0.0989,0.220,-5.843
20 23 37;0.1868,0.254,-5.831
20 21 37;0.1868,0.254,-5.831
10 34 41;0.0549,0.278,-5.825
1 42;0.1099,0.189,-5.798
6 9 12 40;0.0440,0.174,-5.710
3 6 12 40;0.0440,0.174,-5.710
7 9 12 40;0.0440,0.174,-5.710
3 7 12 40;0.0440,0.174,-5.710
9 12 18 40;0.0440,0.174,-5.710
3 12 18 40;0.0440,0.174,-5.710
3 20 34 40;0.0440,0.174,-5.710
6 9 18 40;0.0440,0.174,-5.710
1 9 23 40;0.0440,0.174,-5.710
7 9 18 40;0.0440,0.174,-5.710
7 9 23 40;0.0440,0.174,-5.710
1 9 31 38;0.0440,0.174,-5.710
1 23 31 38;0.0440,0.174,-5.710
1 9 23 38;0.0440,0.174,-5.710
7 23 31 38;0.0440,0.174,-5.710
7 9 18 38;0.0440,0.174,-5.710
7 9 23 38;0.0440,0.174,-5.710
1 12 18 32 40;0.0440,0.174,-5.710
6 18 32 34 40;0.0440,0.174,-5.710
1 20 32 34 40;0.0440,0.174,-5.710
3 7 23 34 40;0.0440,0.174,-5.710
9 23 32 34 40;0.0440,0.174,-5.710
3 6 7 23 40;0.0440,0.174,-5.710
1 18 20 32 40;0.0440,0.174,-5.710
3 6 9 32 34 40;0.0440,0.174,-5.710
6 34 41;0.0769,0.167,-5.704
7 23 41;0.0769,0.167,-5.704
3 20 23 32 41;0.0769,0.167,-5.704
12 23 42;0.0659,0.333,-5.664
1 3 11 41;0.0440,0.364,-5.645
1 3 20 21 23 41;0.0440,0.364,-5.645
9 18 39;0.1319,0.203,-5.641
12 30 40;0.0330,0.300,-5.595
1 14 16 34 38;0.0330,0.300,-5.595
7 14 16 34 38;0.0330,0.300,-5.595
14 16 31 34 38;0.0330,0.300,-5.595
16 23 31 34 38;0.0330,0.300,-5.595
1 3 6 11 38;0.0330,0.300,-5.595
6 9 11 20 38;0.0330,0.300,-5.595
1 3 11 20 38;0.0330,0.300,-5.595
9 20 23 30 32 40;0.0330,0.300,-5.595
3 14 18 31 34 38;0.0330,0.300,-5.595
9 18 23 31 34 38;0.0330,0.300,-5.595
3 9 23 31 34 38;0.0330,0.300,-5.595
9 23 31 32 34 38;0.0330,0.300,-5.595
3 18 23 31 34 38;0.0330,0.300,-5.595
3 23 31 32 34 38;0.0330,0.300,-5.595
1 6 9 18 20 38;0.0330,0.300,-5.595
11 25 42;0.0330,0.750,-5.595
7 42;0.1099,0.185,-5.593
3 13 41;0.0659,0.207,-5.565
13 32 41;0.0659,0.207,-5.565
6 10 41;0.0549,0.263,-5.542
7 10 41;0.0549,0.263,-5.542
3 14 23 42;0.0879,0.242,-5.538
1 12 18 40;0.0440,0.167,-5.528
3 6 23 40;0.0440,0.167,-5.528
7 18 20 40;0.0440,0.167,-5.528
1 9 12 32 40;0.0440,0.167,-5.528
1 3 12 32 40;0.0440,0.167,-5.528
3 6 9 34 40;0.0440,0.167,-5.528
6 9 32 34 40;0.0440,0.167,-5.528
1 18 32 34 40;0.0440,0.167,-5.528
7 18 32 34 40;0.0440,0.167,-5.528
3 9 23 34 40;0.0440,0.167,-5.528
1 6 18 20 40;0.0440,0.167,-5.528
1 6 18 23 40;0.0440,0.167,-5.528
6 7 18 23 40;0.0440,0.167,-5.528
1 18 20 23 40;0.0440,0.167,-5.528
1 9 18 32 40;0.0440,0.167,-5.528
1 9 18 32 38;0.0440,0.167,-5.528
23 34 41;0.0769,0.163,-5.526
22 25 34 38;0.0220,0.667,-5.442
16 22 25 38;0.0220,0.667,-5.442
22 25 31 38;0.0220,0.667,-5.442
18 22 25 38;0.0220,0.667,-5.442
22 23 25 38;0.0220,0.667,-5.442
16 22 34 38;0.0220,0.667,-5.442
22 31 34 38;0.0220,0.667,-5.442
18 22 34 38;0.0220,0.667,-5.442
16 22 31 38;0.0220,0.667,-5.442
16 22 23 38;0.0220,0.667,-5.442
18 22 31 38;0.0220,0.667,-5.442
22 23 31 38;0.0220,0.667,-5.442
18 22 23 38;0.0220,0.667,-5.442
1 27 31 38;0.0220,0.667,-5.442
7 27 31 38;0.0220,0.667,-5.442
14 20 30 34 40;0.0220,0.667,-5.442
6 14 20 30 40;0.0220,0.667,-5.442
7 14 20 30 40;0.0220,0.667,-5.442
6 16 20 31 38;0.0220,0.667,-5.442
6 16 23 31 38;0.0220,0.667,-5.442
7 16 20 31 38;0.0220,0.667,-5.442
1 16 20 31 34 38;0.0220,0.667,-5.442
3 6 11 14 20 38;0.0220,0.667,-5.442
23 34 42;0.0989,0.209,-5.401
9 23 42;0.1099,0.182,-5.392
1 9 12 40;0.0440,0.160,-5.353
1 3 12 40;0.0440,0.160,-5.353
6 9 34 40;0.0440,0.160,-5.353
9 23 34 40;0.0440,0.160,-5.353
6 18 20 40;0.0440,0.160,-5.353
6 18 23 40;0.0440,0.160,-5.353
1 9 18 40;0.0440,0.160,-5.353
1 18 23 40;0.0440,0.160,-5.353
7 18 23 40;0.0440,0.160,-5.353
3 7 23 40;0.0440,0.160,-5.353
1 9 18 38;0.0440,0.160,-5.353
1 18 23 38;0.0440,0.160,-5.353
7 18 23 38;0.0440,0.160,-5.353
3 7 23 38;0.0440,0.160,-5.353
1 6 20 34 40;0.0440,0.160,-5.353
6 20 32 34 40;0.0440,0.160,-5.353
1 3 6 32 34 40;0.0440,0.160,-5.353
1 3 9 32 34 40;0.0440,0.160,-5.353
3 7 9 32 34 40;0.0440,0.160,-5.353
7 34 41;0.0769,0.159,-5.353
3 11 20 41;0.0769,0.159,-5.353
14 34 42;0.0769,0.269,-5.297
6 9 11 38;0.0330,0.273,-5.286
1 3 11 38;0.0330,0.273,-5.286
9 20 30 32 40;0.0330,0.273,-5.286
3 14 31 34 38;0.0330,0.273,-5.286
9 23 31 34 38;0.0330,0.273,-5.286
3 23 31 34 38;0.0330,0.273,-5.286
6 9 18 20 38;0.0330,0.273,-5.286
6 9 18 23 38;0.0330,0.273,-5.286
1 9 11 20 38;0.0330,0.273,-5.286
7 9 11 20 38;0.0330,0.273,-5.286
9 14 18 31 34 38;0.0330,0.273,-5.286
1 16 31 32 34 38;0.0330,0.273,-5.286
7 16 31 32 34 38;0.0330,0.273,-5.286
9 16 23 32 34 38;0.0330,0.273,-5.286
1 3 6 9 20 38;0.0330,0.273,-5.286
3 6 7 9 20 38;0.0330,0.273,-5.286
3 9 18 23 32 34 38;0.0330,0.273,-5.286
10 41;0.0549,0.250,-5.277
3 9 21 34 39;0.0879,0.296,-5.269
21 23 37;0.1868,0.246,-5.261
16 27 32 40;0.0440,0.154,-5.186
1 20 34 40;0.0440,0.154,-5.186
18 20 34 40;0.0440,0.154,-5.186
1 18 20 40;0.0440,0.154,-5.186
1 6 12 32 40;0.0440,0.154,-5.186
6 7 12 32 40;0.0440,0.154,-5.186
1 3 6 34 40;0.0440,0.154,-5.186
1 3 9 34 40;0.0440,0.154,-5.186
1 9 32 34 40;0.0440,0.154,-5.186
7 20 32 34 40;0.0440,0.154,-5.186
3 7 9 34 40;0.0440,0.154,-5.186
7 9 32 34 40;0.0440,0.154,-5.186
3 9 18 23 31 32 38;0.0440,0.154,-5.186
32 34 41;0.0769,0.156,-5.184
3 11 41;0.0769,0.156,-5.184
11 20 32 41;0.0769,0.156,-5.184
1 6 12 40;0.0440,0.148,-5.026
6 7 12 40;0.0440,0.148,-5.026
6 12 32 40;0.0440,0.148,-5.026
7 12 32 40;0.0440,0.148,-5.026
12 18 32 40;0.0440,0.148,-5.026
6 18 34 40;0.0440,0.148,-5.026
1 9 34 40;0.0440,0.148,-5.026
7 9 34 40;0.0440,0.148,-5.026
18 23 34 40;0.0440,0.148,-5.026
1 3 32 34 40;0.0440,0.148,-5.026
1 6 20 32 40;0.0440,0.148,-5.026
3 9 23 31 32 38;0.0440,0.148,-5.026
3 18 23 31 32 38;0.0440,0.148,-5.026
11 32 41;0.0769,0.152,-5.019
3 20 32 41;0.0769,0.152,-5.019
6 20 30 40;0.0330,0.250,-5.007
7 20 30 40;0.0330,0.250,-5.007
14 16 34 38;0.0330,0.250,-5.007
1 9 11 38;0.0330,0.250,-5.007
7 9 11 38;0.0330,0.250,-5.007
20 30 32 34 40;0.0330,0.250,-5.007
9 20 23 30 40;0.0330,0.250,-5.007
6 14 20 34 40;0.0330,0.250,-5.007
9 14 31 34 38;0.0330,0.250,-5.007
3 14 18 34 38;0.0330,0.250,-5.007
1 16 31 34 38;0.0330,0.250,-5.007
7 16 31 34 38;0.0330,0.250,-5.007
16 23 32 34 38;0.0330,0.250,-5.007
7 14 16 31 38;0.0330,0.250,-5.007
6 11 31 32 38;0.0330,0.250,-5.007
3 6 11 20 38;0.0330,0.250,-5.007
6 11 18 32 38;0.0330,0.250,-5.007
3 6 9 20 38;0.0330,0.250,-5.007
1 11 18 32 38;0.0330,0.250,-5.007
7 11 18 32 38;0.0330,0.250,-5.007
3 7 9 20 38;0.0330,0.250,-5.007
14 18 23 31 34 38;0.0330,0.250,-5.007
9 18 23 32 34 38;0.0330,0.250,-5.007
3 18 23 32 34 38;0.0330,0.250,-5.007
21 31 36;0.3407,0.500,-5.003
9 21 34 39;0.0879,0.286,-4.987
32 34 42;0.0989,0.200,-4.985
18 21 37;0.1868,0.243,-4.983
11 13 41;0.0659,0.188,-4.959
1 3 20 21 41;0.0440,0.308,-4.932
23 34 37;0.1429,0.302,-4.888
6 12 40;0.0440,0.143,-4.872
7 12 40;0.0440,0.143,-4.872
12 18 40;0.0440,0.143,-4.872
9 12 32 40;0.0440,0.143,-4.872
3 12 32 40;0.0440,0.143,-4.872
20 27 32 40;0.0440,0.143,-4.872
18 27 32 40;0.0440,0.143,-4.872
6 20 34 40;0.0440,0.143,-4.872
1 18 34 40;0.0440,0.143,-4.872
1 3 34 40;0.0440,0.143,-4.872
7 18 34 40;0.0440,0.143,-4.872
3 6 32 34 40;0.0440,0.143,-4.872
3 23 32 34 40;0.0440,0.143,-4.872
1 7 20 32 40;0.0440,0.143,-4.872
1 20 23 32 40;0.0440,0.143,-4.872
3 23 31 32 38;0.0440,0.143,-4.872
1 6 23 32 34 40;0.0440,0.143,-4.872
3 23 42;0.1099,0.172,-4.814
22 25 38;0.0220,0.500,-4.764
16 22 38;0.0220,0.500,-4.764
22 31 38;0.0220,0.500,-4.764
18 22 38;0.0220,0.500,-4.764
14 23 25 38;0.0220,0.500,-4.764
6 27 31 38;0.0220,0.500,-4.764
3 6 11 14 38;0.0220,0.500,-4.764
3 7 11 14 20 38;0.0220,0.500,-4.764
20 30 34 40;0.0330,0.231,-4.754
9 20 30 40;0.0330,0.231,-4.754
3 6 11 38;0.0330,0.231,-4.754
9 30 32 34 40;0.0330,0.231,-4.754
7 14 20 34 40;0.0330,0.231,-4.754
1 6 14 20 40;0.0330,0.231,-4.754
6 7 14 20 40;0.0330,0.231,-4.754
14 23 31 34 38;0.0330,0.231,-4.754
9 14 18 34 38;0.0330,0.231,-4.754
9 16 23 34 38;0.0330,0.231,-4.754
1 3 6 20 38;0.0330,0.231,-4.754
1 11 31 32 38;0.0330,0.231,-4.754
7 11 31 32 38;0.0330,0.231,-4.754
3 7 11 20 38;0.0330,0.231,-4.754
3 9 18 23 34 38;0.0330,0.231,-4.754
6 12 14 42;0.0659,0.286,-4.732
9 12 40;0.0440,0.138,-4.723
3 12 40;0.0440,0.138,-4.723
27 32 40;0.0440,0.138,-4.723
1 12 32 40;0.0440,0.138,-4.723
3 6 34 40;0.0440,0.138,-4.723
7 20 34 40;0.0440,0.138,-4.723
18 32 34 40;0.0440,0.138,-4.723
3 9 32 34 40;0.0440,0.138,-4.723
1 3 6 9 32 40;0.0440,0.138,-4.723
3 6 7 9 32 40;0.0440,0.138,-4.723
9 16 20 23 32 40;0.0440,0.138,-4.723
9 18 23 31 32 38;0.0440,0.138,-4.723
21 31 34 39;0.0879,0.276,-4.720
20 37;0.1868,0.239,-4.709
6 7 32 41;0.0769,0.146,-4.700
3 9 32 42;0.1099,0.169,-4.628
1 3 20 23 41;0.0440,0.286,-4.625
1 12 40;0.0440,0.133,-4.580
9 32 34 40;0.0440,0.133,-4.580
3 23 34 40;0.0440,0.133,-4.580
1 6 20 40;0.0440,0.133,-4.580
1 20 32 40;0.0440,0.133,-4.580
1 23 32 34 40;0.0440,0.133,-4.580
3 7 32 34 40;0.0440,0.133,-4.580
1 3 6 9 40;0.0440,0.133,-4.580
6 7 20 32 40;0.0440,0.133,-4.580
3 6 7 9 40;0.0440,0.133,-4.580
3 6 9 32 40;0.0440,0.133,-4.580
16 20 23 32 40;0.0440,0.133,-4.580
9 16 23 32 40;0.0440,0.133,-4.580
7 18 31 32 38;0.0440,0.133,-4.580
9 23 31 32 38;0.0440,0.133,-4.580
6 14 42;0.0769,0.241,-4.552
6 32 41;0.0769,0.143,-4.546
9 30 34 40;0.0330,0.214,-4.523
6 9 30 40;0.0330,0.214,-4.523
1 9 30 40;0.0330,0.214,-4.523
7 9 30 40;0.0330,0.214,-4.523
6 14 20 40;0.0330,0.214,-4.523
7 14 20 40;0.0330,0.214,-4.523
16 23 34 38;0.0330,0.214,-4.523
7 14 16 38;0.0330,0.214,-4.523
3 7 11 38;0.0330,0.214,-4.523
1 14 20 23 40;0.0330,0.214,-4.523
14 18 23 34 38;0.0330,0.214,-4.523
1 16 32 34 38;0.0330,0.214,-4.523
7 16 32 34 38;0.0330,0.214,-4.523
9 18 23 34 38;0.0330,0.214,-4.523
3 18 23 34 38;0.0330,0.214,-4.523
1 14 16 31 38;0.0330,0.214,-4.523
1 6 9 20 38;0.0330,0.214,-4.523
6 7 9 20 38;0.0330,0.214,-4.523
1 3 7 20 38;0.0330,0.214,-4.523
1 3 9 20 38;0.0330,0.214,-4.523
1 14 18 31 34 38;0.0330,0.214,-4.523
7 14 18 31 34 38;0.0330,0.214,-4.523
12 29 42;0.0220,1.000,-4.511
9 14 29 42;0.0220,1.000,-4.511
13 20 25 42;0.0220,1.000,-4.511
20 21 25 34 42;0.0220,1.000,-4.511
6 20 21 25 42;0.0220,1.000,-4.511
21 23 36;0.3626,0.478,-4.468
3 7 34 40;0.0440,0.129,-4.442
20 32 34 40;0.0440,0.129,-4.442
6 20 32 40;0.0440,0.129,-4.442
3 6 9 40;0.0440,0.129,-4.442
1 7 20 40;0.0440,0.129,-4.442
1 20 23 40;0.0440,0.129,-4.442
7 20 32 40;0.0440,0.129,-4.442
16 23 32 40;0.0440,0.129,-4.442
7 31 32 38;0.0440,0.129,-4.442
1 6 23 34 40;0.0440,0.129,-4.442
6 23 32 34 40;0.0440,0.129,-4.442
1 3 6 32 40;0.0440,0.129,-4.442
3 7 9 32 40;0.0440,0.129,-4.442
3 7 9 32 38;0.0440,0.129,-4.442
3 9 18 20 23 32 40;0.0440,0.129,-4.442
14 23 32 42;0.0879,0.211,-4.431
13 20 41;0.0659,0.171,-4.418
13 23 41;0.0659,0.171,-4.418
7 32 41;0.0769,0.140,-4.395
3 20 23 41;0.0769,0.140,-4.395
3 23 32 41;0.0769,0.140,-4.395
18 31 39;0.1319,0.185,-4.361
21 34 37;0.1429,0.289,-4.350
1 30 34 40;0.0330,0.200,-4.309
14 20 34 40;0.0330,0.200,-4.309
1 16 34 38;0.0330,0.200,-4.309
7 16 34 38;0.0330,0.200,-4.309
6 11 31 38;0.0330,0.200,-4.309
6 11 18 38;0.0330,0.200,-4.309
6 9 20 38;0.0330,0.200,-4.309
1 11 18 38;0.0330,0.200,-4.309
7 11 18 38;0.0330,0.200,-4.309
7 9 20 38;0.0330,0.200,-4.309
20 23 30 32 40;0.0330,0.200,-4.309
1 14 31 34 38;0.0330,0.200,-4.309
7 14 31 34 38;0.0330,0.200,-4.309
3 9 14 23 34 38;0.0330,0.200,-4.309
9 16 31 32 34 38;0.0330,0.200,-4.309
3 9 18 31 32 34 38;0.0330,0.200,-4.309
3 9 34 40;0.0440,0.125,-4.308
1 3 6 40;0.0440,0.125,-4.308
3 7 9 40;0.0440,0.125,-4.308
3 7 9 38;0.0440,0.125,-4.308
1 6 9 32 40;0.0440,0.125,-4.308
1 6 18 32 40;0.0440,0.125,-4.308
6 7 9 32 40;0.0440,0.125,-4.308
6 7 18 32 40;0.0440,0.125,-4.308
1 18 31 32 38;0.0440,0.125,-4.308
3 18 20 23 32 40;0.0440,0.125,-4.308
3 9 18 23 32 40;0.0440,0.125,-4.308
3 9 18 23 31 38;0.0440,0.125,-4.308
3 9 18 23 32 38;0.0440,0.125,-4.308
14 22 34 38;0.0220,0.400,-4.269
1 22 34 38;0.0220,0.400,-4.269
9 22 34 38;0.0220,0.400,-4.269
14 22 23 38;0.0220,0.400,-4.269
1 22 23 38;0.0220,0.400,-4.269
9 22 23 38;0.0220,0.400,-4.269
1 20 21 27 38;0.0220,0.400,-4.269
1 18 21 27 38;0.0220,0.400,-4.269
7 20 21 27 38;0.0220,0.400,-4.269
7 18 21 27 38;0.0220,0.400,-4.269
6 14 16 20 38;0.0220,0.400,-4.269
6 14 16 23 38;0.0220,0.400,-4.269
1 16 20 31 38;0.0220,0.400,-4.269
3 9 11 14 20 34 38;0.0220,0.400,-4.269
34 41;0.0769,0.137,-4.247
6 32 42;0.0989,0.184,-4.220
12 32 40;0.0440,0.121,-4.179
16 27 40;0.0440,0.121,-4.179
9 34 40;0.0440,0.121,-4.179
1 20 40;0.0440,0.121,-4.179
1 23 34 40;0.0440,0.121,-4.179
1 6 9 40;0.0440,0.121,-4.179
6 7 20 40;0.0440,0.121,-4.179
6 7 9 40;0.0440,0.121,-4.179
6 9 32 40;0.0440,0.121,-4.179
6 18 32 40;0.0440,0.121,-4.179
7 18 32 40;0.0440,0.121,-4.179
1 31 32 38;0.0440,0.121,-4.179
7 18 32 38;0.0440,0.121,-4.179
7 23 32 34 40;0.0440,0.121,-4.179
1 3 7 32 40;0.0440,0.121,-4.179
1 3 9 32 40;0.0440,0.121,-4.179
9 16 20 32 40;0.0440,0.121,-4.179
3 18 23 32 40;0.0440,0.121,-4.179
1 3 7 32 38;0.0440,0.121,-4.179
1 3 9 32 38;0.0440,0.121,-4.179
3 9 23 31 38;0.0440,0.121,-4.179
3 18 23 31 38;0.0440,0.121,-4.179
3 18 23 32 38;0.0440,0.121,-4.179
31 39;0.1319,0.182,-4.160
1 30 40;0.0330,0.188,-4.111
20 30 32 40;0.0330,0.188,-4.111
1 14 16 38;0.0330,0.188,-4.111
1 11 31 38;0.0330,0.188,-4.111
1 3 20 38;0.0330,0.188,-4.111
7 16 31 38;0.0330,0.188,-4.111
7 11 31 38;0.0330,0.188,-4.111
1 14 18 34 38;0.0330,0.188,-4.111
7 14 18 34 38;0.0330,0.188,-4.111
14 18 31 34 38;0.0330,0.188,-4.111
9 14 23 34 38;0.0330,0.188,-4.111
3 14 23 34 38;0.0330,0.188,-4.111
16 31 32 34 38;0.0330,0.188,-4.111
3 6 7 20 38;0.0330,0.188,-4.111
3 6 31 32 38;0.0330,0.188,-4.111
9 18 31 32 34 38;0.0330,0.188,-4.111
3 9 31 32 34 38;0.0330,0.188,-4.111
3 18 31 32 34 38;0.0330,0.188,-4.111
6 7 41;0.0769,0.135,-4.103
9 32 42;0.1099,0.161,-4.091
1 3 20 41;0.0440,0.250,-4.089
12 40;0.0440,0.118,-4.054
6 20 40;0.0440,0.118,-4.054
6 9 40;0.0440,0.118,-4.054
7 20 40;0.0440,0.118,-4.054
6 23 34 40;0.0440,0.118,-4.054
1 3 7 40;0.0440,0.118,-4.054
1 3 9 40;0.0440,0.118,-4.054
7 9 32 40;0.0440,0.118,-4.054
16 20 32 40;0.0440,0.118,-4.054
1 3 7 38;0.0440,0.118,-4.054
1 3 9 38;0.0440,0.118,-4.054
7 18 31 38;0.0440,0.118,-4.054
7 9 32 38;0.0440,0.118,-4.054
3 23 31 38;0.0440,0.118,-4.054
1 6 23 32 40;0.0440,0.118,-4.054
3 6 7 32 40;0.0440,0.118,-4.054
9 18 20 23 32 40;0.0440,0.118,-4.054
14 23 42;0.0879,0.200,-4.042
3 9 34 39;0.0879,0.250,-3.993
18 21 34 39;0.0879,0.250,-3.993
3 21 34 39;0.0879,0.250,-3.993
9 12 14 42;0.0659,0.250,-3.969
3 12 14 42;0.0659,0.250,-3.969
6 41;0.0769,0.132,-3.961
13 18 37;0.1099,0.323,-3.944
20 27 40;0.0440,0.114,-3.933
18 27 40;0.0440,0.114,-3.933
18 34 40;0.0440,0.114,-3.933
7 9 40;0.0440,0.114,-3.933
7 31 38;0.0440,0.114,-3.933
7 9 38;0.0440,0.114,-3.933
3 32 34 40;0.0440,0.114,-3.933
3 6 7 40;0.0440,0.114,-3.933
3 6 32 40;0.0440,0.114,-3.933
1 18 32 40;0.0440,0.114,-3.933
1 3 32 40;0.0440,0.114,-3.933
1 18 32 38;0.0440,0.114,-3.933
1 3 32 38;0.0440,0.114,-3.933
1 6 32 34 40;0.0440,0.114,-3.933
9 18 23 32 40;0.0440,0.114,-3.933
9 18 23 31 38;0.0440,0.114,-3.933
9 18 23 32 38;0.0440,0.114,-3.933
3 9 18 20 32 40;0.0440,0.114,-3.933
20 23 30 40;0.0330,0.176,-3.926
14 31 34 38;0.0330,0.176,-3.926
3 6 31 38;0.0330,0.176,-3.926
3 6 20 38;0.0330,0.176,-3.926
1 9 20 38;0.0330,0.176,-3.926
3 7 20 38;0.0330,0.176,-3.926
9 23 30 32 40;0.0330,0.176,-3.926
9 16 31 34 38;0.0330,0.176,-3.926
9 31 32 34 38;0.0330,0.176,-3.926
3 31 32 34 38;0.0330,0.176,-3.926
3 9 18 31 34 38;0.0330,0.176,-3.926
14 16 23 31 32 38;0.0330,0.176,-3.926
18 37;0.1868,0.230,-3.914
22 34 38;0.0220,0.333,-3.879
14 22 38;0.0220,0.333,-3.879
1 22 38;0.0220,0.333,-3.879
9 22 38;0.0220,0.333,-3.879
22 23 38;0.0220,0.333,-3.879
23 25 38;0.0220,0.333,-3.879
1 20 27 38;0.0220,0.333,-3.879
1 18 27 38;0.0220,0.333,-3.879
1 21 27 38;0.0220,0.333,-3.879
7 20 27 38;0.0220,0.333,-3.879
7 18 27 38;0.0220,0.333,-3.879
7 21 27 38;0.0220,0.333,-3.879
6 16 20 38;0.0220,0.333,-3.879
6 16 23 38;0.0220,0.333,-3.879
7 16 20 38;0.0220,0.333,-3.879
14 18 25 34 38;0.0220,0.333,-3.879
6 20 21 27 38;0.0220,0.333,-3.879
6 18 21 27 38;0.0220,0.333,-3.879
6 11 14 20 34 38;0.0220,0.333,-3.879
9 11 14 20 34 38;0.0220,0.333,-3.879
3 11 14 20 34 38;0.0220,0.333,-3.879
3 9 11 14 34 38;0.0220,0.333,-3.879
9 11 16 32 34 38;0.0220,0.333,-3.879
3 9 11 18 32 34 38;0.0220,0.333,-3.879
34 42;0.0989,0.176,-3.867
1 3 21 23 41;0.0440,0.235,-3.852
7 41;0.0769,0.130,-3.822
3 20 41;0.0769,0.130,-3.822
21 36;0.4066,0.440,-3.822
27 40;0.0440,0.111,-3.815
20 34 40;0.0440,0.111,-3.815
3 6 40;0.0440,0.111,-3.815
1 3 40;0.0440,0.111,-3.815
1 3 38;0.0440,0.111,-3.815
7 23 34 40;0.0440,0.111,-3.815
1 6 18 40;0.0440,0.111,-3.815
6 7 18 40;0.0440,0.111,-3.815
1 9 32 40;0.0440,0.111,-3.815
1 23 32 40;0.0440,0.111,-3.815
3 7 32 40;0.0440,0.111,-3.815
1 18 31 38;0.0440,0.111,-3.815
1 9 32 38;0.0440,0.111,-3.815
1 23 32 38;0.0440,0.111,-3.815
3 7 32 38;0.0440,0.111,-3.815
9 23 31 38;0.0440,0.111,-3.815
3 18 20 32 40;0.0440,0.111,-3.815
3 9 20 23 32 40;0.0440,0.111,-3.815
13 41;0.0659,0.154,-3.778
9 34 39;0.0879,0.242,-3.774
3 9 39;0.1319,0.176,-3.769
20 30 40;0.0330,0.167,-3.754
6 30 34 40;0.0330,0.167,-3.754
7 30 34 40;0.0330,0.167,-3.754
30 32 34 40;0.0330,0.167,-3.754
9 30 32 40;0.0330,0.167,-3.754
14 18 34 38;0.0330,0.167,-3.754
16 31 34 38;0.0330,0.167,-3.754
1 16 31 38;0.0330,0.167,-3.754
7 16 32 38;0.0330,0.167,-3.754
1 9 14 34 38;0.0330,0.167,-3.754
3 7 14 34 38;0.0330,0.167,-3.754
9 16 32 34 38;0.0330,0.167,-3.754
9 18 31 34 38;0.0330,0.167,-3.754
3 9 31 34 38;0.0330,0.167,-3.754
3 18 31 34 38;0.0330,0.167,-3.754
14 16 23 31 38;0.0330,0.167,-3.754
3 9 18 32 34 38;0.0330,0.167,-3.754
1 6 11 20 32 38;0.0330,0.167,-3.754
23 32 42;0.1099,0.156,-3.748
23 33 36;0.0879,0.727,-3.713
6 18 40;0.0440,0.108,-3.700
1 9 40;0.0440,0.108,-3.700
7 18 40;0.0440,0.108,-3.700
3 7 40;0.0440,0.108,-3.700
1 31 38;0.0440,0.108,-3.700
1 9 38;0.0440,0.108,-3.700
7 18 38;0.0440,0.108,-3.700
3 7 38;0.0440,0.108,-3.700
1 32 34 40;0.0440,0.108,-3.700
1 6 23 40;0.0440,0.108,-3.700
6 7 23 32 40;0.0440,0.108,-3.700
9 16 20 23 40;0.0440,0.108,-3.700
23 37;0.1868,0.227,-3.656
30 34 40;0.0330,0.158,-3.592
6 30 40;0.0330,0.158,-3.592
7 30 40;0.0330,0.158,-3.592
7 16 38;0.0330,0.158,-3.592
9 23 30 40;0.0330,0.158,-3.592
16 32 34 38;0.0330,0.158,-3.592
9 31 34 38;0.0330,0.158,-3.592
3 31 34 38;0.0330,0.158,-3.592
3 9 14 34 38;0.0330,0.158,-3.592
9 18 32 34 38;0.0330,0.158,-3.592
3 18 32 34 38;0.0330,0.158,-3.592
1 6 11 32 38;0.0330,0.158,-3.592
6 20 31 32 38;0.0330,0.158,-3.592
6 9 31 32 38;0.0330,0.158,-3.592
6 23 31 32 38;0.0330,0.158,-3.592
3 6 9 23 38;0.0330,0.158,-3.592
3 6 18 32 38;0.0330,0.158,-3.592
1 11 20 32 38;0.0330,0.158,-3.592
18 23 31 32 34 38;0.0330,0.158,-3.592
3 34 40;0.0440,0.105,-3.589
6 32 34 40;0.0440,0.105,-3.589
23 32 34 40;0.0440,0.105,-3.589
6 23 32 40;0.0440,0.105,-3.589
16 20 23 40;0.0440,0.105,-3.589
9 16 23 40;0.0440,0.105,-3.589
9 18 20 32 40;0.0440,0.105,-3.589
3 32 42;0.1099,0.154,-3.581
22 38;0.0220,0.286,-3.558
1 27 38;0.0220,0.286,-3.558
7 27 38;0.0220,0.286,-3.558
6 20 27 38;0.0220,0.286,-3.558
6 18 27 38;0.0220,0.286,-3.558
6 21 27 38;0.0220,0.286,-3.558
6 11 14 34 38;0.0220,0.286,-3.558
9 11 14 34 38;0.0220,0.286,-3.558
3 11 14 34 38;0.0220,0.286,-3.558
6 11 14 20 38;0.0220,0.286,-3.558
1 11 14 20 34 38;0.0220,0.286,-3.558
7 11 14 20 34 38;0.0220,0.286,-3.558
11 20 41;0.0769,0.125,-3.552
20 23 32 41;0.0769,0.125,-3.552
6 42;0.0989,0.170,-3.532
1 18 40;0.0440,0.103,-3.481
1 23 40;0.0440,0.103,-3.481
16 23 40;0.0440,0.103,-3.481
1 18 38;0.0440,0.103,-3.481
1 23 38;0.0440,0.103,-3.481
1 6 34 40;0.0440,0.103,-3.481
7 23 32 40;0.0440,0.103,-3.481
7 23 32 38;0.0440,0.103,-3.481
9 20 23 32 40;0.0440,0.103,-3.481
3 9 18 20 23 40;0.0440,0.103,-3.481
14 29 42;0.0220,0.667,-3.474
9 30 40;0.0330,0.150,-3.439
9 14 34 38;0.0330,0.150,-3.439
3 14 34 38;0.0330,0.150,-3.439
6 9 31 38;0.0330,0.150,-3.439
3 6 18 38;0.0330,0.150,-3.439
1 16 32 38;0.0330,0.150,-3.439
1 11 32 38;0.0330,0.150,-3.439
6 7 14 23 40;0.0330,0.150,-3.439
7 14 23 34 38;0.0330,0.150,-3.439
23 31 32 34 38;0.0330,0.150,-3.439
11 41;0.0769,0.123,-3.421
7 32 34 40;0.0440,0.100,-3.376
6 7 23 40;0.0440,0.100,-3.376
3 9 20 32 40;0.0440,0.100,-3.376
3 18 20 23 40;0.0440,0.100,-3.376
3 9 18 23 40;0.0440,0.100,-3.376
3 9 18 23 38;0.0440,0.100,-3.376
3 9 18 31 32 38;0.0440,0.100,-3.376
18 34 39;0.0879,0.229,-3.365
3 9 14 42;0.0879,0.182,-3.342
12 14 42;0.0659,0.222,-3.331
1 16 38;0.0330,0.143,-3.295
6 14 23 40;0.0330,0.143,-3.295
9 16 34 38;0.0330,0.143,-3.295
3 9 18 34 38;0.0330,0.143,-3.295
14 16 23 32 38;0.0330,0.143,-3.295
1 6 11 20 38;0.0330,0.143,-3.295
6 11 20 32 38;0.0330,0.143,-3.295
3 23 41;0.0769,0.121,-3.293
6 27 38;0.0220,0.250,-3.286
14 25 34 38;0.0220,0.250,-3.286
6 11 14 38;0.0220,0.250,-3.286
1 11 14 34 38;0.0220,0.250,-3.286
7 11 14 34 38;0.0220,0.250,-3.286
1 11 14 20 38;0.0220,0.250,-3.286
7 11 14 20 38;0.0220,0.250,-3.286
1 34 40;0.0440,0.098,-3.273
6 23 40;0.0440,0.098,-3.273
9 16 20 40;0.0440,0.098,-3.273
3 18 23 40;0.0440,0.098,-3.273
3 18 23 38;0.0440,0.098,-3.273
3 9 31 32 38;0.0440,0.098,-3.273
3 18 31 32 38;0.0440,0.098,-3.273
18 23 31 32 38;0.0440,0.098,-3.273
31 36;0.3407,0.470,-3.271
11 34 37;0.0989,0.310,-3.213
9 39;0.1319,0.169,-3.205
3 14 42;0.0879,0.178,-3.181
6 34 40;0.0440,0.095,-3.173
7 23 40;0.0440,0.095,-3.173
16 20 40;0.0440,0.095,-3.173
7 23 38;0.0440,0.095,-3.173
3 31 32 38;0.0440,0.095,-3.173
23 31 32 38;0.0440,0.095,-3.173
9 18 20 23 40;0.0440,0.095,-3.173
3 20 23 32 40;0.0440,0.095,-3.173
16 34 38;0.0330,0.136,-3.158
23 30 32 40;0.0330,0.136,-3.158
14 23 34 40;0.0330,0.136,-3.158
14 23 34 38;0.0330,0.136,-3.158
9 18 34 38;0.0330,0.136,-3.158
3 18 34 38;0.0330,0.136,-3.158
1 6 11 38;0.0330,0.136,-3.158
6 11 32 38;0.0330,0.136,-3.158
6 20 31 38;0.0330,0.136,-3.158
6 23 31 38;0.0330,0.136,-3.158
6 9 23 38;0.0330,0.136,-3.158
1 11 20 38;0.0330,0.136,-3.158
18 23 32 34 38;0.0330,0.136,-3.158
6 18 20 32 38;0.0330,0.136,-3.158
6 9 18 32 38;0.0330,0.136,-3.158
6 18 23 32 38;0.0330,0.136,-3.158
7 11 20 32 38;0.0330,0.136,-3.158
3 9 23 32 34 38;0.0330,0.136,-3.158
5 19 38;0.0110,1.000,-3.125
16 19 23 38;0.0110,1.000,-3.125
19 23 31 38;0.0110,1.000,-3.125
18 19 23 38;0.0110,1.000,-3.125
5 25 34 38;0.0110,1.000,-3.125
5 7 25 38;0.0110,1.000,-3.125
11 16 25 38;0.0110,1.000,-3.125
11 25 31 38;0.0110,1.000,-3.125
11 18 25 38;0.0110,1.000,-3.125
5 12 34 38;0.0110,1.000,-3.125
5 7 12 38;0.0110,1.000,-3.125
13 15 27 38;0.0110,1.000,-3.125
11 15 27 38;0.0110,1.000,-3.125
20 25 31 34 38;0.0110,1.000,-3.125
18 20 25 34 38;0.0110,1.000,-3.125
6 14 20 25 38;0.0110,1.000,-3.125
7 14 20 25 38;0.0110,1.000,-3.125
11 14 20 25 38;0.0110,1.000,-3.125
6 18 20 25 38;0.0110,1.000,-3.125
3 13 15 35 38;0.0110,1.000,-3.125
3 13 15 31 38;0.0110,1.000,-3.125
3 13 15 18 38;0.0110,1.000,-3.125
3 11 15 35 38;0.0110,1.000,-3.125
3 11 15 18 38;0.0110,1.000,-3.125
3 6 13 35 38;0.0110,1.000,-3.125
3 11 15 21 31 38;0.0110,1.000,-3.125
3 9 42;0.1099,0.147,-3.096
23 34 40;0.0440,0.093,-3.075
9 20 32 40;0.0440,0.093,-3.075
9 18 23 40;0.0440,0.093,-3.075
9 18 23 38;0.0440,0.093,-3.075
3 9 18 20 40;0.0440,0.093,-3.075
9 18 31 32 38;0.0440,0.093,-3.075
1 11 14 38;0.0220,0.222,-3.050
7 11 14 38;0.0220,0.222,-3.050
25 31 32 34 38;0.0220,0.222,-3.050
18 25 32 34 38;0.0220,0.222,-3.050
11 14 20 34 38;0.0220,0.222,-3.050
20 32 41;0.0769,0.117,-3.043
30 32 40;0.0330,0.130,-3.029
1 11 38;0.0330,0.130,-3.029
14 16 23 38;0.0330,0.130,-3.029
6 9 18 38;0.0330,0.130,-3.029
7 11 32 38;0.0330,0.130,-3.029
18 23 31 34 38;0.0330,0.130,-3.029
9 23 32 34 38;0.0330,0.130,-3.029
9 14 42;0.0879,0.174,-3.025
