8 36;0.4176,1.000,-59.364
5 21 36;0.4066,1.000,-55.375
5 16 20 36;0.4066,1.000,-55.375
5 18 20 36;0.4066,1.000,-55.375
2 18 36;0.3956,1.000,-52.061
5 16 36;0.4066,0.974,-51.756
5 20 36;0.4066,0.974,-51.756
5 18 36;0.4066,0.974,-51.756
2 5 36;0.3846,1.000,-49.134
2 16 36;0.3846,1.000,-49.134
5 36;0.4066,0.949,-48.804
2 21 36;0.3956,0.973,-48.486
2 9 36;0.3736,1.000,-46.478
3 18 20 21 36;0.4176,0.864,-43.594
2 36;0.3956,0.923,-43.051
4 37;0.1978,1.000,-42.999
15 26 37;0.1978,1.000,-42.999
6 26 37;0.1978,1.000,-42.999
1 26 37;0.1978,1.000,-42.999
7 26 37;0.1978,1.000,-42.999
16 20 21 36;0.4066,0.881,-41.816
1 15 18 37;0.1978,0.947,-40.055
7 15 18 37;0.1978,0.947,-40.055
1 6 15 31 37;0.1978,0.947,-40.055
6 7 15 31 37;0.1978,0.947,-40.055
1 15 21 31 37;0.1978,0.947,-40.055
7 15 21 31 37;0.1978,0.947,-40.055
3 18 20 36;0.4176,0.826,-39.984
16 20 36;0.4066,0.841,-38.049
11 16 21 36;0.3626,0.943,-37.814
15 18 37;0.1978,0.900,-37.752
6 15 31 37;0.1978,0.900,-37.752
1 15 31 37;0.1978,0.900,-37.752
7 15 31 37;0.1978,0.900,-37.752
15 21 31 37;0.1978,0.900,-37.752
15 31 37;0.1978,0.857,-35.806
11 16 36;0.3626,0.917,-35.420
3 11 18 21 36;0.3626,0.917,-35.420
3 18 21 23 36;0.3846,0.854,-34.152
26 31 37;0.1978,0.818,-34.102
1 21 23 31 37;0.1978,0.818,-34.102
7 20 21 31 37;0.1978,0.818,-34.102
7 21 23 31 37;0.1978,0.818,-34.102
1 6 20 21 31 37;0.1978,0.818,-34.102
3 20 21 36;0.4176,0.760,-33.842
16 21 23 36;0.3736,0.872,-33.580
19 24 39;0.1319,1.000,-33.385
6 24 39;0.1319,1.000,-33.385
7 24 39;0.1319,1.000,-33.385
6 16 19 39;0.1319,1.000,-33.385
6 19 31 39;0.1319,1.000,-33.385
6 18 19 39;0.1319,1.000,-33.385
6 12 16 25 39;0.1319,1.000,-33.385
6 12 25 31 39;0.1319,1.000,-33.385
6 12 18 25 39;0.1319,1.000,-33.385
3 11 18 36;0.3626,0.892,-33.287
1 6 20 31 37;0.1978,0.783,-32.575
1 6 23 31 37;0.1978,0.783,-32.575
6 7 20 31 37;0.1978,0.783,-32.575
6 7 23 31 37;0.1978,0.783,-32.575
6 20 21 31 37;0.1978,0.783,-32.575
6 21 23 31 37;0.1978,0.783,-32.575
7 18 20 31 37;0.1978,0.783,-32.575
1 18 20 23 31 37;0.1978,0.783,-32.575
3 20 35 36;0.3187,0.967,-32.381
26 37;0.1978,0.750,-31.189
6 20 31 37;0.1978,0.750,-31.189
6 23 31 37;0.1978,0.750,-31.189
7 20 31 37;0.1978,0.750,-31.189
1 6 15 20 37;0.1978,0.750,-31.189
1 15 20 21 37;0.1978,0.750,-31.189
1 20 23 31 37;0.1978,0.750,-31.189
1 20 21 31 37;0.1978,0.750,-31.189
1 18 23 31 37;0.1978,0.750,-31.189
1 18 21 23 37;0.1978,0.750,-31.189
7 18 23 31 37;0.1978,0.750,-31.189
7 18 20 21 37;0.1978,0.750,-31.189
7 18 21 23 37;0.1978,0.750,-31.189
1 6 18 20 21 37;0.1978,0.750,-31.189
16 19 39;0.1319,0.923,-30.820
19 31 39;0.1319,0.923,-30.820
18 19 39;0.1319,0.923,-30.820
6 19 25 39;0.1319,0.923,-30.820
6 12 25 39;0.1319,0.923,-30.820
7 12 16 25 39;0.1319,0.923,-30.820
7 12 25 31 39;0.1319,0.923,-30.820
7 12 18 25 39;0.1319,0.923,-30.820
6 12 16 31 39;0.1319,0.923,-30.820
1 3 6 12 31 39;0.1319,0.923,-30.820
3 6 7 12 31 39;0.1319,0.923,-30.820
9 18 20 21 36;0.3956,0.783,-30.326
1 15 20 37;0.1978,0.720,-29.916
1 23 31 37;0.1978,0.720,-29.916
7 23 31 37;0.1978,0.720,-29.916
7 15 20 21 37;0.1978,0.720,-29.916
6 18 20 21 37;0.1978,0.720,-29.916
6 18 21 23 37;0.1978,0.720,-29.916
1 18 20 31 37;0.1978,0.720,-29.916
3 18 23 36;0.3846,0.795,-29.275
19 21 25 39;0.1209,1.000,-29.003
7 12 21 25 39;0.1209,1.000,-29.003
6 10 31 37;0.1538,1.000,-28.881
6 10 18 37;0.1538,1.000,-28.881
1 10 31 37;0.1538,1.000,-28.881
1 10 18 37;0.1538,1.000,-28.881
7 10 31 37;0.1538,1.000,-28.881
7 10 18 37;0.1538,1.000,-28.881
1 24 39;0.1319,0.857,-28.874
24 31 39;0.1319,0.857,-28.874
19 25 39;0.1319,0.857,-28.874
7 12 25 39;0.1319,0.857,-28.874
6 16 25 39;0.1319,0.857,-28.874
6 25 31 39;0.1319,0.857,-28.874
6 18 25 39;0.1319,0.857,-28.874
3 6 12 31 39;0.1319,0.857,-28.874
7 12 16 31 39;0.1319,0.857,-28.874
3 7 12 31 39;0.1319,0.857,-28.874
1 6 9 12 31 39;0.1319,0.857,-28.874
6 7 9 12 31 39;0.1319,0.857,-28.874
15 20 21 37;0.1978,0.692,-28.738
1 20 31 37;0.1978,0.692,-28.738
7 18 20 37;0.1978,0.692,-28.738
1 6 18 20 37;0.1978,0.692,-28.738
1 6 18 23 37;0.1978,0.692,-28.738
6 7 18 23 37;0.1978,0.692,-28.738
1 18 20 23 37;0.1978,0.692,-28.738
1 18 20 21 37;0.1978,0.692,-28.738
16 23 35 36;0.2747,1.000,-28.715
16 23 36;0.3736,0.810,-28.494
6 18 20 37;0.1978,0.667,-27.639
6 18 23 37;0.1978,0.667,-27.639
1 18 23 37;0.1978,0.667,-27.639
7 18 23 37;0.1978,0.667,-27.639
6 7 15 20 37;0.1978,0.667,-27.639
3 9 20 36;0.3956,0.750,-27.576
9 18 20 36;0.3956,0.750,-27.576
3 20 31 36;0.3516,0.842,-27.561
3 20 36;0.4176,0.691,-27.510
3 18 21 36;0.4176,0.691,-27.510
3 21 23 31 36;0.3297,0.882,-27.373
24 39;0.1319,0.800,-27.265
12 25 31 39;0.1319,0.800,-27.265
7 16 25 39;0.1319,0.800,-27.265
7 25 31 39;0.1319,0.800,-27.265
7 18 25 39;0.1319,0.800,-27.265
1 12 16 25 39;0.1319,0.800,-27.265
1 12 18 25 39;0.1319,0.800,-27.265
6 9 12 31 39;0.1319,0.800,-27.265
7 9 12 31 39;0.1319,0.800,-27.265
6 15 20 37;0.1978,0.643,-26.609
1 15 21 37;0.1978,0.643,-26.609
7 15 20 37;0.1978,0.643,-26.609
1 18 20 37;0.1978,0.643,-26.609
11 27 36;0.2967,0.931,-26.388
9 20 21 36;0.3956,0.735,-26.295
16 21 35 36;0.3077,0.903,-25.887
3 11 21 31 36;0.3077,0.903,-25.887
6 25 39;0.1319,0.750,-25.879
1 12 25 39;0.1319,0.750,-25.879
12 16 25 39;0.1319,0.750,-25.879
12 18 25 39;0.1319,0.750,-25.879
6 12 16 39;0.1319,0.750,-25.879
6 16 31 39;0.1319,0.750,-25.879
1 12 16 31 39;0.1319,0.750,-25.879
1 3 12 31 39;0.1319,0.750,-25.879
1 3 6 12 18 39;0.1319,0.750,-25.879
3 6 7 12 18 39;0.1319,0.750,-25.879
3 9 11 21 36;0.3407,0.838,-25.685
9 11 18 21 36;0.3407,0.838,-25.685
15 20 37;0.1978,0.621,-25.640
1 6 15 37;0.1978,0.621,-25.640
7 15 21 37;0.1978,0.621,-25.640
1 6 20 21 37;0.1978,0.621,-25.640
1 7 20 21 37;0.1978,0.621,-25.640
1 20 21 23 37;0.1978,0.621,-25.640
9 20 35 36;0.3187,0.879,-25.632
16 21 36;0.4066,0.698,-25.387
3 11 21 36;0.3626,0.786,-24.958
3 23 35 36;0.2857,0.929,-24.800
1 15 37;0.1978,0.600,-24.724
15 21 37;0.1978,0.600,-24.724
7 20 21 37;0.1978,0.600,-24.724
7 21 25 39;0.1209,0.846,-24.670
6 19 39;0.1319,0.706,-24.655
12 25 39;0.1319,0.706,-24.655
7 25 39;0.1319,0.706,-24.655
25 31 39;0.1319,0.706,-24.655
1 16 25 39;0.1319,0.706,-24.655
1 18 25 39;0.1319,0.706,-24.655
7 12 16 39;0.1319,0.706,-24.655
12 16 31 39;0.1319,0.706,-24.655
7 16 31 39;0.1319,0.706,-24.655
3 6 12 18 39;0.1319,0.706,-24.655
1 9 12 31 39;0.1319,0.706,-24.655
3 7 12 18 39;0.1319,0.706,-24.655
1 3 6 31 39;0.1319,0.706,-24.655
3 6 7 31 39;0.1319,0.706,-24.655
1 6 9 12 18 39;0.1319,0.706,-24.655
6 7 9 12 18 39;0.1319,0.706,-24.655
1 10 37;0.1538,0.875,-24.194
10 31 37;0.1538,0.875,-24.194
10 18 37;0.1538,0.875,-24.194
16 27 35 36;0.2418,1.000,-24.177
3 11 35 36;0.2637,0.960,-24.155
9 11 18 36;0.3407,0.816,-24.127
16 35 36;0.3077,0.875,-23.983
20 21 27 36;0.3187,0.853,-23.877
18 21 27 36;0.3187,0.853,-23.877
3 18 35 36;0.3187,0.853,-23.877
3 21 35 36;0.3187,0.853,-23.877
1 6 20 37;0.1978,0.581,-23.855
6 20 21 37;0.1978,0.581,-23.855
1 20 21 37;0.1978,0.581,-23.855
9 18 21 23 36;0.3626,0.767,-23.603
19 39;0.1319,0.667,-23.556
16 25 39;0.1319,0.667,-23.556
18 25 39;0.1319,0.667,-23.556
3 12 31 39;0.1319,0.667,-23.556
3 6 31 39;0.1319,0.667,-23.556
1 6 12 31 39;0.1319,0.667,-23.556
6 7 12 31 39;0.1319,0.667,-23.556
6 9 12 18 39;0.1319,0.667,-23.556
7 9 12 18 39;0.1319,0.667,-23.556
3 7 18 31 39;0.1319,0.667,-23.556
16 27 31 36;0.2747,0.926,-23.278
3 18 36;0.4176,0.644,-23.179
6 7 15 37;0.1978,0.562,-23.028
1 7 20 37;0.1978,0.562,-23.028
1 20 23 37;0.1978,0.562,-23.028
11 29 41;0.0769,1.000,-22.814
20 29 41;0.0769,1.000,-22.814
9 20 36;0.3956,0.692,-22.764
27 31 36;0.2857,0.897,-22.733
27 35 36;0.2527,0.958,-22.698
3 9 11 36;0.3407,0.795,-22.679
1 25 39;0.1319,0.632,-22.558
6 16 39;0.1319,0.632,-22.558
6 12 31 39;0.1319,0.632,-22.558
1 12 16 39;0.1319,0.632,-22.558
7 12 31 39;0.1319,0.632,-22.558
9 12 31 39;0.1319,0.632,-22.558
1 16 31 39;0.1319,0.632,-22.558
3 7 31 39;0.1319,0.632,-22.558
1 3 12 18 39;0.1319,0.632,-22.558
6 10 21 37;0.1538,0.824,-22.510
7 10 21 37;0.1538,0.824,-22.510
3 23 31 36;0.3297,0.811,-22.415
20 27 36;0.3187,0.829,-22.278
18 27 36;0.3187,0.829,-22.278
21 27 36;0.3187,0.829,-22.278
20 35 36;0.3187,0.829,-22.278
3 35 36;0.3187,0.829,-22.278
16 27 36;0.3077,0.848,-22.274
3 11 31 36;0.3077,0.848,-22.274
6 15 37;0.1978,0.545,-22.239
7 15 37;0.1978,0.545,-22.239
1 21 23 37;0.1978,0.545,-22.239
7 21 31 37;0.1978,0.545,-22.239
1 6 21 31 37;0.1978,0.545,-22.239
25 39;0.1319,0.600,-21.641
7 16 39;0.1319,0.600,-21.641
1 9 12 18 39;0.1319,0.600,-21.641
1 3 6 18 39;0.1319,0.600,-21.641
3 6 7 18 39;0.1319,0.600,-21.641
1 3 18 31 39;0.1319,0.600,-21.641
15 37;0.1978,0.529,-21.486
1 20 37;0.1978,0.529,-21.486
6 7 20 37;0.1978,0.529,-21.486
6 21 31 37;0.1978,0.529,-21.486
7 21 23 37;0.1978,0.529,-21.486
9 11 21 36;0.3407,0.775,-21.326
16 36;0.4066,0.649,-21.093
9 18 23 35 36;0.2857,0.867,-20.924
27 36;0.3187,0.806,-20.809
9 18 21 35 36;0.3187,0.806,-20.809
12 16 39;0.1319,0.571,-20.794
1 12 31 39;0.1319,0.571,-20.794
3 6 18 39;0.1319,0.571,-20.794
1 3 31 39;0.1319,0.571,-20.794
3 7 18 39;0.1319,0.571,-20.794
1 3 6 12 39;0.1319,0.571,-20.794
1 6 12 18 39;0.1319,0.571,-20.794
3 6 7 12 39;0.1319,0.571,-20.794
6 7 12 18 39;0.1319,0.571,-20.794
1 6 9 31 39;0.1319,0.571,-20.794
6 7 9 31 39;0.1319,0.571,-20.794
6 20 37;0.1978,0.514,-20.764
7 20 37;0.1978,0.514,-20.764
1 6 31 37;0.1978,0.514,-20.764
6 7 31 37;0.1978,0.514,-20.764
6 21 23 37;0.1978,0.514,-20.764
1 21 31 37;0.1978,0.514,-20.764
7 18 21 37;0.1978,0.514,-20.764
1 6 18 21 37;0.1978,0.514,-20.764
11 17 30 41;0.0769,0.875,-20.735
17 20 30 41;0.0769,0.875,-20.735
6 11 17 41;0.0769,0.875,-20.735
6 17 20 41;0.0769,0.875,-20.735
11 15 30 41;0.0769,0.875,-20.735
15 20 30 41;0.0769,0.875,-20.735
6 11 30 41;0.0769,0.875,-20.735
7 11 30 41;0.0769,0.875,-20.735
3 6 11 15 34 41;0.0769,0.875,-20.735
3 6 15 20 34 41;0.0769,0.875,-20.735
3 21 23 36;0.3846,0.686,-20.529
18 20 21 36;0.4176,0.613,-20.251
6 31 37;0.1978,0.500,-20.070
1 6 23 37;0.1978,0.500,-20.070
6 18 21 37;0.1978,0.500,-20.070
7 18 31 37;0.1978,0.500,-20.070
1 16 39;0.1319,0.545,-20.006
3 6 12 39;0.1319,0.545,-20.006
6 12 18 39;0.1319,0.545,-20.006
3 7 12 39;0.1319,0.545,-20.006
7 12 18 39;0.1319,0.545,-20.006
3 12 18 39;0.1319,0.545,-20.006
6 9 31 39;0.1319,0.545,-20.006
1 6 9 12 39;0.1319,0.545,-20.006
6 7 9 12 39;0.1319,0.545,-20.006
7 9 18 31 39;0.1319,0.545,-20.006
1 11 18 21 37;0.1429,0.812,-19.992
3 11 36;0.3626,0.717,-19.955
9 18 23 36;0.3626,0.717,-19.955
9 11 35 36;0.2637,0.889,-19.851
6 10 37;0.1538,0.737,-19.775
7 10 37;0.1538,0.737,-19.775
10 21 37;0.1538,0.737,-19.775
9 18 35 36;0.3187,0.784,-19.448
9 21 35 36;0.3187,0.784,-19.448
7 31 37;0.1978,0.486,-19.404
1 18 21 37;0.1978,0.486,-19.404
9 23 35 36;0.2857,0.839,-19.308
12 31 39;0.1319,0.522,-19.268
6 9 12 39;0.1319,0.522,-19.268
7 9 12 39;0.1319,0.522,-19.268
9 12 18 39;0.1319,0.522,-19.268
1 3 18 39;0.1319,0.522,-19.268
7 9 31 39;0.1319,0.522,-19.268
29 41;0.0769,0.778,-19.231
9 17 42;0.0769,0.778,-19.231
11 17 41;0.0769,0.778,-19.231
17 20 41;0.0769,0.778,-19.231
11 30 34 41;0.0769,0.778,-19.231
3 11 15 34 41;0.0769,0.778,-19.231
3 15 20 34 41;0.0769,0.778,-19.231
3 6 11 15 41;0.0769,0.778,-19.231
3 6 7 15 20 41;0.0769,0.778,-19.231
9 11 36;0.3407,0.738,-18.861
1 23 37;0.1978,0.474,-18.762
1 6 18 37;0.1978,0.474,-18.762
6 7 18 37;0.1978,0.474,-18.762
1 18 31 37;0.1978,0.474,-18.762
6 11 18 37;0.1429,0.765,-18.609
1 11 18 37;0.1429,0.765,-18.609
7 11 18 37;0.1429,0.765,-18.609
1 3 12 39;0.1319,0.500,-18.575
1 12 18 39;0.1319,0.500,-18.575
1 6 9 18 39;0.1319,0.500,-18.575
6 7 9 18 39;0.1319,0.500,-18.575
1 9 18 31 39;0.1319,0.500,-18.575
18 20 36;0.4176,0.594,-18.426
1 3 9 14 15 42;0.0659,1.000,-18.372
3 7 9 14 15 42;0.0659,1.000,-18.372
9 35 36;0.3187,0.763,-18.182
18 21 35 36;0.3187,0.763,-18.182
6 18 37;0.1978,0.462,-18.143
1 31 37;0.1978,0.462,-18.143
7 18 37;0.1978,0.462,-18.143
6 7 23 37;0.1978,0.462,-18.143
3 11 15 41;0.0769,0.700,-18.027
1 3 9 15 42;0.0769,0.700,-18.027
3 7 9 15 42;0.0769,0.700,-18.027
3 6 15 20 41;0.0769,0.700,-18.027
3 7 15 20 41;0.0769,0.700,-18.027
9 21 23 31 36;0.3077,0.778,-17.979
1 9 12 39;0.1319,0.480,-17.921
6 9 18 39;0.1319,0.480,-17.921
1 9 31 39;0.1319,0.480,-17.921
7 9 18 39;0.1319,0.480,-17.921
18 23 35 36;0.2857,0.812,-17.847
9 18 21 36;0.3956,0.632,-17.704
10 37;0.1538,0.667,-17.579
3 21 36;0.4176,0.585,-17.547
6 23 37;0.1978,0.450,-17.545
1 6 12 39;0.1319,0.462,-17.302
6 7 12 39;0.1319,0.462,-17.302
1 17 42;0.0769,0.636,-17.015
3 9 15 42;0.0769,0.636,-17.015
6 20 30 41;0.0769,0.636,-17.015
7 20 30 41;0.0769,0.636,-17.015
3 15 20 41;0.0769,0.636,-17.015
3 6 11 34 41;0.0769,0.636,-17.015
18 35 36;0.3187,0.744,-16.999
21 35 36;0.3187,0.744,-16.999
1 18 37;0.1978,0.439,-16.967
7 23 37;0.1978,0.439,-16.967
11 18 21 36;0.3626,0.673,-16.808
6 12 39;0.1319,0.444,-16.714
7 12 39;0.1319,0.444,-16.714
3 12 39;0.1319,0.444,-16.714
12 18 39;0.1319,0.444,-16.714
1 9 18 39;0.1319,0.444,-16.714
11 35 36;0.2637,0.828,-16.621
23 35 36;0.2857,0.788,-16.513
14 17 42;0.0659,0.857,-16.436
13 17 41;0.0659,0.857,-16.436
13 15 30 41;0.0659,0.857,-16.436
1 3 14 15 42;0.0659,0.857,-16.436
3 7 14 15 42;0.0659,0.857,-16.436
3 13 15 34 41;0.0659,0.857,-16.436
3 7 11 13 34 41;0.0659,0.857,-16.436
9 12 39;0.1319,0.429,-16.155
1 3 6 9 39;0.1319,0.429,-16.155
3 6 7 9 39;0.1319,0.429,-16.155
1 3 15 42;0.0769,0.583,-16.140
17 30 34 41;0.0769,0.583,-16.140
6 17 34 41;0.0769,0.583,-16.140
15 30 34 41;0.0769,0.583,-16.140
20 30 34 41;0.0769,0.583,-16.140
3 6 11 41;0.0769,0.583,-16.140
3 6 15 34 41;0.0769,0.583,-16.140
3 7 11 34 41;0.0769,0.583,-16.140
35 36;0.3187,0.725,-15.889
1 3 18 23 31 38;0.0549,0.833,-15.863
3 7 18 23 31 38;0.0549,0.833,-15.863
11 18 36;0.3626,0.660,-15.850
9 21 23 36;0.3626,0.660,-15.850
1 12 39;0.1319,0.414,-15.620
3 6 9 39;0.1319,0.414,-15.620
17 32 42;0.0769,0.538,-15.367
17 30 41;0.0769,0.538,-15.367
17 34 41;0.0769,0.538,-15.367
6 17 41;0.0769,0.538,-15.367
15 30 41;0.0769,0.538,-15.367
11 30 41;0.0769,0.538,-15.367
3 15 34 41;0.0769,0.538,-15.367
3 7 11 41;0.0769,0.538,-15.367
1 6 21 37;0.1978,0.409,-15.339
1 7 21 37;0.1978,0.409,-15.339
1 3 6 39;0.1319,0.400,-15.110
3 7 9 39;0.1319,0.400,-15.110
9 15 30 42;0.0659,0.750,-15.060
3 14 15 42;0.0659,0.750,-15.060
6 13 30 41;0.0659,0.750,-15.060
7 13 30 41;0.0659,0.750,-15.060
3 13 15 41;0.0659,0.750,-15.060
3 6 13 20 34 41;0.0659,0.750,-15.060
3 6 13 23 34 41;0.0659,0.750,-15.060
3 7 13 20 34 41;0.0659,0.750,-15.060
3 7 13 23 34 41;0.0659,0.750,-15.060
20 21 36;0.4176,0.559,-15.034
3 9 23 36;0.3626,0.647,-14.933
7 21 37;0.1978,0.400,-14.828
12 16 27 34 40;0.0440,1.000,-14.799
12 20 27 34 40;0.0440,1.000,-14.799
12 18 27 34 40;0.0440,1.000,-14.799
6 12 16 27 40;0.0440,1.000,-14.799
1 12 16 27 40;0.0440,1.000,-14.799
1 12 20 27 40;0.0440,1.000,-14.799
1 12 18 27 40;0.0440,1.000,-14.799
7 12 16 27 40;0.0440,1.000,-14.799
7 12 20 27 40;0.0440,1.000,-14.799
7 12 18 27 40;0.0440,1.000,-14.799
12 16 20 34 40;0.0440,1.000,-14.799
9 12 20 34 40;0.0440,1.000,-14.799
3 12 20 34 40;0.0440,1.000,-14.799
6 12 16 20 40;0.0440,1.000,-14.799
6 12 16 23 40;0.0440,1.000,-14.799
7 12 16 20 40;0.0440,1.000,-14.799
3 7 12 20 40;0.0440,1.000,-14.799
1 3 6 12 20 40;0.0440,1.000,-14.799
1 12 16 20 23 40;0.0440,1.000,-14.799
1 3 12 20 23 40;0.0440,1.000,-14.799
6 9 12 18 23 34 40;0.0440,1.000,-14.799
3 6 12 18 23 34 40;0.0440,1.000,-14.799
1 3 6 12 18 23 40;0.0440,1.000,-14.799
3 6 7 12 18 23 40;0.0440,1.000,-14.799
17 42;0.0769,0.500,-14.673
17 41;0.0769,0.500,-14.673
1 9 15 42;0.0769,0.500,-14.673
7 9 15 42;0.0769,0.500,-14.673
3 7 15 32 42;0.0769,0.500,-14.673
3 6 7 15 41;0.0769,0.500,-14.673
19 30 42;0.0549,1.000,-14.611
15 19 42;0.0549,1.000,-14.611
10 30 41;0.0549,1.000,-14.611
6 19 23 42;0.0549,1.000,-14.611
12 15 30 42;0.0549,1.000,-14.611
3 10 15 41;0.0549,1.000,-14.611
3 6 10 41;0.0549,1.000,-14.611
3 7 10 41;0.0549,1.000,-14.611
3 7 12 15 42;0.0549,1.000,-14.611
1 3 23 31 38;0.0549,0.714,-14.611
3 7 23 31 38;0.0549,0.714,-14.611
9 23 31 36;0.3077,0.718,-14.550
1 11 21 37;0.1429,0.619,-14.423
6 21 37;0.1978,0.391,-14.332
1 21 37;0.1978,0.391,-14.332
9 18 36;0.3956,0.590,-14.227
12 39;0.1319,0.375,-14.150
1 6 9 39;0.1319,0.375,-14.150
6 7 9 39;0.1319,0.375,-14.150
1 3 7 39;0.1319,0.375,-14.150
1 3 9 39;0.1319,0.375,-14.150
9 15 42;0.0769,0.467,-14.045
3 7 15 42;0.0769,0.467,-14.045
3 15 32 42;0.0769,0.467,-14.045
6 30 34 41;0.0769,0.467,-14.045
7 30 34 41;0.0769,0.467,-14.045
3 6 15 41;0.0769,0.467,-14.045
3 7 15 41;0.0769,0.467,-14.045
3 6 20 34 41;0.0769,0.467,-14.045
3 23 36;0.3846,0.603,-13.984
13 30 34 41;0.0659,0.667,-13.972
3 6 13 20 41;0.0659,0.667,-13.972
3 6 13 23 41;0.0659,0.667,-13.972
3 7 13 20 41;0.0659,0.667,-13.972
3 7 13 23 41;0.0659,0.667,-13.972
6 9 39;0.1319,0.364,-13.698
3 6 7 39;0.1319,0.364,-13.698
1 6 11 37;0.1429,0.591,-13.597
3 15 42;0.0769,0.438,-13.470
30 34 41;0.0769,0.438,-13.470
6 30 41;0.0769,0.438,-13.470
7 30 41;0.0769,0.438,-13.470
3 15 41;0.0769,0.438,-13.470
20 23 30 41;0.0769,0.438,-13.470
3 7 20 34 41;0.0769,0.438,-13.470
3 6 7 20 41;0.0769,0.438,-13.470
1 6 37;0.1978,0.375,-13.379
3 6 39;0.1319,0.353,-13.263
1 3 39;0.1319,0.353,-13.263
7 9 39;0.1319,0.353,-13.263
12 27 34 40;0.0440,0.800,-13.189
1 12 27 40;0.0440,0.800,-13.189
7 12 27 40;0.0440,0.800,-13.189
12 16 27 40;0.0440,0.800,-13.189
6 16 27 40;0.0440,0.800,-13.189
1 16 27 40;0.0440,0.800,-13.189
7 16 27 40;0.0440,0.800,-13.189
6 12 20 27 40;0.0440,0.800,-13.189
6 12 18 27 40;0.0440,0.800,-13.189
12 16 23 34 40;0.0440,0.800,-13.189
3 6 12 20 40;0.0440,0.800,-13.189
1 12 16 23 40;0.0440,0.800,-13.189
7 12 16 23 40;0.0440,0.800,-13.189
7 9 12 20 40;0.0440,0.800,-13.189
12 16 20 23 40;0.0440,0.800,-13.189
6 20 27 34 40;0.0440,0.800,-13.189
6 18 27 34 40;0.0440,0.800,-13.189
1 20 27 34 40;0.0440,0.800,-13.189
1 18 27 34 40;0.0440,0.800,-13.189
7 20 27 34 40;0.0440,0.800,-13.189
7 18 27 34 40;0.0440,0.800,-13.189
9 12 18 23 34 40;0.0440,0.800,-13.189
3 12 18 23 34 40;0.0440,0.800,-13.189
1 6 9 12 20 40;0.0440,0.800,-13.189
3 6 12 18 23 40;0.0440,0.800,-13.189
1 9 12 20 23 40;0.0440,0.800,-13.189
1 3 12 18 23 40;0.0440,0.800,-13.189
3 7 12 18 23 40;0.0440,0.800,-13.189
1 6 9 12 18 23 40;0.0440,0.800,-13.189
6 7 9 12 18 23 40;0.0440,0.800,-13.189
3 6 11 31 38;0.0440,1.000,-13.189
3 6 11 18 38;0.0440,1.000,-13.189
1 3 11 18 38;0.0440,1.000,-13.189
3 7 11 18 38;0.0440,1.000,-13.189
18 21 23 36;0.3846,0.593,-13.175
13 30 41;0.0659,0.600,-13.066
1 15 30 42;0.0659,0.600,-13.066
20 30 41;0.0769,0.412,-12.939
3 6 20 41;0.0769,0.412,-12.939
3 7 20 41;0.0769,0.412,-12.939
6 11 15 34 41;0.0769,0.412,-12.939
3 7 39;0.1319,0.343,-12.843
1 6 31 39;0.1319,0.343,-12.843
6 7 31 39;0.1319,0.343,-12.843
19 23 42;0.0549,0.833,-12.838
14 15 30 42;0.0549,0.833,-12.838
1 11 37;0.1429,0.565,-12.833
1 3 18 23 38;0.0549,0.556,-12.819
3 7 18 23 38;0.0549,0.556,-12.819
3 31 36;0.3516,0.627,-12.591
1 7 37;0.1978,0.360,-12.475
11 15 34 41;0.0769,0.389,-12.446
1 3 9 23 42;0.0769,0.389,-12.446
3 7 9 23 42;0.0769,0.389,-12.446
6 31 39;0.1319,0.333,-12.437
1 9 39;0.1319,0.333,-12.437
7 18 31 39;0.1319,0.333,-12.437
6 9 30 42;0.0659,0.545,-12.288
1 9 30 42;0.0659,0.545,-12.288
7 9 30 42;0.0659,0.545,-12.288
1 9 18 23 31 38;0.0549,0.500,-12.126
7 9 18 23 31 38;0.0549,0.500,-12.126
20 21 31 34 37;0.1429,0.542,-12.123
21 23 31 34 37;0.1429,0.542,-12.123
6 12 27 40;0.0440,0.667,-12.091
12 20 27 40;0.0440,0.667,-12.091
12 18 27 40;0.0440,0.667,-12.091
12 16 23 40;0.0440,0.667,-12.091
6 27 34 40;0.0440,0.667,-12.091
1 27 34 40;0.0440,0.667,-12.091
7 27 34 40;0.0440,0.667,-12.091
1 20 27 40;0.0440,0.667,-12.091
1 18 27 40;0.0440,0.667,-12.091
7 20 27 40;0.0440,0.667,-12.091
7 18 27 40;0.0440,0.667,-12.091
6 9 12 20 40;0.0440,0.667,-12.091
1 12 16 20 40;0.0440,0.667,-12.091
1 3 12 20 40;0.0440,0.667,-12.091
3 12 20 23 40;0.0440,0.667,-12.091
6 9 12 18 23 40;0.0440,0.667,-12.091
1 9 12 18 23 40;0.0440,0.667,-12.091
7 9 12 18 23 40;0.0440,0.667,-12.091
7 31 39;0.1319,0.324,-12.045
6 7 37;0.1978,0.353,-12.040
3 6 23 34 41;0.0769,0.368,-11.987
9 21 36;0.3956,0.562,-11.887
1 6 18 39;0.1319,0.316,-11.666
6 7 18 39;0.1319,0.316,-11.666
1 18 31 39;0.1319,0.316,-11.666
11 21 36;0.3626,0.600,-11.619
9 23 36;0.3626,0.600,-11.619
6 37;0.1978,0.346,-11.615
1 37;0.1978,0.346,-11.615
21 23 31 37;0.1978,0.346,-11.615
15 30 32 42;0.0659,0.500,-11.605
3 6 13 34 41;0.0659,0.500,-11.605
3 7 13 34 41;0.0659,0.500,-11.605
3 10 41;0.0549,0.714,-11.605
6 12 14 30 42;0.0549,0.714,-11.605
1 12 14 30 42;0.0549,0.714,-11.605
7 12 14 30 42;0.0549,0.714,-11.605
12 14 23 30 42;0.0549,0.714,-11.605
1 16 23 31 38;0.0440,0.800,-11.589
1 3 11 31 38;0.0440,0.800,-11.589
7 16 23 31 38;0.0440,0.800,-11.589
3 7 11 31 38;0.0440,0.800,-11.589
1 3 6 20 31 38;0.0440,0.800,-11.589
3 6 7 20 31 38;0.0440,0.800,-11.589
3 7 18 20 31 38;0.0440,0.800,-11.589
1 3 23 42;0.0769,0.350,-11.556
6 11 34 41;0.0769,0.350,-11.556
1 9 23 31 38;0.0549,0.455,-11.519
7 9 23 31 38;0.0549,0.455,-11.519
18 20 31 34 37;0.1429,0.520,-11.459
6 18 39;0.1319,0.308,-11.298
1 31 39;0.1319,0.308,-11.298
7 18 39;0.1319,0.308,-11.298
12 27 40;0.0440,0.571,-11.243
1 27 40;0.0440,0.571,-11.243
7 27 40;0.0440,0.571,-11.243
6 20 27 40;0.0440,0.571,-11.243
6 18 27 40;0.0440,0.571,-11.243
6 16 20 40;0.0440,0.571,-11.243
6 16 23 40;0.0440,0.571,-11.243
7 16 20 40;0.0440,0.571,-11.243
1 9 12 20 40;0.0440,0.571,-11.243
9 12 20 23 40;0.0440,0.571,-11.243
3 12 18 23 40;0.0440,0.571,-11.243
1 16 20 34 40;0.0440,0.571,-11.243
1 16 20 23 40;0.0440,0.571,-11.243
3 6 18 20 34 40;0.0440,0.571,-11.243
3 6 18 23 34 40;0.0440,0.571,-11.243
1 3 18 20 34 40;0.0440,0.571,-11.243
3 7 18 20 34 40;0.0440,0.571,-11.243
7 37;0.1978,0.340,-11.200
20 36;0.4176,0.521,-11.200
3 36;0.4176,0.521,-11.200
18 21 36;0.4176,0.521,-11.200
18 20 23 31 37;0.1978,0.340,-11.200
23 30 41;0.0769,0.333,-11.151
7 11 34 41;0.0769,0.333,-11.151
3 11 34 41;0.0769,0.333,-11.151
6 15 20 34 41;0.0769,0.333,-11.151
3 7 23 34 41;0.0769,0.333,-11.151
3 6 7 23 41;0.0769,0.333,-11.151
15 30 42;0.0659,0.462,-10.997
1 30 42;0.0659,0.462,-10.997
3 6 13 41;0.0659,0.462,-10.997
3 7 13 41;0.0659,0.462,-10.997
18 23 36;0.3846,0.565,-10.904
20 31 34 37;0.1429,0.500,-10.838
18 23 31 34 37;0.1429,0.500,-10.838
20 23 31 37;0.1978,0.333,-10.794
20 21 31 37;0.1978,0.333,-10.794
18 23 31 37;0.1978,0.333,-10.794
30 41;0.0769,0.318,-10.768
1 9 23 42;0.0769,0.318,-10.768
7 9 23 42;0.0769,0.318,-10.768
15 20 34 41;0.0769,0.318,-10.768
6 11 15 41;0.0769,0.318,-10.768
3 6 23 41;0.0769,0.318,-10.768
3 7 23 32 42;0.0769,0.318,-10.768
12 14 30 42;0.0549,0.625,-10.644
6 12 30 42;0.0549,0.625,-10.644
7 12 30 42;0.0549,0.625,-10.644
12 23 30 42;0.0549,0.625,-10.644
6 14 30 42;0.0549,0.625,-10.644
7 14 30 42;0.0549,0.625,-10.644
3 6 7 12 14 23 42;0.0549,0.625,-10.644
1 18 39;0.1319,0.293,-10.595
6 27 40;0.0440,0.500,-10.550
12 20 34 40;0.0440,0.500,-10.550
12 16 20 40;0.0440,0.500,-10.550
1 16 23 40;0.0440,0.500,-10.550
7 16 23 40;0.0440,0.500,-10.550
9 12 18 23 40;0.0440,0.500,-10.550
3 7 18 20 40;0.0440,0.500,-10.550
6 9 12 23 34 40;0.0440,0.500,-10.550
3 6 12 23 34 40;0.0440,0.500,-10.550
6 12 18 23 34 40;0.0440,0.500,-10.550
6 9 18 20 34 40;0.0440,0.500,-10.550
6 9 18 23 34 40;0.0440,0.500,-10.550
1 9 18 20 34 40;0.0440,0.500,-10.550
1 3 18 23 34 40;0.0440,0.500,-10.550
7 9 18 20 34 40;0.0440,0.500,-10.550
3 7 18 23 34 40;0.0440,0.500,-10.550
1 3 6 18 20 40;0.0440,0.500,-10.550
1 3 6 18 23 40;0.0440,0.500,-10.550
3 6 7 18 23 40;0.0440,0.500,-10.550
1 3 18 20 23 40;0.0440,0.500,-10.550
3 6 20 31 38;0.0440,0.667,-10.500
3 6 23 31 38;0.0440,0.667,-10.500
3 7 20 31 38;0.0440,0.667,-10.500
1 9 18 23 38;0.0549,0.385,-10.495
7 9 18 23 38;0.0549,0.385,-10.495
13 15 34 41;0.0659,0.429,-10.448
9 23 30 32 42;0.0659,0.429,-10.448
3 7 14 23 42;0.0659,0.429,-10.448
11 15 41;0.0769,0.304,-10.405
3 7 23 42;0.0769,0.304,-10.405
3 7 23 41;0.0769,0.304,-10.405
23 31 37;0.1978,0.327,-10.398
18 20 31 37;0.1978,0.327,-10.398
6 16 30 40;0.0330,1.000,-10.321
6 18 30 40;0.0330,1.000,-10.321
1 16 30 40;0.0330,1.000,-10.321
1 18 30 40;0.0330,1.000,-10.321
7 16 30 40;0.0330,1.000,-10.321
7 18 30 40;0.0330,1.000,-10.321
12 16 30 34 40;0.0330,1.000,-10.321
12 18 30 34 40;0.0330,1.000,-10.321
6 12 20 30 40;0.0330,1.000,-10.321
1 12 20 30 40;0.0330,1.000,-10.321
7 12 20 30 40;0.0330,1.000,-10.321
12 20 23 30 40;0.0330,1.000,-10.321
12 18 23 30 40;0.0330,1.000,-10.321
16 30 32 34 40;0.0330,1.000,-10.321
18 30 32 34 40;0.0330,1.000,-10.321
20 27 30 32 34 40;0.0330,1.000,-10.321
18 20 21 34 37;0.1429,0.481,-10.254
18 21 23 34 37;0.1429,0.481,-10.254
20 31 37;0.1978,0.321,-10.010
7 12 20 40;0.0440,0.444,-9.962
3 12 20 40;0.0440,0.444,-9.962
1 16 20 40;0.0440,0.444,-9.962
9 12 23 34 40;0.0440,0.444,-9.962
3 12 23 34 40;0.0440,0.444,-9.962
12 18 23 34 40;0.0440,0.444,-9.962
1 6 12 20 40;0.0440,0.444,-9.962
1 12 20 23 40;0.0440,0.444,-9.962
16 27 32 34 40;0.0440,0.444,-9.962
20 27 32 34 40;0.0440,0.444,-9.962
18 27 32 34 40;0.0440,0.444,-9.962
3 6 18 20 40;0.0440,0.444,-9.962
3 6 18 23 40;0.0440,0.444,-9.962
1 3 18 23 40;0.0440,0.444,-9.962
3 7 18 23 40;0.0440,0.444,-9.962
1 3 6 12 23 40;0.0440,0.444,-9.962
1 6 12 18 23 40;0.0440,0.444,-9.962
3 6 7 12 23 40;0.0440,0.444,-9.962
6 7 12 18 23 40;0.0440,0.444,-9.962
1 9 18 23 34 40;0.0440,0.444,-9.962
7 9 18 23 34 40;0.0440,0.444,-9.962
6 30 32 42;0.0659,0.400,-9.949
7 30 32 42;0.0659,0.400,-9.949
9 30 32 42;0.0659,0.400,-9.949
6 13 20 34 41;0.0659,0.400,-9.949
6 13 23 34 41;0.0659,0.400,-9.949
7 13 20 34 41;0.0659,0.400,-9.949
7 13 23 34 41;0.0659,0.400,-9.949
3 13 20 34 41;0.0659,0.400,-9.949
3 13 23 34 41;0.0659,0.400,-9.949
12 30 42;0.0549,0.556,-9.854
1 12 14 15 42;0.0549,0.556,-9.854
7 12 14 15 42;0.0549,0.556,-9.854
3 6 12 14 23 42;0.0549,0.556,-9.854
6 11 41;0.0769,0.280,-9.731
6 15 34 41;0.0769,0.280,-9.731
3 20 34 41;0.0769,0.280,-9.731
1 14 16 23 38;0.0440,0.571,-9.662
7 14 16 23 38;0.0440,0.571,-9.662
6 9 11 31 38;0.0440,0.571,-9.662
3 6 9 11 38;0.0440,0.571,-9.662
6 9 11 18 38;0.0440,0.571,-9.662
1 9 11 18 38;0.0440,0.571,-9.662
7 9 11 18 38;0.0440,0.571,-9.662
14 16 23 31 34 38;0.0440,0.571,-9.662
1 3 18 20 31 38;0.0440,0.571,-9.662
3 14 18 23 31 34 38;0.0440,0.571,-9.662
6 30 42;0.0659,0.375,-9.490
7 30 42;0.0659,0.375,-9.490
9 23 30 42;0.0659,0.375,-9.490
1 14 15 42;0.0659,0.375,-9.490
7 14 15 42;0.0659,0.375,-9.490
7 11 13 41;0.0659,0.375,-9.490
6 12 20 40;0.0440,0.400,-9.451
9 12 20 40;0.0440,0.400,-9.451
27 32 34 40;0.0440,0.400,-9.451
3 6 12 23 40;0.0440,0.400,-9.451
6 12 18 23 40;0.0440,0.400,-9.451
1 3 12 23 40;0.0440,0.400,-9.451
1 12 18 23 40;0.0440,0.400,-9.451
3 7 12 23 40;0.0440,0.400,-9.451
7 12 18 23 40;0.0440,0.400,-9.451
1 3 18 20 40;0.0440,0.400,-9.451
1 6 9 12 23 40;0.0440,0.400,-9.451
6 7 9 12 23 40;0.0440,0.400,-9.451
3 6 9 20 34 40;0.0440,0.400,-9.451
15 34 41;0.0769,0.269,-9.418
7 11 41;0.0769,0.269,-9.418
16 23 25 38;0.0330,1.000,-9.405
23 25 31 38;0.0330,1.000,-9.405
18 23 25 38;0.0330,1.000,-9.405
6 11 16 38;0.0330,1.000,-9.405
1 11 16 38;0.0330,1.000,-9.405
7 11 16 38;0.0330,1.000,-9.405
9 16 21 31 34 39;0.0879,0.471,-9.274
3 9 21 31 34 39;0.0879,0.471,-9.274
18 20 34 37;0.1429,0.448,-9.183
12 14 15 42;0.0549,0.500,-9.181
1 12 15 42;0.0549,0.500,-9.181
7 12 15 42;0.0549,0.500,-9.181
14 23 30 32 42;0.0549,0.500,-9.181
3 6 12 23 42;0.0549,0.500,-9.181
6 9 12 14 23 42;0.0549,0.500,-9.181
3 6 34 41;0.0769,0.259,-9.118
6 7 15 20 41;0.0769,0.259,-9.118
9 30 42;0.0659,0.353,-9.066
14 15 42;0.0659,0.353,-9.066
13 15 41;0.0659,0.353,-9.066
3 6 9 23 42;0.0659,0.353,-9.066
9 16 31 39;0.1319,0.261,-9.001
1 12 20 40;0.0440,0.364,-8.999
12 20 23 40;0.0440,0.364,-8.999
16 27 34 40;0.0440,0.364,-8.999
20 27 34 40;0.0440,0.364,-8.999
18 27 34 40;0.0440,0.364,-8.999
6 9 12 23 40;0.0440,0.364,-8.999
1 9 12 23 40;0.0440,0.364,-8.999
7 9 12 23 40;0.0440,0.364,-8.999
6 9 20 34 40;0.0440,0.364,-8.999
6 12 16 32 34 40;0.0440,0.364,-8.999
1 3 9 20 34 40;0.0440,0.364,-8.999
3 7 9 20 34 40;0.0440,0.364,-8.999
1 3 6 9 20 40;0.0440,0.364,-8.999
3 6 7 9 20 40;0.0440,0.364,-8.999
6 9 12 18 32 34 40;0.0440,0.364,-8.999
3 6 12 18 32 34 40;0.0440,0.364,-8.999
1 16 23 38;0.0440,0.500,-8.978
7 16 23 38;0.0440,0.500,-8.978
1 9 11 31 38;0.0440,0.500,-8.978
1 3 9 11 38;0.0440,0.500,-8.978
1 3 20 31 38;0.0440,0.500,-8.978
7 9 11 31 38;0.0440,0.500,-8.978
3 7 9 11 38;0.0440,0.500,-8.978
3 7 18 20 38;0.0440,0.500,-8.978
3 14 23 31 34 38;0.0440,0.500,-8.978
1 3 6 18 20 38;0.0440,0.500,-8.978
9 14 18 23 31 34 38;0.0440,0.500,-8.978
12 16 30 40;0.0330,0.750,-8.944
12 20 30 40;0.0330,0.750,-8.944
12 18 30 40;0.0330,0.750,-8.944
16 30 34 40;0.0330,0.750,-8.944
18 30 34 40;0.0330,0.750,-8.944
3 7 18 31 32 38;0.0549,0.294,-8.925
18 21 23 37;0.1978,0.305,-8.895
1 15 32 42;0.0769,0.250,-8.830
6 15 20 41;0.0769,0.250,-8.830
7 15 20 41;0.0769,0.250,-8.830
6 20 34 41;0.0769,0.250,-8.830
11 36;0.3626,0.559,-8.793
9 21 31 34 39;0.0879,0.444,-8.735
18 23 34 37;0.1429,0.433,-8.691
23 30 32 42;0.0659,0.333,-8.672
6 13 20 41;0.0659,0.333,-8.672
6 13 23 41;0.0659,0.333,-8.672
7 13 20 41;0.0659,0.333,-8.672
7 13 23 41;0.0659,0.333,-8.672
1 3 9 23 38;0.0549,0.278,-8.599
3 7 18 31 38;0.0549,0.278,-8.599
3 7 31 32 38;0.0549,0.278,-8.599
3 7 9 23 38;0.0549,0.278,-8.599
12 15 42;0.0549,0.455,-8.595
14 23 30 42;0.0549,0.455,-8.595
14 30 32 42;0.0549,0.455,-8.595
3 12 14 23 42;0.0549,0.455,-8.595
6 9 12 23 42;0.0549,0.455,-8.595
27 34 40;0.0440,0.333,-8.594
3 12 23 40;0.0440,0.333,-8.594
12 18 23 40;0.0440,0.333,-8.594
6 12 16 34 40;0.0440,0.333,-8.594
6 12 23 34 40;0.0440,0.333,-8.594
12 16 32 34 40;0.0440,0.333,-8.594
1 9 20 34 40;0.0440,0.333,-8.594
7 9 20 34 40;0.0440,0.333,-8.594
3 6 9 20 40;0.0440,0.333,-8.594
3 7 9 20 40;0.0440,0.333,-8.594
7 9 18 20 40;0.0440,0.333,-8.594
6 9 12 18 34 40;0.0440,0.333,-8.594
3 6 12 18 34 40;0.0440,0.333,-8.594
9 12 18 32 34 40;0.0440,0.333,-8.594
3 12 18 32 34 40;0.0440,0.333,-8.594
1 3 6 20 34 40;0.0440,0.333,-8.594
9 16 20 32 34 40;0.0440,0.333,-8.594
1 6 9 18 20 40;0.0440,0.333,-8.594
1 6 9 18 23 40;0.0440,0.333,-8.594
6 7 9 18 23 40;0.0440,0.333,-8.594
1 3 9 20 23 40;0.0440,0.333,-8.594
1 9 18 20 23 40;0.0440,0.333,-8.594
3 9 18 20 32 34 40;0.0440,0.333,-8.594
15 20 41;0.0769,0.241,-8.554
7 20 34 41;0.0769,0.241,-8.554
3 7 34 41;0.0769,0.241,-8.554
3 7 9 32 42;0.0769,0.241,-8.554
1 6 39;0.1319,0.250,-8.418
16 31 39;0.1319,0.250,-8.418
3 9 18 31 39;0.1319,0.250,-8.418
14 16 23 34 38;0.0440,0.444,-8.400
1 3 6 11 38;0.0440,0.444,-8.400
3 6 18 20 38;0.0440,0.444,-8.400
3 6 18 23 38;0.0440,0.444,-8.400
1 14 16 31 34 38;0.0440,0.444,-8.400
7 14 16 31 34 38;0.0440,0.444,-8.400
9 14 23 31 34 38;0.0440,0.444,-8.400
3 14 18 23 34 38;0.0440,0.444,-8.400
1 6 9 20 31 38;0.0440,0.444,-8.400
6 7 9 20 31 38;0.0440,0.444,-8.400
7 9 18 20 31 38;0.0440,0.444,-8.400
1 3 14 18 31 34 38;0.0440,0.444,-8.400
18 36;0.4176,0.494,-8.399
30 32 42;0.0659,0.316,-8.304
6 13 34 41;0.0659,0.316,-8.304
7 13 34 41;0.0659,0.316,-8.304
3 13 34 41;0.0659,0.316,-8.304
3 7 31 38;0.0549,0.263,-8.294
1 3 18 31 32 38;0.0549,0.263,-8.294
1 15 42;0.0769,0.233,-8.288
11 34 41;0.0769,0.233,-8.288
7 15 32 42;0.0769,0.233,-8.288
3 7 9 42;0.0769,0.233,-8.288
3 23 34 41;0.0769,0.233,-8.288
3 21 31 34 39;0.0879,0.421,-8.237
12 16 34 40;0.0440,0.308,-8.226
12 23 34 40;0.0440,0.308,-8.226
9 12 23 40;0.0440,0.308,-8.226
9 12 18 34 40;0.0440,0.308,-8.226
3 12 18 34 40;0.0440,0.308,-8.226
1 3 20 34 40;0.0440,0.308,-8.226
1 3 6 20 40;0.0440,0.308,-8.226
6 9 18 20 40;0.0440,0.308,-8.226
6 9 18 23 40;0.0440,0.308,-8.226
1 9 18 23 40;0.0440,0.308,-8.226
7 9 18 23 40;0.0440,0.308,-8.226
9 16 23 32 34 40;0.0440,0.308,-8.226
9 18 20 32 34 40;0.0440,0.308,-8.226
3 9 18 23 32 34 40;0.0440,0.308,-8.226
18 20 23 37;0.1978,0.295,-8.189
2 7 41;0.0330,1.000,-8.152
2 10 15 41;0.0330,1.000,-8.152
2 6 10 41;0.0330,1.000,-8.152
2 6 13 41;0.0330,1.000,-8.152
2 6 34 41;0.0330,1.000,-8.152
3 9 31 39;0.1319,0.245,-8.137
14 30 42;0.0549,0.417,-8.077
3 12 23 42;0.0549,0.417,-8.077
9 12 14 23 42;0.0549,0.417,-8.077
1 6 12 14 23 42;0.0549,0.417,-8.077
6 7 12 14 23 42;0.0549,0.417,-8.077
16 27 30 32 40;0.0330,0.600,-8.036
20 27 30 32 40;0.0330,0.600,-8.036
18 27 30 32 40;0.0330,0.600,-8.036
14 23 25 38;0.0330,0.750,-8.036
3 6 11 14 38;0.0330,0.750,-8.036
6 16 20 31 38;0.0330,0.750,-8.036
6 16 23 31 38;0.0330,0.750,-8.036
7 16 20 31 38;0.0330,0.750,-8.036
6 9 11 14 34 38;0.0330,0.750,-8.036
1 16 20 31 34 38;0.0330,0.750,-8.036
15 32 42;0.0769,0.226,-8.032
1 3 7 32 42;0.0769,0.226,-8.032
1 3 9 32 42;0.0769,0.226,-8.032
21 23 31 36;0.3297,0.577,-8.011
1 3 23 38;0.0549,0.250,-8.006
1 3 18 31 38;0.0549,0.250,-8.006
1 3 31 32 38;0.0549,0.250,-8.006
3 7 18 32 38;0.0549,0.250,-8.006
6 9 11 38;0.0440,0.400,-7.899
1 3 11 38;0.0440,0.400,-7.899
6 9 20 31 38;0.0440,0.400,-7.899
6 9 23 31 38;0.0440,0.400,-7.899
1 3 18 20 38;0.0440,0.400,-7.899
7 9 20 31 38;0.0440,0.400,-7.899
1 3 14 31 34 38;0.0440,0.400,-7.899
9 14 18 23 34 38;0.0440,0.400,-7.899
1 9 14 18 31 34 38;0.0440,0.400,-7.899
7 9 14 18 31 34 38;0.0440,0.400,-7.899
9 16 23 31 32 34 38;0.0440,0.400,-7.899
3 9 18 23 31 32 34 38;0.0440,0.400,-7.899
12 20 40;0.0440,0.286,-7.890
1 6 12 23 40;0.0440,0.286,-7.890
6 7 12 23 40;0.0440,0.286,-7.890
6 16 32 34 40;0.0440,0.286,-7.890
9 16 20 34 40;0.0440,0.286,-7.890
16 20 32 34 40;0.0440,0.286,-7.890
1 3 7 20 40;0.0440,0.286,-7.890
1 3 9 20 40;0.0440,0.286,-7.890
1 9 18 20 40;0.0440,0.286,-7.890
1 3 20 23 40;0.0440,0.286,-7.890
3 6 9 23 34 40;0.0440,0.286,-7.890
3 6 20 32 34 40;0.0440,0.286,-7.890
3 6 18 32 34 40;0.0440,0.286,-7.890
3 9 18 20 34 40;0.0440,0.286,-7.890
9 18 23 32 34 40;0.0440,0.286,-7.890
3 18 20 32 34 40;0.0440,0.286,-7.890
1 7 39;0.1319,0.240,-7.863
3 18 31 39;0.1319,0.240,-7.863
18 23 37;0.1978,0.290,-7.846
18 20 21 37;0.1978,0.290,-7.846
9 36;0.3956,0.514,-7.787
1 3 7 42;0.0769,0.219,-7.785
1 3 9 42;0.0769,0.219,-7.785
6 7 15 41;0.0769,0.219,-7.785
6 23 34 41;0.0769,0.219,-7.785
21 31 34 37;0.1429,0.406,-7.781
9 16 21 34 39;0.0879,0.400,-7.776
9 18 31 34 39;0.0879,0.400,-7.776
3 9 18 21 34 39;0.0879,0.400,-7.776
1 3 31 38;0.0549,0.238,-7.734
3 7 18 38;0.0549,0.238,-7.734
7 9 18 31 32 38;0.0549,0.238,-7.734
23 30 42;0.0659,0.286,-7.634
6 9 23 42;0.0659,0.286,-7.634
3 6 23 32 42;0.0659,0.286,-7.634
3 9 23 32 34 42;0.0659,0.286,-7.634
6 14 19 42;0.0549,0.385,-7.612
9 12 23 42;0.0549,0.385,-7.612
6 12 14 23 42;0.0549,0.385,-7.612
1 12 14 23 42;0.0549,0.385,-7.612
7 12 14 23 42;0.0549,0.385,-7.612
3 6 14 23 42;0.0549,0.385,-7.612
6 7 39;0.1319,0.235,-7.595
3 31 39;0.1319,0.235,-7.595
6 12 23 40;0.0440,0.267,-7.580
1 12 23 40;0.0440,0.267,-7.580
7 12 23 40;0.0440,0.267,-7.580
6 16 34 40;0.0440,0.267,-7.580
6 12 16 32 40;0.0440,0.267,-7.580
6 9 23 34 40;0.0440,0.267,-7.580
3 6 20 34 40;0.0440,0.267,-7.580
3 6 18 34 40;0.0440,0.267,-7.580
1 16 32 34 40;0.0440,0.267,-7.580
7 16 32 34 40;0.0440,0.267,-7.580
9 16 23 34 40;0.0440,0.267,-7.580
16 23 32 34 40;0.0440,0.267,-7.580
9 18 20 34 40;0.0440,0.267,-7.580
1 6 9 20 40;0.0440,0.267,-7.580
6 7 9 20 40;0.0440,0.267,-7.580
6 9 12 32 34 40;0.0440,0.267,-7.580
3 6 12 32 34 40;0.0440,0.267,-7.580
6 12 18 32 34 40;0.0440,0.267,-7.580
6 9 18 32 34 40;0.0440,0.267,-7.580
1 3 18 32 34 40;0.0440,0.267,-7.580
3 7 20 32 34 40;0.0440,0.267,-7.580
3 7 18 32 34 40;0.0440,0.267,-7.580
3 9 18 23 34 40;0.0440,0.267,-7.580
3 18 23 32 34 40;0.0440,0.267,-7.580
3 6 7 20 32 40;0.0440,0.267,-7.580
1 3 6 12 18 32 40;0.0440,0.267,-7.580
3 6 7 12 18 32 40;0.0440,0.267,-7.580
7 15 42;0.0769,0.212,-7.547
6 15 41;0.0769,0.212,-7.547
7 15 41;0.0769,0.212,-7.547
1 3 32 42;0.0769,0.212,-7.547
7 9 32 42;0.0769,0.212,-7.547
3 7 32 42;0.0769,0.212,-7.547
3 6 7 41;0.0769,0.212,-7.547
1 9 23 38;0.0549,0.227,-7.476
7 9 23 38;0.0549,0.227,-7.476
1 3 18 32 38;0.0549,0.227,-7.476
7 9 18 31 38;0.0549,0.227,-7.476
7 9 31 32 38;0.0549,0.227,-7.476
3 7 23 32 38;0.0549,0.227,-7.476
1 18 23 31 32 38;0.0549,0.227,-7.476
7 18 23 31 32 38;0.0549,0.227,-7.476
1 9 11 38;0.0440,0.364,-7.457
7 9 11 38;0.0440,0.364,-7.457
1 14 16 34 38;0.0440,0.364,-7.457
7 14 16 34 38;0.0440,0.364,-7.457
14 16 31 34 38;0.0440,0.364,-7.457
3 6 11 32 38;0.0440,0.364,-7.457
1 9 14 31 34 38;0.0440,0.364,-7.457
1 3 14 18 34 38;0.0440,0.364,-7.457
7 9 14 31 34 38;0.0440,0.364,-7.457
3 14 18 31 34 38;0.0440,0.364,-7.457
9 16 23 31 34 38;0.0440,0.364,-7.457
1 3 6 9 20 38;0.0440,0.364,-7.457
3 6 7 9 20 38;0.0440,0.364,-7.457
1 9 18 20 31 38;0.0440,0.364,-7.457
1 14 18 23 31 34 38;0.0440,0.364,-7.457
7 14 18 23 31 34 38;0.0440,0.364,-7.457
3 9 18 23 31 34 38;0.0440,0.364,-7.457
3 9 23 31 32 34 38;0.0440,0.364,-7.457
9 18 23 31 32 34 38;0.0440,0.364,-7.457
20 21 34 37;0.1429,0.394,-7.359
16 27 30 40;0.0330,0.500,-7.351
20 27 30 40;0.0330,0.500,-7.351
18 27 30 40;0.0330,0.500,-7.351
27 30 32 40;0.0330,0.500,-7.351
6 9 20 30 40;0.0330,0.500,-7.351
1 9 20 30 40;0.0330,0.500,-7.351
7 9 20 30 40;0.0330,0.500,-7.351
16 23 30 32 40;0.0330,0.500,-7.351
18 23 30 32 40;0.0330,0.500,-7.351
9 20 30 32 34 40;0.0330,0.500,-7.351
9 31 34 39;0.0879,0.381,-7.346
9 18 21 34 39;0.0879,0.381,-7.346
6 39;0.1319,0.231,-7.332
1 39;0.1319,0.231,-7.332
9 18 31 39;0.1319,0.231,-7.332
30 42;0.0659,0.273,-7.328
6 13 41;0.0659,0.273,-7.328
7 13 41;0.0659,0.273,-7.328
3 7 14 42;0.0659,0.273,-7.328
3 6 23 42;0.0659,0.273,-7.328
13 20 34 41;0.0659,0.273,-7.328
13 23 34 41;0.0659,0.273,-7.328
9 23 32 34 42;0.0659,0.273,-7.328
15 42;0.0769,0.206,-7.316
15 41;0.0769,0.206,-7.316
1 3 42;0.0769,0.206,-7.316
7 9 42;0.0769,0.206,-7.316
3 6 41;0.0769,0.206,-7.316
7 23 34 41;0.0769,0.206,-7.316
6 7 20 41;0.0769,0.206,-7.316
6 12 16 40;0.0440,0.250,-7.292
1 16 34 40;0.0440,0.250,-7.292
7 16 34 40;0.0440,0.250,-7.292
16 20 34 40;0.0440,0.250,-7.292
6 9 20 40;0.0440,0.250,-7.292
1 3 20 40;0.0440,0.250,-7.292
7 9 20 40;0.0440,0.250,-7.292
6 9 12 34 40;0.0440,0.250,-7.292
3 6 12 34 40;0.0440,0.250,-7.292
6 12 18 34 40;0.0440,0.250,-7.292
9 12 32 34 40;0.0440,0.250,-7.292
3 12 32 34 40;0.0440,0.250,-7.292
12 18 32 34 40;0.0440,0.250,-7.292
7 12 16 32 40;0.0440,0.250,-7.292
6 9 18 34 40;0.0440,0.250,-7.292
1 3 18 34 40;0.0440,0.250,-7.292
3 7 20 34 40;0.0440,0.250,-7.292
3 7 18 34 40;0.0440,0.250,-7.292
9 18 23 34 40;0.0440,0.250,-7.292
3 18 20 34 40;0.0440,0.250,-7.292
3 6 7 20 40;0.0440,0.250,-7.292
3 6 20 32 40;0.0440,0.250,-7.292
1 9 20 23 40;0.0440,0.250,-7.292
3 7 20 32 40;0.0440,0.250,-7.292
1 3 6 12 18 40;0.0440,0.250,-7.292
3 6 7 12 18 40;0.0440,0.250,-7.292
3 6 12 18 32 40;0.0440,0.250,-7.292
3 7 12 18 32 40;0.0440,0.250,-7.292
1 3 6 23 34 40;0.0440,0.250,-7.292
1 3 9 23 34 40;0.0440,0.250,-7.292
1 9 18 32 34 40;0.0440,0.250,-7.292
3 7 9 23 34 40;0.0440,0.250,-7.292
7 9 18 32 34 40;0.0440,0.250,-7.292
3 9 20 32 34 40;0.0440,0.250,-7.292
1 3 6 9 23 40;0.0440,0.250,-7.292
3 6 7 9 23 40;0.0440,0.250,-7.292
1 6 9 12 18 32 40;0.0440,0.250,-7.292
6 7 9 12 18 32 40;0.0440,0.250,-7.292
1 3 18 38;0.0549,0.217,-7.231
7 9 31 38;0.0549,0.217,-7.231
3 7 23 38;0.0549,0.217,-7.231
1 23 31 32 38;0.0549,0.217,-7.231
7 23 31 32 38;0.0549,0.217,-7.231
1 9 18 31 32 38;0.0549,0.217,-7.231
14 19 42;0.0549,0.357,-7.192
1 6 12 23 42;0.0549,0.357,-7.192
6 7 12 23 42;0.0549,0.357,-7.192
3 9 14 23 34 42;0.0549,0.357,-7.192
18 20 37;0.1978,0.281,-7.179
23 25 38;0.0330,0.600,-7.137
11 14 16 34 38;0.0330,0.600,-7.137
3 7 11 14 38;0.0330,0.600,-7.137
3 11 14 18 34 38;0.0330,0.600,-7.137
1 3 11 21 41;0.0440,0.500,-7.108
3 7 42;0.0769,0.200,-7.093
6 20 41;0.0769,0.200,-7.093
7 20 41;0.0769,0.200,-7.093
3 7 41;0.0769,0.200,-7.093
1 9 32 42;0.0769,0.200,-7.093
7 39;0.1319,0.226,-7.075
9 31 39;0.1319,0.226,-7.075
3 6 11 38;0.0440,0.333,-7.061
3 14 31 34 38;0.0440,0.333,-7.061
3 6 9 20 38;0.0440,0.333,-7.061
1 9 20 31 38;0.0440,0.333,-7.061
3 7 11 32 38;0.0440,0.333,-7.061
3 7 9 20 38;0.0440,0.333,-7.061
7 9 18 20 38;0.0440,0.333,-7.061
1 14 23 31 34 38;0.0440,0.333,-7.061
1 9 14 18 34 38;0.0440,0.333,-7.061
7 14 23 31 34 38;0.0440,0.333,-7.061
7 9 14 18 34 38;0.0440,0.333,-7.061
9 14 18 31 34 38;0.0440,0.333,-7.061
1 16 31 32 34 38;0.0440,0.333,-7.061
7 16 31 32 34 38;0.0440,0.333,-7.061
16 23 31 32 34 38;0.0440,0.333,-7.061
3 9 23 31 34 38;0.0440,0.333,-7.061
9 18 23 31 34 38;0.0440,0.333,-7.061
9 23 31 32 34 38;0.0440,0.333,-7.061
1 6 9 18 20 38;0.0440,0.333,-7.061
3 18 23 31 32 34 38;0.0440,0.333,-7.061
1 14 23 42;0.0659,0.261,-7.037
7 14 23 42;0.0659,0.261,-7.037
3 9 23 34 42;0.0659,0.261,-7.037
12 23 40;0.0440,0.235,-7.024
9 12 34 40;0.0440,0.235,-7.024
3 12 34 40;0.0440,0.235,-7.024
12 18 34 40;0.0440,0.235,-7.024
7 12 16 40;0.0440,0.235,-7.024
16 23 34 40;0.0440,0.235,-7.024
3 6 20 40;0.0440,0.235,-7.024
3 7 20 40;0.0440,0.235,-7.024
3 6 12 18 40;0.0440,0.235,-7.024
3 7 12 18 40;0.0440,0.235,-7.024
1 9 23 34 40;0.0440,0.235,-7.024
1 9 18 34 40;0.0440,0.235,-7.024
7 9 23 34 40;0.0440,0.235,-7.024
7 9 18 34 40;0.0440,0.235,-7.024
9 20 32 34 40;0.0440,0.235,-7.024
3 18 23 34 40;0.0440,0.235,-7.024
3 6 9 23 40;0.0440,0.235,-7.024
1 6 9 12 18 40;0.0440,0.235,-7.024
6 7 9 12 18 40;0.0440,0.235,-7.024
6 9 12 18 32 40;0.0440,0.235,-7.024
7 9 12 18 32 40;0.0440,0.235,-7.024
1 9 18 31 38;0.0549,0.208,-6.998
1 9 31 32 38;0.0549,0.208,-6.998
1 18 23 31 38;0.0549,0.208,-6.998
7 18 23 31 38;0.0549,0.208,-6.998
7 9 18 32 38;0.0549,0.208,-6.998
18 31 34 37;0.1429,0.382,-6.958
16 21 34 39;0.0879,0.364,-6.945
3 18 21 34 39;0.0879,0.364,-6.945
1 9 42;0.0769,0.194,-6.877
1 23 32 42;0.0769,0.194,-6.877
21 31 37;0.1978,0.277,-6.855
20 21 23 37;0.1978,0.277,-6.855
12 14 23 42;0.0549,0.333,-6.808
6 12 23 42;0.0549,0.333,-6.808
1 12 23 42;0.0549,0.333,-6.808
7 12 23 42;0.0549,0.333,-6.808
9 14 23 34 42;0.0549,0.333,-6.808
3 14 23 34 42;0.0549,0.333,-6.808
27 30 40;0.0330,0.429,-6.801
12 30 34 40;0.0330,0.429,-6.801
16 30 32 40;0.0330,0.429,-6.801
18 30 32 40;0.0330,0.429,-6.801
9 20 30 34 40;0.0330,0.429,-6.801
2 6 41;0.0330,0.750,-6.801
1 9 31 38;0.0549,0.200,-6.775
1 23 31 38;0.0549,0.200,-6.775
7 23 31 38;0.0549,0.200,-6.775
7 9 18 38;0.0549,0.200,-6.775
1 18 23 32 38;0.0549,0.200,-6.775
7 18 23 32 38;0.0549,0.200,-6.775
6 16 32 40;0.0440,0.222,-6.772
1 9 20 40;0.0440,0.222,-6.772
6 9 12 18 40;0.0440,0.222,-6.772
1 12 16 32 40;0.0440,0.222,-6.772
7 9 12 18 40;0.0440,0.222,-6.772
1 3 23 34 40;0.0440,0.222,-6.772
3 9 20 34 40;0.0440,0.222,-6.772
1 3 6 23 40;0.0440,0.222,-6.772
1 3 9 23 40;0.0440,0.222,-6.772
3 7 9 23 40;0.0440,0.222,-6.772
1 3 12 18 32 40;0.0440,0.222,-6.772
6 18 20 32 34 40;0.0440,0.222,-6.772
3 6 23 32 34 40;0.0440,0.222,-6.772
6 18 23 32 34 40;0.0440,0.222,-6.772
1 18 20 32 34 40;0.0440,0.222,-6.772
7 18 20 32 34 40;0.0440,0.222,-6.772
9 23 34 42;0.0659,0.250,-6.762
14 16 34 38;0.0440,0.308,-6.703
3 7 11 38;0.0440,0.308,-6.703
9 14 31 34 38;0.0440,0.308,-6.703
3 14 18 34 38;0.0440,0.308,-6.703
7 14 16 31 38;0.0440,0.308,-6.703
1 16 31 34 38;0.0440,0.308,-6.703
7 16 31 34 38;0.0440,0.308,-6.703
16 23 31 34 38;0.0440,0.308,-6.703
9 23 31 34 38;0.0440,0.308,-6.703
1 3 6 20 38;0.0440,0.308,-6.703
6 9 18 20 38;0.0440,0.308,-6.703
6 9 18 23 38;0.0440,0.308,-6.703
1 14 18 23 34 38;0.0440,0.308,-6.703
7 14 18 23 34 38;0.0440,0.308,-6.703
14 18 23 31 34 38;0.0440,0.308,-6.703
9 16 23 32 34 38;0.0440,0.308,-6.703
3 18 23 31 34 38;0.0440,0.308,-6.703
3 23 31 32 34 38;0.0440,0.308,-6.703
3 9 18 23 32 34 38;0.0440,0.308,-6.703
9 16 39;0.1319,0.218,-6.578
31 34 37;0.1429,0.371,-6.575
18 21 34 37;0.1429,0.371,-6.575
3 9 18 34 39;0.0879,0.348,-6.568
1 9 18 32 38;0.0549,0.192,-6.561
6 16 40;0.0440,0.211,-6.536
1 12 16 40;0.0440,0.211,-6.536
9 20 34 40;0.0440,0.211,-6.536
7 16 32 40;0.0440,0.211,-6.536
6 12 32 34 40;0.0440,0.211,-6.536
1 3 12 18 40;0.0440,0.211,-6.536
3 6 23 34 40;0.0440,0.211,-6.536
1 9 12 18 32 40;0.0440,0.211,-6.536
1 18 23 32 34 40;0.0440,0.211,-6.536
7 18 23 32 34 40;0.0440,0.211,-6.536
1 3 6 18 32 40;0.0440,0.211,-6.536
3 6 7 18 32 40;0.0440,0.211,-6.536
1 23 42;0.0769,0.184,-6.464
20 34 41;0.0769,0.184,-6.464
3 34 41;0.0769,0.184,-6.464
7 23 32 42;0.0769,0.184,-6.464
6 14 16 20 38;0.0330,0.500,-6.461
6 14 16 23 38;0.0330,0.500,-6.461
7 14 16 20 38;0.0330,0.500,-6.461
1 16 20 31 38;0.0330,0.500,-6.461
6 11 14 31 34 38;0.0330,0.500,-6.461
6 11 14 18 34 38;0.0330,0.500,-6.461
1 11 14 18 34 38;0.0330,0.500,-6.461
7 11 14 18 34 38;0.0330,0.500,-6.461
3 9 11 14 34 38;0.0330,0.500,-6.461
9 11 14 18 34 38;0.0330,0.500,-6.461
6 19 32 42;0.0549,0.312,-6.455
21 23 36;0.3846,0.507,-6.408
14 23 31 34 38;0.0440,0.286,-6.377
9 14 18 34 38;0.0440,0.286,-6.377
3 23 31 34 38;0.0440,0.286,-6.377
1 3 7 20 38;0.0440,0.286,-6.377
1 3 9 20 38;0.0440,0.286,-6.377
1 9 18 20 38;0.0440,0.286,-6.377
3 9 14 23 34 38;0.0440,0.286,-6.377
9 18 23 32 34 38;0.0440,0.286,-6.377
1 9 18 38;0.0549,0.185,-6.356
1 18 23 38;0.0549,0.185,-6.356
7 18 23 38;0.0549,0.185,-6.356
6 12 30 40;0.0330,0.375,-6.339
1 12 30 40;0.0330,0.375,-6.339
7 12 30 40;0.0330,0.375,-6.339
1 20 30 40;0.0330,0.375,-6.339
16 23 30 40;0.0330,0.375,-6.339
18 23 30 40;0.0330,0.375,-6.339
7 16 40;0.0440,0.200,-6.313
6 12 34 40;0.0440,0.200,-6.313
12 32 34 40;0.0440,0.200,-6.313
12 16 32 40;0.0440,0.200,-6.313
1 3 23 40;0.0440,0.200,-6.313
1 9 12 18 40;0.0440,0.200,-6.313
6 18 20 34 40;0.0440,0.200,-6.313
6 18 23 34 40;0.0440,0.200,-6.313
1 18 20 34 40;0.0440,0.200,-6.313
7 18 20 34 40;0.0440,0.200,-6.313
9 16 32 34 40;0.0440,0.200,-6.313
1 6 9 23 40;0.0440,0.200,-6.313
1 3 6 18 40;0.0440,0.200,-6.313
6 7 9 23 40;0.0440,0.200,-6.313
3 6 7 18 40;0.0440,0.200,-6.313
3 6 18 32 40;0.0440,0.200,-6.313
3 7 18 32 40;0.0440,0.200,-6.313
1 3 6 12 32 40;0.0440,0.200,-6.313
1 6 12 18 32 40;0.0440,0.200,-6.313
3 6 7 12 32 40;0.0440,0.200,-6.313
6 7 12 18 32 40;0.0440,0.200,-6.313
3 7 23 32 34 40;0.0440,0.200,-6.313
3 9 18 32 34 40;0.0440,0.200,-6.313
3 6 7 23 32 40;0.0440,0.200,-6.313
6 7 23 41;0.0769,0.179,-6.266
13 34 41;0.0659,0.231,-6.250
23 31 36;0.3297,0.545,-6.236
9 18 34 39;0.0879,0.333,-6.215
21 23 34 37;0.1429,0.361,-6.210
6 19 42;0.0549,0.294,-6.128
19 32 42;0.0549,0.294,-6.128
12 23 42;0.0549,0.294,-6.128
10 11 41;0.0549,0.294,-6.128
6 10 34 41;0.0549,0.294,-6.128
7 10 34 41;0.0549,0.294,-6.128
3 6 12 14 42;0.0549,0.294,-6.128
12 34 40;0.0440,0.190,-6.102
12 16 40;0.0440,0.190,-6.102
6 9 23 40;0.0440,0.190,-6.102
3 6 18 40;0.0440,0.190,-6.102
1 16 32 40;0.0440,0.190,-6.102
3 7 18 40;0.0440,0.190,-6.102
1 3 6 12 40;0.0440,0.190,-6.102
1 6 12 18 40;0.0440,0.190,-6.102
3 6 7 12 40;0.0440,0.190,-6.102
6 7 12 18 40;0.0440,0.190,-6.102
3 6 12 32 40;0.0440,0.190,-6.102
6 12 18 32 40;0.0440,0.190,-6.102
3 7 12 32 40;0.0440,0.190,-6.102
7 12 18 32 40;0.0440,0.190,-6.102
3 12 18 32 40;0.0440,0.190,-6.102
1 18 23 34 40;0.0440,0.190,-6.102
3 7 23 34 40;0.0440,0.190,-6.102
7 18 23 34 40;0.0440,0.190,-6.102
9 18 32 34 40;0.0440,0.190,-6.102
3 6 7 23 40;0.0440,0.190,-6.102
3 6 23 32 40;0.0440,0.190,-6.102
1 6 9 12 32 40;0.0440,0.190,-6.102
6 7 9 12 32 40;0.0440,0.190,-6.102
3 6 9 32 34 40;0.0440,0.190,-6.102
3 9 23 32 34 40;0.0440,0.190,-6.102
16 39;0.1319,0.211,-6.100
3 9 18 39;0.1319,0.211,-6.100
7 14 16 38;0.0440,0.267,-6.077
9 14 23 34 38;0.0440,0.267,-6.077
3 14 23 34 38;0.0440,0.267,-6.077
14 18 23 34 38;0.0440,0.267,-6.077
1 14 16 31 38;0.0440,0.267,-6.077
1 16 32 34 38;0.0440,0.267,-6.077
7 16 32 34 38;0.0440,0.267,-6.077
9 16 23 34 38;0.0440,0.267,-6.077
16 23 32 34 38;0.0440,0.267,-6.077
1 6 9 20 38;0.0440,0.267,-6.077
6 7 9 20 38;0.0440,0.267,-6.077
6 11 31 32 38;0.0440,0.267,-6.077
6 11 18 32 38;0.0440,0.267,-6.077
1 11 18 32 38;0.0440,0.267,-6.077
7 11 18 32 38;0.0440,0.267,-6.077
1 14 18 31 34 38;0.0440,0.267,-6.077
7 14 18 31 34 38;0.0440,0.267,-6.077
3 9 18 23 34 38;0.0440,0.267,-6.077
3 18 23 32 34 38;0.0440,0.267,-6.077
3 6 7 20 32 38;0.0440,0.267,-6.077
6 34 41;0.0769,0.175,-6.073
6 23 41;0.0769,0.175,-6.073
1 3 11 41;0.0440,0.400,-6.068
11 14 25 38;0.0220,1.000,-6.015
11 16 25 38;0.0220,1.000,-6.015
11 25 31 38;0.0220,1.000,-6.015
11 18 25 38;0.0220,1.000,-6.015
6 11 27 38;0.0220,1.000,-6.015
1 11 27 38;0.0220,1.000,-6.015
7 11 27 38;0.0220,1.000,-6.015
16 22 25 34 38;0.0220,1.000,-6.015
22 25 31 34 38;0.0220,1.000,-6.015
18 22 25 34 38;0.0220,1.000,-6.015
16 22 31 34 38;0.0220,1.000,-6.015
18 22 31 34 38;0.0220,1.000,-6.015
16 22 23 31 38;0.0220,1.000,-6.015
18 22 23 31 38;0.0220,1.000,-6.015
14 20 25 34 38;0.0220,1.000,-6.015
6 14 20 25 38;0.0220,1.000,-6.015
7 14 20 25 38;0.0220,1.000,-6.015
16 20 25 34 38;0.0220,1.000,-6.015
20 25 31 34 38;0.0220,1.000,-6.015
18 20 25 34 38;0.0220,1.000,-6.015
6 16 20 25 38;0.0220,1.000,-6.015
6 20 25 31 38;0.0220,1.000,-6.015
6 18 20 25 38;0.0220,1.000,-6.015
7 16 20 25 38;0.0220,1.000,-6.015
7 20 25 31 38;0.0220,1.000,-6.015
7 18 20 25 38;0.0220,1.000,-6.015
3 11 13 41;0.0659,0.222,-6.012
3 23 32 34 42;0.0659,0.222,-6.012
3 7 9 32 38;0.0549,0.172,-5.970
3 9 18 23 31 32 38;0.0549,0.172,-5.970
12 30 40;0.0330,0.333,-5.943
16 30 40;0.0330,0.333,-5.943
18 30 40;0.0330,0.333,-5.943
9 20 23 30 32 40;0.0330,0.333,-5.943
2 10 41;0.0330,0.600,-5.919
6 16 20 38;0.0330,0.429,-5.919
6 16 23 38;0.0330,0.429,-5.919
7 16 20 38;0.0330,0.429,-5.919
14 25 31 34 38;0.0330,0.429,-5.919
14 18 25 34 38;0.0330,0.429,-5.919
6 11 14 34 38;0.0330,0.429,-5.919
9 11 14 34 38;0.0330,0.429,-5.919
3 11 14 34 38;0.0330,0.429,-5.919
1 16 20 34 38;0.0330,0.429,-5.919
6 9 14 20 34 38;0.0330,0.429,-5.919
3 6 14 20 34 38;0.0330,0.429,-5.919
1 11 14 31 34 38;0.0330,0.429,-5.919
7 11 14 31 34 38;0.0330,0.429,-5.919
3 6 7 14 20 38;0.0330,0.429,-5.919
18 31 37;0.1978,0.265,-5.916
20 21 37;0.1978,0.265,-5.916
1 16 40;0.0440,0.182,-5.901
3 6 12 40;0.0440,0.182,-5.901
6 12 18 40;0.0440,0.182,-5.901
3 7 12 40;0.0440,0.182,-5.901
7 12 18 40;0.0440,0.182,-5.901
3 12 18 40;0.0440,0.182,-5.901
16 32 34 40;0.0440,0.182,-5.901
3 6 23 40;0.0440,0.182,-5.901
1 9 23 40;0.0440,0.182,-5.901
7 9 23 40;0.0440,0.182,-5.901
1 6 9 12 40;0.0440,0.182,-5.901
6 7 9 12 40;0.0440,0.182,-5.901
6 9 12 32 40;0.0440,0.182,-5.901
7 9 12 32 40;0.0440,0.182,-5.901
9 12 18 32 40;0.0440,0.182,-5.901
3 6 9 34 40;0.0440,0.182,-5.901
6 9 32 34 40;0.0440,0.182,-5.901
9 23 32 34 40;0.0440,0.182,-5.901
3 20 32 34 40;0.0440,0.182,-5.901
3 18 32 34 40;0.0440,0.182,-5.901
1 3 18 32 40;0.0440,0.182,-5.901
3 7 23 32 40;0.0440,0.182,-5.901
7 23 42;0.0769,0.171,-5.886
7 23 41;0.0769,0.171,-5.886
3 18 34 39;0.0879,0.320,-5.882
19 42;0.0549,0.278,-5.825
6 9 12 14 42;0.0549,0.278,-5.825
3 9 14 34 42;0.0549,0.278,-5.825
1 16 34 38;0.0440,0.250,-5.799
7 16 34 38;0.0440,0.250,-5.799
6 9 20 38;0.0440,0.250,-5.799
1 3 20 38;0.0440,0.250,-5.799
7 9 20 38;0.0440,0.250,-5.799
1 14 31 34 38;0.0440,0.250,-5.799
7 14 31 34 38;0.0440,0.250,-5.799
9 18 23 34 38;0.0440,0.250,-5.799
3 6 7 20 38;0.0440,0.250,-5.799
3 6 20 32 38;0.0440,0.250,-5.799
1 11 31 32 38;0.0440,0.250,-5.799
7 16 31 32 38;0.0440,0.250,-5.799
7 11 31 32 38;0.0440,0.250,-5.799
3 7 20 32 38;0.0440,0.250,-5.799
1 3 9 14 34 38;0.0440,0.250,-5.799
3 7 9 14 34 38;0.0440,0.250,-5.799
3 7 9 38;0.0549,0.167,-5.788
3 9 23 31 32 38;0.0549,0.167,-5.788
3 13 20 41;0.0659,0.214,-5.783
3 13 23 41;0.0659,0.214,-5.783
3 9 32 34 42;0.0659,0.214,-5.783
3 6 9 32 42;0.0659,0.214,-5.783
3 9 14 23 32 42;0.0659,0.214,-5.783
6 9 12 40;0.0440,0.174,-5.710
7 9 12 40;0.0440,0.174,-5.710
9 12 18 40;0.0440,0.174,-5.710
6 9 34 40;0.0440,0.174,-5.710
9 16 34 40;0.0440,0.174,-5.710
1 3 18 40;0.0440,0.174,-5.710
3 7 23 40;0.0440,0.174,-5.710
1 3 12 32 40;0.0440,0.174,-5.710
1 12 18 32 40;0.0440,0.174,-5.710
3 9 23 34 40;0.0440,0.174,-5.710
3 9 18 34 40;0.0440,0.174,-5.710
1 6 20 32 34 40;0.0440,0.174,-5.710
1 3 6 32 34 40;0.0440,0.174,-5.710
1 3 9 32 34 40;0.0440,0.174,-5.710
3 7 9 32 34 40;0.0440,0.174,-5.710
1 6 9 18 32 40;0.0440,0.174,-5.710
6 7 9 18 32 40;0.0440,0.174,-5.710
7 34 41;0.0769,0.167,-5.704
1 3 20 21 23 41;0.0440,0.364,-5.645
3 18 39;0.1319,0.203,-5.641
31 37;0.1978,0.261,-5.614
21 23 37;0.1978,0.261,-5.614
1 3 7 32 38;0.0549,0.161,-5.612
1 3 9 32 38;0.0549,0.161,-5.612
3 18 23 31 32 38;0.0549,0.161,-5.612
1 9 30 34 40;0.0330,0.300,-5.595
7 9 30 34 40;0.0330,0.300,-5.595
9 30 32 34 40;0.0330,0.300,-5.595
20 30 32 34 40;0.0330,0.300,-5.595
6 20 30 32 40;0.0330,0.300,-5.595
7 20 30 32 40;0.0330,0.300,-5.595
9 20 30 32 40;0.0330,0.300,-5.595
3 14 20 34 40;0.0330,0.300,-5.595
3 9 21 34 39;0.0879,0.308,-5.567
9 32 34 42;0.0659,0.207,-5.565
3 6 9 42;0.0659,0.207,-5.565
3 9 14 23 42;0.0659,0.207,-5.565
3 14 23 32 42;0.0659,0.207,-5.565
10 34 41;0.0549,0.263,-5.542
6 10 41;0.0549,0.263,-5.542
7 10 41;0.0549,0.263,-5.542
9 14 34 42;0.0549,0.263,-5.542
3 14 34 42;0.0549,0.263,-5.542
1 14 16 38;0.0440,0.235,-5.542
16 23 34 38;0.0440,0.235,-5.542
6 11 31 38;0.0440,0.235,-5.542
6 11 18 38;0.0440,0.235,-5.542
3 6 20 38;0.0440,0.235,-5.542
1 11 18 38;0.0440,0.235,-5.542
7 16 31 38;0.0440,0.235,-5.542
7 11 18 38;0.0440,0.235,-5.542
3 7 20 38;0.0440,0.235,-5.542
1 9 14 34 38;0.0440,0.235,-5.542
1 3 14 34 38;0.0440,0.235,-5.542
1 14 18 34 38;0.0440,0.235,-5.542
7 9 14 34 38;0.0440,0.235,-5.542
3 7 14 34 38;0.0440,0.235,-5.542
7 14 18 34 38;0.0440,0.235,-5.542
14 18 31 34 38;0.0440,0.235,-5.542
14 16 23 31 38;0.0440,0.235,-5.542
3 18 23 34 38;0.0440,0.235,-5.542
3 6 31 32 38;0.0440,0.235,-5.542
3 6 9 23 38;0.0440,0.235,-5.542
9 16 31 32 34 38;0.0440,0.235,-5.542
3 9 18 31 32 34 38;0.0440,0.235,-5.542
20 34 37;0.1429,0.342,-5.528
18 34 37;0.1429,0.342,-5.528
1 3 12 40;0.0440,0.167,-5.528
1 12 18 40;0.0440,0.167,-5.528
9 23 34 40;0.0440,0.167,-5.528
9 18 34 40;0.0440,0.167,-5.528
1 9 12 32 40;0.0440,0.167,-5.528
1 3 6 34 40;0.0440,0.167,-5.528
1 3 9 34 40;0.0440,0.167,-5.528
1 9 32 34 40;0.0440,0.167,-5.528
1 20 32 34 40;0.0440,0.167,-5.528
3 7 9 34 40;0.0440,0.167,-5.528
7 9 32 34 40;0.0440,0.167,-5.528
1 6 9 18 40;0.0440,0.167,-5.528
6 7 9 18 40;0.0440,0.167,-5.528
6 9 18 32 40;0.0440,0.167,-5.528
7 9 18 32 40;0.0440,0.167,-5.528
7 18 20 32 40;0.0440,0.167,-5.528
1 6 18 20 32 40;0.0440,0.167,-5.528
1 6 18 23 32 40;0.0440,0.167,-5.528
6 7 18 23 32 40;0.0440,0.167,-5.528
1 18 20 23 32 40;0.0440,0.167,-5.528
23 34 41;0.0769,0.163,-5.526
14 25 34 38;0.0330,0.375,-5.467
1 11 14 34 38;0.0330,0.375,-5.467
7 11 14 34 38;0.0330,0.375,-5.467
11 14 18 34 38;0.0330,0.375,-5.467
9 11 16 32 34 38;0.0330,0.375,-5.467
3 9 11 18 32 34 38;0.0330,0.375,-5.467
14 20 30 34 40;0.0220,0.667,-5.442
6 14 20 30 40;0.0220,0.667,-5.442
7 14 20 30 40;0.0220,0.667,-5.442
1 3 7 38;0.0549,0.156,-5.442
1 3 9 38;0.0549,0.156,-5.442
3 23 31 32 38;0.0549,0.156,-5.442
3 14 23 42;0.0659,0.200,-5.355
3 23 34 42;0.0659,0.200,-5.355
16 34 40;0.0440,0.160,-5.353
1 9 12 40;0.0440,0.160,-5.353
1 9 34 40;0.0440,0.160,-5.353
7 9 34 40;0.0440,0.160,-5.353
3 20 34 40;0.0440,0.160,-5.353
3 18 34 40;0.0440,0.160,-5.353
6 9 18 40;0.0440,0.160,-5.353
7 9 18 40;0.0440,0.160,-5.353
1 6 12 32 40;0.0440,0.160,-5.353
6 7 12 32 40;0.0440,0.160,-5.353
1 6 20 34 40;0.0440,0.160,-5.353
6 20 32 34 40;0.0440,0.160,-5.353
3 6 32 34 40;0.0440,0.160,-5.353
6 18 32 34 40;0.0440,0.160,-5.353
1 3 32 34 40;0.0440,0.160,-5.353
18 20 32 34 40;0.0440,0.160,-5.353
6 18 20 32 40;0.0440,0.160,-5.353
6 18 23 32 40;0.0440,0.160,-5.353
1 18 23 32 40;0.0440,0.160,-5.353
7 18 23 32 40;0.0440,0.160,-5.353
3 9 23 32 42;0.0769,0.159,-5.353
20 23 37;0.1978,0.257,-5.316
14 31 34 38;0.0440,0.222,-5.301
3 6 31 38;0.0440,0.222,-5.301
1 11 31 38;0.0440,0.222,-5.301
1 9 20 38;0.0440,0.222,-5.301
7 11 31 38;0.0440,0.222,-5.301
3 9 14 34 38;0.0440,0.222,-5.301
1 16 31 32 38;0.0440,0.222,-5.301
3 14 18 23 31 38;0.0440,0.222,-5.301
3 9 31 32 34 38;0.0440,0.222,-5.301
9 18 31 32 34 38;0.0440,0.222,-5.301
9 30 34 40;0.0330,0.273,-5.286
6 9 30 40;0.0330,0.273,-5.286
6 20 30 40;0.0330,0.273,-5.286
1 9 30 40;0.0330,0.273,-5.286
7 9 30 40;0.0330,0.273,-5.286
7 20 30 40;0.0330,0.273,-5.286
9 20 23 30 40;0.0330,0.273,-5.286
1 3 32 38;0.0549,0.152,-5.278
7 9 32 38;0.0549,0.152,-5.278
3 7 32 38;0.0549,0.152,-5.278
7 18 31 32 38;0.0549,0.152,-5.278
9 18 23 31 32 38;0.0549,0.152,-5.278
1 6 12 14 42;0.0549,0.250,-5.277
6 7 12 14 42;0.0549,0.250,-5.277
28 42;0.0220,1.000,-5.273
12 29 42;0.0220,1.000,-5.273
10 22 41;0.0220,1.000,-5.273
2 22 41;0.0220,1.000,-5.273
13 22 41;0.0220,1.000,-5.273
9 14 29 42;0.0220,1.000,-5.273
9 21 34 39;0.0879,0.296,-5.269
9 18 39;0.1319,0.197,-5.199
1 6 12 40;0.0440,0.154,-5.186
6 7 12 40;0.0440,0.154,-5.186
6 12 32 40;0.0440,0.154,-5.186
7 12 32 40;0.0440,0.154,-5.186
3 12 32 40;0.0440,0.154,-5.186
12 18 32 40;0.0440,0.154,-5.186
1 20 34 40;0.0440,0.154,-5.186
1 3 34 40;0.0440,0.154,-5.186
7 18 20 40;0.0440,0.154,-5.186
1 18 32 34 40;0.0440,0.154,-5.186
7 20 32 34 40;0.0440,0.154,-5.186
7 18 32 34 40;0.0440,0.154,-5.186
18 23 32 34 40;0.0440,0.154,-5.186
1 6 18 20 40;0.0440,0.154,-5.186
1 6 18 23 40;0.0440,0.154,-5.186
6 7 18 23 40;0.0440,0.154,-5.186
1 9 18 32 40;0.0440,0.154,-5.186
1 18 20 23 40;0.0440,0.154,-5.186
1 18 20 32 40;0.0440,0.154,-5.186
7 14 42;0.0659,0.194,-5.153
3 9 34 42;0.0659,0.194,-5.153
9 14 23 32 42;0.0659,0.194,-5.153
1 3 38;0.0549,0.147,-5.119
7 9 38;0.0549,0.147,-5.119
7 31 32 38;0.0549,0.147,-5.119
9 23 31 32 38;0.0549,0.147,-5.119
3 9 18 23 31 38;0.0549,0.147,-5.119
6 11 14 38;0.0330,0.333,-5.079
1 16 20 38;0.0330,0.333,-5.079
9 11 16 31 34 38;0.0330,0.333,-5.079
9 11 18 32 34 38;0.0330,0.333,-5.079
3 9 11 18 31 34 38;0.0330,0.333,-5.079
9 14 34 38;0.0440,0.211,-5.075
3 14 34 38;0.0440,0.211,-5.075
14 18 34 38;0.0440,0.211,-5.075
1 16 31 38;0.0440,0.211,-5.075
7 16 32 38;0.0440,0.211,-5.075
1 14 23 34 38;0.0440,0.211,-5.075
7 14 23 34 38;0.0440,0.211,-5.075
3 14 23 31 38;0.0440,0.211,-5.075
9 16 31 34 38;0.0440,0.211,-5.075
16 31 32 34 38;0.0440,0.211,-5.075
9 31 32 34 38;0.0440,0.211,-5.075
3 9 18 31 34 38;0.0440,0.211,-5.075
3 18 31 32 34 38;0.0440,0.211,-5.075
10 41;0.0549,0.238,-5.028
6 12 14 42;0.0549,0.238,-5.028
14 23 34 42;0.0549,0.238,-5.028
3 6 14 42;0.0549,0.238,-5.028
3 6 12 32 42;0.0549,0.238,-5.028
6 12 40;0.0440,0.148,-5.026
7 12 40;0.0440,0.148,-5.026
3 12 40;0.0440,0.148,-5.026
12 18 40;0.0440,0.148,-5.026
9 12 32 40;0.0440,0.148,-5.026
16 27 32 40;0.0440,0.148,-5.026
3 6 34 40;0.0440,0.148,-5.026
6 18 20 40;0.0440,0.148,-5.026
6 18 23 40;0.0440,0.148,-5.026
1 9 18 40;0.0440,0.148,-5.026
1 18 23 40;0.0440,0.148,-5.026
7 18 23 40;0.0440,0.148,-5.026
3 7 32 34 40;0.0440,0.148,-5.026
3 23 32 34 40;0.0440,0.148,-5.026
1 6 23 32 34 40;0.0440,0.148,-5.026
1 3 6 9 32 40;0.0440,0.148,-5.026
3 6 7 9 32 40;0.0440,0.148,-5.026
3 11 41;0.0769,0.152,-5.019
1 30 34 40;0.0330,0.250,-5.007
20 30 34 40;0.0330,0.250,-5.007
9 20 30 40;0.0330,0.250,-5.007
3 7 38;0.0549,0.143,-4.965
1 9 32 38;0.0549,0.143,-4.965
1 18 31 32 38;0.0549,0.143,-4.965
3 9 23 31 38;0.0549,0.143,-4.965
3 9 18 23 32 38;0.0549,0.143,-4.965
9 34 42;0.0659,0.188,-4.959
3 13 41;0.0659,0.188,-4.959
9 14 23 42;0.0659,0.188,-4.959
6 9 32 42;0.0659,0.188,-4.959
3 6 32 42;0.0659,0.188,-4.959
11 25 38;0.0220,0.667,-4.939
22 25 34 38;0.0220,0.667,-4.939
16 22 25 38;0.0220,0.667,-4.939
22 25 31 38;0.0220,0.667,-4.939
18 22 25 38;0.0220,0.667,-4.939
16 22 34 38;0.0220,0.667,-4.939
22 31 34 38;0.0220,0.667,-4.939
18 22 34 38;0.0220,0.667,-4.939
16 22 31 38;0.0220,0.667,-4.939
16 22 23 38;0.0220,0.667,-4.939
22 23 31 38;0.0220,0.667,-4.939
18 22 31 38;0.0220,0.667,-4.939
18 22 23 38;0.0220,0.667,-4.939
20 25 34 38;0.0220,0.667,-4.939
6 20 25 38;0.0220,0.667,-4.939
7 20 25 38;0.0220,0.667,-4.939
1 27 31 38;0.0220,0.667,-4.939
7 27 31 38;0.0220,0.667,-4.939
1 3 20 21 41;0.0440,0.308,-4.932
9 12 40;0.0440,0.143,-4.872
1 12 32 40;0.0440,0.143,-4.872
6 20 34 40;0.0440,0.143,-4.872
6 18 34 40;0.0440,0.143,-4.872
1 18 20 40;0.0440,0.143,-4.872
3 9 32 34 40;0.0440,0.143,-4.872
1 3 6 9 40;0.0440,0.143,-4.872
3 6 7 9 40;0.0440,0.143,-4.872
3 6 9 32 40;0.0440,0.143,-4.872
7 16 38;0.0440,0.200,-4.863
9 16 32 34 38;0.0440,0.200,-4.863
3 9 31 34 38;0.0440,0.200,-4.863
9 18 31 34 38;0.0440,0.200,-4.863
3 31 32 34 38;0.0440,0.200,-4.863
1 6 11 32 38;0.0440,0.200,-4.863
3 6 18 32 38;0.0440,0.200,-4.863
3 9 18 32 34 38;0.0440,0.200,-4.863
1 7 32 42;0.0769,0.149,-4.857
1 9 38;0.0549,0.139,-4.815
1 31 32 38;0.0549,0.139,-4.815
1 23 32 38;0.0549,0.139,-4.815
7 18 31 38;0.0549,0.139,-4.815
7 18 32 38;0.0549,0.139,-4.815
3 18 23 31 38;0.0549,0.139,-4.815
3 12 14 42;0.0549,0.227,-4.793
3 6 12 42;0.0549,0.227,-4.793
6 14 23 42;0.0549,0.227,-4.793
1 14 42;0.0659,0.182,-4.772
6 9 42;0.0659,0.182,-4.772
1 30 40;0.0330,0.231,-4.754
20 23 30 32 40;0.0330,0.231,-4.754
11 14 34 38;0.0330,0.300,-4.741
1 11 14 38;0.0330,0.300,-4.741
7 11 14 38;0.0330,0.300,-4.741
16 25 32 34 38;0.0330,0.300,-4.741
25 31 32 34 38;0.0330,0.300,-4.741
18 25 32 34 38;0.0330,0.300,-4.741
9 11 16 34 38;0.0330,0.300,-4.741
11 16 32 34 38;0.0330,0.300,-4.741
3 9 11 18 34 38;0.0330,0.300,-4.741
3 11 18 32 34 38;0.0330,0.300,-4.741
1 12 40;0.0440,0.138,-4.723
20 27 32 40;0.0440,0.138,-4.723
18 27 32 40;0.0440,0.138,-4.723
1 18 34 40;0.0440,0.138,-4.723
7 20 34 40;0.0440,0.138,-4.723
3 7 34 40;0.0440,0.138,-4.723
7 18 34 40;0.0440,0.138,-4.723
9 32 34 40;0.0440,0.138,-4.723
18 20 34 40;0.0440,0.138,-4.723
3 6 9 40;0.0440,0.138,-4.723
1 6 23 34 40;0.0440,0.138,-4.723
6 23 32 34 40;0.0440,0.138,-4.723
1 23 32 34 40;0.0440,0.138,-4.723
1 6 20 32 40;0.0440,0.138,-4.723
1 3 6 32 40;0.0440,0.138,-4.723
3 7 9 32 40;0.0440,0.138,-4.723
9 23 32 42;0.0769,0.146,-4.700
7 31 38;0.0549,0.135,-4.670
3 23 31 38;0.0549,0.135,-4.670
3 18 23 32 38;0.0549,0.135,-4.670
14 23 34 38;0.0440,0.190,-4.662
16 31 34 38;0.0440,0.190,-4.662
9 31 34 38;0.0440,0.190,-4.662
6 9 23 38;0.0440,0.190,-4.662
3 6 18 38;0.0440,0.190,-4.662
1 16 32 38;0.0440,0.190,-4.662
1 11 32 38;0.0440,0.190,-4.662
14 16 23 32 38;0.0440,0.190,-4.662
3 18 31 34 38;0.0440,0.190,-4.662
9 18 32 34 38;0.0440,0.190,-4.662
6 9 31 32 38;0.0440,0.190,-4.662
3 6 23 32 38;0.0440,0.190,-4.662
9 14 18 23 31 38;0.0440,0.190,-4.662
3 9 23 32 34 38;0.0440,0.190,-4.662
1 3 20 23 41;0.0440,0.286,-4.625
3 6 42;0.0659,0.176,-4.592
3 32 34 42;0.0659,0.176,-4.592
27 32 40;0.0440,0.133,-4.580
3 23 34 40;0.0440,0.133,-4.580
18 23 34 40;0.0440,0.133,-4.580
1 3 6 40;0.0440,0.133,-4.580
3 7 9 40;0.0440,0.133,-4.580
1 7 20 32 40;0.0440,0.133,-4.580
1 20 23 32 40;0.0440,0.133,-4.580
9 12 14 42;0.0549,0.217,-4.571
21 36;0.4176,0.458,-4.563
1 32 42;0.0769,0.143,-4.546
7 32 42;0.0769,0.143,-4.546
1 23 38;0.0549,0.132,-4.529
1 18 31 38;0.0549,0.132,-4.529
1 18 32 38;0.0549,0.132,-4.529
7 23 32 38;0.0549,0.132,-4.529
9 18 23 31 38;0.0549,0.132,-4.529
30 32 34 40;0.0330,0.214,-4.523
20 30 32 40;0.0330,0.214,-4.523
9 23 30 32 40;0.0330,0.214,-4.523
1 16 38;0.0440,0.182,-4.472
14 16 23 38;0.0440,0.182,-4.472
16 32 34 38;0.0440,0.182,-4.472
3 31 34 38;0.0440,0.182,-4.472
1 6 11 38;0.0440,0.182,-4.472
6 11 32 38;0.0440,0.182,-4.472
6 9 31 38;0.0440,0.182,-4.472
3 6 23 38;0.0440,0.182,-4.472
9 14 23 31 38;0.0440,0.182,-4.472
9 23 32 34 38;0.0440,0.182,-4.472
3 18 32 34 38;0.0440,0.182,-4.472
6 20 31 32 38;0.0440,0.182,-4.472
6 23 31 32 38;0.0440,0.182,-4.472
20 37;0.1978,0.247,-4.453
18 21 37;0.1978,0.247,-4.453
12 32 40;0.0440,0.129,-4.442
1 23 34 40;0.0440,0.129,-4.442
3 9 34 40;0.0440,0.129,-4.442
1 6 20 40;0.0440,0.129,-4.442
7 23 32 34 40;0.0440,0.129,-4.442
1 6 9 32 40;0.0440,0.129,-4.442
6 7 9 32 40;0.0440,0.129,-4.442
6 7 20 32 40;0.0440,0.129,-4.442
3 6 7 32 40;0.0440,0.129,-4.442
1 3 7 32 40;0.0440,0.129,-4.442
1 3 9 32 40;0.0440,0.129,-4.442
16 25 34 38;0.0330,0.273,-4.441
25 31 34 38;0.0330,0.273,-4.441
18 25 34 38;0.0330,0.273,-4.441
7 14 18 25 38;0.0330,0.273,-4.441
9 11 18 34 38;0.0330,0.273,-4.441
11 13 41;0.0659,0.171,-4.418
1 7 42;0.0769,0.140,-4.395
3 23 32 42;0.0769,0.140,-4.395
1 31 38;0.0549,0.128,-4.392
7 18 38;0.0549,0.128,-4.392
9 23 31 38;0.0549,0.128,-4.392
9 18 23 32 38;0.0549,0.128,-4.392
12 14 34 42;0.0440,0.267,-4.346
1 3 21 23 41;0.0440,0.267,-4.346
6 30 34 40;0.0330,0.200,-4.309
7 30 34 40;0.0330,0.200,-4.309
6 30 32 40;0.0330,0.200,-4.309
7 30 32 40;0.0330,0.200,-4.309
9 30 32 40;0.0330,0.200,-4.309
12 40;0.0440,0.125,-4.308
9 34 40;0.0440,0.125,-4.308
6 23 34 40;0.0440,0.125,-4.308
1 6 9 40;0.0440,0.125,-4.308
6 7 9 40;0.0440,0.125,-4.308
6 9 32 40;0.0440,0.125,-4.308
6 20 32 40;0.0440,0.125,-4.308
3 6 32 40;0.0440,0.125,-4.308
1 7 20 40;0.0440,0.125,-4.308
1 3 7 40;0.0440,0.125,-4.308
1 3 9 40;0.0440,0.125,-4.308
1 20 23 40;0.0440,0.125,-4.308
1 20 32 40;0.0440,0.125,-4.308
7 20 32 40;0.0440,0.125,-4.308
9 16 20 23 32 40;0.0440,0.125,-4.308
1 11 38;0.0440,0.174,-4.292
1 14 34 38;0.0440,0.174,-4.292
7 14 34 38;0.0440,0.174,-4.292
7 14 23 38;0.0440,0.174,-4.292
9 16 34 38;0.0440,0.174,-4.292
7 11 32 38;0.0440,0.174,-4.292
3 14 18 23 38;0.0440,0.174,-4.292
3 9 23 34 38;0.0440,0.174,-4.292
3 9 18 34 38;0.0440,0.174,-4.292
18 23 31 32 34 38;0.0440,0.174,-4.292
22 25 38;0.0220,0.500,-4.269
16 22 38;0.0220,0.500,-4.269
22 31 38;0.0220,0.500,-4.269
18 22 38;0.0220,0.500,-4.269
20 25 31 38;0.0220,0.500,-4.269
6 27 31 38;0.0220,0.500,-4.269
1 14 20 25 38;0.0220,0.500,-4.269
1 18 20 25 38;0.0220,0.500,-4.269
34 41;0.0769,0.137,-4.247
6 7 41;0.0769,0.137,-4.247
3 9 23 42;0.0769,0.137,-4.247
3 9 34 39;0.0879,0.258,-4.224
3 21 34 39;0.0879,0.258,-4.224
14 29 42;0.0220,0.667,-4.213
16 27 40;0.0440,0.121,-4.179
6 9 40;0.0440,0.121,-4.179
20 32 34 40;0.0440,0.121,-4.179
18 32 34 40;0.0440,0.121,-4.179
3 6 7 40;0.0440,0.121,-4.179
1 3 32 40;0.0440,0.121,-4.179
7 9 32 40;0.0440,0.121,-4.179
3 7 32 40;0.0440,0.121,-4.179
9 16 23 32 40;0.0440,0.121,-4.179
7 14 25 38;0.0330,0.250,-4.171
25 32 34 38;0.0330,0.250,-4.171
11 16 34 38;0.0330,0.250,-4.171
6 14 16 31 38;0.0330,0.250,-4.171
3 11 18 34 38;0.0330,0.250,-4.171
3 9 11 32 34 38;0.0330,0.250,-4.171
14 34 42;0.0549,0.200,-4.162
3 9 39;0.1319,0.182,-4.160
1 18 38;0.0549,0.122,-4.128
7 23 38;0.0549,0.122,-4.128
9 23 34 38;0.0440,0.167,-4.121
9 18 34 38;0.0440,0.167,-4.121
6 20 31 38;0.0440,0.167,-4.121
6 23 31 38;0.0440,0.167,-4.121
23 31 32 34 38;0.0440,0.167,-4.121
6 9 18 32 38;0.0440,0.167,-4.121
30 34 40;0.0330,0.188,-4.111
6 30 40;0.0330,0.188,-4.111
7 30 40;0.0330,0.188,-4.111
9 23 30 40;0.0330,0.188,-4.111
20 23 30 40;0.0330,0.188,-4.111
14 20 34 40;0.0330,0.188,-4.111
6 7 14 20 40;0.0330,0.188,-4.111
1 42;0.0769,0.135,-4.103
6 41;0.0769,0.135,-4.103
3 20 23 41;0.0769,0.135,-4.103
1 3 20 41;0.0440,0.250,-4.089
13 20 41;0.0659,0.162,-4.087
13 23 41;0.0659,0.162,-4.087
6 23 32 42;0.0659,0.162,-4.087
23 34 37;0.1429,0.302,-4.068
3 6 40;0.0440,0.118,-4.054
1 20 40;0.0440,0.118,-4.054
1 3 40;0.0440,0.118,-4.054
7 9 40;0.0440,0.118,-4.054
7 23 34 40;0.0440,0.118,-4.054
3 32 34 40;0.0440,0.118,-4.054
6 7 20 40;0.0440,0.118,-4.054
1 6 32 34 40;0.0440,0.118,-4.054
1 6 23 32 40;0.0440,0.118,-4.054
16 20 23 32 40;0.0440,0.118,-4.054
3 9 18 20 23 32 40;0.0440,0.118,-4.054
3 9 18 23 38;0.0549,0.119,-4.001
3 9 18 31 32 38;0.0549,0.119,-4.001
9 34 39;0.0879,0.250,-3.993
21 31 34 39;0.0879,0.250,-3.993
12 14 42;0.0549,0.192,-3.972
6 7 12 42;0.0549,0.192,-3.972
6 12 32 42;0.0549,0.192,-3.972
3 12 32 42;0.0549,0.192,-3.972
7 42;0.0769,0.132,-3.961
7 41;0.0769,0.132,-3.961
14 34 38;0.0440,0.160,-3.958
16 34 38;0.0440,0.160,-3.958
6 11 38;0.0440,0.160,-3.958
3 18 34 38;0.0440,0.160,-3.958
6 9 18 38;0.0440,0.160,-3.958
6 18 20 32 38;0.0440,0.160,-3.958
6 18 23 32 38;0.0440,0.160,-3.958
20 27 40;0.0440,0.114,-3.933
18 27 40;0.0440,0.114,-3.933
6 20 40;0.0440,0.114,-3.933
7 20 40;0.0440,0.114,-3.933
3 7 40;0.0440,0.114,-3.933
1 9 32 40;0.0440,0.114,-3.933
16 23 32 40;0.0440,0.114,-3.933
1 6 18 32 40;0.0440,0.114,-3.933
6 7 18 32 40;0.0440,0.114,-3.933
9 16 20 32 40;0.0440,0.114,-3.933
3 9 18 23 32 40;0.0440,0.114,-3.933
3 34 42;0.0659,0.158,-3.930
14 23 32 42;0.0659,0.158,-3.930
23 32 34 42;0.0659,0.158,-3.930
25 34 38;0.0330,0.231,-3.927
14 25 31 38;0.0330,0.231,-3.927
9 11 32 34 38;0.0330,0.231,-3.927
9 30 40;0.0330,0.176,-3.926
20 30 40;0.0330,0.176,-3.926
3 9 31 32 38;0.0549,0.116,-3.878
27 40;0.0440,0.111,-3.815
1 9 40;0.0440,0.111,-3.815
6 32 34 40;0.0440,0.111,-3.815
1 32 34 40;0.0440,0.111,-3.815
1 6 23 40;0.0440,0.111,-3.815
6 18 32 40;0.0440,0.111,-3.815
1 23 32 40;0.0440,0.111,-3.815
7 18 32 40;0.0440,0.111,-3.815
6 7 23 32 40;0.0440,0.111,-3.815
3 18 20 23 32 40;0.0440,0.111,-3.815
21 34 37;0.1429,0.295,-3.813
7 11 38;0.0440,0.154,-3.803
9 14 18 23 38;0.0440,0.154,-3.803
18 23 31 34 38;0.0440,0.154,-3.803
18 23 32 34 38;0.0440,0.154,-3.803
6 12 42;0.0549,0.185,-3.792
3 12 42;0.0549,0.185,-3.792
9 12 32 42;0.0549,0.185,-3.792
14 22 23 38;0.0220,0.400,-3.781
1 22 34 38;0.0220,0.400,-3.781
9 22 34 38;0.0220,0.400,-3.781
9 22 23 38;0.0220,0.400,-3.781
14 20 25 38;0.0220,0.400,-3.781
1 20 25 38;0.0220,0.400,-3.781
16 20 25 38;0.0220,0.400,-3.781
18 20 25 38;0.0220,0.400,-3.781
1 20 21 27 38;0.0220,0.400,-3.781
7 20 21 27 38;0.0220,0.400,-3.781
14 23 42;0.0659,0.154,-3.778
3 9 14 32 42;0.0659,0.154,-3.778
18 31 39;0.1319,0.176,-3.769
3 18 23 38;0.0549,0.114,-3.757
3 18 31 32 38;0.0549,0.114,-3.757
3 9 23 32 38;0.0549,0.114,-3.757
23 30 32 40;0.0330,0.167,-3.754
1 14 25 38;0.0330,0.214,-3.705
14 16 25 38;0.0330,0.214,-3.705
14 18 25 38;0.0330,0.214,-3.705
6 14 16 38;0.0330,0.214,-3.705
11 14 16 31 38;0.0330,0.214,-3.705
3 9 11 34 38;0.0330,0.214,-3.705
3 11 14 18 31 38;0.0330,0.214,-3.705
1 6 34 40;0.0440,0.108,-3.700
6 23 32 40;0.0440,0.108,-3.700
16 20 32 40;0.0440,0.108,-3.700
3 18 23 32 40;0.0440,0.108,-3.700
3 9 18 20 32 40;0.0440,0.108,-3.700
9 23 42;0.0769,0.127,-3.686
3 20 41;0.0769,0.127,-3.686
14 16 31 38;0.0440,0.148,-3.654
23 31 34 38;0.0440,0.148,-3.654
6 18 20 38;0.0440,0.148,-3.654
6 18 23 38;0.0440,0.148,-3.654
14 18 23 31 38;0.0440,0.148,-3.654
3 23 32 34 38;0.0440,0.148,-3.654
3 31 32 38;0.0549,0.111,-3.639
6 23 42;0.0659,0.150,-3.631
3 9 14 42;0.0659,0.150,-3.631
3 14 32 42;0.0659,0.150,-3.631
23 37;0.1978,0.237,-3.630
9 12 42;0.0549,0.179,-3.620
30 32 40;0.0330,0.158,-3.592
3 14 34 40;0.0330,0.158,-3.592
14 18 34 40;0.0330,0.158,-3.592
20 34 40;0.0440,0.105,-3.589
3 34 40;0.0440,0.105,-3.589
18 34 40;0.0440,0.105,-3.589
1 23 40;0.0440,0.105,-3.589
7 32 34 40;0.0440,0.105,-3.589
23 32 34 40;0.0440,0.105,-3.589
1 6 18 40;0.0440,0.105,-3.589
6 7 18 40;0.0440,0.105,-3.589
1 18 32 40;0.0440,0.105,-3.589
7 23 32 40;0.0440,0.105,-3.589
3 9 20 23 32 40;0.0440,0.105,-3.589
9 18 20 23 32 40;0.0440,0.105,-3.589
31 39;0.1319,0.174,-3.578
9 29 42;0.0220,0.500,-3.558
11 22 41;0.0220,0.500,-3.558
9 18 23 38;0.0549,0.109,-3.524
9 18 31 32 38;0.0549,0.109,-3.524
14 23 31 38;0.0440,0.143,-3.512
3 14 18 31 38;0.0440,0.143,-3.512
3 9 32 34 38;0.0440,0.143,-3.512
3 6 9 32 38;0.0440,0.143,-3.512
3 9 11 18 32 38;0.0440,0.143,-3.512
14 25 38;0.0330,0.200,-3.501
9 11 34 38;0.0330,0.200,-3.501
3 11 14 31 38;0.0330,0.200,-3.501
6 16 31 32 38;0.0330,0.200,-3.501
13 41;0.0659,0.146,-3.488
3 14 42;0.0659,0.146,-3.488
1 34 40;0.0440,0.103,-3.481
6 18 40;0.0440,0.103,-3.481
7 18 40;0.0440,0.103,-3.481
6 7 23 40;0.0440,0.103,-3.481
9 16 20 23 40;0.0440,0.103,-3.481
9 18 23 32 40;0.0440,0.103,-3.481
3 18 20 32 40;0.0440,0.103,-3.481
1 11 21 32 41;0.0440,0.211,-3.427
1 7 32 38;0.0549,0.106,-3.412
9 31 32 38;0.0549,0.106,-3.412
18 23 31 32 38;0.0549,0.106,-3.412
14 22 38;0.0220,0.333,-3.399
1 22 38;0.0220,0.333,-3.399
9 22 38;0.0220,0.333,-3.399
20 25 38;0.0220,0.333,-3.399
22 32 34 38;0.0220,0.333,-3.399
22 23 32 38;0.0220,0.333,-3.399
1 20 27 38;0.0220,0.333,-3.399
1 21 27 38;0.0220,0.333,-3.399
7 20 27 38;0.0220,0.333,-3.399
7 21 27 38;0.0220,0.333,-3.399
6 20 21 27 38;0.0220,0.333,-3.399
6 18 21 27 38;0.0220,0.333,-3.399
9 39;0.1319,0.171,-3.390
6 34 40;0.0440,0.100,-3.376
6 23 40;0.0440,0.100,-3.376
9 16 23 40;0.0440,0.100,-3.376
3 14 31 38;0.0440,0.138,-3.375
9 32 34 38;0.0440,0.138,-3.375
3 6 9 38;0.0440,0.138,-3.375
3 9 14 23 38;0.0440,0.138,-3.375
3 14 23 32 38;0.0440,0.138,-3.375
1 6 20 32 38;0.0440,0.138,-3.375
16 23 31 32 38;0.0440,0.138,-3.375
18 21 34 39;0.0879,0.229,-3.365
18 37;0.1978,0.234,-3.364
9 14 32 42;0.0659,0.143,-3.350
7 25 32 38;0.0330,0.188,-3.312
25 31 32 38;0.0330,0.188,-3.312
6 16 31 38;0.0330,0.188,-3.312
1 6 14 20 38;0.0330,0.188,-3.312
6 7 14 20 38;0.0330,0.188,-3.312
11 14 16 32 38;0.0330,0.188,-3.312
9 11 14 18 31 38;0.0330,0.188,-3.312
3 11 14 18 32 38;0.0330,0.188,-3.312
23 31 32 38;0.0549,0.104,-3.302
9 23 32 38;0.0549,0.104,-3.302
3 9 18 31 38;0.0549,0.104,-3.302
6 14 42;0.0549,0.167,-3.298
23 30 40;0.0330,0.143,-3.295
14 23 34 40;0.0330,0.143,-3.295
14 16 20 23 40;0.0330,0.143,-3.295
3 23 42;0.0769,0.121,-3.293
3 23 41;0.0769,0.121,-3.293
3 9 32 42;0.0769,0.121,-3.293
1 18 40;0.0440,0.098,-3.273
7 23 40;0.0440,0.098,-3.273
16 20 23 40;0.0440,0.098,-3.273
3 9 20 32 40;0.0440,0.098,-3.273
9 18 20 32 40;0.0440,0.098,-3.273
3 9 18 20 23 40;0.0440,0.098,-3.273
3 14 23 38;0.0440,0.133,-3.244
3 23 34 38;0.0440,0.133,-3.244
18 23 34 38;0.0440,0.133,-3.244
18 31 32 34 38;0.0440,0.133,-3.244
3 11 18 32 38;0.0440,0.133,-3.244
12 32 34 42;0.0440,0.200,-3.236
9 14 42;0.0659,0.140,-3.216
23 34 42;0.0659,0.140,-3.216
1 32 38;0.0549,0.102,-3.194
7 32 38;0.0549,0.102,-3.194
3 9 31 38;0.0549,0.102,-3.194
3 9 18 32 38;0.0549,0.102,-3.194
7 34 40;0.0440,0.095,-3.173
16 23 40;0.0440,0.095,-3.173
9 16 20 40;0.0440,0.095,-3.173
9 20 23 32 40;0.0440,0.095,-3.173
3 9 18 23 40;0.0440,0.095,-3.173
11 41;0.0769,0.119,-3.167
30 40;0.0330,0.136,-3.158
3 14 18 20 23 40;0.0330,0.136,-3.158
12 32 42;0.0549,0.161,-3.148
7 25 38;0.0330,0.176,-3.137
25 31 38;0.0330,0.176,-3.137
16 25 32 38;0.0330,0.176,-3.137
18 25 32 38;0.0330,0.176,-3.137
6 14 20 38;0.0330,0.176,-3.137
7 14 20 38;0.0330,0.176,-3.137
11 14 16 38;0.0330,0.176,-3.137
9 11 14 31 38;0.0330,0.176,-3.137
3 11 14 18 38;0.0330,0.176,-3.137
11 18 32 34 38;0.0330,0.176,-3.137
3 9 11 14 32 38;0.0330,0.176,-3.137
7 14 38;0.0440,0.129,-3.118
31 32 34 38;0.0440,0.129,-3.118
3 9 34 38;0.0440,0.129,-3.118
1 6 20 38;0.0440,0.129,-3.118
9 14 18 31 38;0.0440,0.129,-3.118
14 18 23 32 38;0.0440,0.129,-3.118
9 11 18 32 38;0.0440,0.129,-3.118
1 7 38;0.0549,0.100,-3.089
3 18 31 38;0.0549,0.100,-3.089
3 23 32 38;0.0549,0.100,-3.089
23 25 42;0.0220,0.400,-3.085
20 22 41;0.0220,0.400,-3.085
22 34 38;0.0220,0.286,-3.085
22 23 38;0.0220,0.286,-3.085
22 32 38;0.0220,0.286,-3.085
1 27 38;0.0220,0.286,-3.085
7 27 38;0.0220,0.286,-3.085
6 20 27 38;0.0220,0.286,-3.085
6 18 27 38;0.0220,0.286,-3.085
6 21 27 38;0.0220,0.286,-3.085
23 34 40;0.0440,0.093,-3.075
3 18 20 23 40;0.0440,0.093,-3.075
12 34 42;0.0440,0.190,-3.057
3 14 18 23 40;0.0330,0.130,-3.029
3 9 14 20 23 40;0.0330,0.130,-3.029
3 14 20 23 32 40;0.0330,0.130,-3.029
12 42;0.0549,0.156,-3.004
