8 36;0.4066,1.000,-59.013
2 18 36;0.4066,1.000,-59.013
2 5 36;0.3956,1.000,-55.005
5 20 36;0.3956,1.000,-55.005
5 21 36;0.3956,1.000,-55.005
2 16 36;0.3956,1.000,-55.005
2 9 36;0.3956,1.000,-55.005
2 21 36;0.4066,0.949,-52.405
5 36;0.3956,0.973,-51.412
2 36;0.4066,0.902,-47.487
3 18 20 21 36;0.4066,0.902,-47.487
16 20 21 36;0.3956,0.900,-43.656
3 18 20 36;0.4066,0.860,-43.390
4 37;0.1978,1.000,-42.999
15 26 37;0.1978,1.000,-42.999
1 26 37;0.1978,1.000,-42.999
7 26 37;0.1978,1.000,-42.999
6 26 37;0.1978,1.000,-42.999
1 15 31 37;0.1978,1.000,-42.999
1 15 18 37;0.1978,1.000,-42.999
7 15 31 37;0.1978,1.000,-42.999
7 15 18 37;0.1978,1.000,-42.999
11 16 21 36;0.3626,0.971,-42.598
3 11 18 21 36;0.3626,0.971,-42.598
3 18 21 23 36;0.3846,0.897,-40.501
15 31 37;0.1978,0.947,-40.055
15 18 37;0.1978,0.947,-40.055
11 16 36;0.3626,0.943,-39.806
3 11 18 36;0.3626,0.943,-39.806
16 20 36;0.3956,0.857,-39.645
9 18 20 21 36;0.3956,0.837,-37.849
1 20 21 31 37;0.1978,0.900,-37.752
1 21 23 31 37;0.1978,0.900,-37.752
7 20 21 31 37;0.1978,0.900,-37.752
7 21 23 31 37;0.1978,0.900,-37.752
16 21 23 36;0.3736,0.895,-37.735
3 20 35 36;0.3187,1.000,-37.071
3 9 20 21 36;0.3956,0.818,-36.165
23 26 31 37;0.1978,0.857,-35.806
1 20 31 37;0.1978,0.857,-35.806
7 20 31 37;0.1978,0.857,-35.806
1 6 23 31 37;0.1978,0.857,-35.806
6 7 23 31 37;0.1978,0.857,-35.806
6 20 21 31 37;0.1978,0.857,-35.806
6 21 23 31 37;0.1978,0.857,-35.806
3 20 21 31 36;0.3407,0.939,-35.220
11 27 36;0.3077,1.000,-35.125
9 11 18 21 36;0.3516,0.914,-35.062
3 18 23 36;0.3846,0.833,-34.824
9 18 20 36;0.3956,0.800,-34.576
26 31 37;0.1978,0.818,-34.102
1 23 31 37;0.1978,0.818,-34.102
7 23 31 37;0.1978,0.818,-34.102
6 20 31 37;0.1978,0.818,-34.102
6 23 31 37;0.1978,0.818,-34.102
1 18 20 21 37;0.1978,0.818,-34.102
1 18 21 23 37;0.1978,0.818,-34.102
7 18 20 21 37;0.1978,0.818,-34.102
7 18 21 23 37;0.1978,0.818,-34.102
3 20 21 36;0.4066,0.755,-33.765
19 24 39;0.1319,1.000,-33.385
1 24 39;0.1319,1.000,-33.385
7 24 39;0.1319,1.000,-33.385
6 24 39;0.1319,1.000,-33.385
24 25 31 39;0.1319,1.000,-33.385
6 16 19 39;0.1319,1.000,-33.385
6 19 31 39;0.1319,1.000,-33.385
6 18 19 39;0.1319,1.000,-33.385
6 12 16 25 39;0.1319,1.000,-33.385
6 12 25 31 39;0.1319,1.000,-33.385
6 12 18 25 39;0.1319,1.000,-33.385
3 21 23 31 36;0.3297,0.938,-33.150
3 9 20 36;0.3956,0.783,-33.072
9 11 18 36;0.3516,0.889,-32.955
3 20 31 36;0.3407,0.912,-32.898
23 26 37;0.1978,0.783,-32.575
6 18 20 21 37;0.1978,0.783,-32.575
6 18 21 23 37;0.1978,0.783,-32.575
16 23 36;0.3736,0.829,-32.189
9 18 21 23 36;0.3736,0.829,-32.189
3 11 21 31 36;0.3077,0.966,-31.907
1 10 31 37;0.1648,1.000,-31.839
1 10 18 37;0.1648,1.000,-31.839
7 10 31 37;0.1648,1.000,-31.839
7 10 18 37;0.1648,1.000,-31.839
6 10 31 37;0.1648,1.000,-31.839
6 10 18 37;0.1648,1.000,-31.839
9 20 21 36;0.3956,0.766,-31.641
26 37;0.1978,0.750,-31.189
1 15 20 37;0.1978,0.750,-31.189
1 18 20 37;0.1978,0.750,-31.189
7 18 20 37;0.1978,0.750,-31.189
1 6 18 23 37;0.1978,0.750,-31.189
6 7 18 23 37;0.1978,0.750,-31.189
20 21 27 36;0.3297,0.909,-30.874
18 21 27 36;0.3297,0.909,-30.874
24 25 39;0.1319,0.923,-30.820
24 31 39;0.1319,0.923,-30.820
16 19 39;0.1319,0.923,-30.820
19 31 39;0.1319,0.923,-30.820
18 19 39;0.1319,0.923,-30.820
6 12 25 39;0.1319,0.923,-30.820
12 25 31 39;0.1319,0.923,-30.820
1 12 16 25 39;0.1319,0.923,-30.820
1 12 18 25 39;0.1319,0.923,-30.820
7 12 16 25 39;0.1319,0.923,-30.820
7 12 18 25 39;0.1319,0.923,-30.820
6 12 16 31 39;0.1319,0.923,-30.820
1 3 6 12 31 39;0.1319,0.923,-30.820
3 6 7 12 31 39;0.1319,0.923,-30.820
27 31 36;0.2967,0.964,-30.100
3 23 35 36;0.2967,0.964,-30.100
1 18 23 37;0.1978,0.720,-29.916
7 18 23 37;0.1978,0.720,-29.916
6 18 20 37;0.1978,0.720,-29.916
6 18 23 37;0.1978,0.720,-29.916
3 18 21 36;0.4066,0.712,-29.882
3 11 35 36;0.2747,1.000,-29.788
3 11 31 36;0.3077,0.933,-29.349
3 9 11 21 36;0.3516,0.842,-29.293
10 31 37;0.1648,0.938,-29.104
10 18 37;0.1648,0.938,-29.104
12 19 21 25 39;0.1209,1.000,-29.003
1 12 21 25 39;0.1209,1.000,-29.003
7 12 21 25 39;0.1209,1.000,-29.003
9 20 36;0.3956,0.735,-28.973
16 21 27 36;0.3187,0.906,-28.969
24 39;0.1319,0.857,-28.874
12 19 25 39;0.1319,0.857,-28.874
6 19 25 39;0.1319,0.857,-28.874
1 12 25 39;0.1319,0.857,-28.874
7 12 25 39;0.1319,0.857,-28.874
12 16 25 39;0.1319,0.857,-28.874
12 18 25 39;0.1319,0.857,-28.874
6 16 25 39;0.1319,0.857,-28.874
6 25 31 39;0.1319,0.857,-28.874
6 18 25 39;0.1319,0.857,-28.874
1 12 16 31 39;0.1319,0.857,-28.874
1 3 12 31 39;0.1319,0.857,-28.874
7 12 16 31 39;0.1319,0.857,-28.874
3 7 12 31 39;0.1319,0.857,-28.874
3 6 12 31 39;0.1319,0.857,-28.874
1 6 9 12 31 39;0.1319,0.857,-28.874
6 7 9 12 31 39;0.1319,0.857,-28.874
20 27 36;0.3297,0.882,-28.858
18 27 36;0.3297,0.882,-28.858
21 27 36;0.3297,0.882,-28.858
3 23 31 36;0.3297,0.882,-28.858
7 15 20 21 37;0.1978,0.692,-28.738
3 20 36;0.4066,0.698,-28.684
27 35 36;0.2637,1.000,-28.148
3 9 11 36;0.3516,0.821,-27.671
9 18 23 36;0.3736,0.773,-27.668
15 20 21 37;0.1978,0.667,-27.639
19 25 39;0.1319,0.800,-27.265
12 25 39;0.1319,0.800,-27.265
25 31 39;0.1319,0.800,-27.265
1 16 25 39;0.1319,0.800,-27.265
1 18 25 39;0.1319,0.800,-27.265
7 16 25 39;0.1319,0.800,-27.265
7 18 25 39;0.1319,0.800,-27.265
6 16 31 39;0.1319,0.800,-27.265
1 9 12 31 39;0.1319,0.800,-27.265
7 9 12 31 39;0.1319,0.800,-27.265
6 9 12 31 39;0.1319,0.800,-27.265
1 3 6 31 39;0.1319,0.800,-27.265
3 6 7 31 39;0.1319,0.800,-27.265
16 21 35 36;0.3077,0.903,-27.167
27 36;0.3297,0.857,-27.038
1 10 37;0.1648,0.882,-27.002
3 18 35 36;0.3187,0.879,-26.999
3 21 35 36;0.3187,0.879,-26.999
7 15 20 37;0.1978,0.643,-26.609
1 20 21 37;0.1978,0.643,-26.609
16 21 36;0.3956,0.706,-26.523
9 11 21 36;0.3516,0.800,-26.159
16 25 39;0.1319,0.750,-25.879
18 25 39;0.1319,0.750,-25.879
6 12 16 39;0.1319,0.750,-25.879
12 16 31 39;0.1319,0.750,-25.879
1 16 31 39;0.1319,0.750,-25.879
1 3 31 39;0.1319,0.750,-25.879
7 16 31 39;0.1319,0.750,-25.879
3 7 31 39;0.1319,0.750,-25.879
3 6 31 39;0.1319,0.750,-25.879
1 3 6 12 18 39;0.1319,0.750,-25.879
3 6 7 12 18 39;0.1319,0.750,-25.879
15 20 37;0.1978,0.621,-25.640
3 11 21 36;0.3626,0.767,-25.434
3 18 36;0.4066,0.661,-25.330
16 35 36;0.3077,0.875,-25.244
20 35 36;0.3187,0.853,-25.224
3 35 36;0.3187,0.853,-25.224
9 21 23 31 36;0.3187,0.853,-25.224
11 29 41;0.0879,1.000,-25.166
20 29 41;0.0879,1.000,-25.166
9 11 36;0.3516,0.780,-24.742
1 20 37;0.1978,0.600,-24.724
1 15 21 37;0.1978,0.600,-24.724
7 20 21 37;0.1978,0.600,-24.724
1 12 16 39;0.1319,0.706,-24.655
7 12 16 39;0.1319,0.706,-24.655
3 12 31 39;0.1319,0.706,-24.655
1 3 12 18 39;0.1319,0.706,-24.655
3 7 12 18 39;0.1319,0.706,-24.655
3 6 12 18 39;0.1319,0.706,-24.655
1 6 9 12 18 39;0.1319,0.706,-24.655
6 7 9 12 18 39;0.1319,0.706,-24.655
1 15 37;0.1978,0.581,-23.855
1 21 31 37;0.1978,0.581,-23.855
7 21 31 37;0.1978,0.581,-23.855
6 20 21 37;0.1978,0.581,-23.855
10 15 21 37;0.1648,0.789,-23.730
7 10 21 37;0.1648,0.789,-23.730
6 10 21 37;0.1648,0.789,-23.730
9 18 21 35 36;0.3187,0.829,-23.606
9 23 35 36;0.2967,0.871,-23.582
6 25 39;0.1319,0.667,-23.556
6 16 39;0.1319,0.667,-23.556
6 12 19 39;0.1319,0.667,-23.556
9 12 31 39;0.1319,0.667,-23.556
1 9 12 18 39;0.1319,0.667,-23.556
7 9 12 18 39;0.1319,0.667,-23.556
6 9 12 18 39;0.1319,0.667,-23.556
1 6 9 31 39;0.1319,0.667,-23.556
1 3 6 18 39;0.1319,0.667,-23.556
6 7 9 31 39;0.1319,0.667,-23.556
3 6 7 18 39;0.1319,0.667,-23.556
9 17 42;0.0989,0.818,-23.380
9 15 30 42;0.0989,0.818,-23.380
1 3 9 15 42;0.0989,0.818,-23.380
3 7 9 15 42;0.0989,0.818,-23.380
9 18 21 36;0.3956,0.667,-23.184
7 15 21 37;0.1978,0.562,-23.028
6 21 31 37;0.1978,0.562,-23.028
3 9 21 23 36;0.3736,0.708,-22.661
1 25 39;0.1319,0.632,-22.558
7 25 39;0.1319,0.632,-22.558
12 19 39;0.1319,0.632,-22.558
6 19 39;0.1319,0.632,-22.558
1 16 39;0.1319,0.632,-22.558
7 16 39;0.1319,0.632,-22.558
1 9 31 39;0.1319,0.632,-22.558
1 3 18 39;0.1319,0.632,-22.558
7 9 31 39;0.1319,0.632,-22.558
3 7 18 39;0.1319,0.632,-22.558
6 9 31 39;0.1319,0.632,-22.558
3 6 18 39;0.1319,0.632,-22.558
1 6 12 31 39;0.1319,0.632,-22.558
6 7 12 31 39;0.1319,0.632,-22.558
10 21 37;0.1648,0.750,-22.383
18 20 21 36;0.4066,0.627,-22.281
11 35 36;0.2747,0.893,-22.279
15 21 37;0.1978,0.545,-22.239
1 6 31 37;0.1978,0.545,-22.239
1 18 21 37;0.1978,0.545,-22.239
6 7 31 37;0.1978,0.545,-22.239
7 18 21 37;0.1978,0.545,-22.239
16 36;0.3956,0.655,-22.147
9 18 35 36;0.3187,0.806,-22.116
9 21 35 36;0.3187,0.806,-22.116
9 23 31 36;0.3187,0.806,-22.116
3 9 15 42;0.0989,0.750,-21.994
18 23 35 36;0.2967,0.844,-21.900
3 11 36;0.3626,0.717,-21.719
11 18 21 36;0.3626,0.717,-21.719
25 39;0.1319,0.600,-21.641
19 39;0.1319,0.600,-21.641
12 16 39;0.1319,0.600,-21.641
1 12 31 39;0.1319,0.600,-21.641
7 12 31 39;0.1319,0.600,-21.641
6 12 31 39;0.1319,0.600,-21.641
1 31 37;0.1978,0.529,-21.486
7 31 37;0.1978,0.529,-21.486
7 20 37;0.1978,0.529,-21.486
6 31 37;0.1978,0.529,-21.486
1 21 23 37;0.1978,0.529,-21.486
6 18 21 37;0.1978,0.529,-21.486
29 41;0.0879,0.800,-21.359
17 20 41;0.0879,0.800,-21.359
15 20 30 41;0.0879,0.800,-21.359
7 11 20 30 41;0.0879,0.800,-21.359
6 11 20 30 41;0.0879,0.800,-21.359
3 15 20 34 41;0.0879,0.800,-21.359
3 7 15 20 41;0.0879,0.800,-21.359
3 11 15 20 41;0.0879,0.800,-21.359
10 15 37;0.1648,0.714,-21.171
7 10 37;0.1648,0.714,-21.171
6 10 37;0.1648,0.714,-21.171
1 17 42;0.0989,0.692,-20.815
1 15 30 42;0.0989,0.692,-20.815
1 3 15 42;0.0989,0.692,-20.815
3 12 18 39;0.1319,0.571,-20.794
1 6 9 18 39;0.1319,0.571,-20.794
6 7 9 18 39;0.1319,0.571,-20.794
7 15 37;0.1978,0.514,-20.764
6 20 37;0.1978,0.514,-20.764
9 35 36;0.3187,0.784,-20.735
18 21 35 36;0.3187,0.784,-20.735
3 21 23 36;0.3846,0.660,-20.631
11 18 36;0.3626,0.702,-20.597
18 20 36;0.4066,0.607,-20.389
23 35 36;0.2967,0.818,-20.373
15 37;0.1978,0.500,-20.070
1 6 18 37;0.1978,0.500,-20.070
6 7 18 37;0.1978,0.500,-20.070
7 21 23 37;0.1978,0.500,-20.070
10 37;0.1648,0.682,-20.066
11 17 41;0.0879,0.727,-20.060
11 15 30 41;0.0879,0.727,-20.060
7 11 30 41;0.0879,0.727,-20.060
6 11 30 41;0.0879,0.727,-20.060
3 11 15 41;0.0879,0.727,-20.060
3 15 20 41;0.0879,0.727,-20.060
11 20 30 34 41;0.0879,0.727,-20.060
9 12 18 39;0.1319,0.545,-20.006
1 9 18 39;0.1319,0.545,-20.006
7 9 18 39;0.1319,0.545,-20.006
6 9 18 39;0.1319,0.545,-20.006
1 3 6 12 39;0.1319,0.545,-20.006
1 6 12 18 39;0.1319,0.545,-20.006
3 6 7 12 39;0.1319,0.545,-20.006
6 7 12 18 39;0.1319,0.545,-20.006
1 9 30 42;0.0989,0.643,-19.785
7 9 30 42;0.0989,0.643,-19.785
6 9 30 42;0.0989,0.643,-19.785
1 9 15 42;0.0989,0.643,-19.785
7 9 15 42;0.0989,0.643,-19.785
9 21 23 36;0.3736,0.667,-19.452
18 35 36;0.3187,0.763,-19.448
21 35 36;0.3187,0.763,-19.448
1 18 37;0.1978,0.486,-19.404
7 18 37;0.1978,0.486,-19.404
6 18 37;0.1978,0.486,-19.404
1 6 23 37;0.1978,0.486,-19.404
6 21 23 37;0.1978,0.486,-19.404
12 31 39;0.1319,0.522,-19.268
1 3 12 39;0.1319,0.522,-19.268
1 12 18 39;0.1319,0.522,-19.268
3 7 12 39;0.1319,0.522,-19.268
7 12 18 39;0.1319,0.522,-19.268
3 6 12 39;0.1319,0.522,-19.268
6 12 18 39;0.1319,0.522,-19.268
1 6 9 12 39;0.1319,0.522,-19.268
6 7 9 12 39;0.1319,0.522,-19.268
9 18 36;0.3956,0.621,-19.233
17 19 42;0.0769,1.000,-19.231
19 30 42;0.0769,1.000,-19.231
15 19 42;0.0769,1.000,-19.231
6 19 23 42;0.0769,1.000,-19.231
9 15 34 42;0.0879,0.800,-19.184
11 30 34 41;0.0879,0.667,-18.961
3 7 11 20 41;0.0879,0.667,-18.961
3 6 11 20 41;0.0879,0.667,-18.961
9 15 42;0.0989,0.600,-18.869
1 23 37;0.1978,0.474,-18.762
1 9 12 39;0.1319,0.500,-18.575
7 9 12 39;0.1319,0.500,-18.575
6 9 12 39;0.1319,0.500,-18.575
3 9 23 36;0.3736,0.654,-18.466
35 36;0.3187,0.744,-18.243
3 21 31 36;0.3407,0.705,-18.092
17 32 42;0.0989,0.562,-18.043
1 30 42;0.0989,0.562,-18.043
15 30 32 42;0.0989,0.562,-18.043
3 7 15 32 42;0.0989,0.562,-18.043
7 20 30 41;0.0879,0.615,-18.006
6 20 30 41;0.0879,0.615,-18.006
3 7 11 41;0.0879,0.615,-18.006
3 6 11 41;0.0879,0.615,-18.006
17 42;0.0989,0.529,-17.289
15 30 42;0.0989,0.529,-17.289
3 7 15 42;0.0989,0.529,-17.289
3 15 32 42;0.0989,0.529,-17.289
9 23 30 32 42;0.0989,0.529,-17.289
1 3 6 9 23 42;0.0989,0.529,-17.289
3 6 7 9 23 42;0.0989,0.529,-17.289
13 17 41;0.0769,0.778,-17.172
19 23 42;0.0769,0.875,-17.172
13 15 30 41;0.0769,0.778,-17.172
3 13 15 41;0.0769,0.778,-17.172
20 30 34 41;0.0879,0.571,-17.158
10 17 41;0.0659,1.000,-16.985
10 30 41;0.0659,1.000,-16.985
3 10 15 41;0.0659,1.000,-16.985
3 7 10 41;0.0659,1.000,-16.985
3 6 10 41;0.0659,1.000,-16.985
6 7 23 37;0.1978,0.439,-16.967
18 21 23 36;0.3846,0.614,-16.858
3 12 39;0.1319,0.444,-16.714
12 18 39;0.1319,0.444,-16.714
3 15 42;0.0989,0.500,-16.596
9 30 32 42;0.0989,0.500,-16.596
1 3 9 23 42;0.0989,0.500,-16.596
3 7 9 23 42;0.0989,0.500,-16.596
3 6 9 23 42;0.0989,0.500,-16.596
3 9 21 36;0.3956,0.590,-16.574
7 23 37;0.1978,0.429,-16.407
6 23 37;0.1978,0.429,-16.407
11 20 30 41;0.0879,0.533,-16.396
9 12 39;0.1319,0.429,-16.155
1 6 12 39;0.1319,0.429,-16.155
6 7 12 39;0.1319,0.429,-16.155
3 21 36;0.4066,0.561,-16.068
7 13 30 41;0.0769,0.700,-15.979
6 13 30 41;0.0769,0.700,-15.979
3 7 13 20 41;0.0769,0.700,-15.979
3 7 13 23 41;0.0769,0.700,-15.979
3 6 13 20 41;0.0769,0.700,-15.979
3 6 13 23 41;0.0769,0.700,-15.979
7 30 32 42;0.0989,0.474,-15.954
6 30 32 42;0.0989,0.474,-15.954
9 23 30 42;0.0989,0.474,-15.954
1 3 6 23 42;0.0989,0.474,-15.954
9 23 36;0.3736,0.618,-15.720
17 34 41;0.0879,0.500,-15.703
11 30 41;0.0879,0.500,-15.703
15 30 34 41;0.0879,0.500,-15.703
3 15 34 41;0.0879,0.500,-15.703
3 7 20 41;0.0879,0.500,-15.703
3 6 20 34 41;0.0879,0.500,-15.703
1 12 39;0.1319,0.414,-15.620
7 12 39;0.1319,0.414,-15.620
6 12 39;0.1319,0.414,-15.620
1 3 6 9 39;0.1319,0.414,-15.620
3 6 7 9 39;0.1319,0.414,-15.620
7 30 42;0.0989,0.450,-15.356
6 30 42;0.0989,0.450,-15.356
9 30 42;0.0989,0.450,-15.356
1 3 23 42;0.0989,0.450,-15.356
1 6 9 23 42;0.0989,0.450,-15.356
6 7 9 23 42;0.0989,0.450,-15.356
20 21 36;0.4066,0.552,-15.265
3 23 36;0.3846,0.593,-15.150
3 31 36;0.3407,0.660,-15.126
1 3 9 39;0.1319,0.400,-15.110
3 7 9 39;0.1319,0.400,-15.110
3 6 9 39;0.1319,0.400,-15.110
17 41;0.0879,0.471,-15.067
15 30 41;0.0879,0.471,-15.067
3 7 15 41;0.0879,0.471,-15.067
3 6 20 41;0.0879,0.471,-15.067
3 10 41;0.0659,0.857,-15.060
13 30 34 41;0.0769,0.636,-14.978
1 21 37;0.1978,0.400,-14.828
1 16 27 40;0.0440,1.000,-14.799
1 20 27 40;0.0440,1.000,-14.799
1 18 27 40;0.0440,1.000,-14.799
7 16 27 40;0.0440,1.000,-14.799
7 20 27 40;0.0440,1.000,-14.799
7 18 27 40;0.0440,1.000,-14.799
6 16 27 40;0.0440,1.000,-14.799
12 16 27 34 40;0.0440,1.000,-14.799
12 20 27 34 40;0.0440,1.000,-14.799
12 18 27 34 40;0.0440,1.000,-14.799
1 12 16 20 40;0.0440,1.000,-14.799
1 3 12 20 40;0.0440,1.000,-14.799
12 16 20 34 40;0.0440,1.000,-14.799
9 12 20 34 40;0.0440,1.000,-14.799
3 12 20 34 40;0.0440,1.000,-14.799
7 12 16 20 40;0.0440,1.000,-14.799
3 7 12 20 40;0.0440,1.000,-14.799
6 12 16 20 40;0.0440,1.000,-14.799
6 12 16 23 40;0.0440,1.000,-14.799
6 20 27 34 40;0.0440,1.000,-14.799
6 18 27 34 40;0.0440,1.000,-14.799
1 3 6 12 18 23 40;0.0440,1.000,-14.799
6 9 12 18 23 34 40;0.0440,1.000,-14.799
3 6 12 18 23 34 40;0.0440,1.000,-14.799
3 6 7 12 18 23 40;0.0440,1.000,-14.799
1 9 23 42;0.0989,0.429,-14.796
7 9 23 42;0.0989,0.429,-14.796
6 9 23 42;0.0989,0.429,-14.796
1 3 6 39;0.1319,0.387,-14.620
3 15 41;0.0879,0.444,-14.479
20 23 30 41;0.0879,0.444,-14.479
18 23 36;0.3846,0.583,-14.336
23 30 32 42;0.0989,0.409,-14.270
3 6 7 23 32 42;0.0989,0.409,-14.270
1 3 39;0.1319,0.375,-14.150
1 6 9 39;0.1319,0.375,-14.150
6 7 9 39;0.1319,0.375,-14.150
9 21 36;0.3956,0.562,-14.131
13 30 41;0.0769,0.583,-14.114
20 30 41;0.0879,0.421,-13.933
7 30 34 41;0.0879,0.421,-13.933
6 30 34 41;0.0879,0.421,-13.933
11 15 20 34 41;0.0879,0.421,-13.933
7 21 37;0.1978,0.383,-13.849
30 32 42;0.0989,0.391,-13.774
3 6 7 23 42;0.0989,0.391,-13.774
3 7 23 32 42;0.0989,0.391,-13.774
3 6 23 32 42;0.0989,0.391,-13.774
12 39;0.1319,0.364,-13.698
1 9 39;0.1319,0.364,-13.698
7 9 39;0.1319,0.364,-13.698
6 9 39;0.1319,0.364,-13.698
1 6 31 39;0.1319,0.364,-13.698
6 7 31 39;0.1319,0.364,-13.698
11 21 31 36;0.3077,0.683,-13.680
20 21 31 34 37;0.1429,0.591,-13.597
21 23 31 34 37;0.1429,0.591,-13.597
30 34 41;0.0879,0.400,-13.422
7 30 41;0.0879,0.400,-13.422
6 30 41;0.0879,0.400,-13.422
11 15 34 41;0.0879,0.400,-13.422
3 11 20 34 41;0.0879,0.400,-13.422
6 21 37;0.1978,0.375,-13.379
3 7 13 41;0.0769,0.538,-13.352
3 6 13 41;0.0769,0.538,-13.352
3 7 23 42;0.0989,0.375,-13.304
3 6 23 42;0.0989,0.375,-13.304
1 31 39;0.1319,0.353,-13.263
7 31 39;0.1319,0.353,-13.263
6 31 39;0.1319,0.353,-13.263
1 27 40;0.0440,0.800,-13.189
7 27 40;0.0440,0.800,-13.189
12 27 34 40;0.0440,0.800,-13.189
12 16 27 40;0.0440,0.800,-13.189
6 27 34 40;0.0440,0.800,-13.189
6 20 27 40;0.0440,0.800,-13.189
6 18 27 40;0.0440,0.800,-13.189
1 12 16 23 40;0.0440,0.800,-13.189
1 9 12 20 40;0.0440,0.800,-13.189
12 16 23 34 40;0.0440,0.800,-13.189
7 12 16 23 40;0.0440,0.800,-13.189
7 9 12 20 40;0.0440,0.800,-13.189
3 6 12 20 40;0.0440,0.800,-13.189
12 16 20 23 40;0.0440,0.800,-13.189
1 3 12 18 23 40;0.0440,0.800,-13.189
9 12 18 23 34 40;0.0440,0.800,-13.189
3 12 18 23 34 40;0.0440,0.800,-13.189
3 7 12 18 23 40;0.0440,0.800,-13.189
3 6 12 18 23 40;0.0440,0.800,-13.189
1 6 9 12 18 23 40;0.0440,0.800,-13.189
6 7 9 12 18 23 40;0.0440,0.800,-13.189
11 21 36;0.3626,0.600,-13.148
18 21 36;0.4066,0.529,-12.959
3 11 34 41;0.0879,0.381,-12.942
7 11 20 34 41;0.0879,0.381,-12.942
6 11 20 34 41;0.0879,0.381,-12.942
1 6 37;0.1978,0.367,-12.921
23 30 42;0.0989,0.360,-12.857
3 6 7 39;0.1319,0.343,-12.843
20 31 34 37;0.1429,0.565,-12.833
11 31 36;0.3077,0.667,-12.769
3 9 36;0.3956,0.545,-12.608
11 15 20 41;0.0879,0.364,-12.490
7 11 34 41;0.0879,0.364,-12.490
6 11 34 41;0.0879,0.364,-12.490
3 6 23 34 41;0.0879,0.364,-12.490
1 37;0.1978,0.360,-12.475
21 23 31 37;0.1978,0.360,-12.475
3 7 39;0.1319,0.333,-12.437
3 6 39;0.1319,0.333,-12.437
1 6 18 39;0.1319,0.333,-12.437
6 7 18 39;0.1319,0.333,-12.437
30 42;0.0989,0.346,-12.433
20 36;0.4066,0.521,-12.222
23 31 34 37;0.1429,0.542,-12.123
6 27 40;0.0440,0.667,-12.091
12 20 27 40;0.0440,0.667,-12.091
12 18 27 40;0.0440,0.667,-12.091
12 16 23 40;0.0440,0.667,-12.091
1 16 20 40;0.0440,0.667,-12.091
7 16 20 40;0.0440,0.667,-12.091
6 16 20 40;0.0440,0.667,-12.091
6 16 23 40;0.0440,0.667,-12.091
6 9 12 20 40;0.0440,0.667,-12.091
3 12 20 23 40;0.0440,0.667,-12.091
1 3 18 20 40;0.0440,0.667,-12.091
3 7 18 20 40;0.0440,0.667,-12.091
1 9 12 18 23 40;0.0440,0.667,-12.091
7 9 12 18 23 40;0.0440,0.667,-12.091
6 9 12 18 23 40;0.0440,0.667,-12.091
1 9 18 20 34 40;0.0440,0.667,-12.091
1 3 6 18 23 40;0.0440,0.667,-12.091
7 9 18 20 34 40;0.0440,0.667,-12.091
6 9 18 20 34 40;0.0440,0.667,-12.091
6 9 18 23 34 40;0.0440,0.667,-12.091
3 6 18 20 34 40;0.0440,0.667,-12.091
3 6 18 23 34 40;0.0440,0.667,-12.091
3 6 7 18 23 40;0.0440,0.667,-12.091
11 15 41;0.0879,0.348,-12.063
15 20 34 41;0.0879,0.348,-12.063
3 7 23 34 41;0.0879,0.348,-12.063
3 6 7 23 41;0.0879,0.348,-12.063
1 18 39;0.1319,0.324,-12.045
7 18 39;0.1319,0.324,-12.045
6 18 39;0.1319,0.324,-12.045
20 23 31 37;0.1978,0.353,-12.040
20 21 31 37;0.1978,0.353,-12.040
16 23 25 38;0.0330,1.000,-11.708
23 25 31 38;0.0330,1.000,-11.708
18 23 25 38;0.0330,1.000,-11.708
3 20 34 41;0.0879,0.333,-11.657
7 11 20 41;0.0879,0.333,-11.657
3 7 23 41;0.0879,0.333,-11.657
6 11 20 41;0.0879,0.333,-11.657
3 6 23 41;0.0879,0.333,-11.657
1 15 32 42;0.0989,0.321,-11.639
1 3 6 9 32 42;0.0989,0.321,-11.639
3 6 7 9 32 42;0.0989,0.321,-11.639
20 31 37;0.1978,0.346,-11.615
23 31 37;0.1978,0.346,-11.615
3 13 23 34 41;0.0769,0.438,-11.489
18 20 21 34 37;0.1429,0.520,-11.459
18 21 23 34 37;0.1429,0.520,-11.459
23 30 41;0.0879,0.320,-11.272
7 11 41;0.0879,0.320,-11.272
6 11 41;0.0879,0.320,-11.272
1 3 6 9 42;0.0989,0.310,-11.268
1 3 9 32 42;0.0989,0.310,-11.268
3 6 7 9 42;0.0989,0.310,-11.268
3 7 9 32 42;0.0989,0.310,-11.268
3 6 9 32 42;0.0989,0.310,-11.268
12 27 40;0.0440,0.571,-11.243
12 16 20 40;0.0440,0.571,-11.243
1 16 23 40;0.0440,0.571,-11.243
7 16 23 40;0.0440,0.571,-11.243
9 12 20 23 40;0.0440,0.571,-11.243
3 12 18 23 40;0.0440,0.571,-11.243
1 3 18 23 40;0.0440,0.571,-11.243
3 7 18 23 40;0.0440,0.571,-11.243
3 6 18 20 40;0.0440,0.571,-11.243
3 6 18 23 40;0.0440,0.571,-11.243
1 9 18 23 34 40;0.0440,0.571,-11.243
7 9 18 23 34 40;0.0440,0.571,-11.243
9 31 36;0.3297,0.612,-11.212
6 7 37;0.1978,0.340,-11.200
13 15 34 41;0.0769,0.412,-10.969
1 3 9 42;0.0989,0.300,-10.911
3 7 9 42;0.0989,0.300,-10.911
3 6 9 42;0.0989,0.300,-10.911
1 3 6 32 42;0.0989,0.300,-10.911
30 41;0.0879,0.308,-10.904
11 36;0.3626,0.569,-10.896
7 37;0.1978,0.333,-10.794
6 37;0.1978,0.333,-10.794
3 36;0.4066,0.507,-10.794
1 12 14 15 42;0.0659,0.600,-10.664
7 12 14 15 42;0.0659,0.600,-10.664
1 15 42;0.0989,0.290,-10.568
7 15 32 42;0.0989,0.290,-10.568
1 3 6 42;0.0989,0.290,-10.568
1 3 32 42;0.0989,0.290,-10.568
1 6 9 32 42;0.0989,0.290,-10.568
6 7 9 32 42;0.0989,0.290,-10.568
12 20 34 40;0.0440,0.500,-10.550
3 12 20 40;0.0440,0.500,-10.550
9 12 18 23 40;0.0440,0.500,-10.550
16 27 32 34 40;0.0440,0.500,-10.550
20 27 32 34 40;0.0440,0.500,-10.550
18 27 32 34 40;0.0440,0.500,-10.550
6 12 18 23 34 40;0.0440,0.500,-10.550
2 7 41;0.0440,1.000,-10.550
2 10 15 41;0.0440,1.000,-10.550
2 6 10 41;0.0440,1.000,-10.550
2 13 15 41;0.0440,1.000,-10.550
2 15 34 41;0.0440,1.000,-10.550
2 6 13 41;0.0440,1.000,-10.550
2 6 34 41;0.0440,1.000,-10.550
7 13 20 34 41;0.0769,0.389,-10.489
7 13 23 34 41;0.0769,0.389,-10.489
6 13 20 34 41;0.0769,0.389,-10.489
6 13 23 34 41;0.0769,0.389,-10.489
21 23 31 36;0.3297,0.600,-10.467
9 36;0.3956,0.522,-10.466
9 23 32 34 42;0.0879,0.364,-10.456
1 16 30 40;0.0330,1.000,-10.321
1 18 30 40;0.0330,1.000,-10.321
7 16 30 40;0.0330,1.000,-10.321
7 18 30 40;0.0330,1.000,-10.321
6 16 30 40;0.0330,1.000,-10.321
6 18 30 40;0.0330,1.000,-10.321
1 16 23 31 38;0.0330,0.750,-10.321
1 3 23 31 38;0.0330,0.750,-10.321
7 16 23 31 38;0.0330,0.750,-10.321
3 7 23 31 38;0.0330,0.750,-10.321
1 12 20 30 40;0.0330,1.000,-10.321
12 16 30 34 40;0.0330,1.000,-10.321
12 18 30 34 40;0.0330,1.000,-10.321
7 12 20 30 40;0.0330,1.000,-10.321
6 12 20 30 40;0.0330,1.000,-10.321
12 20 23 30 40;0.0330,1.000,-10.321
12 18 23 30 40;0.0330,1.000,-10.321
16 30 32 34 40;0.0330,1.000,-10.321
18 30 32 34 40;0.0330,1.000,-10.321
1 9 23 31 34 38;0.0330,0.750,-10.321
7 9 23 31 34 38;0.0330,0.750,-10.321
18 20 34 37;0.1429,0.481,-10.254
15 32 42;0.0989,0.281,-10.238
1 3 42;0.0989,0.281,-10.238
1 6 9 42;0.0989,0.281,-10.238
1 9 32 42;0.0989,0.281,-10.238
6 7 9 42;0.0989,0.281,-10.238
7 9 32 42;0.0989,0.281,-10.238
6 9 32 42;0.0989,0.281,-10.238
7 15 20 41;0.0879,0.286,-10.216
18 36;0.4066,0.500,-10.101
6 14 19 42;0.0769,0.438,-10.084
7 14 15 42;0.0769,0.438,-10.084
13 15 41;0.0769,0.368,-10.041
3 13 34 41;0.0769,0.368,-10.041
15 25 42;0.0440,1.000,-9.962
9 12 20 40;0.0440,0.444,-9.962
27 32 34 40;0.0440,0.444,-9.962
12 18 23 34 40;0.0440,0.444,-9.962
1 9 18 20 40;0.0440,0.444,-9.962
7 9 18 20 40;0.0440,0.444,-9.962
6 9 12 23 34 40;0.0440,0.444,-9.962
3 6 12 23 34 40;0.0440,0.444,-9.962
1 6 9 18 23 40;0.0440,0.444,-9.962
6 7 9 18 23 40;0.0440,0.444,-9.962
1 9 42;0.0989,0.273,-9.919
7 9 42;0.0989,0.273,-9.919
6 9 42;0.0989,0.273,-9.919
3 6 7 32 42;0.0989,0.273,-9.919
12 14 15 42;0.0659,0.545,-9.908
15 34 41;0.0879,0.276,-9.893
15 20 41;0.0879,0.276,-9.893
7 20 34 41;0.0879,0.276,-9.893
6 20 34 41;0.0879,0.276,-9.893
11 20 34 41;0.0879,0.276,-9.893
9 21 31 34 39;0.0879,0.500,-9.862
18 23 34 37;0.1429,0.464,-9.703
9 23 34 42;0.0879,0.333,-9.648
18 21 23 37;0.1978,0.316,-9.631
7 13 20 41;0.0769,0.350,-9.622
7 13 23 41;0.0769,0.350,-9.622
6 13 20 41;0.0769,0.350,-9.622
6 13 23 41;0.0769,0.350,-9.622
3 7 32 42;0.0989,0.265,-9.612
3 6 32 42;0.0989,0.265,-9.612
1 6 23 32 42;0.0989,0.265,-9.612
11 34 41;0.0879,0.267,-9.583
3 6 34 41;0.0879,0.267,-9.583
14 19 42;0.0769,0.412,-9.576
14 15 42;0.0769,0.412,-9.576
1 12 20 40;0.0440,0.400,-9.451
7 12 20 40;0.0440,0.400,-9.451
16 27 34 40;0.0440,0.400,-9.451
20 27 34 40;0.0440,0.400,-9.451
18 27 34 40;0.0440,0.400,-9.451
9 12 23 34 40;0.0440,0.400,-9.451
3 12 23 34 40;0.0440,0.400,-9.451
1 9 20 34 40;0.0440,0.400,-9.451
1 3 9 20 40;0.0440,0.400,-9.451
1 9 18 23 40;0.0440,0.400,-9.451
7 9 20 34 40;0.0440,0.400,-9.451
6 9 20 34 40;0.0440,0.400,-9.451
3 7 9 20 40;0.0440,0.400,-9.451
7 9 18 23 40;0.0440,0.400,-9.451
6 9 18 20 40;0.0440,0.400,-9.451
6 9 18 23 40;0.0440,0.400,-9.451
1 3 6 12 23 40;0.0440,0.400,-9.451
1 6 12 18 23 40;0.0440,0.400,-9.451
3 6 7 12 23 40;0.0440,0.400,-9.451
6 7 12 18 23 40;0.0440,0.400,-9.451
14 23 25 38;0.0330,0.600,-9.405
7 15 42;0.0989,0.257,-9.315
1 23 32 42;0.0989,0.257,-9.315
3 6 7 42;0.0989,0.257,-9.315
9 16 31 39;0.1319,0.267,-9.303
3 7 34 41;0.0879,0.258,-9.285
3 23 34 41;0.0879,0.258,-9.285
16 21 31 34 39;0.0879,0.471,-9.274
3 21 31 34 39;0.0879,0.471,-9.274
3 12 14 23 42;0.0659,0.500,-9.247
7 13 34 41;0.0769,0.333,-9.229
6 13 34 41;0.0769,0.333,-9.229
6 19 32 42;0.0769,0.389,-9.107
23 31 36;0.3297,0.577,-9.076
15 42;0.0989,0.250,-9.027
3 7 42;0.0989,0.250,-9.027
3 6 42;0.0989,0.250,-9.027
16 31 39;0.1319,0.261,-9.001
3 9 31 39;0.1319,0.261,-9.001
27 34 40;0.0440,0.364,-8.999
6 12 20 40;0.0440,0.364,-8.999
1 3 12 23 40;0.0440,0.364,-8.999
1 12 18 23 40;0.0440,0.364,-8.999
3 7 12 23 40;0.0440,0.364,-8.999
7 12 18 23 40;0.0440,0.364,-8.999
3 6 12 23 40;0.0440,0.364,-8.999
6 12 18 23 40;0.0440,0.364,-8.999
3 6 9 20 40;0.0440,0.364,-8.999
1 6 9 12 23 40;0.0440,0.364,-8.999
6 12 16 32 34 40;0.0440,0.364,-8.999
6 7 9 12 23 40;0.0440,0.364,-8.999
9 16 20 32 34 40;0.0440,0.364,-8.999
9 18 20 32 34 40;0.0440,0.364,-8.999
6 9 12 18 32 34 40;0.0440,0.364,-8.999
3 6 12 18 32 34 40;0.0440,0.364,-8.999
2 10 41;0.0440,0.800,-8.978
2 15 41;0.0440,0.800,-8.978
2 6 41;0.0440,0.800,-8.978
12 16 30 40;0.0330,0.750,-8.944
12 20 30 40;0.0330,0.750,-8.944
12 18 30 40;0.0330,0.750,-8.944
16 30 34 40;0.0330,0.750,-8.944
18 30 34 40;0.0330,0.750,-8.944
18 20 23 37;0.1978,0.305,-8.895
18 20 21 37;0.1978,0.305,-8.895
1 6 23 42;0.0989,0.243,-8.748
6 7 23 32 42;0.0989,0.243,-8.748
9 31 34 39;0.0879,0.444,-8.735
1 14 16 23 38;0.0330,0.500,-8.712
7 14 16 23 38;0.0330,0.500,-8.712
1 9 14 23 31 38;0.0330,0.500,-8.712
1 3 14 18 23 38;0.0330,0.500,-8.712
14 16 23 31 34 38;0.0330,0.500,-8.712
9 14 23 31 34 38;0.0330,0.500,-8.712
3 14 23 31 34 38;0.0330,0.500,-8.712
7 9 14 23 31 38;0.0330,0.500,-8.712
3 7 14 18 23 38;0.0330,0.500,-8.712
1 9 14 18 23 34 38;0.0330,0.500,-8.712
7 9 14 18 23 34 38;0.0330,0.500,-8.712
3 31 39;0.1319,0.255,-8.706
21 31 34 37;0.1429,0.433,-8.691
6 19 42;0.0769,0.368,-8.672
19 32 42;0.0769,0.368,-8.672
3 12 23 42;0.0659,0.462,-8.661
9 12 14 23 42;0.0659,0.462,-8.661
6 7 12 14 23 42;0.0659,0.462,-8.661
12 20 23 40;0.0440,0.333,-8.594
1 3 20 40;0.0440,0.333,-8.594
1 9 12 23 40;0.0440,0.333,-8.594
6 12 16 34 40;0.0440,0.333,-8.594
12 16 32 34 40;0.0440,0.333,-8.594
7 9 12 23 40;0.0440,0.333,-8.594
6 9 12 23 40;0.0440,0.333,-8.594
16 20 32 34 40;0.0440,0.333,-8.594
6 9 12 18 34 40;0.0440,0.333,-8.594
3 6 12 18 34 40;0.0440,0.333,-8.594
9 12 18 32 34 40;0.0440,0.333,-8.594
3 12 18 32 34 40;0.0440,0.333,-8.594
9 16 23 32 34 40;0.0440,0.333,-8.594
9 18 23 32 34 40;0.0440,0.333,-8.594
3 18 20 32 34 40;0.0440,0.333,-8.594
18 23 37;0.1978,0.300,-8.538
7 13 41;0.0769,0.304,-8.508
6 13 41;0.0769,0.304,-8.508
1 23 42;0.0989,0.237,-8.478
7 23 32 42;0.0989,0.237,-8.478
6 23 32 42;0.0989,0.237,-8.478
7 20 41;0.0879,0.235,-8.451
19 42;0.0769,0.350,-8.265
3 23 32 34 42;0.0879,0.286,-8.260
9 16 21 34 39;0.0879,0.421,-8.237
9 18 21 34 39;0.0879,0.421,-8.237
12 16 34 40;0.0440,0.308,-8.226
3 12 23 40;0.0440,0.308,-8.226
12 18 23 40;0.0440,0.308,-8.226
1 9 20 40;0.0440,0.308,-8.226
7 9 20 40;0.0440,0.308,-8.226
6 12 23 34 40;0.0440,0.308,-8.226
9 12 18 34 40;0.0440,0.308,-8.226
3 12 18 34 40;0.0440,0.308,-8.226
6 16 32 34 40;0.0440,0.308,-8.226
9 16 20 34 40;0.0440,0.308,-8.226
16 23 32 34 40;0.0440,0.308,-8.226
9 18 20 34 40;0.0440,0.308,-8.226
6 9 18 32 34 40;0.0440,0.308,-8.226
3 6 18 32 34 40;0.0440,0.308,-8.226
3 18 23 32 34 40;0.0440,0.308,-8.226
7 15 41;0.0879,0.229,-8.192
6 20 41;0.0879,0.229,-8.192
6 23 34 41;0.0879,0.229,-8.192
3 6 7 41;0.0879,0.229,-8.192
18 20 37;0.1978,0.295,-8.189
13 20 34 41;0.0769,0.292,-8.175
13 23 34 41;0.0769,0.292,-8.175
23 25 38;0.0330,0.429,-8.152
1 16 23 38;0.0330,0.429,-8.152
7 16 23 38;0.0330,0.429,-8.152
1 9 23 31 38;0.0330,0.429,-8.152
1 3 18 23 38;0.0330,0.429,-8.152
7 9 23 31 38;0.0330,0.429,-8.152
3 7 18 23 38;0.0330,0.429,-8.152
1 9 18 23 34 38;0.0330,0.429,-8.152
7 9 18 23 34 38;0.0330,0.429,-8.152
1 6 39;0.1319,0.245,-8.137
9 31 39;0.1319,0.245,-8.137
9 12 23 42;0.0659,0.429,-8.134
7 12 14 23 42;0.0659,0.429,-8.134
6 12 14 23 42;0.0659,0.429,-8.134
16 27 30 32 40;0.0330,0.600,-8.036
20 27 30 32 40;0.0330,0.600,-8.036
18 27 30 32 40;0.0330,0.600,-8.036
9 32 34 42;0.0879,0.276,-7.951
15 41;0.0879,0.222,-7.940
3 7 41;0.0879,0.222,-7.940
3 6 41;0.0879,0.222,-7.940
7 23 34 41;0.0879,0.222,-7.940
12 20 40;0.0440,0.286,-7.890
12 23 34 40;0.0440,0.286,-7.890
9 12 23 40;0.0440,0.286,-7.890
6 16 34 40;0.0440,0.286,-7.890
16 20 34 40;0.0440,0.286,-7.890
6 9 20 40;0.0440,0.286,-7.890
1 16 32 34 40;0.0440,0.286,-7.890
7 16 32 34 40;0.0440,0.286,-7.890
6 9 18 34 40;0.0440,0.286,-7.890
3 6 18 34 40;0.0440,0.286,-7.890
9 16 23 34 40;0.0440,0.286,-7.890
9 18 23 34 40;0.0440,0.286,-7.890
3 18 20 34 40;0.0440,0.286,-7.890
1 9 18 32 34 40;0.0440,0.286,-7.890
1 3 18 32 34 40;0.0440,0.286,-7.890
7 9 18 32 34 40;0.0440,0.286,-7.890
3 7 18 32 34 40;0.0440,0.286,-7.890
6 7 14 23 42;0.0769,0.333,-7.884
1 39;0.1319,0.240,-7.863
21 31 37;0.1978,0.290,-7.846
10 11 41;0.0659,0.353,-7.798
31 34 37;0.1429,0.406,-7.781
16 21 34 39;0.0879,0.400,-7.776
3 18 21 34 39;0.0879,0.400,-7.776
6 7 23 42;0.0989,0.220,-7.713
20 34 41;0.0879,0.216,-7.697
14 16 25 34 38;0.0330,0.375,-7.682
14 25 31 34 38;0.0330,0.375,-7.682
14 18 25 34 38;0.0330,0.375,-7.682
14 16 23 34 38;0.0330,0.375,-7.682
1 9 14 18 23 38;0.0330,0.375,-7.682
9 14 18 23 34 38;0.0330,0.375,-7.682
3 14 18 23 34 38;0.0330,0.375,-7.682
7 9 14 18 23 38;0.0330,0.375,-7.682
3 14 23 34 42;0.0659,0.400,-7.657
1 16 34 40;0.0440,0.267,-7.580
7 16 34 40;0.0440,0.267,-7.580
16 23 34 40;0.0440,0.267,-7.580
6 12 16 32 40;0.0440,0.267,-7.580
1 9 18 34 40;0.0440,0.267,-7.580
1 3 18 34 40;0.0440,0.267,-7.580
7 9 18 34 40;0.0440,0.267,-7.580
3 7 18 34 40;0.0440,0.267,-7.580
9 20 32 34 40;0.0440,0.267,-7.580
3 18 23 34 40;0.0440,0.267,-7.580
3 7 20 32 40;0.0440,0.267,-7.580
6 12 18 32 34 40;0.0440,0.267,-7.580
3 6 20 32 34 40;0.0440,0.267,-7.580
1 3 6 12 18 32 40;0.0440,0.267,-7.580
3 6 7 12 18 32 40;0.0440,0.267,-7.580
3 11 13 41;0.0769,0.269,-7.559
7 14 23 42;0.0769,0.318,-7.525
6 14 23 42;0.0769,0.318,-7.525
7 23 42;0.0989,0.214,-7.472
6 23 42;0.0989,0.214,-7.472
3 23 34 42;0.0879,0.258,-7.370
20 21 34 37;0.1429,0.394,-7.359
18 21 34 37;0.1429,0.394,-7.359
16 27 30 40;0.0330,0.500,-7.351
20 27 30 40;0.0330,0.500,-7.351
18 27 30 40;0.0330,0.500,-7.351
27 30 32 40;0.0330,0.500,-7.351
16 23 30 32 40;0.0330,0.500,-7.351
18 23 30 32 40;0.0330,0.500,-7.351
3 7 14 20 40;0.0330,0.500,-7.351
3 6 14 20 34 40;0.0330,0.500,-7.351
6 12 16 40;0.0440,0.250,-7.292
3 7 20 40;0.0440,0.250,-7.292
1 6 12 23 40;0.0440,0.250,-7.292
1 12 16 32 40;0.0440,0.250,-7.292
6 12 18 34 40;0.0440,0.250,-7.292
12 18 32 34 40;0.0440,0.250,-7.292
6 7 12 23 40;0.0440,0.250,-7.292
7 12 16 32 40;0.0440,0.250,-7.292
6 9 23 34 40;0.0440,0.250,-7.292
3 6 20 34 40;0.0440,0.250,-7.292
3 6 20 32 40;0.0440,0.250,-7.292
1 3 6 12 18 40;0.0440,0.250,-7.292
1 3 12 18 32 40;0.0440,0.250,-7.292
6 9 12 32 34 40;0.0440,0.250,-7.292
3 6 12 32 34 40;0.0440,0.250,-7.292
3 6 7 12 18 40;0.0440,0.250,-7.292
3 7 12 18 32 40;0.0440,0.250,-7.292
3 6 12 18 32 40;0.0440,0.250,-7.292
1 18 20 32 34 40;0.0440,0.250,-7.292
7 18 20 32 34 40;0.0440,0.250,-7.292
6 18 20 32 34 40;0.0440,0.250,-7.292
6 18 23 32 34 40;0.0440,0.250,-7.292
1 6 9 12 18 32 40;0.0440,0.250,-7.292
6 7 9 12 18 32 40;0.0440,0.250,-7.292
1 14 16 31 34 38;0.0330,0.333,-7.277
1 9 14 31 34 38;0.0330,0.333,-7.277
1 3 14 31 34 38;0.0330,0.333,-7.277
1 14 23 31 34 38;0.0330,0.333,-7.277
7 14 16 31 34 38;0.0330,0.333,-7.277
7 9 14 31 34 38;0.0330,0.333,-7.277
3 7 14 31 34 38;0.0330,0.333,-7.277
7 14 23 31 34 38;0.0330,0.333,-7.277
9 23 31 32 34 38;0.0330,0.333,-7.277
13 34 41;0.0769,0.259,-7.272
3 13 20 41;0.0769,0.259,-7.272
3 13 23 41;0.0769,0.259,-7.272
3 34 41;0.0879,0.205,-7.231
12 14 23 42;0.0659,0.375,-7.220
22 31 34 38;0.0220,1.000,-7.219
22 23 31 38;0.0220,1.000,-7.219
11 16 25 38;0.0220,1.000,-7.219
11 25 31 38;0.0220,1.000,-7.219
11 18 25 38;0.0220,1.000,-7.219
20 25 31 38;0.0220,1.000,-7.219
1 11 16 38;0.0220,1.000,-7.219
7 11 16 38;0.0220,1.000,-7.219
6 11 16 38;0.0220,1.000,-7.219
16 22 25 34 38;0.0220,1.000,-7.219
18 22 25 34 38;0.0220,1.000,-7.219
1 14 20 25 38;0.0220,1.000,-7.219
1 16 20 25 38;0.0220,1.000,-7.219
1 18 20 25 38;0.0220,1.000,-7.219
14 20 25 34 38;0.0220,1.000,-7.219
7 14 20 25 38;0.0220,1.000,-7.219
6 14 20 25 38;0.0220,1.000,-7.219
11 14 20 25 38;0.0220,1.000,-7.219
16 20 25 34 38;0.0220,1.000,-7.219
18 20 25 34 38;0.0220,1.000,-7.219
7 16 20 25 38;0.0220,1.000,-7.219
7 18 20 25 38;0.0220,1.000,-7.219
6 16 20 25 38;0.0220,1.000,-7.219
6 18 20 25 38;0.0220,1.000,-7.219
1 3 11 31 38;0.0220,1.000,-7.219
1 3 11 18 38;0.0220,1.000,-7.219
3 7 11 31 38;0.0220,1.000,-7.219
3 7 11 18 38;0.0220,1.000,-7.219
3 6 11 31 38;0.0220,1.000,-7.219
3 6 11 18 38;0.0220,1.000,-7.219
1 9 11 31 34 38;0.0220,1.000,-7.219
1 9 11 18 34 38;0.0220,1.000,-7.219
7 9 11 31 34 38;0.0220,1.000,-7.219
7 9 11 18 34 38;0.0220,1.000,-7.219
6 9 11 31 34 38;0.0220,1.000,-7.219
6 9 11 18 34 38;0.0220,1.000,-7.219
1 9 11 14 20 34 38;0.0220,1.000,-7.219
1 3 9 11 14 20 38;0.0220,1.000,-7.219
7 9 11 14 20 34 38;0.0220,1.000,-7.219
6 9 11 14 20 34 38;0.0220,1.000,-7.219
3 7 9 11 14 20 38;0.0220,1.000,-7.219
3 6 9 11 14 20 38;0.0220,1.000,-7.219
1 3 11 20 21 41;0.0440,0.571,-7.108
9 34 42;0.0879,0.250,-7.097
6 7 39;0.1319,0.226,-7.075
7 10 34 41;0.0659,0.316,-7.059
6 10 34 41;0.0659,0.316,-7.059
1 12 16 40;0.0440,0.235,-7.024
1 12 23 40;0.0440,0.235,-7.024
12 18 34 40;0.0440,0.235,-7.024
7 12 16 40;0.0440,0.235,-7.024
7 12 23 40;0.0440,0.235,-7.024
6 12 23 40;0.0440,0.235,-7.024
9 20 34 40;0.0440,0.235,-7.024
6 16 32 40;0.0440,0.235,-7.024
3 6 20 40;0.0440,0.235,-7.024
1 3 12 18 40;0.0440,0.235,-7.024
6 9 12 34 40;0.0440,0.235,-7.024
3 6 12 34 40;0.0440,0.235,-7.024
9 12 32 34 40;0.0440,0.235,-7.024
3 12 32 34 40;0.0440,0.235,-7.024
3 7 12 18 40;0.0440,0.235,-7.024
3 6 12 18 40;0.0440,0.235,-7.024
1 9 23 34 40;0.0440,0.235,-7.024
7 9 23 34 40;0.0440,0.235,-7.024
1 6 9 12 18 40;0.0440,0.235,-7.024
1 9 12 18 32 40;0.0440,0.235,-7.024
6 7 9 12 18 40;0.0440,0.235,-7.024
7 9 12 18 32 40;0.0440,0.235,-7.024
6 9 12 18 32 40;0.0440,0.235,-7.024
1 18 23 32 34 40;0.0440,0.235,-7.024
1 3 6 9 23 40;0.0440,0.235,-7.024
1 3 6 18 32 40;0.0440,0.235,-7.024
7 18 23 32 34 40;0.0440,0.235,-7.024
3 6 7 9 23 40;0.0440,0.235,-7.024
3 6 7 18 32 40;0.0440,0.235,-7.024
3 9 23 32 42;0.0989,0.205,-7.008
9 16 34 39;0.0879,0.364,-6.945
9 18 34 39;0.0879,0.364,-6.945
14 25 34 38;0.0330,0.300,-6.920
16 25 32 34 38;0.0330,0.300,-6.920
25 31 32 34 38;0.0330,0.300,-6.920
18 25 32 34 38;0.0330,0.300,-6.920
1 9 18 23 38;0.0330,0.300,-6.920
9 23 31 34 38;0.0330,0.300,-6.920
7 9 18 23 38;0.0330,0.300,-6.920
16 23 31 32 34 38;0.0330,0.300,-6.920
3 23 31 32 34 38;0.0330,0.300,-6.920
31 37;0.1978,0.277,-6.855
20 21 23 37;0.1978,0.277,-6.855
7 39;0.1319,0.222,-6.824
6 39;0.1319,0.222,-6.824
9 16 39;0.1319,0.222,-6.824
21 23 36;0.3846,0.493,-6.815
27 30 40;0.0330,0.429,-6.801
16 30 32 40;0.0330,0.429,-6.801
18 30 32 40;0.0330,0.429,-6.801
6 7 23 41;0.0879,0.195,-6.791
1 6 32 42;0.0989,0.200,-6.785
6 16 40;0.0440,0.222,-6.772
9 12 34 40;0.0440,0.222,-6.772
3 12 34 40;0.0440,0.222,-6.772
1 16 32 40;0.0440,0.222,-6.772
7 16 32 40;0.0440,0.222,-6.772
1 9 12 18 40;0.0440,0.222,-6.772
7 9 12 18 40;0.0440,0.222,-6.772
6 9 12 18 40;0.0440,0.222,-6.772
1 3 6 18 40;0.0440,0.222,-6.772
1 3 9 23 40;0.0440,0.222,-6.772
1 3 18 32 40;0.0440,0.222,-6.772
3 6 7 18 40;0.0440,0.222,-6.772
3 7 9 23 40;0.0440,0.222,-6.772
3 7 18 32 40;0.0440,0.222,-6.772
3 6 9 23 40;0.0440,0.222,-6.772
3 6 18 32 40;0.0440,0.222,-6.772
1 3 6 23 34 40;0.0440,0.222,-6.772
10 34 41;0.0659,0.300,-6.726
16 25 34 38;0.0330,0.273,-6.602
25 31 34 38;0.0330,0.273,-6.602
18 25 34 38;0.0330,0.273,-6.602
1 14 16 34 38;0.0330,0.273,-6.602
7 14 16 34 38;0.0330,0.273,-6.602
14 16 31 34 38;0.0330,0.273,-6.602
9 14 31 34 38;0.0330,0.273,-6.602
3 14 31 34 38;0.0330,0.273,-6.602
14 23 31 34 38;0.0330,0.273,-6.602
16 23 31 34 38;0.0330,0.273,-6.602
3 23 31 34 38;0.0330,0.273,-6.602
1 9 14 18 34 38;0.0330,0.273,-6.602
1 3 14 18 34 38;0.0330,0.273,-6.602
1 14 18 23 34 38;0.0330,0.273,-6.602
1 16 31 32 34 38;0.0330,0.273,-6.602
1 9 31 32 34 38;0.0330,0.273,-6.602
1 3 31 32 34 38;0.0330,0.273,-6.602
7 9 14 18 34 38;0.0330,0.273,-6.602
3 7 14 18 34 38;0.0330,0.273,-6.602
7 14 18 23 34 38;0.0330,0.273,-6.602
7 16 31 32 34 38;0.0330,0.273,-6.602
7 9 31 32 34 38;0.0330,0.273,-6.602
3 7 31 32 34 38;0.0330,0.273,-6.602
7 23 41;0.0879,0.190,-6.579
6 23 41;0.0879,0.190,-6.579
16 39;0.1319,0.218,-6.578
3 9 18 39;0.1319,0.218,-6.578
3 18 34 39;0.0879,0.348,-6.568
1 32 42;0.0989,0.196,-6.567
23 25 42;0.0440,0.571,-6.549
12 23 40;0.0440,0.211,-6.536
1 16 40;0.0440,0.211,-6.536
7 16 40;0.0440,0.211,-6.536
12 16 32 40;0.0440,0.211,-6.536
1 3 18 40;0.0440,0.211,-6.536
3 7 18 40;0.0440,0.211,-6.536
3 6 18 40;0.0440,0.211,-6.536
1 18 20 34 40;0.0440,0.211,-6.536
1 3 23 34 40;0.0440,0.211,-6.536
1 3 6 23 40;0.0440,0.211,-6.536
7 18 20 34 40;0.0440,0.211,-6.536
6 18 20 34 40;0.0440,0.211,-6.536
6 18 23 34 40;0.0440,0.211,-6.536
9 16 32 34 40;0.0440,0.211,-6.536
9 18 32 34 40;0.0440,0.211,-6.536
3 13 41;0.0769,0.233,-6.482
1 3 11 20 41;0.0440,0.500,-6.453
1 3 11 21 41;0.0440,0.500,-6.453
7 10 41;0.0659,0.286,-6.413
6 10 41;0.0659,0.286,-6.413
6 34 41;0.0879,0.186,-6.373
9 23 32 42;0.0989,0.191,-6.355
12 30 34 40;0.0330,0.375,-6.339
16 23 30 40;0.0330,0.375,-6.339
18 23 30 40;0.0330,0.375,-6.339
3 14 20 34 40;0.0330,0.375,-6.339
3 18 39;0.1319,0.214,-6.337
3 32 34 42;0.0879,0.229,-6.336
14 25 31 38;0.0330,0.250,-6.314
1 14 16 25 38;0.0330,0.250,-6.314
1 14 18 25 38;0.0330,0.250,-6.314
7 14 16 25 38;0.0330,0.250,-6.314
7 14 18 25 38;0.0330,0.250,-6.314
1 14 23 31 38;0.0330,0.250,-6.314
1 16 31 34 38;0.0330,0.250,-6.314
1 9 31 34 38;0.0330,0.250,-6.314
1 3 31 34 38;0.0330,0.250,-6.314
7 14 23 31 38;0.0330,0.250,-6.314
7 16 31 34 38;0.0330,0.250,-6.314
7 9 31 34 38;0.0330,0.250,-6.314
3 7 31 34 38;0.0330,0.250,-6.314
1 9 14 23 34 38;0.0330,0.250,-6.314
7 9 14 23 34 38;0.0330,0.250,-6.314
9 16 23 32 34 38;0.0330,0.250,-6.314
9 18 23 32 34 38;0.0330,0.250,-6.314
12 16 40;0.0440,0.200,-6.313
1 3 23 40;0.0440,0.200,-6.313
16 32 34 40;0.0440,0.200,-6.313
6 12 32 34 40;0.0440,0.200,-6.313
3 12 18 32 40;0.0440,0.200,-6.313
1 18 23 34 40;0.0440,0.200,-6.313
1 6 9 23 40;0.0440,0.200,-6.313
7 18 23 34 40;0.0440,0.200,-6.313
3 18 32 34 40;0.0440,0.200,-6.313
6 7 9 23 40;0.0440,0.200,-6.313
1 6 9 18 32 40;0.0440,0.200,-6.313
6 7 9 18 32 40;0.0440,0.200,-6.313
11 18 34 37;0.0989,0.474,-6.253
20 21 37;0.1978,0.269,-6.223
18 34 37;0.1429,0.361,-6.210
7 34 41;0.0879,0.182,-6.173
23 34 41;0.0879,0.182,-6.173
6 7 32 42;0.0989,0.188,-6.147
22 31 38;0.0220,0.667,-6.128
22 25 34 38;0.0220,0.667,-6.128
16 22 25 38;0.0220,0.667,-6.128
18 22 25 38;0.0220,0.667,-6.128
16 22 34 38;0.0220,0.667,-6.128
18 22 34 38;0.0220,0.667,-6.128
16 22 23 38;0.0220,0.667,-6.128
18 22 23 38;0.0220,0.667,-6.128
11 14 25 38;0.0220,0.667,-6.128
14 20 25 38;0.0220,0.667,-6.128
16 20 25 38;0.0220,0.667,-6.128
18 20 25 38;0.0220,0.667,-6.128
1 16 20 31 38;0.0220,0.667,-6.128
1 3 20 31 38;0.0220,0.667,-6.128
7 16 20 31 38;0.0220,0.667,-6.128
3 7 20 31 38;0.0220,0.667,-6.128
6 16 20 31 38;0.0220,0.667,-6.128
6 16 23 31 38;0.0220,0.667,-6.128
1 9 11 14 34 38;0.0220,0.667,-6.128
1 9 11 14 31 38;0.0220,0.667,-6.128
1 9 11 14 20 38;0.0220,0.667,-6.128
1 3 9 11 14 38;0.0220,0.667,-6.128
1 9 11 14 18 38;0.0220,0.667,-6.128
1 3 11 14 20 38;0.0220,0.667,-6.128
7 9 11 14 34 38;0.0220,0.667,-6.128
6 9 11 14 34 38;0.0220,0.667,-6.128
7 9 11 14 31 38;0.0220,0.667,-6.128
7 9 11 14 20 38;0.0220,0.667,-6.128
3 7 9 11 14 38;0.0220,0.667,-6.128
7 9 11 14 18 38;0.0220,0.667,-6.128
3 7 11 14 20 38;0.0220,0.667,-6.128
6 9 11 14 31 38;0.0220,0.667,-6.128
6 9 11 14 20 38;0.0220,0.667,-6.128
3 6 9 11 14 38;0.0220,0.667,-6.128
6 9 11 14 18 38;0.0220,0.667,-6.128
3 6 11 14 20 38;0.0220,0.667,-6.128
6 9 20 31 34 38;0.0220,0.667,-6.128
3 6 20 31 34 38;0.0220,0.667,-6.128
10 41;0.0659,0.273,-6.118
12 23 42;0.0659,0.316,-6.103
6 12 34 40;0.0440,0.190,-6.102
12 32 34 40;0.0440,0.190,-6.102
3 12 18 40;0.0440,0.190,-6.102
1 9 23 40;0.0440,0.190,-6.102
7 9 23 40;0.0440,0.190,-6.102
6 9 23 40;0.0440,0.190,-6.102
9 12 18 32 40;0.0440,0.190,-6.102
1 6 9 18 40;0.0440,0.190,-6.102
1 9 18 32 40;0.0440,0.190,-6.102
1 18 20 32 40;0.0440,0.190,-6.102
3 20 32 34 40;0.0440,0.190,-6.102
6 7 9 18 40;0.0440,0.190,-6.102
7 9 18 32 40;0.0440,0.190,-6.102
7 18 20 32 40;0.0440,0.190,-6.102
6 9 18 32 40;0.0440,0.190,-6.102
1 3 6 12 32 40;0.0440,0.190,-6.102
1 6 12 18 32 40;0.0440,0.190,-6.102
3 6 7 12 32 40;0.0440,0.190,-6.102
6 7 12 18 32 40;0.0440,0.190,-6.102
1 6 18 23 32 40;0.0440,0.190,-6.102
3 6 23 32 34 40;0.0440,0.190,-6.102
6 7 18 23 32 40;0.0440,0.190,-6.102
14 16 25 38;0.0330,0.231,-6.052
14 18 25 38;0.0330,0.231,-6.052
14 16 34 38;0.0330,0.231,-6.052
1 14 16 31 38;0.0330,0.231,-6.052
1 3 14 31 38;0.0330,0.231,-6.052
9 14 18 34 38;0.0330,0.231,-6.052
3 14 18 34 38;0.0330,0.231,-6.052
14 18 23 34 38;0.0330,0.231,-6.052
7 14 16 31 38;0.0330,0.231,-6.052
3 7 14 31 38;0.0330,0.231,-6.052
16 23 32 34 38;0.0330,0.231,-6.052
1 3 14 23 34 38;0.0330,0.231,-6.052
1 3 9 14 23 38;0.0330,0.231,-6.052
3 7 14 23 34 38;0.0330,0.231,-6.052
3 7 9 14 23 38;0.0330,0.231,-6.052
3 18 23 32 34 38;0.0330,0.231,-6.052
3 11 20 41;0.0879,0.178,-5.977
1 6 42;0.0989,0.184,-5.944
7 32 42;0.0989,0.184,-5.944
6 32 42;0.0989,0.184,-5.944
16 30 40;0.0330,0.333,-5.943
18 30 40;0.0330,0.333,-5.943
1 12 30 40;0.0330,0.333,-5.943
7 12 30 40;0.0330,0.333,-5.943
6 12 30 40;0.0330,0.333,-5.943
1 20 30 40;0.0330,0.333,-5.943
11 21 25 42;0.0330,0.750,-5.943
1 3 11 41;0.0440,0.444,-5.904
12 34 40;0.0440,0.182,-5.901
9 12 18 40;0.0440,0.182,-5.901
1 9 18 40;0.0440,0.182,-5.901
9 16 34 40;0.0440,0.182,-5.901
9 18 34 40;0.0440,0.182,-5.901
7 9 18 40;0.0440,0.182,-5.901
6 9 18 40;0.0440,0.182,-5.901
1 3 6 12 40;0.0440,0.182,-5.901
1 6 12 18 40;0.0440,0.182,-5.901
1 3 12 32 40;0.0440,0.182,-5.901
1 12 18 32 40;0.0440,0.182,-5.901
3 6 7 12 40;0.0440,0.182,-5.901
6 7 12 18 40;0.0440,0.182,-5.901
3 7 12 32 40;0.0440,0.182,-5.901
7 12 18 32 40;0.0440,0.182,-5.901
3 6 12 32 40;0.0440,0.182,-5.901
6 12 18 32 40;0.0440,0.182,-5.901
1 20 32 34 40;0.0440,0.182,-5.901
1 18 23 32 40;0.0440,0.182,-5.901
3 6 23 34 40;0.0440,0.182,-5.901
9 23 32 34 40;0.0440,0.182,-5.901
18 20 32 34 40;0.0440,0.182,-5.901
7 18 23 32 40;0.0440,0.182,-5.901
6 18 20 32 40;0.0440,0.182,-5.901
6 18 23 32 40;0.0440,0.182,-5.901
1 6 9 12 32 40;0.0440,0.182,-5.901
6 7 9 12 32 40;0.0440,0.182,-5.901
3 7 23 32 34 40;0.0440,0.182,-5.901
3 6 7 23 32 40;0.0440,0.182,-5.901
9 18 39;0.1319,0.207,-5.869
20 34 37;0.1429,0.351,-5.862
1 14 25 38;0.0330,0.214,-5.810
7 14 25 38;0.0330,0.214,-5.810
25 32 34 38;0.0330,0.214,-5.810
25 31 32 38;0.0330,0.214,-5.810
1 16 25 32 38;0.0330,0.214,-5.810
1 18 25 32 38;0.0330,0.214,-5.810
7 16 25 32 38;0.0330,0.214,-5.810
7 18 25 32 38;0.0330,0.214,-5.810
1 14 31 34 38;0.0330,0.214,-5.810
1 3 14 23 38;0.0330,0.214,-5.810
1 14 18 23 38;0.0330,0.214,-5.810
1 16 32 34 38;0.0330,0.214,-5.810
7 14 31 34 38;0.0330,0.214,-5.810
9 14 23 34 38;0.0330,0.214,-5.810
3 7 14 23 38;0.0330,0.214,-5.810
7 14 18 23 38;0.0330,0.214,-5.810
7 16 32 34 38;0.0330,0.214,-5.810
9 16 23 34 38;0.0330,0.214,-5.810
9 18 23 34 38;0.0330,0.214,-5.810
1 23 31 32 34 38;0.0330,0.214,-5.810
1 9 18 32 34 38;0.0330,0.214,-5.810
1 3 18 32 34 38;0.0330,0.214,-5.810
7 23 31 32 34 38;0.0330,0.214,-5.810
7 9 18 32 34 38;0.0330,0.214,-5.810
3 7 18 32 34 38;0.0330,0.214,-5.810
3 11 41;0.0879,0.174,-5.786
3 14 34 42;0.0659,0.300,-5.782
14 23 34 42;0.0659,0.300,-5.782
1 42;0.0989,0.180,-5.746
3 23 32 42;0.0989,0.180,-5.746
16 34 40;0.0440,0.174,-5.710
1 3 12 40;0.0440,0.174,-5.710
1 12 18 40;0.0440,0.174,-5.710
3 7 12 40;0.0440,0.174,-5.710
7 12 18 40;0.0440,0.174,-5.710
3 6 12 40;0.0440,0.174,-5.710
6 12 18 40;0.0440,0.174,-5.710
3 18 34 40;0.0440,0.174,-5.710
1 6 9 12 40;0.0440,0.174,-5.710
1 9 12 32 40;0.0440,0.174,-5.710
6 7 9 12 40;0.0440,0.174,-5.710
7 9 12 32 40;0.0440,0.174,-5.710
6 9 12 32 40;0.0440,0.174,-5.710
3 7 23 34 40;0.0440,0.174,-5.710
6 9 32 34 40;0.0440,0.174,-5.710
6 18 32 34 40;0.0440,0.174,-5.710
18 23 32 34 40;0.0440,0.174,-5.710
3 6 7 23 40;0.0440,0.174,-5.710
3 7 23 32 40;0.0440,0.174,-5.710
3 6 23 32 40;0.0440,0.174,-5.710
23 32 34 42;0.0879,0.211,-5.651
20 23 37;0.1978,0.261,-5.614
12 30 40;0.0330,0.300,-5.595
9 20 23 30 32 40;0.0330,0.300,-5.595
14 25 38;0.0330,0.200,-5.587
25 34 38;0.0330,0.200,-5.587
25 31 38;0.0330,0.200,-5.587
1 16 25 38;0.0330,0.200,-5.587
1 18 25 38;0.0330,0.200,-5.587
7 16 25 38;0.0330,0.200,-5.587
7 18 25 38;0.0330,0.200,-5.587
16 25 32 38;0.0330,0.200,-5.587
18 25 32 38;0.0330,0.200,-5.587
1 14 16 38;0.0330,0.200,-5.587
1 16 34 38;0.0330,0.200,-5.587
7 14 16 38;0.0330,0.200,-5.587
7 16 34 38;0.0330,0.200,-5.587
16 23 34 38;0.0330,0.200,-5.587
1 9 14 31 38;0.0330,0.200,-5.587
1 9 14 23 38;0.0330,0.200,-5.587
1 3 14 18 38;0.0330,0.200,-5.587
1 9 18 34 38;0.0330,0.200,-5.587
1 3 18 34 38;0.0330,0.200,-5.587
1 16 31 32 38;0.0330,0.200,-5.587
1 3 31 32 38;0.0330,0.200,-5.587
3 14 23 34 38;0.0330,0.200,-5.587
7 9 14 31 38;0.0330,0.200,-5.587
7 9 14 23 38;0.0330,0.200,-5.587
3 7 14 18 38;0.0330,0.200,-5.587
7 9 18 34 38;0.0330,0.200,-5.587
3 7 18 34 38;0.0330,0.200,-5.587
3 18 23 34 38;0.0330,0.200,-5.587
7 16 31 32 38;0.0330,0.200,-5.587
3 7 31 32 38;0.0330,0.200,-5.587
11 13 32 41;0.0659,0.250,-5.577
11 13 41;0.0769,0.206,-5.567
21 23 34 37;0.1429,0.342,-5.528
1 9 12 40;0.0440,0.167,-5.528
7 9 12 40;0.0440,0.167,-5.528
6 9 12 40;0.0440,0.167,-5.528
1 18 20 40;0.0440,0.167,-5.528
6 9 34 40;0.0440,0.167,-5.528
9 23 34 40;0.0440,0.167,-5.528
3 20 34 40;0.0440,0.167,-5.528
7 18 20 40;0.0440,0.167,-5.528
3 7 23 40;0.0440,0.167,-5.528
3 6 23 40;0.0440,0.167,-5.528
1 9 32 34 40;0.0440,0.167,-5.528
1 18 32 34 40;0.0440,0.167,-5.528
1 6 18 23 40;0.0440,0.167,-5.528
7 9 32 34 40;0.0440,0.167,-5.528
7 18 32 34 40;0.0440,0.167,-5.528
6 7 18 23 40;0.0440,0.167,-5.528
22 25 38;0.0220,0.500,-5.442
16 22 38;0.0220,0.500,-5.442
18 22 38;0.0220,0.500,-5.442
1 22 34 38;0.0220,0.500,-5.442
1 22 23 38;0.0220,0.500,-5.442
14 22 34 38;0.0220,0.500,-5.442
14 22 23 38;0.0220,0.500,-5.442
9 22 34 38;0.0220,0.500,-5.442
9 22 23 38;0.0220,0.500,-5.442
1 20 25 38;0.0220,0.500,-5.442
7 20 25 38;0.0220,0.500,-5.442
6 20 25 38;0.0220,0.500,-5.442
11 20 25 38;0.0220,0.500,-5.442
1 9 11 14 38;0.0220,0.500,-5.442
1 3 11 14 38;0.0220,0.500,-5.442
1 9 11 31 38;0.0220,0.500,-5.442
1 9 11 18 38;0.0220,0.500,-5.442
7 9 11 14 38;0.0220,0.500,-5.442
3 7 11 14 38;0.0220,0.500,-5.442
6 9 11 14 38;0.0220,0.500,-5.442
3 6 11 14 38;0.0220,0.500,-5.442
7 9 11 31 38;0.0220,0.500,-5.442
7 9 11 18 38;0.0220,0.500,-5.442
6 9 11 31 38;0.0220,0.500,-5.442
6 9 11 18 38;0.0220,0.500,-5.442
3 6 20 31 38;0.0220,0.500,-5.442
3 6 23 31 38;0.0220,0.500,-5.442
1 11 14 18 34 38;0.0220,0.500,-5.442
7 11 14 18 34 38;0.0220,0.500,-5.442
6 11 14 31 34 38;0.0220,0.500,-5.442
6 11 14 18 34 38;0.0220,0.500,-5.442
9 11 14 20 34 38;0.0220,0.500,-5.442
14 20 30 34 40;0.0220,0.667,-5.442
7 14 20 30 40;0.0220,0.667,-5.442
6 14 20 30 40;0.0220,0.667,-5.442
3 34 42;0.0879,0.205,-5.437
1 3 20 21 41;0.0440,0.400,-5.432
16 25 38;0.0330,0.188,-5.380
18 25 38;0.0330,0.188,-5.380
1 16 31 38;0.0330,0.188,-5.380
1 3 31 38;0.0330,0.188,-5.380
14 31 34 38;0.0330,0.188,-5.380
7 16 31 38;0.0330,0.188,-5.380
3 7 31 38;0.0330,0.188,-5.380
1 14 18 34 38;0.0330,0.188,-5.380
7 14 18 34 38;0.0330,0.188,-5.380
9 31 32 34 38;0.0330,0.188,-5.380
3 9 23 42;0.0989,0.173,-5.361
1 9 34 40;0.0440,0.160,-5.353
1 20 34 40;0.0440,0.160,-5.353
1 18 23 40;0.0440,0.160,-5.353
7 9 34 40;0.0440,0.160,-5.353
7 18 23 40;0.0440,0.160,-5.353
6 18 20 40;0.0440,0.160,-5.353
6 18 23 40;0.0440,0.160,-5.353
7 20 32 34 40;0.0440,0.160,-5.353
6 20 32 34 40;0.0440,0.160,-5.353
1 3 6 32 34 40;0.0440,0.160,-5.353
18 21 37;0.1978,0.257,-5.316
9 20 30 32 40;0.0330,0.273,-5.286
7 14 20 34 40;0.0330,0.273,-5.286
6 14 20 34 40;0.0330,0.273,-5.286
6 7 14 42;0.0769,0.233,-5.254
6 14 34 42;0.0659,0.273,-5.198
3 12 32 40;0.0440,0.154,-5.186
12 18 32 40;0.0440,0.154,-5.186
16 27 32 40;0.0440,0.154,-5.186
1 3 6 34 40;0.0440,0.154,-5.186
1 3 32 34 40;0.0440,0.154,-5.186
1 9 14 34 38;0.0330,0.176,-5.185
1 9 14 18 38;0.0330,0.176,-5.185
1 23 31 34 38;0.0330,0.176,-5.185
1 9 23 34 38;0.0330,0.176,-5.185
7 9 14 34 38;0.0330,0.176,-5.185
7 9 14 18 38;0.0330,0.176,-5.185
7 23 31 34 38;0.0330,0.176,-5.185
7 9 23 34 38;0.0330,0.176,-5.185
16 31 32 34 38;0.0330,0.176,-5.185
3 31 32 34 38;0.0330,0.176,-5.185
1 18 23 32 34 38;0.0330,0.176,-5.185
14 16 23 31 32 38;0.0330,0.176,-5.185
7 18 23 32 34 38;0.0330,0.176,-5.185
6 7 42;0.0989,0.170,-5.175
11 25 42;0.0330,0.600,-5.079
3 12 40;0.0440,0.148,-5.026
12 18 40;0.0440,0.148,-5.026
9 12 32 40;0.0440,0.148,-5.026
20 27 32 40;0.0440,0.148,-5.026
18 27 32 40;0.0440,0.148,-5.026
1 3 34 40;0.0440,0.148,-5.026
1 20 32 40;0.0440,0.148,-5.026
6 18 34 40;0.0440,0.148,-5.026
18 20 34 40;0.0440,0.148,-5.026
1 6 12 32 40;0.0440,0.148,-5.026
6 7 12 32 40;0.0440,0.148,-5.026
7 14 42;0.0769,0.226,-5.026
6 14 42;0.0769,0.226,-5.026
20 37;0.1978,0.254,-5.024
21 23 37;0.1978,0.254,-5.024
20 30 32 34 40;0.0330,0.250,-5.007
7 20 30 32 40;0.0330,0.250,-5.007
6 20 30 32 40;0.0330,0.250,-5.007
9 20 23 30 40;0.0330,0.250,-5.007
21 31 36;0.3407,0.500,-5.003
1 25 32 38;0.0330,0.167,-5.003
7 25 32 38;0.0330,0.167,-5.003
1 16 32 38;0.0330,0.167,-5.003
14 18 34 38;0.0330,0.167,-5.003
9 31 34 38;0.0330,0.167,-5.003
7 16 32 38;0.0330,0.167,-5.003
1 3 14 34 38;0.0330,0.167,-5.003
1 14 23 34 38;0.0330,0.167,-5.003
1 9 31 32 38;0.0330,0.167,-5.003
1 3 9 23 38;0.0330,0.167,-5.003
1 3 18 32 38;0.0330,0.167,-5.003
3 7 14 34 38;0.0330,0.167,-5.003
7 14 23 34 38;0.0330,0.167,-5.003
14 16 23 31 38;0.0330,0.167,-5.003
7 9 31 32 38;0.0330,0.167,-5.003
3 7 9 23 38;0.0330,0.167,-5.003
3 7 18 32 38;0.0330,0.167,-5.003
3 14 23 31 32 38;0.0330,0.167,-5.003
7 42;0.0989,0.167,-4.993
6 42;0.0989,0.167,-4.993
9 21 34 39;0.0879,0.286,-4.987
13 22 41;0.0220,1.000,-4.985
2 22 41;0.0220,1.000,-4.985
13 20 41;0.0769,0.189,-4.962
13 23 41;0.0769,0.189,-4.962
1 22 38;0.0220,0.400,-4.939
14 22 38;0.0220,0.400,-4.939
9 22 38;0.0220,0.400,-4.939
11 25 38;0.0220,0.400,-4.939
20 25 38;0.0220,0.400,-4.939
22 32 34 38;0.0220,0.400,-4.939
22 23 32 38;0.0220,0.400,-4.939
9 11 14 34 38;0.0220,0.400,-4.939
6 14 16 20 38;0.0220,0.400,-4.939
6 14 16 23 38;0.0220,0.400,-4.939
1 11 14 20 34 38;0.0220,0.400,-4.939
1 3 9 14 20 38;0.0220,0.400,-4.939
7 11 14 20 34 38;0.0220,0.400,-4.939
6 11 14 20 34 38;0.0220,0.400,-4.939
6 9 14 20 34 38;0.0220,0.400,-4.939
3 11 14 20 34 38;0.0220,0.400,-4.939
3 7 9 14 20 38;0.0220,0.400,-4.939
3 12 14 42;0.0659,0.261,-4.932
3 20 23 41;0.0879,0.157,-4.894
9 12 40;0.0440,0.143,-4.872
27 32 40;0.0440,0.143,-4.872
1 6 12 40;0.0440,0.143,-4.872
1 12 32 40;0.0440,0.143,-4.872
6 7 12 40;0.0440,0.143,-4.872
7 12 32 40;0.0440,0.143,-4.872
6 12 32 40;0.0440,0.143,-4.872
1 18 34 40;0.0440,0.143,-4.872
7 18 34 40;0.0440,0.143,-4.872
18 23 34 40;0.0440,0.143,-4.872
3 6 32 34 40;0.0440,0.143,-4.872
3 23 32 34 40;0.0440,0.143,-4.872
1 6 23 32 34 40;0.0440,0.143,-4.872
1 3 6 9 32 40;0.0440,0.143,-4.872
3 6 7 9 32 40;0.0440,0.143,-4.872
1 25 38;0.0330,0.158,-4.831
7 25 38;0.0330,0.158,-4.831
25 32 38;0.0330,0.158,-4.831
1 16 38;0.0330,0.158,-4.831
7 16 38;0.0330,0.158,-4.831
1 9 31 38;0.0330,0.158,-4.831
1 3 18 38;0.0330,0.158,-4.831
9 14 34 38;0.0330,0.158,-4.831
16 31 34 38;0.0330,0.158,-4.831
3 31 34 38;0.0330,0.158,-4.831
7 9 31 38;0.0330,0.158,-4.831
3 7 18 38;0.0330,0.158,-4.831
1 3 23 34 38;0.0330,0.158,-4.831
1 23 31 32 38;0.0330,0.158,-4.831
3 14 23 31 38;0.0330,0.158,-4.831
9 16 32 34 38;0.0330,0.158,-4.831
9 18 32 34 38;0.0330,0.158,-4.831
7 23 31 32 38;0.0330,0.158,-4.831
9 23 42;0.0989,0.164,-4.814
3 14 23 42;0.0769,0.219,-4.807
7 20 30 40;0.0330,0.231,-4.754
6 20 30 40;0.0330,0.231,-4.754
9 20 30 40;0.0330,0.231,-4.754
14 20 34 40;0.0330,0.231,-4.754
9 30 32 34 40;0.0330,0.231,-4.754
28 42;0.0220,1.000,-4.734
12 29 42;0.0220,1.000,-4.734
9 14 29 42;0.0220,1.000,-4.734
13 20 25 42;0.0220,1.000,-4.734
34 41;0.0879,0.154,-4.727
1 12 40;0.0440,0.138,-4.723
7 12 40;0.0440,0.138,-4.723
6 12 40;0.0440,0.138,-4.723
7 20 34 40;0.0440,0.138,-4.723
6 20 34 40;0.0440,0.138,-4.723
9 32 34 40;0.0440,0.138,-4.723
1 23 32 34 40;0.0440,0.138,-4.723
1 3 6 9 40;0.0440,0.138,-4.723
1 3 9 32 40;0.0440,0.138,-4.723
3 7 32 34 40;0.0440,0.138,-4.723
3 6 7 9 40;0.0440,0.138,-4.723
3 7 9 32 40;0.0440,0.138,-4.723
3 6 9 32 40;0.0440,0.138,-4.723
14 31 32 39;0.0989,0.250,-4.696
9 12 14 42;0.0659,0.250,-4.681
25 38;0.0330,0.150,-4.669
1 3 23 38;0.0330,0.150,-4.669
3 14 34 38;0.0330,0.150,-4.669
14 23 34 38;0.0330,0.150,-4.669
16 32 34 38;0.0330,0.150,-4.669
1 18 23 34 38;0.0330,0.150,-4.669
7 18 23 34 38;0.0330,0.150,-4.669
23 31 32 34 38;0.0330,0.150,-4.669
3 18 32 34 38;0.0330,0.150,-4.669
9 14 23 31 32 38;0.0330,0.150,-4.669
1 3 20 41;0.0440,0.333,-4.654
12 14 34 42;0.0549,0.294,-4.588
1 20 40;0.0440,0.133,-4.580
1 3 9 40;0.0440,0.133,-4.580
3 6 34 40;0.0440,0.133,-4.580
18 32 34 40;0.0440,0.133,-4.580
3 7 9 40;0.0440,0.133,-4.580
7 20 32 40;0.0440,0.133,-4.580
3 6 9 40;0.0440,0.133,-4.580
1 3 6 32 40;0.0440,0.133,-4.580
6 7 41;0.0879,0.151,-4.563
3 20 41;0.0879,0.151,-4.563
22 34 38;0.0220,0.333,-4.541
22 23 38;0.0220,0.333,-4.541
22 32 38;0.0220,0.333,-4.541
6 16 20 38;0.0220,0.333,-4.541
6 16 23 38;0.0220,0.333,-4.541
1 11 14 34 38;0.0220,0.333,-4.541
1 11 14 31 38;0.0220,0.333,-4.541
1 11 14 18 38;0.0220,0.333,-4.541
1 3 14 20 38;0.0220,0.333,-4.541
7 11 14 34 38;0.0220,0.333,-4.541
6 11 14 34 38;0.0220,0.333,-4.541
7 11 14 31 38;0.0220,0.333,-4.541
7 11 14 18 38;0.0220,0.333,-4.541
3 7 14 20 38;0.0220,0.333,-4.541
6 11 14 31 38;0.0220,0.333,-4.541
6 11 14 18 38;0.0220,0.333,-4.541
1 9 11 20 34 38;0.0220,0.333,-4.541
1 3 9 11 20 38;0.0220,0.333,-4.541
6 9 14 20 31 38;0.0220,0.333,-4.541
6 9 14 23 31 38;0.0220,0.333,-4.541
3 6 9 14 20 38;0.0220,0.333,-4.541
3 6 14 18 20 38;0.0220,0.333,-4.541
3 6 14 18 23 38;0.0220,0.333,-4.541
7 9 11 20 34 38;0.0220,0.333,-4.541
6 9 11 20 34 38;0.0220,0.333,-4.541
6 9 18 20 34 38;0.0220,0.333,-4.541
3 6 18 20 34 38;0.0220,0.333,-4.541
3 7 9 11 20 38;0.0220,0.333,-4.541
3 6 9 11 20 38;0.0220,0.333,-4.541
1 9 30 40;0.0330,0.214,-4.523
9 30 34 40;0.0330,0.214,-4.523
20 30 34 40;0.0330,0.214,-4.523
7 9 30 40;0.0330,0.214,-4.523
6 9 30 40;0.0330,0.214,-4.523
7 14 20 40;0.0330,0.214,-4.523
1 14 31 38;0.0330,0.143,-4.515
1 9 23 38;0.0330,0.143,-4.515
7 14 31 38;0.0330,0.143,-4.515
7 9 23 38;0.0330,0.143,-4.515
1 31 32 34 38;0.0330,0.143,-4.515
1 9 18 32 38;0.0330,0.143,-4.515
14 16 23 32 38;0.0330,0.143,-4.515
9 14 23 31 38;0.0330,0.143,-4.515
7 31 32 34 38;0.0330,0.143,-4.515
7 9 18 32 38;0.0330,0.143,-4.515
3 9 32 42;0.0989,0.158,-4.467
21 31 34 39;0.0879,0.267,-4.466
14 31 39;0.0989,0.243,-4.464
23 34 42;0.0879,0.182,-4.463
14 34 42;0.0659,0.240,-4.444
13 32 41;0.0659,0.207,-4.443
1 3 6 40;0.0440,0.129,-4.442
1 3 32 40;0.0440,0.129,-4.442
3 7 34 40;0.0440,0.129,-4.442
20 32 34 40;0.0440,0.129,-4.442
3 23 34 40;0.0440,0.129,-4.442
6 20 32 40;0.0440,0.129,-4.442
1 6 23 34 40;0.0440,0.129,-4.442
1 6 9 32 40;0.0440,0.129,-4.442
6 23 32 34 40;0.0440,0.129,-4.442
6 7 9 32 40;0.0440,0.129,-4.442
9 16 20 23 32 40;0.0440,0.129,-4.442
13 41;0.0769,0.175,-4.415
7 41;0.0879,0.148,-4.403
6 41;0.0879,0.148,-4.403
1 14 23 38;0.0330,0.136,-4.368
1 23 31 38;0.0330,0.136,-4.368
1 9 18 38;0.0330,0.136,-4.368
7 14 23 38;0.0330,0.136,-4.368
9 16 34 38;0.0330,0.136,-4.368
9 18 34 38;0.0330,0.136,-4.368
7 23 31 38;0.0330,0.136,-4.368
7 9 18 38;0.0330,0.136,-4.368
1 3 9 14 38;0.0330,0.136,-4.368
1 18 23 32 38;0.0330,0.136,-4.368
3 7 9 14 38;0.0330,0.136,-4.368
9 23 32 34 38;0.0330,0.136,-4.368
7 18 23 32 38;0.0330,0.136,-4.368
3 14 18 23 32 38;0.0330,0.136,-4.368
3 7 23 32 34 38;0.0330,0.136,-4.368
31 39;0.1319,0.185,-4.361
1 30 34 40;0.0330,0.200,-4.309
6 14 20 40;0.0330,0.200,-4.309
20 23 30 32 40;0.0330,0.200,-4.309
12 32 40;0.0440,0.125,-4.308
1 3 40;0.0440,0.125,-4.308
9 34 40;0.0440,0.125,-4.308
1 23 34 40;0.0440,0.125,-4.308
1 6 9 40;0.0440,0.125,-4.308
1 9 32 40;0.0440,0.125,-4.308
6 7 9 40;0.0440,0.125,-4.308
7 9 32 40;0.0440,0.125,-4.308
6 9 32 40;0.0440,0.125,-4.308
1 6 18 32 40;0.0440,0.125,-4.308
7 23 32 34 40;0.0440,0.125,-4.308
6 7 18 32 40;0.0440,0.125,-4.308
9 16 23 32 40;0.0440,0.125,-4.308
16 20 23 32 40;0.0440,0.125,-4.308
3 9 18 20 23 32 40;0.0440,0.125,-4.308
32 34 42;0.0879,0.178,-4.284
16 34 38;0.0330,0.130,-4.228
1 14 34 38;0.0330,0.130,-4.228
1 3 14 38;0.0330,0.130,-4.228
1 14 18 38;0.0330,0.130,-4.228
7 14 34 38;0.0330,0.130,-4.228
3 7 14 38;0.0330,0.130,-4.228
7 14 18 38;0.0330,0.130,-4.228
14 16 23 38;0.0330,0.130,-4.228
3 18 34 38;0.0330,0.130,-4.228
3 7 23 34 38;0.0330,0.130,-4.228
18 23 32 34 38;0.0330,0.130,-4.228
3 7 23 32 38;0.0330,0.130,-4.228
3 12 32 42;0.0659,0.231,-4.219
22 38;0.0220,0.286,-4.213
1 11 14 20 38;0.0220,0.286,-4.213
1 9 14 20 38;0.0220,0.286,-4.213
1 9 11 34 38;0.0220,0.286,-4.213
1 3 9 11 38;0.0220,0.286,-4.213
11 14 20 34 38;0.0220,0.286,-4.213
7 11 14 20 38;0.0220,0.286,-4.213
7 9 14 20 38;0.0220,0.286,-4.213
6 11 14 20 38;0.0220,0.286,-4.213
3 6 14 20 38;0.0220,0.286,-4.213
7 9 11 34 38;0.0220,0.286,-4.213
6 9 11 34 38;0.0220,0.286,-4.213
3 7 9 11 38;0.0220,0.286,-4.213
3 6 9 11 38;0.0220,0.286,-4.213
6 9 20 31 38;0.0220,0.286,-4.213
6 9 23 31 38;0.0220,0.286,-4.213
3 6 18 20 38;0.0220,0.286,-4.213
3 6 18 23 38;0.0220,0.286,-4.213
12 40;0.0440,0.121,-4.179
16 27 40;0.0440,0.121,-4.179
1 9 40;0.0440,0.121,-4.179
7 9 40;0.0440,0.121,-4.179
6 9 40;0.0440,0.121,-4.179
1 18 32 40;0.0440,0.121,-4.179
7 18 32 40;0.0440,0.121,-4.179
6 18 32 40;0.0440,0.121,-4.179
16 23 32 40;0.0440,0.121,-4.179
3 6 7 32 40;0.0440,0.121,-4.179
9 16 20 32 40;0.0440,0.121,-4.179
3 9 18 23 32 40;0.0440,0.121,-4.179
3 18 20 23 32 40;0.0440,0.121,-4.179
18 37;0.1978,0.243,-4.175
3 9 39;0.1319,0.182,-4.160
3 23 42;0.0989,0.153,-4.133
1 30 40;0.0330,0.188,-4.111
20 30 32 40;0.0330,0.188,-4.111
1 9 14 38;0.0330,0.125,-4.095
7 9 14 38;0.0330,0.125,-4.095
23 31 34 38;0.0330,0.125,-4.095
9 23 34 38;0.0330,0.125,-4.095
3 7 23 38;0.0330,0.125,-4.095
1 9 32 34 38;0.0330,0.125,-4.095
1 18 32 34 38;0.0330,0.125,-4.095
3 14 18 23 38;0.0330,0.125,-4.095
7 9 32 34 38;0.0330,0.125,-4.095
7 18 32 34 38;0.0330,0.125,-4.095
9 14 18 23 32 38;0.0330,0.125,-4.095
20 27 40;0.0440,0.118,-4.054
18 27 40;0.0440,0.118,-4.054
7 20 40;0.0440,0.118,-4.054
3 7 32 40;0.0440,0.118,-4.054
3 6 32 40;0.0440,0.118,-4.054
16 20 32 40;0.0440,0.118,-4.054
1 6 23 32 40;0.0440,0.118,-4.054
3 18 23 32 40;0.0440,0.118,-4.054
3 9 18 20 32 40;0.0440,0.118,-4.054
12 14 42;0.0659,0.222,-4.006
3 12 42;0.0659,0.222,-4.006
9 12 32 42;0.0659,0.222,-4.006
9 34 39;0.0879,0.250,-3.993
9 32 42;0.0989,0.150,-3.971
14 34 38;0.0330,0.120,-3.967
1 31 34 38;0.0330,0.120,-3.967
1 9 34 38;0.0330,0.120,-3.967
1 18 23 38;0.0330,0.120,-3.967
7 31 34 38;0.0330,0.120,-3.967
7 9 34 38;0.0330,0.120,-3.967
7 18 23 38;0.0330,0.120,-3.967
11 20 41;0.0879,0.140,-3.940
27 40;0.0440,0.114,-3.933
6 20 40;0.0440,0.114,-3.933
1 23 32 40;0.0440,0.114,-3.933
6 23 34 40;0.0440,0.114,-3.933
3 32 34 40;0.0440,0.114,-3.933
3 6 7 40;0.0440,0.114,-3.933
1 6 32 34 40;0.0440,0.114,-3.933
3 18 20 32 40;0.0440,0.114,-3.933
9 18 20 23 32 40;0.0440,0.114,-3.933
1 11 14 38;0.0220,0.250,-3.933
7 11 14 38;0.0220,0.250,-3.933
6 11 14 38;0.0220,0.250,-3.933
1 9 11 20 38;0.0220,0.250,-3.933
1 3 11 20 38;0.0220,0.250,-3.933
6 9 14 20 38;0.0220,0.250,-3.933
7 9 11 20 38;0.0220,0.250,-3.933
6 9 11 20 38;0.0220,0.250,-3.933
6 9 14 18 23 38;0.0220,0.250,-3.933
6 11 31 32 34 38;0.0220,0.250,-3.933
6 11 18 32 34 38;0.0220,0.250,-3.933
11 22 41;0.0220,0.667,-3.933
9 23 30 32 40;0.0330,0.176,-3.926
14 20 23 30 40;0.0220,0.333,-3.879
1 3 32 34 38;0.0330,0.115,-3.844
14 23 31 32 38;0.0330,0.115,-3.844
9 14 18 23 38;0.0330,0.115,-3.844
9 16 23 31 32 38;0.0330,0.115,-3.844
21 36;0.4066,0.440,-3.822
18 34 40;0.0440,0.111,-3.815
3 7 40;0.0440,0.111,-3.815
3 6 40;0.0440,0.111,-3.815
1 32 34 40;0.0440,0.111,-3.815
1 6 18 40;0.0440,0.111,-3.815
7 23 34 40;0.0440,0.111,-3.815
6 7 18 40;0.0440,0.111,-3.815
9 18 23 32 40;0.0440,0.111,-3.815
3 9 20 23 32 40;0.0440,0.111,-3.815
23 34 37;0.1429,0.295,-3.813
9 12 42;0.0659,0.214,-3.803
11 41;0.0879,0.138,-3.792
3 21 34 39;0.0879,0.242,-3.774
18 21 34 39;0.0879,0.242,-3.774
30 32 34 40;0.0330,0.167,-3.754
9 30 32 40;0.0330,0.167,-3.754
20 23 30 40;0.0330,0.167,-3.754
1 3 34 38;0.0330,0.111,-3.726
14 23 31 38;0.0330,0.111,-3.726
31 32 34 38;0.0330,0.111,-3.726
14 16 31 32 38;0.0330,0.111,-3.726
16 23 31 32 38;0.0330,0.111,-3.726
3 9 23 31 32 38;0.0330,0.111,-3.726
1 18 40;0.0440,0.108,-3.700
20 34 40;0.0440,0.108,-3.700
7 18 40;0.0440,0.108,-3.700
6 18 40;0.0440,0.108,-3.700
1 6 23 40;0.0440,0.108,-3.700
6 7 23 32 40;0.0440,0.108,-3.700
9 18 20 32 40;0.0440,0.108,-3.700
14 29 42;0.0220,0.667,-3.689
20 21 25 34 42;0.0220,0.667,-3.689
1 9 11 38;0.0220,0.222,-3.689
1 3 11 38;0.0220,0.222,-3.689
7 9 11 38;0.0220,0.222,-3.689
6 9 11 38;0.0220,0.222,-3.689
31 36;0.3407,0.477,-3.671
23 36;0.3846,0.455,-3.668
14 23 32 42;0.0769,0.184,-3.661
3 23 41;0.0879,0.136,-3.646
3 14 32 39;0.0989,0.220,-3.625
14 18 32 39;0.0989,0.220,-3.625
1 18 34 38;0.0330,0.107,-3.613
14 16 31 38;0.0330,0.107,-3.613
7 18 34 38;0.0330,0.107,-3.613
18 23 34 38;0.0330,0.107,-3.613
3 14 31 32 38;0.0330,0.107,-3.613
3 23 32 34 38;0.0330,0.107,-3.613
3 23 31 32 38;0.0330,0.107,-3.613
20 30 40;0.0330,0.158,-3.592
7 30 34 40;0.0330,0.158,-3.592
6 30 34 40;0.0330,0.158,-3.592
7 30 32 40;0.0330,0.158,-3.592
6 30 32 40;0.0330,0.158,-3.592
9 23 30 40;0.0330,0.158,-3.592
1 23 40;0.0440,0.105,-3.589
6 32 34 40;0.0440,0.105,-3.589
23 32 34 40;0.0440,0.105,-3.589
7 23 32 40;0.0440,0.105,-3.589
6 23 32 40;0.0440,0.105,-3.589
3 9 20 32 40;0.0440,0.105,-3.589
9 39;0.1319,0.174,-3.578
3 14 31 38;0.0330,0.103,-3.504
9 32 34 38;0.0330,0.103,-3.504
1 23 32 34 38;0.0330,0.103,-3.504
1 3 9 32 38;0.0330,0.103,-3.504
3 7 32 34 38;0.0330,0.103,-3.504
3 7 9 32 38;0.0330,0.103,-3.504
3 9 14 23 32 38;0.0330,0.103,-3.504
3 32 42;0.0989,0.143,-3.500
3 34 40;0.0440,0.103,-3.481
1 6 34 40;0.0440,0.103,-3.481
7 32 34 40;0.0440,0.103,-3.481
9 16 20 23 40;0.0440,0.103,-3.481
9 20 23 32 40;0.0440,0.103,-3.481
1 3 9 20 38;0.0220,0.200,-3.474
6 9 20 34 38;0.0220,0.200,-3.474
3 7 9 20 38;0.0220,0.200,-3.474
6 9 18 20 38;0.0220,0.200,-3.474
6 9 18 23 38;0.0220,0.200,-3.474
30 34 40;0.0330,0.150,-3.439
7 30 40;0.0330,0.150,-3.439
6 30 40;0.0330,0.150,-3.439
9 30 40;0.0330,0.150,-3.439
14 23 34 40;0.0330,0.150,-3.439
5 19 38;0.0110,1.000,-3.412
1 5 38;0.0110,1.000,-3.412
5 7 38;0.0110,1.000,-3.412
16 19 23 38;0.0110,1.000,-3.412
19 23 31 38;0.0110,1.000,-3.412
18 19 23 38;0.0110,1.000,-3.412
5 12 34 38;0.0110,1.000,-3.412
1 31 32 38;0.0330,0.100,-3.399
1 3 9 38;0.0330,0.100,-3.399
18 32 34 38;0.0330,0.100,-3.399
7 31 32 38;0.0330,0.100,-3.399
3 7 9 38;0.0330,0.100,-3.399
9 14 31 32 38;0.0330,0.100,-3.399
3 14 23 32 38;0.0330,0.100,-3.399
14 18 23 32 38;0.0330,0.100,-3.399
9 23 31 32 38;0.0330,0.100,-3.399
1 34 40;0.0440,0.100,-3.376
9 16 23 40;0.0440,0.100,-3.376
16 20 23 40;0.0440,0.100,-3.376
3 9 18 20 23 40;0.0440,0.100,-3.376
12 34 42;0.0549,0.227,-3.365
23 37;0.1978,0.234,-3.364
21 34 37;0.1429,0.283,-3.334
14 23 42;0.0769,0.175,-3.333
1 14 38;0.0330,0.097,-3.297
7 14 38;0.0330,0.097,-3.297
1 3 32 38;0.0330,0.097,-3.297
9 14 31 38;0.0330,0.097,-3.297
3 7 34 38;0.0330,0.097,-3.297
3 23 34 38;0.0330,0.097,-3.297
3 9 14 23 38;0.0330,0.097,-3.297
9 14 23 32 38;0.0330,0.097,-3.297
6 7 14 23 40;0.0330,0.143,-3.295
20 22 41;0.0220,0.500,-3.286
25 34 42;0.0440,0.267,-3.282
1 11 18 32 38;0.0220,0.182,-3.281
6 11 31 34 38;0.0220,0.182,-3.281
6 11 18 34 38;0.0220,0.182,-3.281
7 11 18 32 38;0.0220,0.182,-3.281
6 11 31 32 38;0.0220,0.182,-3.281
6 11 18 32 38;0.0220,0.182,-3.281
3 6 9 20 38;0.0220,0.182,-3.281
3 7 11 20 32 38;0.0220,0.182,-3.281
3 6 11 20 32 38;0.0220,0.182,-3.281
16 23 40;0.0440,0.098,-3.273
6 7 23 40;0.0440,0.098,-3.273
9 16 20 40;0.0440,0.098,-3.273
9 20 32 40;0.0440,0.098,-3.273
3 9 18 23 40;0.0440,0.098,-3.273
3 18 20 23 40;0.0440,0.098,-3.273
3 14 39;0.0989,0.209,-3.252
14 18 39;0.0989,0.209,-3.252
23 32 42;0.0989,0.138,-3.199
1 3 38;0.0330,0.094,-3.198
31 34 38;0.0330,0.094,-3.198
9 34 38;0.0330,0.094,-3.198
1 23 34 38;0.0330,0.094,-3.198
1 9 32 38;0.0330,0.094,-3.198
14 16 32 38;0.0330,0.094,-3.198
3 14 23 38;0.0330,0.094,-3.198
14 18 23 38;0.0330,0.094,-3.198
7 9 32 38;0.0330,0.094,-3.198
7 23 32 34 38;0.0330,0.094,-3.198
9 16 23 31 38;0.0330,0.094,-3.198
9 16 23 32 38;0.0330,0.094,-3.198
18 34 39;0.0879,0.222,-3.174
7 23 40;0.0440,0.095,-3.173
6 23 40;0.0440,0.095,-3.173
16 20 40;0.0440,0.095,-3.173
3 18 23 40;0.0440,0.095,-3.173
3 9 18 20 40;0.0440,0.095,-3.173
3 20 23 32 40;0.0440,0.095,-3.173
34 42;0.0879,0.154,-3.167
23 30 32 40;0.0330,0.136,-3.158
6 14 34 40;0.0330,0.136,-3.158
6 14 20 31 38;0.0220,0.167,-3.107
3 7 11 20 38;0.0220,0.167,-3.107
3 7 11 32 38;0.0220,0.167,-3.107
3 6 11 20 38;0.0220,0.167,-3.107
3 6 11 32 38;0.0220,0.167,-3.107
1 9 38;0.0330,0.091,-3.103
7 9 38;0.0330,0.091,-3.103
1 18 32 38;0.0330,0.091,-3.103
9 14 23 38;0.0330,0.091,-3.103
7 18 32 38;0.0330,0.091,-3.103
16 23 31 38;0.0330,0.091,-3.103
16 23 32 38;0.0330,0.091,-3.103
3 14 18 32 38;0.0330,0.091,-3.103
3 9 23 31 38;0.0330,0.091,-3.103
3 9 18 23 32 38;0.0330,0.091,-3.103
12 32 42;0.0659,0.188,-3.084
6 34 40;0.0440,0.093,-3.075
3 18 20 40;0.0440,0.093,-3.075
9 18 20 23 40;0.0440,0.093,-3.075
3 9 42;0.0989,0.136,-3.053
9 29 42;0.0220,0.500,-3.050
13 25 32 42;0.0220,0.500,-3.050
20 21 25 42;0.0220,0.500,-3.050
30 32 40;0.0330,0.130,-3.029
7 14 34 40;0.0330,0.130,-3.029
3 9 14 20 23 40;0.0330,0.130,-3.029
1 31 38;0.0330,0.088,-3.011
14 16 38;0.0330,0.088,-3.011
7 31 38;0.0330,0.088,-3.011
3 7 32 38;0.0330,0.088,-3.011
3 23 31 38;0.0330,0.088,-3.011
3 18 23 32 38;0.0330,0.088,-3.011
