5 9 11 15 16 19 22 23 26 35
5 9 11 15 16 19 22 23 25 35
5 9 11 15 16 19 22 23 26 35
1 9 11 15 16 19 22 23 26 35
1 9 11 14 16 19 22 23 26 35
1 9 11 14 16 19 22 23 25 35
1 9 11 14 16 19 22 23 26 35
3 9 11 15 16 19 22 23 26 35
4 9 11 15 16 19 22 23 25 35
6 9 11 15 16 19 22 23 25 35
5 9 11 14 16 19 22 23 25 35
2 8 11 15 16 19 22 23 26 35
4 9 11 15 16 19 22 23 25 35
6 9 11 14 16 19 22 23 25 35
6 9 11 15 16 19 22 23 25 35
3 8 11 15 16 19 22 23 26 35
5 9 11 14 16 19 22 23 26 35
4 9 11 14 16 19 22 23 25 35
1 8 11 14 16 19 22 23 26 35
5 9 11 14 16 19 22 23 25 35
6 9 11 15 16 19 22 23 25 35
3 8 11 15 16 20 22 23 26 35
6 9 11 14 16 19 22 23 25 35
4 10 11 14 16 19 21 23 26 35
6 8 11 15 16 19 22 23 25 35
4 8 11 15 16 19 22 23 26 35
6 9 11 15 16 19 22 23 25 35
6 9 11 15 16 19 22 23 26 35
1 8 11 15 16 20 22 23 26 35
1 9 11 15 16 19 22 23 26 36
6 9 11 15 16 19 22 23 25 35
1 8 11 15 16 19 22 23 26 35
6 9 11 15 16 19 22 23 26 35
4 9 11 15 16 19 22 23 26 35
1 9 11 14 16 19 22 23 25 35
1 8 11 15 16 19 22 23 25 35
1 8 11 14 16 20 22 23 25 35
1 8 12 14 18 19 22 23 26 35
1 8 11 14 16 20 22 23 26 35
6 9 11 15 16 19 22 23 25 35
4 9 11 13 16 19 22 23 25 35
1 8 11 14 16 19 22 23 25 35
5 9 11 13 16 19 22 23 25 35
5 8 11 15 16 19 22 23 25 35
1 8 11 15 16 20 22 23 26 35
1 8 12 15 16 20 22 23 25 35
1 8 11 14 16 20 22 23 25 35
6 9 11 14 16 19 22 23 25 35
5 9 11 15 16 20 22 23 26 35
5 9 11 15 16 19 22 23 25 35
6 9 11 15 16 19 22 23 25 35
1 9 11 15 16 20 22 23 26 35
3 7 12 15 16 20 22 23 26 35
1 8 11 15 16 20 22 23 26 35
6 9 11 15 16 19 22 23 25 35
1 9 11 15 16 20 22 23 26 35
5 8 11 15 16 19 22 23 25 35
3 7 11 14 16 19 22 23 26 35
1 8 11 14 16 19 22 23 26 35
6 9 11 15 16 19 22 23 25 35
5 9 11 14 16 20 22 23 26 35
3 7 12 15 18 20 22 23 26 36
3 8 12 15 16 20 22 23 26 35
5 8 11 15 16 20 22 23 26 35
5 9 11 14 16 20 22 23 26 35
5 8 11 15 16 20 22 23 26 35
2 10 11 14 16 20 22 23 25 35
5 8 11 15 16 20 22 23 26 35
6 9 11 15 16 19 22 23 25 35
6 9 11 15 16 19 22 23 25 35
4 9 11 15 16 19 22 23 25 35
5 10 11 14 16 19 21 23 26 35
1 9 11 14 16 20 22 23 26 35
3 7 12 14 18 20 22 23 26 35
3 8 11 15 16 20 22 23 26 36
5 8 11 14 16 20 22 23 25 35
1 9 11 14 16 20 22 23 26 35
5 9 11 13 16 20 22 23 26 35
5 10 11 15 16 20 22 23 26 35
3 8 11 15 16 20 22 23 26 35
4 10 11 14 16 19 22 23 26 35
6 9 11 14 16 19 22 23 25 35
5 10 11 15 16 19 21 23 26 35
5 9 11 13 16 20 22 23 26 35
3 7 12 14 18 20 22 23 26 35
1 8 11 14 16 20 22 23 26 35
5 9 12 14 16 20 22 23 25 35
5 9 11 14 16 20 22 23 26 35
5 9 11 14 16 20 22 23 26 35
5 9 12 15 16 20 22 23 26 35
3 8 11 15 16 20 22 23 26 35
4 10 11 14 16 19 22 23 26 35
5 10 11 15 16 19 21 23 26 35
5 9 11 14 16 19 22 23 26 35
3 9 11 14 18 20 22 23 26 35
5 9 11 13 18 20 22 23 26 35
5 9 11 13 16 20 22 23 26 35
3 8 11 15 16 20 22 23 26 35
1 7 11 15 16 20 22 23 26 35
4 10 11 14 16 19 22 23 26 35
5 10 11 14 16 19 21 23 26 35
4 10 11 14 16 19 22 23 26 35
5 10 12 14 16 19 22 23 26 35
6 9 11 15 16 19 22 23 26 35
5 8 11 14 16 20 22 23 26 35
5 10 11 13 16 20 22 23 26 36
3 7 11 15 18 20 22 23 26 35
1 8 12 14 18 20 22 23 26 35
5 10 11 14 16 19 22 23 26 35
6 9 11 14 16 19 22 23 25 35
5 8 12 15 18 19 22 23 25 35
5 9 11 13 16 19 22 23 26 35
3 10 12 14 18 20 22 23 26 35
3 8 11 15 16 20 22 23 26 35
1 10 11 15 16 19 22 23 26 35
4 9 11 13 16 19 22 23 26 35
4 9 11 15 16 19 22 23 26 35
6 9 11 15 16 19 22 23 25 35
6 9 11 15 16 19 22 23 25 35
3 10 11 15 16 20 22 23 26 35
3 8 11 15 16 20 22 23 26 35
5 10 11 14 16 19 22 23 26 35
6 9 11 15 16 19 22 23 25 35
4 8 12 15 18 19 22 23 26 35
4 10 11 14 18 19 22 23 26 35
6 9 11 15 16 19 22 23 25 35
4 9 11 15 16 19 22 23 26 35
3 10 11 14 16 20 22 23 26 35
3 8 11 14 16 20 22 23 26 35
2 10 11 15 16 19 22 23 26 35
6 8 11 15 16 19 22 23 25 35
6 9 11 15 16 19 22 23 25 35
6 8 11 15 16 19 22 23 25 35
4 9 12 14 16 19 22 23 26 35
1 10 11 15 16 20 22 23 26 35
3 9 11 14 16 20 22 23 26 35
5 10 11 14 16 19 22 23 26 35
6 9 11 14 16 19 22 23 25 35
6 9 11 14 16 19 22 23 25 35
4 9 11 15 16 19 22 23 25 35
6 8 11 15 16 19 22 23 25 35
1 9 11 15 16 20 22 23 26 35
3 8 11 14 16 20 22 23 26 35
5 10 11 14 16 19 22 23 26 35
5 8 11 15 16 19 22 23 25 35
6 9 11 14 16 19 22 23 25 35
6 9 12 14 16 19 22 23 25 35
5 10 11 14 16 19 21 23 26 35
1 10 11 15 16 19 22 23 26 35
3 8 11 15 16 20 22 23 26 35
6 9 11 15 16 19 22 23 26 35
5 10 11 15 16 19 21 23 26 35
5 9 11 15 16 19 22 23 26 35
1 8 11 15 16 19 22 23 26 35
5 10 11 15 16 19 21 23 26 35
5 9 11 15 16 19 22 23 26 35
5 9 11 14 18 20 22 23 26 35
6 9 11 14 16 19 22 23 25 35
5 10 11 14 16 19 21 23 26 35
5 9 11 15 16 19 22 23 26 35
5 9 11 15 16 19 22 23 26 35
1 10 11 15 16 19 21 23 26 35
6 9 12 13 16 19 22 23 25 35
4 10 11 14 16 19 21 23 26 35
5 9 12 14 16 20 22 23 26 35
5 10 11 15 16 19 21 23 26 35
5 10 12 14 18 19 22 23 26 35
5 9 11 14 16 19 22 23 26 35
1 8 11 15 16 19 22 23 26 35
5 8 11 15 16 19 22 23 26 35
6 9 11 14 16 19 22 23 25 35
5 9 11 14 16 19 22 23 26 35
5 9 11 13 16 20 22 23 26 35
5 9 11 14 16 19 22 23 26 35
5 10 11 13 16 19 22 23 26 35
5 9 11 14 16 19 22 23 26 35
5 8 12 14 16 19 22 23 26 35
5 9 11 14 16 20 22 23 26 35
5 9 11 15 16 19 22 23 26 35
6 9 11 15 16 19 22 23 26 35
1 9 11 15 16 19 22 23 26 35
5 9 11 15 16 19 22 23 26 35
4 8 11 15 16 19 22 23 26 35
6 9 11 14 18 20 22 23 26 35
6 8 12 15 16 19 22 23 26 35
2 9 11 14 16 19 22 23 26 35
5 10 11 13 16 19 22 23 26 35
4 10 11 14 16 19 22 23 26 35
1 10 11 14 16 19 22 23 26 35
4 8 11 14 16 19 22 23 26 35
4 9 12 13 16 19 22 23 26 35
3 9 11 15 16 19 22 23 26 35
4 9 11 14 16 19 22 23 26 35
5 10 11 14 16 19 22 23 26 35
6 9 11 14 16 19 22 23 25 35
6 8 11 15 16 19 22 23 26 35
6 9 11 15 16 19 22 23 25 35
5 9 11 15 16 19 22 23 26 35
1 8 11 15 16 19 22 23 26 35
6 9 11 15 16 19 22 23 26 35
6 9 11 14 16 19 22 23 26 35
6 8 11 15 16 19 22 23 25 35
6 8 11 15 16 19 22 23 25 35
1 8 11 15 16 19 22 23 26 35
2 8 12 15 16 19 22 23 26 35
3 9 11 15 16 20 22 23 26 35
6 9 11 15 16 19 22 23 26 35
3 8 11 15 16 19 22 23 25 35
1 9 11 14 16 19 22 23 26 35
1 8 11 14 16 19 22 23 26 35
6 9 11 15 16 19 22 23 26 35
6 8 11 15 16 19 22 23 26 35
6 9 11 15 16 19 22 23 26 35
6 8 11 14 16 20 22 23 26 35
6 8 11 15 16 19 22 23 25 35
1 8 11 15 16 20 22 23 26 35
2 8 12 14 18 19 22 23 26 35
3 8 11 14 16 20 22 23 26 35
4 9 11 14 18 19 22 23 26 35
1 9 11 14 16 19 22 23 26 35
5 9 11 13 16 19 22 23 26 35
1 8 11 15 16 20 22 23 26 35
6 9 12 15 16 19 22 23 26 35
4 9 11 15 16 19 22 23 26 35
5 8 11 14 16 20 22 23 26 35
1 10 11 15 16 19 21 23 26 35
6 9 11 14 16 19 22 23 25 35
1 9 11 15 16 20 22 23 26 35
2 8 11 15 16 19 22 23 26 35
1 8 12 15 16 20 22 23 26 35
3 9 11 15 16 19 22 23 26 35
5 10 11 15 16 19 22 23 26 35
3 7 11 15 16 20 22 23 26 35
6 9 11 15 16 19 22 23 25 35
6 9 12 14 18 19 22 23 25 35
1 8 11 15 16 19 22 23 26 35
1 8 11 15 16 20 22 23 26 35
4 10 11 14 16 19 21 23 26 35
4 9 11 13 16 20 22 23 25 35
2 8 12 15 18 20 22 23 26 35
3 8 12 14 18 20 22 23 26 35
3 8 11 15 16 19 22 23 26 35
5 9 11 14 16 19 22 23 26 35
3 7 11 15 16 20 22 23 26 35
6 9 11 15 16 19 22 23 25 35
6 9 12 14 18 19 22 23 25 35
5 9 11 15 16 20 22 23 26 35
4 10 11 15 16 19 22 23 26 35
1 10 11 15 16 20 22 23 26 35
4 10 11 14 16 19 21 23 26 35
5 10 11 15 16 19 22 23 26 35
4 8 11 15 16 19 22 23 26 35
2 8 11 14 16 20 22 23 26 35
1 8 11 15 16 20 22 23 26 35
3 8 12 15 16 20 22 23 26 35
5 10 11 14 16 19 22 23 26 35
3 7 11 15 16 20 22 23 26 36
5 8 11 15 16 20 22 23 26 35
1 10 11 15 16 20 22 23 26 36
4 10 11 14 16 19 21 23 25 35
5 10 11 14 16 19 22 23 26 35
6 9 11 15 16 19 22 23 26 35
2 9 11 14 16 20 22 23 26 35
1 8 12 15 18 20 22 23 26 35
3 7 11 15 16 20 22 23 26 35
5 9 11 15 16 19 22 23 26 35
3 7 12 15 16 20 22 24 26 35
5 9 11 14 16 20 22 23 26 35
4 9 11 14 16 20 22 23 25 35
6 9 11 15 16 19 22 23 25 35
4 10 11 15 16 19 22 23 26 35
1 8 11 15 16 19 22 23 26 35
6 9 11 14 16 19 22 23 25 35
5 10 12 15 16 20 22 23 26 35
1 8 12 14 18 20 22 23 26 35
3 8 11 14 16 20 22 23 26 35
5 10 11 15 16 19 22 23 26 35
3 7 12 15 18 20 22 24 26 35
5 8 11 14 16 20 22 23 25 35
6 9 11 15 16 19 22 23 25 35
1 8 11 15 16 20 22 23 26 35
6 9 11 15 16 19 22 23 25 35
3 10 11 14 16 20 22 23 26 35
3 8 11 15 18 20 22 24 26 35
1 8 12 14 18 20 22 23 26 35
2 10 11 15 16 19 22 23 26 35
3 7 12 14 16 20 22 24 26 35
1 9 11 15 16 20 22 23 26 35
3 8 11 15 16 19 22 23 26 35
5 10 11 14 16 20 22 23 26 35
5 9 11 14 16 20 22 23 26 35
1 8 12 14 16 20 22 23 26 35
5 10 11 14 16 19 22 23 26 35
3 7 12 14 18 20 22 24 26 35
5 10 11 13 16 20 22 23 26 35
5 8 11 15 16 19 22 23 26 35
5 10 11 14 16 20 22 23 26 35
5 9 11 14 16 20 22 23 26 35
5 9 12 14 18 20 22 23 26 35
5 10 11 14 16 19 22 23 26 35
3 7 12 14 16 20 22 24 26 35
5 10 11 14 16 20 22 23 26 35
5 9 11 14 16 20 22 23 26 35
6 9 11 15 16 19 22 23 25 35
6 9 11 15 16 19 22 23 25 35
5 10 11 15 16 19 21 23 26 35
5 10 11 14 16 20 22 23 26 35
1 9 12 15 16 20 22 23 26 35
5 10 11 15 16 19 22 23 26 35
3 7 12 14 18 20 22 24 26 36
5 10 11 15 16 20 22 23 26 35
1 9 11 14 16 20 22 23 26 35
1 9 11 15 16 19 22 23 26 35
5 9 11 15 16 19 22 23 26 35
5 9 11 13 18 20 22 23 26 35
5 10 11 14 16 19 22 23 26 35
3 7 12 15 18 20 22 24 26 35
4 9 11 14 16 20 22 23 26 35
4 9 11 15 16 19 22 23 26 35
1 9 11 15 16 19 22 23 26 35
4 9 11 15 16 19 22 23 25 35
3 7 11 15 16 19 22 24 26 35
