8 36 48;0.1088,0.955,-51.494
18 36 48;0.1088,0.913,-49.074
36 48;0.1140,0.846,-48.779
8 18 48;0.1088,0.840,-45.207
3 16 42;0.2798,0.667,-38.911
3 12 42;0.2591,0.685,-35.527
18 48;0.1140,0.564,-33.969
12 16 42;0.2435,0.701,-33.570
8 9 48;0.0933,0.750,-32.857
9 30 48;0.0674,1.000,-29.985
8 48;0.1140,0.489,-29.693
16 42;0.2902,0.560,-28.327
24 30 48;0.0622,1.000,-27.352
3 34 42;0.2953,0.538,-26.639
2 9 48;0.0725,0.824,-26.349
24 34 47;0.0415,0.615,-24.190
3 42;0.3057,0.500,-23.904
2 12 29 43;0.1347,0.897,-23.066
9 48;0.0984,0.463,-22.206
7 17 29 43;0.1088,0.955,-21.090
2 7 17 43;0.1036,0.952,-19.879
12 17 29 43;0.1192,0.885,-19.481
12 29 34 43;0.1554,0.769,-19.205
2 17 43;0.1244,0.857,-19.010
2 29 34 43;0.1347,0.812,-18.428
12 42;0.2850,0.491,-18.370
29 34 43;0.1710,0.717,-18.284
12 29 43;0.1554,0.750,-18.098
17 29 43;0.1192,0.852,-17.877
24 38 47;0.0415,0.333,-17.842
2 24 48;0.0466,0.900,-17.622
3 20 24 47;0.0259,1.000,-17.448
2 7 29 43;0.1088,0.875,-17.193
2 29 43;0.1347,0.788,-17.173
24 47;0.0415,0.308,-17.088
7 29 43;0.1451,0.757,-17.034
7 12 30 44;0.0674,0.302,-16.810
17 33 46;0.0311,0.857,-16.172
2 12 43;0.1451,0.737,-15.989
8 34 38 47;0.0363,0.389,-15.809
17 28 43;0.1244,0.774,-15.067
7 12 17 43;0.1244,0.774,-15.067
7 17 43;0.1399,0.730,-14.974
29 43;0.1710,0.660,-14.799
24 48;0.0674,0.500,-14.685
7 30 44;0.0674,0.255,-14.344
8 34 47;0.0363,0.318,-14.151
21 28 30 34 42;0.0725,0.933,-14.098
12 17 43;0.1347,0.722,-13.985
7 9 46;0.0311,0.667,-13.743
2 34 43;0.1554,0.667,-13.514
17 43;0.1710,0.635,-13.307
6 30 34 42;0.0674,0.929,-12.909
21 28 30 42;0.0725,0.875,-12.322
2 12 30 44;0.0311,0.667,-12.096
2 28 43;0.1192,0.719,-12.055
12 30 44;0.0674,0.213,-11.853
3 10 46;0.0207,1.000,-11.637
30 34 42;0.1865,0.537,-11.349
2 7 43;0.1244,0.686,-11.242
6 30 42;0.0674,0.867,-11.201
2 30 38 48;0.0466,0.562,-11.076
6 21 42;0.0570,0.917,-10.588
2 20 30 44;0.0259,0.714,-10.513
2 7 12 16 44;0.0259,0.714,-10.513
9 17 46;0.0207,0.800,-10.062
20 30 44;0.0518,0.263,-10.059
8 17 38 47;0.0155,1.000,-9.955
11 20 32 38 47;0.0155,1.000,-9.955
11 20 32 34 47;0.0155,1.000,-9.955
3 8 20 32 47;0.0155,1.000,-9.955
8 38 47;0.0363,0.184,-9.931
2 30 48;0.0518,0.455,-9.859
9 34 46;0.0363,0.318,-9.851
2 30 34 44;0.0311,0.500,-9.827
2 12 16 44;0.0259,0.625,-9.577
2 7 16 44;0.0259,0.625,-9.577
3 20 32 38 47;0.0207,0.500,-9.413
20 32 34 38 47;0.0207,0.500,-9.413
2 18 28 38 46;0.0207,0.667,-8.998
3 33 46;0.0259,0.455,-8.854
20 32 38 47;0.0207,0.444,-8.843
28 30 42;0.1244,0.585,-8.818
2 16 30 44;0.0259,0.556,-8.812
8 47;0.0363,0.156,-8.691
6 28 34 42;0.0777,0.714,-8.689
16 33 43;0.0518,0.909,-8.682
18 28 46;0.0311,0.333,-8.603
11 20 32 47;0.0155,0.750,-8.589
11 32 38 47;0.0155,0.750,-8.589
10 20 46;0.0155,1.000,-8.587
10 28 46;0.0155,1.000,-8.587
2 19 28 46;0.0155,1.000,-8.587
2 19 38 46;0.0155,1.000,-8.587
3 17 22 46;0.0155,1.000,-8.587
34 42;0.3212,0.383,-8.521
13 20 43;0.0415,1.000,-8.503
2 25 38 48;0.0207,1.000,-8.396
30 34 44;0.0622,0.179,-8.264
10 46;0.0207,0.571,-8.185
2 16 44;0.0259,0.500,-8.165
2 27 30 44;0.0207,0.667,-8.010
33 34 46;0.0311,0.300,-7.926
6 28 42;0.0777,0.682,-7.850
2 25 48;0.0259,0.714,-7.735
11 32 34 47;0.0155,0.600,-7.693
11 20 34 47;0.0155,0.600,-7.693
3 11 20 38 47;0.0155,0.600,-7.693
4 33 43;0.0466,0.900,-7.657
7 12 44;0.0674,0.155,-7.639
33 46;0.0311,0.286,-7.619
20 32 34 47;0.0207,0.333,-7.527
7 28 34 43;0.1554,0.545,-7.412
4 16 34 43;0.0363,1.000,-7.404
30 44;0.0674,0.151,-7.342
2 19 46;0.0155,0.750,-7.237
28 32 46;0.0155,0.750,-7.237
9 26 38 46;0.0155,0.750,-7.237
19 28 29 46;0.0155,0.750,-7.237
19 29 38 46;0.0155,0.750,-7.237
2 9 28 46;0.0155,0.750,-7.237
2 38 48;0.0674,0.289,-7.190
7 28 43;0.1606,0.534,-7.170
11 32 47;0.0155,0.500,-7.020
3 11 20 47;0.0155,0.500,-7.020
11 20 38 47;0.0155,0.500,-7.020
3 20 32 47;0.0207,0.286,-6.858
3 32 38 47;0.0207,0.286,-6.858
4 34 43;0.0415,0.889,-6.653
6 42;0.0829,0.615,-6.592
2 27 44;0.0207,0.500,-6.565
20 32 47;0.0207,0.267,-6.565
32 34 38 47;0.0207,0.267,-6.565
7 18 46;0.0207,0.400,-6.498
23 29 47;0.0104,1.000,-6.495
17 32 38 47;0.0104,1.000,-6.495
17 32 34 47;0.0104,1.000,-6.495
3 9 18 34 47;0.0104,1.000,-6.495
9 18 20 34 38 47;0.0104,1.000,-6.495
11 20 47;0.0155,0.429,-6.480
3 11 34 38 47;0.0155,0.429,-6.480
3 9 34 38 47;0.0155,0.429,-6.480
2 48;0.0777,0.246,-6.425
21 28 42;0.0933,0.581,-6.387
19 29 46;0.0155,0.600,-6.357
18 19 38 46;0.0155,0.600,-6.357
19 28 38 46;0.0155,0.600,-6.357
9 28 38 46;0.0155,0.600,-6.357
2 18 29 38 46;0.0155,0.600,-6.357
2 18 34 38 46;0.0155,0.600,-6.357
19 33 43;0.0311,1.000,-6.316
4 43;0.0466,0.818,-6.300
9 34 38 47;0.0207,0.250,-6.296
25 31 48;0.0155,1.000,-6.240
22 30 38 48;0.0259,0.556,-6.129
12 20 44;0.0518,0.175,-6.126
34 43;0.3368,0.401,-6.083
18 34 38 46;0.0207,0.364,-6.081
32 38 47;0.0207,0.235,-6.045
3 11 38 47;0.0155,0.375,-6.030
12 44;0.0725,0.125,-5.990
7 43;0.2591,0.442,-5.984
2 43;0.1606,0.508,-5.923
30 42;0.1969,0.442,-5.854
9 26 46;0.0155,0.500,-5.700
17 26 38 46;0.0155,0.500,-5.700
30 38 48;0.0725,0.241,-5.673
5 17 46;0.0104,1.000,-5.637
3 5 38 46;0.0104,1.000,-5.637
17 20 26 46;0.0104,1.000,-5.637
9 19 38 46;0.0104,1.000,-5.637
2 9 29 46;0.0104,1.000,-5.637
7 25 32 42;0.0259,1.000,-5.627
9 46;0.0363,0.171,-5.475
17 32 47;0.0104,0.667,-5.417
3 11 17 34 47;0.0104,0.667,-5.417
3 9 18 20 47;0.0104,0.667,-5.417
9 18 20 34 47;0.0104,0.667,-5.417
3 17 34 46;0.0259,0.238,-5.397
9 16 43;0.0415,0.800,-5.390
41 43;0.1451,0.509,-5.318
3 11 34 47;0.0155,0.300,-5.309
11 34 38 47;0.0155,0.300,-5.309
3 9 34 47;0.0155,0.300,-5.309
2 7 20 44;0.0259,0.294,-5.290
2 20 34 44;0.0259,0.294,-5.290
13 27 43;0.0259,1.000,-5.239
5 9 33 43;0.0259,1.000,-5.239
3 32 34 47;0.0207,0.190,-5.195
17 26 46;0.0155,0.429,-5.177
18 19 46;0.0155,0.429,-5.177
19 28 46;0.0155,0.429,-5.177
18 32 46;0.0155,0.429,-5.177
26 34 38 46;0.0155,0.429,-5.177
2 18 29 46;0.0155,0.429,-5.177
22 30 48;0.0311,0.400,-5.145
7 32 42;0.0466,0.692,-5.017
32 34 47;0.0207,0.182,-5.013
9 34 47;0.0207,0.182,-5.013
3 9 38 47;0.0155,0.273,-5.010
25 32 42;0.0363,0.778,-4.997
3 17 46;0.0259,0.217,-4.961
3 32 47;0.0207,0.174,-4.840
18 34 46;0.0207,0.267,-4.803
2 20 44;0.0259,0.263,-4.753
23 47;0.0104,0.500,-4.745
11 17 34 47;0.0104,0.500,-4.745
3 11 47;0.0155,0.250,-4.743
26 38 46;0.0155,0.375,-4.743
17 22 34 46;0.0155,0.375,-4.743
33 43;0.0674,0.619,-4.699
28 43;0.2073,0.449,-4.576
3 5 46;0.0104,0.667,-4.574
34 38 47;0.0415,0.072,-4.536
11 38 47;0.0155,0.231,-4.501
27 31 42;0.0207,1.000,-4.479
7 20 44;0.0518,0.145,-4.465
17 22 46;0.0155,0.333,-4.374
32 47;0.0207,0.154,-4.371
3 20 38 47;0.0259,0.119,-4.331
11 34 47;0.0155,0.214,-4.281
9 18 20 38 47;0.0104,0.400,-4.256
3 18 20 34 47;0.0104,0.400,-4.256
11 30 43;0.0207,1.000,-4.172
12 18 20 38 43;0.0207,1.000,-4.172
13 19 42;0.0259,0.833,-4.138
10 30 48;0.0104,1.000,-4.123
3 19 28 38 48;0.0104,1.000,-4.123
2 18 38 46;0.0207,0.222,-4.102
3 9 47;0.0155,0.200,-4.078
18 46;0.0311,0.154,-4.077
7 44;0.0674,0.115,-4.059
9 18 20 47;0.0104,0.333,-3.872
3 18 34 47;0.0104,0.333,-3.872
38 48;0.1140,0.164,-3.830
22 48;0.0415,0.267,-3.824
16 34 38 44;0.0466,0.143,-3.812
5 9 43;0.0259,0.833,-3.781
13 30 43;0.0259,0.833,-3.781
9 38 47;0.0207,0.129,-3.721
3 16 25 44;0.0207,0.250,-3.695
12 18 43;0.0311,0.750,-3.664
11 17 47;0.0104,0.286,-3.556
3 18 20 47;0.0104,0.286,-3.556
22 34 46;0.0207,0.190,-3.539
30 48;0.0829,0.186,-3.500
16 38 44;0.0466,0.136,-3.484
5 38 46;0.0104,0.400,-3.441
28 36 46;0.0104,0.400,-3.441
7 19 34 38 46;0.0104,0.400,-3.441
11 47;0.0155,0.158,-3.405
2 28 38 46;0.0207,0.182,-3.375
13 25 42;0.0155,1.000,-3.343
22 27 42;0.0155,1.000,-3.343
8 27 42;0.0155,1.000,-3.343
7 11 31 42;0.0155,1.000,-3.343
20 26 32 42;0.0155,1.000,-3.343
20 26 41 42;0.0155,1.000,-3.343
3 33 38 47;0.0104,0.250,-3.290
20 25 38 42;0.0311,0.667,-3.278
7 25 38 42;0.0311,0.667,-3.278
3 25 44;0.0207,0.222,-3.274
7 20 25 42;0.0259,0.714,-3.187
15 47;0.0052,1.000,-3.183
1 9 47;0.0052,1.000,-3.183
10 29 47;0.0052,1.000,-3.183
1 29 34 47;0.0052,1.000,-3.183
2 10 17 47;0.0052,1.000,-3.183
2 10 34 47;0.0052,1.000,-3.183
3 18 33 47;0.0052,1.000,-3.183
18 33 38 47;0.0052,1.000,-3.183
3 16 22 33 47;0.0052,1.000,-3.183
11 31 42;0.0207,0.800,-3.163
7 31 42;0.0207,0.800,-3.163
13 32 42;0.0207,0.800,-3.163
26 32 42;0.0207,0.800,-3.163
11 27 42;0.0207,0.800,-3.163
7 26 41 42;0.0207,0.800,-3.163
21 25 48;0.0104,0.667,-3.108
3 19 28 48;0.0104,0.667,-3.108
17 34 38 46;0.0259,0.143,-3.107
20 26 46;0.0104,0.333,-3.071
7 19 38 46;0.0104,0.333,-3.071
18 20 34 47;0.0104,0.222,-3.060
16 20 44;0.0363,0.146,-3.036
7 25 42;0.0415,0.571,-3.010
21 41 42;0.0415,0.571,-3.010
8 16 32 44;0.0104,0.400,-3.009
3 8 16 19 34 44;0.0104,0.400,-3.009
