2 16 156;0.5949,0.855,-81.907
16 124 156;0.5475,0.896,-80.448
11 16 156;0.5443,0.891,-77.104
16 121 156;0.4557,0.929,-65.713
13 157;0.1994,0.940,-64.977
121 131 141 156;0.4367,0.939,-64.444
121 141 150 156;0.4430,0.933,-64.070
2 11 124 141 150 156;0.4367,0.932,-62.202
16 131 156;0.4494,0.922,-61.664
131 141 156;0.4620,0.913,-61.418
2 11 141 150 156;0.4620,0.913,-61.418
121 141 156;0.4589,0.912,-60.459
11 124 141 150 156;0.4367,0.926,-60.052
121 131 156;0.4494,0.916,-59.624
2 124 141 150 156;0.4842,0.890,-58.875
22 157;0.1804,0.950,-58.839
2 11 141 156;0.4778,0.893,-58.699
124 141 150 156;0.4842,0.884,-57.108
2 124 141 156;0.5000,0.873,-57.007
11 124 141 156;0.4525,0.905,-56.663
102 111 121 156;0.3987,0.940,-56.111
131 156;0.4747,0.888,-55.947
124 141 156;0.5000,0.868,-55.350
7 11 156;0.4525,0.899,-54.809
11 141 150 156;0.4620,0.890,-53.962
102 111 156;0.4146,0.923,-53.925
16 156;0.5949,0.790,-53.627
11 25 34 156;0.4082,0.921,-52.261
11 141 156;0.4778,0.873,-51.822
102 121 156;0.4367,0.896,-50.433
7 124 156;0.4430,0.892,-50.392
2 11 156;0.5791,0.796,-50.344
92 102 141 156;0.3639,0.943,-49.563
92 111 121 156;0.3544,0.949,-49.555
111 141 156;0.4177,0.904,-49.022
2 141 150 156;0.5127,0.839,-48.586
92 102 156;0.3924,0.919,-48.252
2 124 156;0.5854,0.784,-47.761
11 124 156;0.5348,0.820,-47.282
11 34 156;0.4937,0.848,-47.202
92 121 156;0.3797,0.923,-47.115
111 121 150 156;0.3861,0.917,-46.707
2 141 156;0.5285,0.823,-46.572
111 121 156;0.4146,0.897,-46.449
122 157;0.2152,0.782,-46.363
72 82 92 156;0.3038,0.970,-45.365
92 141 156;0.3639,0.927,-45.349
92 111 156;0.3544,0.933,-45.178
124 156;0.5854,0.777,-45.156
62 92 156;0.3449,0.940,-45.101
72 92 156;0.3228,0.953,-44.575
121 150 156;0.4620,0.859,-44.285
34 52 92 156;0.3481,0.932,-43.731
4 157;0.1867,0.819,-42.878
92 156;0.3987,0.894,-42.605
11 25 156;0.4114,0.884,-42.338
2 7 156;0.4905,0.833,-42.059
34 72 102 156;0.3481,0.924,-41.747
72 102 141 150 156;0.3354,0.930,-40.916
72 102 156;0.3513,0.917,-40.557
2 34 102 156;0.4525,0.851,-40.392
62 102 141 150 156;0.3323,0.929,-40.228
1 157;0.1139,1.000,-40.094
2 156;0.6329,0.714,-40.094
62 102 156;0.3481,0.917,-39.863
82 102 141 150 156;0.3481,0.917,-39.863
34 82 102 156;0.3639,0.906,-39.768
52 102 141 150 156;0.3386,0.922,-39.665
52 62 156;0.3544,0.911,-39.439
34 52 156;0.3987,0.881,-39.382
62 72 111 150 156;0.2975,0.949,-39.092
121 156;0.4937,0.821,-38.954
34 62 156;0.3639,0.898,-38.070
111 150 156;0.4051,0.871,-37.786
25 29 34 156;0.2911,0.948,-37.775
62 72 111 156;0.3006,0.941,-37.590
111 156;0.4335,0.851,-37.201
72 141 150 156;0.3354,0.914,-37.155
82 102 156;0.3671,0.892,-37.119
61 150 157;0.1329,0.913,-36.978
62 72 156;0.3165,0.926,-36.879
11 62 156;0.3323,0.913,-36.494
34 102 141 150 156;0.4304,0.850,-36.468
11 156;0.5791,0.759,-36.462
52 102 141 156;0.3386,0.907,-36.070
34 43 102 156;0.3386,0.907,-36.070
43 52 156;0.3544,0.896,-36.044
52 102 150 156;0.3449,0.901,-35.701
52 156;0.4019,0.864,-35.635
123 157;0.1108,0.972,-35.596
61 154 157;0.1234,0.929,-35.483
7 29 48 67 156;0.2563,0.964,-35.381
34 102 141 156;0.4304,0.845,-35.126
7 20 29 48 156;0.2658,0.955,-34.895
25 43 156;0.3323,0.905,-34.768
62 141 150 156;0.3323,0.905,-34.768
34 72 141 156;0.3323,0.905,-34.768
82 141 150 156;0.3481,0.894,-34.729
43 102 141 156;0.3228,0.911,-34.548
102 141 150 156;0.4557,0.828,-34.515
25 29 156;0.2943,0.930,-34.300
7 29 48 156;0.2943,0.930,-34.300
62 156;0.3671,0.879,-34.030
72 141 156;0.3354,0.898,-33.759
43 102 156;0.3418,0.893,-33.440
29 141 150 156;0.3418,0.893,-33.440
102 141 156;0.4715,0.814,-33.351
91 97 150 157;0.1171,0.925,-33.120
7 20 38 48 156;0.2437,0.962,-32.896
7 20 29 156;0.3038,0.914,-32.513
61 157;0.1551,0.803,-32.406
29 141 156;0.3513,0.881,-32.296
7 141 150 156;0.3987,0.851,-32.225
91 97 157;0.1297,0.872,-32.136
141 150 156;0.5127,0.786,-31.986
7 29 34 156;0.2816,0.927,-31.825
29 34 102 156;0.2816,0.927,-31.825
34 82 141 156;0.3481,0.880,-31.668
7 29 156;0.3386,0.884,-31.282
91 157;0.1551,0.790,-31.141
7 20 48 57 67 156;0.2342,0.961,-31.077
7 20 48 67 156;0.2563,0.942,-30.896
82 141 156;0.3513,0.874,-30.846
34 72 150 156;0.3354,0.883,-30.668
29 34 156;0.3639,0.865,-30.545
7 141 156;0.4082,0.838,-30.360
34 102 156;0.4525,0.812,-30.201
7 20 156;0.3544,0.868,-30.063
54 157;0.0949,0.968,-29.669
141 156;0.5285,0.770,-29.577
7 38 48 57 156;0.2658,0.923,-28.848
7 48 57 67 156;0.2532,0.930,-28.355
25 34 82 156;0.3070,0.890,-28.274
25 34 156;0.4430,0.809,-28.179
51 157;0.1266,0.833,-27.948
34 72 82 156;0.3354,0.869,-27.838
7 25 82 156;0.2595,0.921,-27.693
71 157;0.1297,0.820,-27.638
7 95 114 150 156;0.1867,0.983,-27.423
34 72 156;0.3544,0.855,-27.411
34 43 156;0.3987,0.829,-27.275
74 157;0.0949,0.938,-27.241
25 72 156;0.3006,0.888,-27.122
42 157;0.1139,0.857,-26.594
72 82 150 156;0.3196,0.871,-26.313
7 38 48 67 156;0.2310,0.936,-26.253
7 48 57 156;0.3038,0.881,-26.249
7 95 150 156;0.2057,0.956,-25.847
7 57 67 77 156;0.2057,0.956,-25.847
72 150 156;0.3386,0.856,-25.798
7 48 67 156;0.2848,0.891,-25.779
34 82 150 156;0.3513,0.847,-25.587
20 25 38 67 87 156;0.1582,1.000,-25.479
25 82 150 156;0.2911,0.885,-25.436
25 82 156;0.3070,0.874,-25.424
7 95 104 156;0.1899,0.968,-25.346
140 157;0.1266,0.800,-25.291
7 95 114 156;0.2025,0.955,-25.286
72 82 156;0.3354,0.855,-25.235
110 116 157;0.0949,0.909,-25.190
34 38 48 67 77 87 156;0.1741,0.982,-25.136
20 34 38 48 67 87 156;0.1741,0.982,-25.136
130 136 150 157;0.0886,0.933,-25.005
7 25 156;0.3924,0.821,-24.954
25 38 57 106 116 156;0.1551,1.000,-24.909
7 43 156;0.2880,0.883,-24.886
7 143 150 156;0.2120,0.944,-24.863
34 48 57 67 77 87 156;0.1867,0.967,-24.785
20 25 67 87 156;0.1994,0.955,-24.729
7 95 156;0.2215,0.933,-24.587
25 77 106 116 156;0.1709,0.982,-24.573
25 77 87 106 156;0.1709,0.982,-24.573
26 157;0.0981,0.886,-24.466
130 136 157;0.1076,0.850,-24.465
7 104 156;0.2310,0.924,-24.421
25 38 67 77 87 156;0.1519,1.000,-24.342
7 34 77 156;0.2500,0.908,-24.341
130 157;0.1234,0.796,-24.267
20 34 48 67 77 87 156;0.1835,0.967,-24.228
25 87 106 156;0.1962,0.954,-24.176
25 57 67 87 156;0.1962,0.954,-24.176
20 34 48 57 67 87 156;0.1962,0.954,-24.176
7 38 48 156;0.2753,0.888,-24.136
29 43 156;0.2911,0.876,-24.045
34 152 156;0.2563,0.900,-23.860
20 34 67 87 156;0.2373,0.915,-23.803
20 34 67 77 156;0.2373,0.915,-23.803
7 102 136 145 154 156;0.1487,1.000,-23.777
25 57 77 87 154 156;0.1487,1.000,-23.777
34 87 156;0.3196,0.856,-23.731
7 156;0.4905,0.767,-23.686
25 38 77 156;0.1930,0.953,-23.627
34 38 48 67 77 156;0.1930,0.953,-23.627
43 156;0.4019,0.809,-23.465
25 87 156;0.2627,0.892,-23.438
8 157;0.0949,0.882,-23.397
25 152 156;0.2025,0.941,-23.223
25 57 77 156;0.2025,0.941,-23.223
34 48 57 67 77 156;0.2025,0.941,-23.223
25 38 57 67 116 156;0.1456,1.000,-23.216
25 57 106 116 156;0.1772,0.966,-23.125
25 38 57 97 106 156;0.1772,0.966,-23.125
20 25 67 77 156;0.1899,0.952,-23.081
29 102 156;0.3228,0.850,-23.052
33 87 157;0.0886,0.903,-23.021
34 38 67 77 156;0.2120,0.931,-22.960
20 25 38 48 57 67 156;0.1614,0.981,-22.902
84 157;0.0759,0.960,-22.856
101 106 157;0.0981,0.861,-22.837
113 157;0.0823,0.929,-22.808
34 82 156;0.3671,0.823,-22.649
25 102 106 136 156;0.1741,0.965,-22.579
25 77 106 156;0.1867,0.952,-22.540
25 143 156;0.2089,0.930,-22.426
25 38 106 136 156;0.1582,0.980,-22.352
25 38 57 97 116 156;0.1582,0.980,-22.352
34 48 67 77 156;0.2184,0.920,-22.275
25 57 106 156;0.2278,0.911,-22.208
25 77 97 156;0.1962,0.939,-22.150
72 156;0.3576,0.825,-22.114
25 38 97 136 145 156;0.1392,1.000,-22.101
25 38 136 145 154 156;0.1392,1.000,-22.101
33 157;0.1203,0.776,-22.094
20 25 38 57 67 156;0.1709,0.964,-22.037
85 95 104 156;0.1835,0.951,-22.003
25 57 156;0.2785,0.871,-21.934
34 67 77 156;0.2532,0.889,-21.864
103 157;0.0791,0.926,-21.725
34 48 57 77 156;0.2247,0.910,-21.685
25 38 67 136 145 156;0.1361,1.000,-21.548
20 25 38 67 136 156;0.1361,1.000,-21.548
85 104 150 156;0.1804,0.950,-21.469
25 102 106 150 156;0.2025,0.928,-21.372
25 102 106 156;0.2120,0.918,-21.229
104 114 156;0.2310,0.901,-21.174
95 104 156;0.2215,0.909,-21.168
104 134 150 156;0.1899,0.938,-21.093
25 77 116 145 154 156;0.1329,1.000,-20.997
20 25 77 116 154 156;0.1329,1.000,-20.997
25 77 136 145 154 156;0.1329,1.000,-20.997
25 38 48 136 145 156;0.1329,1.000,-20.997
95 134 150 156;0.1646,0.963,-20.962
25 38 106 116 156;0.1646,0.963,-20.962
34 57 77 106 116 156;0.1772,0.949,-20.940
34 38 77 97 156;0.1994,0.926,-20.852
34 38 77 156;0.2468,0.886,-20.840
25 77 136 154 156;0.1487,0.979,-20.720
20 25 77 154 156;0.1487,0.979,-20.720
34 38 48 57 106 116 156;0.1487,0.979,-20.720
20 34 77 156;0.2627,0.874,-20.684
142 157;0.0696,0.957,-20.656
21 157;0.0696,0.957,-20.656
25 106 116 156;0.1867,0.937,-20.571
25 38 97 106 156;0.1867,0.937,-20.571
20 25 38 136 154 156;0.1297,1.000,-20.450
57 67 102 116 150 154 156;0.1297,1.000,-20.450
57 67 102 136 145 150 154 156;0.1297,1.000,-20.450
20 29 104 156;0.1614,0.962,-20.431
95 114 150 156;0.2057,0.915,-20.201
25 38 136 145 156;0.1456,0.979,-20.183
25 102 136 145 154 156;0.1456,0.979,-20.183
25 102 150 156;0.3766,0.804,-20.144
34 156;0.5411,0.731,-20.098
20 25 38 48 67 156;0.1709,0.947,-19.892
25 102 156;0.3924,0.795,-19.853
127 157;0.0791,0.893,-19.851
17 157;0.0791,0.893,-19.851
12 157;0.0791,0.893,-19.851
25 106 136 156;0.1930,0.924,-19.824
81 87 157;0.0886,0.848,-19.762
85 104 156;0.2025,0.914,-19.694
25 38 106 156;0.2025,0.914,-19.694
25 67 77 156;0.2025,0.914,-19.694
20 25 77 156;0.2025,0.914,-19.694
25 77 156;0.2563,0.871,-19.688
25 38 97 156;0.2215,0.897,-19.656
64 157;0.0665,0.955,-19.570
20 25 38 67 156;0.1804,0.934,-19.539
25 38 67 136 156;0.1551,0.961,-19.378
48 57 67 102 150 156;0.1677,0.946,-19.374
67 102 106 136 145 150 154 156;0.1234,1.000,-19.362
98 157;0.0823,0.867,-19.240
81 150 157;0.0823,0.867,-19.240
110 136 157;0.0823,0.867,-19.240
25 106 156;0.2532,0.870,-19.198
57 67 102 116 154 156;0.1392,0.978,-19.117
57 67 102 136 145 154 156;0.1392,0.978,-19.117
82 150 156;0.3513,0.810,-19.042
95 143 150 156;0.1772,0.933,-19.029
85 143 150 156;0.1772,0.933,-19.029
48 57 67 102 156;0.1772,0.933,-19.029
20 25 67 156;0.2437,0.875,-19.007
25 136 145 154 156;0.1646,0.945,-18.860
57 67 102 145 150 154 156;0.1519,0.960,-18.857
29 48 70 80 156;0.1203,1.000,-18.822
77 102 106 116 150 154 156;0.1203,1.000,-18.822
77 87 102 116 145 150 154 156;0.1203,1.000,-18.822
67 87 102 116 145 150 154 156;0.1203,1.000,-18.822
57 77 87 102 116 150 154 156;0.1203,1.000,-18.822
20 67 77 102 116 150 154 156;0.1203,1.000,-18.822
57 77 87 102 145 150 154 156;0.1203,1.000,-18.822
134 143 150 156;0.1867,0.922,-18.813
114 150 156;0.2816,0.848,-18.801
81 157;0.0981,0.795,-18.787
143 152 156;0.2247,0.887,-18.738
95 114 156;0.2247,0.887,-18.738
134 143 156;0.2247,0.887,-18.738
25 38 156;0.2658,0.857,-18.703
114 156;0.3165,0.826,-18.703
104 156;0.2880,0.843,-18.645
29 67 82 116 156;0.1361,0.977,-18.589
38 77 102 116 150 156;0.1361,0.977,-18.589
57 67 102 136 145 150 156;0.1361,0.977,-18.589
138 157;0.0633,0.952,-18.492
128 157;0.0633,0.952,-18.492
57 67 102 145 154 156;0.1614,0.944,-18.350
48 102 106 136 150 156;0.1614,0.944,-18.350
38 102 106 116 136 150 156;0.1171,1.000,-18.284
38 57 102 106 116 150 156;0.1171,1.000,-18.284
38 57 102 116 150 154 156;0.1171,1.000,-18.284
67 77 102 116 145 150 154 156;0.1171,1.000,-18.284
77 87 97 102 116 150 154 156;0.1171,1.000,-18.284
20 67 87 102 116 150 154 156;0.1171,1.000,-18.284
67 97 102 136 145 150 154 156;0.1171,1.000,-18.284
48 57 102 156;0.2468,0.867,-18.234
57 67 102 150 156;0.1930,0.910,-18.200
57 67 102 156;0.2025,0.901,-18.160
57 102 145 154 156;0.2025,0.901,-18.160
29 67 77 82 156;0.1329,0.977,-18.065
67 102 106 136 145 154 156;0.1329,0.977,-18.065
143 156;0.2911,0.836,-18.037
29 38 48 57 156;0.2690,0.850,-18.026
48 102 106 136 156;0.1709,0.931,-18.022
85 95 102 156;0.1582,0.943,-17.843
25 116 145 154 156;0.1456,0.958,-17.825
38 48 102 136 145 154 156;0.1456,0.958,-17.825
25 156;0.4494,0.759,-17.770
67 102 116 136 145 150 154 156;0.1139,1.000,-17.749
38 57 97 102 116 145 150 156;0.1139,1.000,-17.749
20 77 87 102 116 150 154 156;0.1139,1.000,-17.749
20 77 87 102 145 150 154 156;0.1139,1.000,-17.749
20 67 97 102 136 150 154 156;0.1139,1.000,-17.749
29 48 57 156;0.3228,0.816,-17.648
152 156;0.2658,0.848,-17.558
48 70 80 156;0.1297,0.976,-17.543
29 38 48 80 156;0.1297,0.976,-17.543
77 102 106 116 154 156;0.1297,0.976,-17.543
77 87 102 116 145 154 156;0.1297,0.976,-17.543
67 87 102 116 145 154 156;0.1297,0.976,-17.543
87 102 116 145 150 154 156;0.1297,0.976,-17.543
67 102 116 145 150 154 156;0.1297,0.976,-17.543
57 77 87 102 116 154 156;0.1297,0.976,-17.543
77 87 102 116 150 154 156;0.1297,0.976,-17.543
57 87 102 116 150 154 156;0.1297,0.976,-17.543
20 67 77 102 116 154 156;0.1297,0.976,-17.543
67 102 106 136 145 150 156;0.1297,0.976,-17.543
95 134 156;0.1677,0.930,-17.525
95 156;0.2722,0.843,-17.386
77 102 106 116 150 156;0.1424,0.957,-17.315
57 102 116 150 154 156;0.1424,0.957,-17.315
67 102 136 145 150 154 156;0.1424,0.957,-17.315
67 87 102 106 116 150 154 156;0.1108,1.000,-17.217
20 67 102 116 136 150 154 156;0.1108,1.000,-17.217
67 77 97 102 116 150 154 156;0.1108,1.000,-17.217
77 87 102 106 145 150 154 156;0.1108,1.000,-17.217
48 77 87 102 145 150 154 156;0.1108,1.000,-17.217
38 77 102 116 145 156;0.1266,0.976,-17.025
38 102 106 116 136 156;0.1266,0.976,-17.025
38 57 102 106 116 156;0.1266,0.976,-17.025
38 57 102 116 154 156;0.1266,0.976,-17.025
67 77 102 116 145 154 156;0.1266,0.976,-17.025
77 102 116 145 150 154 156;0.1266,0.976,-17.025
77 87 97 102 116 154 156;0.1266,0.976,-17.025
20 67 87 102 116 154 156;0.1266,0.976,-17.025
38 57 97 102 116 150 156;0.1266,0.976,-17.025
67 77 102 116 150 154 156;0.1266,0.976,-17.025
20 67 102 116 150 154 156;0.1266,0.976,-17.025
67 97 102 136 145 154 156;0.1266,0.976,-17.025
38 48 102 136 145 150 156;0.1266,0.976,-17.025
77 102 106 116 156;0.1519,0.941,-16.842
57 102 116 154 156;0.1519,0.941,-16.842
67 102 136 145 154 156;0.1519,0.941,-16.842
38 48 102 136 145 156;0.1519,0.941,-16.842
87 102 116 145 154 156;0.1392,0.957,-16.808
67 102 116 145 154 156;0.1392,0.957,-16.808
77 87 102 116 154 156;0.1392,0.957,-16.808
77 102 116 150 154 156;0.1392,0.957,-16.808
67 102 106 136 145 156;0.1392,0.957,-16.808
20 38 102 136 145 154 156;0.1392,0.957,-16.808
20 67 102 136 150 154 156;0.1392,0.957,-16.808
102 106 136 150 156;0.1835,0.906,-16.746
88 150 157;0.0506,1.000,-16.732
102 106 136 156;0.1930,0.897,-16.720
29 67 82 156;0.1930,0.897,-16.720
29 48 60 70 156;0.1076,1.000,-16.687
20 29 48 60 156;0.1076,1.000,-16.687
38 87 102 106 116 150 156;0.1076,1.000,-16.687
38 97 102 116 136 145 150 156;0.1076,1.000,-16.687
38 102 116 136 145 150 154 156;0.1076,1.000,-16.687
38 67 97 102 136 145 150 156;0.1076,1.000,-16.687
20 38 67 97 102 136 150 156;0.1076,1.000,-16.687
55 82 156;0.1234,0.975,-16.509
67 77 82 116 156;0.1234,0.975,-16.509
67 87 102 116 145 150 156;0.1234,0.975,-16.509
38 57 97 102 116 145 156;0.1234,0.975,-16.509
87 102 106 116 150 154 156;0.1234,0.975,-16.509
67 97 102 136 145 150 156;0.1234,0.975,-16.509
20 77 87 102 145 154 156;0.1234,0.975,-16.509
20 67 97 102 136 154 156;0.1234,0.975,-16.509
20 67 97 102 136 150 156;0.1234,0.975,-16.509
88 157;0.0633,0.909,-16.465
82 156;0.3703,0.785,-16.424
57 102 156;0.3006,0.819,-16.378
48 102 136 145 154 156;0.1709,0.915,-16.362
20 67 102 136 154 156;0.1487,0.940,-16.347
20 38 102 136 154 156;0.1487,0.940,-16.347
20 29 156;0.3924,0.775,-16.311
29 48 80 156;0.1361,0.956,-16.305
38 48 57 80 156;0.1361,0.956,-16.305
77 102 116 145 154 156;0.1361,0.956,-16.305
67 77 102 116 154 156;0.1361,0.956,-16.305
20 67 102 116 154 156;0.1361,0.956,-16.305
20 102 145 154 156;0.1994,0.887,-16.283
39 157;0.0728,0.852,-16.251
102 136 145 154 156;0.1899,0.896,-16.249
38 67 102 116 136 145 150 156;0.1044,1.000,-16.160
20 38 67 102 136 145 150 156;0.1044,1.000,-16.160
77 87 97 102 106 150 154 156;0.1044,1.000,-16.160
20 38 48 67 102 136 150 156;0.1044,1.000,-16.160
20 77 87 97 102 150 154 156;0.1044,1.000,-16.160
48 67 87 102 106 145 150 154 156;0.1044,1.000,-16.160
75 102 156;0.2152,0.872,-16.026
29 70 80 156;0.1203,0.974,-15.997
29 38 48 70 156;0.1203,0.974,-15.997
38 77 102 116 154 156;0.1203,0.974,-15.997
67 87 102 106 116 154 156;0.1203,0.974,-15.997
67 102 106 116 150 154 156;0.1203,0.974,-15.997
20 87 102 116 150 154 156;0.1203,0.974,-15.997
20 67 87 102 116 150 156;0.1203,0.974,-15.997
77 87 102 106 145 154 156;0.1203,0.974,-15.997
38 67 102 136 145 150 156;0.1203,0.974,-15.997
48 77 87 102 145 154 156;0.1203,0.974,-15.997
20 38 67 102 136 150 156;0.1203,0.974,-15.997
67 87 102 106 145 150 154 156;0.1203,0.974,-15.997
102 156;0.5000,0.731,-15.992
29 57 67 77 156;0.2310,0.859,-15.917
38 48 57 67 77 156;0.2057,0.878,-15.903
20 38 48 70 156;0.1329,0.955,-15.806
20 38 48 57 156;0.2753,0.829,-15.758
29 48 156;0.3766,0.778,-15.660
29 60 80 156;0.1013,1.000,-15.635
20 77 134 156;0.1013,1.000,-15.635
29 38 60 70 156;0.1013,1.000,-15.635
29 38 57 156;0.2880,0.820,-15.565
146 157;0.0791,0.806,-15.523
110 157;0.1044,0.717,-15.493
101 157;0.1076,0.708,-15.473
48 57 67 77 156;0.2278,0.857,-15.470
48 57 80 156;0.1424,0.938,-15.370
70 80 156;0.1297,0.953,-15.310
29 38 80 156;0.1297,0.953,-15.310
70 134 156;0.0981,1.000,-15.112
48 80 90 156;0.0981,1.000,-15.112
20 23 48 70 156;0.0981,1.000,-15.112
48 60 70 156;0.1139,0.973,-14.982
29 57 67 156;0.3038,0.807,-14.956
38 48 57 156;0.3101,0.803,-14.925
38 48 80 156;0.1392,0.936,-14.887
134 150 156;0.2310,0.849,-14.804
45 157;0.0759,0.800,-14.598
23 50 156;0.0949,1.000,-14.592
48 70 90 156;0.0949,1.000,-14.592
29 57 156;0.3513,0.782,-14.583
99 157;0.0443,1.000,-14.555
29 80 156;0.1361,0.935,-14.408
29 85 150 156;0.1361,0.935,-14.408
20 38 57 80 156;0.1361,0.935,-14.408
20 23 48 57 156;0.1234,0.951,-14.329
68 157;0.0506,0.941,-14.275
48 80 156;0.1456,0.920,-14.159
29 134 156;0.1456,0.920,-14.159
20 48 70 156;0.1456,0.920,-14.159
29 67 77 156;0.2563,0.827,-14.153
41 50 156;0.0918,1.000,-14.074
23 60 156;0.0918,1.000,-14.074
20 41 48 156;0.0918,1.000,-14.074
29 50 70 156;0.0918,1.000,-14.074
57 80 134 156;0.0918,1.000,-14.074
57 77 134 156;0.0918,1.000,-14.074
23 38 48 70 156;0.0918,1.000,-14.074
60 80 156;0.1076,0.971,-13.980
29 60 70 156;0.1076,0.971,-13.980
38 60 70 156;0.1076,0.971,-13.980
38 48 70 156;0.1329,0.933,-13.933
29 67 156;0.3576,0.774,-13.842
38 57 67 77 156;0.2152,0.850,-13.732
29 156;0.4430,0.741,-13.678
20 23 41 156;0.0886,1.000,-13.559
20 48 90 134 156;0.0886,1.000,-13.559
20 48 57 67 87 156;0.2057,0.855,-13.544
31 157;0.0411,1.000,-13.476
108 150 157;0.0411,1.000,-13.476
23 48 57 156;0.1297,0.932,-13.462
57 67 77 156;0.2437,0.828,-13.449
107 157;0.0633,0.833,-13.380
65 85 156;0.1392,0.917,-13.236
20 38 80 156;0.1392,0.917,-13.236
20 134 156;0.1772,0.875,-13.146
48 57 67 87 156;0.2184,0.841,-13.108
133 157;0.0665,0.808,-13.046
30 157;0.0665,0.808,-13.046
41 48 60 156;0.0854,1.000,-13.045
50 70 156;0.1013,0.970,-12.991
60 70 156;0.1139,0.947,-12.885
20 48 60 156;0.1139,0.947,-12.885
117 150 157;0.0570,0.857,-12.866
48 57 67 156;0.3006,0.792,-12.839
38 57 80 156;0.1361,0.915,-12.780
23 41 80 156;0.0823,1.000,-12.535
41 57 80 156;0.0823,1.000,-12.535
20 41 80 156;0.0823,1.000,-12.535
23 38 41 156;0.0823,1.000,-12.535
38 80 100 156;0.0823,1.000,-12.535
20 38 41 70 156;0.0823,1.000,-12.535
67 80 90 134 156;0.0823,1.000,-12.535
38 67 77 134 156;0.0823,1.000,-12.535
48 67 77 134 156;0.0823,1.000,-12.535
85 150 156;0.2437,0.819,-12.518
20 80 90 156;0.0981,0.969,-12.501
23 48 70 156;0.0981,0.969,-12.501
20 48 67 90 156;0.0981,0.969,-12.501
94 157;0.0506,0.889,-12.455
79 157;0.0506,0.889,-12.455
155 157;0.0601,0.826,-12.451
108 154 157;0.0380,1.000,-12.403
53 58 150 157;0.0380,1.000,-12.403
65 75 156;0.1329,0.913,-12.330
20 38 70 156;0.1329,0.913,-12.330
20 57 80 156;0.1424,0.900,-12.227
53 58 157;0.0443,0.933,-12.225
58 150 157;0.0443,0.933,-12.225
134 156;0.2690,0.802,-12.192
137 157;0.0633,0.800,-12.143
38 48 67 77 156;0.2184,0.831,-12.123
38 41 60 156;0.0791,1.000,-12.026
50 80 150 156;0.0791,1.000,-12.026
80 90 100 156;0.0791,1.000,-12.026
48 60 67 156;0.0791,1.000,-12.026
23 70 85 156;0.0791,1.000,-12.026
20 41 70 85 156;0.0791,1.000,-12.026
70 90 156;0.0949,0.968,-12.014
67 80 90 156;0.0949,0.968,-12.014
57 80 90 156;0.0949,0.968,-12.014
58 157;0.0538,0.850,-11.919
35 157;0.0538,0.850,-11.919
20 23 48 156;0.1297,0.911,-11.883
48 57 156;0.3703,0.755,-11.787
20 38 48 156;0.2975,0.783,-11.666
57 67 87 156;0.2437,0.811,-11.638
55 85 156;0.1171,0.925,-11.620
20 38 57 67 156;0.2500,0.806,-11.555
50 80 156;0.0918,0.967,-11.531
20 41 70 156;0.0918,0.967,-11.531
23 41 85 156;0.0759,1.000,-11.520
77 80 100 156;0.0759,1.000,-11.520
23 57 80 85 156;0.0759,1.000,-11.520
108 157;0.0475,0.882,-11.484
20 67 77 156;0.2627,0.798,-11.427
20 80 156;0.1456,0.885,-11.345
48 70 156;0.1456,0.885,-11.345
117 157;0.0601,0.792,-11.257
151 157;0.0411,0.929,-11.216
89 157;0.0411,0.929,-11.216
132 157;0.1108,0.625,-11.182
57 67 80 156;0.1139,0.923,-11.170
23 41 156;0.0886,0.966,-11.051
41 60 85 156;0.0728,1.000,-11.016
23 48 85 154 156;0.0728,1.000,-11.016
48 50 156;0.1013,0.941,-11.012
20 48 90 156;0.1013,0.941,-11.012
38 48 77 106 116 156;0.1519,0.873,-10.970
38 70 156;0.1329,0.894,-10.931
57 80 156;0.1424,0.882,-10.925
20 38 57 156;0.2975,0.777,-10.923
38 67 77 156;0.2373,0.806,-10.883
38 57 77 156;0.2373,0.806,-10.883
75 150 156;0.2152,0.819,-10.821
20 23 57 150 156;0.1108,0.921,-10.724
41 60 156;0.0854,0.964,-10.574
23 48 85 156;0.0854,0.964,-10.574
18 150 156;0.1203,0.905,-10.571
80 90 156;0.0981,0.939,-10.554
48 67 90 156;0.0981,0.939,-10.554
20 23 70 156;0.0981,0.939,-10.554
20 139 148 156;0.0696,1.000,-10.514
41 80 150 156;0.0696,1.000,-10.514
70 85 154 156;0.0696,1.000,-10.514
41 48 85 154 156;0.0696,1.000,-10.514
38 80 156;0.1392,0.880,-10.511
23 48 156;0.1392,0.880,-10.511
20 38 156;0.3418,0.755,-10.453
57 77 97 106 116 156;0.1804,0.838,-10.320
147 157;0.0316,1.000,-10.277
78 150 157;0.0380,0.923,-10.218
38 48 87 106 116 156;0.1456,0.868,-10.159
41 80 156;0.0823,0.963,-10.101
80 100 156;0.0823,0.963,-10.101
23 57 85 156;0.0823,0.963,-10.101
41 48 156;0.0949,0.938,-10.100
67 139 148 156;0.0665,1.000,-10.014
48 67 139 156;0.0665,1.000,-10.014
48 60 85 154 156;0.0665,1.000,-10.014
23 80 85 154 156;0.0665,1.000,-10.014
55 75 156;0.1044,0.917,-9.846
57 77 106 116 156;0.1835,0.829,-9.764
38 57 106 116 156;0.1677,0.841,-9.764
48 60 156;0.1139,0.900,-9.720
67 80 156;0.1139,0.900,-9.720
20 23 57 156;0.1329,0.875,-9.698
20 23 150 156;0.1329,0.875,-9.698
20 41 156;0.0918,0.935,-9.650
41 70 85 156;0.0791,0.962,-9.631
48 67 77 109 156;0.0791,0.962,-9.631
20 48 77 109 156;0.0791,0.962,-9.631
38 67 90 100 156;0.0791,0.962,-9.631
20 67 87 156;0.2468,0.788,-9.620
49 157;0.0411,0.867,-9.581
85 156;0.2658,0.778,-9.531
38 57 67 156;0.2722,0.775,-9.517
100 109 156;0.0633,1.000,-9.517
41 75 156;0.0633,1.000,-9.517
87 109 119 156;0.0633,1.000,-9.517
77 109 119 156;0.0633,1.000,-9.517
67 109 119 156;0.0633,1.000,-9.517
57 109 119 156;0.0633,1.000,-9.517
38 109 119 156;0.0633,1.000,-9.517
20 109 119 156;0.0633,1.000,-9.517
48 109 119 156;0.0633,1.000,-9.517
87 139 148 156;0.0633,1.000,-9.517
77 139 148 156;0.0633,1.000,-9.517
67 97 139 156;0.0633,1.000,-9.517
38 60 67 90 156;0.0633,1.000,-9.517
38 57 156;0.3386,0.748,-9.460
112 157;0.1076,0.596,-9.356
75 156;0.2373,0.789,-9.322
48 67 77 156;0.2437,0.786,-9.276
38 48 77 97 106 156;0.1551,0.845,-9.229
20 48 148 156;0.0886,0.933,-9.204
48 77 106 116 156;0.1709,0.831,-9.199
20 57 67 156;0.2943,0.762,-9.197
57 77 156;0.2816,0.767,-9.175
78 157;0.0443,0.824,-9.170
59 157;0.0443,0.824,-9.170
70 100 156;0.0759,0.960,-9.165
67 77 90 100 156;0.0759,0.960,-9.165
80 156;0.1456,0.852,-9.092
20 70 156;0.1456,0.852,-9.092
38 67 87 106 116 156;0.1456,0.852,-9.092
87 119 139 156;0.0601,1.000,-9.022
97 119 139 156;0.0601,1.000,-9.022
77 119 139 156;0.0601,1.000,-9.022
67 119 139 156;0.0601,1.000,-9.022
57 119 139 156;0.0601,1.000,-9.022
38 119 139 156;0.0601,1.000,-9.022
20 119 139 156;0.0601,1.000,-9.022
48 119 139 156;0.0601,1.000,-9.022
87 119 148 156;0.0601,1.000,-9.022
97 119 148 156;0.0601,1.000,-9.022
67 119 148 156;0.0601,1.000,-9.022
57 119 148 156;0.0601,1.000,-9.022
38 119 148 156;0.0601,1.000,-9.022
20 119 148 156;0.0601,1.000,-9.022
48 119 148 156;0.0601,1.000,-9.022
48 90 109 156;0.0601,1.000,-9.022
38 48 87 106 156;0.1614,0.836,-9.019
23 70 156;0.0981,0.912,-8.986
20 67 90 156;0.0981,0.912,-8.986
38 48 77 156;0.2342,0.787,-8.982
23 57 150 156;0.1171,0.881,-8.869
67 77 156;0.2785,0.765,-8.845
57 67 156;0.3259,0.746,-8.742
38 60 67 156;0.0728,0.958,-8.703
48 77 97 106 156;0.1741,0.821,-8.680
55 150 156;0.1582,0.833,-8.655
38 87 106 116 156;0.1582,0.833,-8.655
48 53 157;0.0823,0.634,-8.602
48 87 106 156;0.2025,0.800,-8.571
55 65 156;0.0949,0.909,-8.563
38 48 90 156;0.0949,0.909,-8.563
119 129 156;0.0570,1.000,-8.529
87 97 129 156;0.0570,1.000,-8.529
48 87 129 156;0.0570,1.000,-8.529
77 97 129 156;0.0570,1.000,-8.529
48 77 129 156;0.0570,1.000,-8.529
97 109 119 156;0.0570,1.000,-8.529
50 67 90 150 156;0.0570,1.000,-8.529
38 48 97 106 136 156;0.1487,0.839,-8.490
38 77 106 116 156;0.1646,0.825,-8.481
38 48 106 116 156;0.1646,0.825,-8.481
20 60 156;0.1139,0.878,-8.472
23 57 156;0.1392,0.846,-8.345
50 57 150 156;0.0823,0.929,-8.326
38 90 100 156;0.0823,0.929,-8.326
48 90 100 156;0.0823,0.929,-8.326
20 23 156;0.1551,0.831,-8.296
69 157;0.0316,0.909,-8.257
38 119 156;0.0696,0.957,-8.244
77 87 119 156;0.0696,0.957,-8.244
20 77 119 156;0.0696,0.957,-8.244
48 77 119 156;0.0696,0.957,-8.244
48 139 148 156;0.0696,0.957,-8.244
20 48 139 156;0.0696,0.957,-8.244
60 67 90 156;0.0696,0.957,-8.244
48 67 87 109 156;0.0696,0.957,-8.244
20 48 87 109 156;0.0696,0.957,-8.244
38 48 136 145 156;0.1772,0.812,-8.200
41 70 156;0.0918,0.906,-8.145
38 50 156;0.0918,0.906,-8.145
38 67 90 156;0.0918,0.906,-8.145
18 156;0.1203,0.864,-8.133
23 38 150 156;0.1203,0.864,-8.133
55 156;0.1614,0.823,-8.130
77 97 106 116 156;0.1835,0.806,-8.088
50 57 156;0.1013,0.889,-8.077
48 90 156;0.1013,0.889,-8.077
32 41 156;0.0538,1.000,-8.038
129 148 156;0.0538,1.000,-8.038
97 129 139 156;0.0538,1.000,-8.038
48 129 139 156;0.0538,1.000,-8.038
38 109 148 156;0.0538,1.000,-8.038
48 109 148 156;0.0538,1.000,-8.038
97 109 139 148 156;0.0538,1.000,-8.038
57 109 139 148 156;0.0538,1.000,-8.038
38 97 109 139 156;0.0538,1.000,-8.038
20 97 109 139 156;0.0538,1.000,-8.038
38 48 109 139 156;0.0538,1.000,-8.038
87 97 106 139 156;0.0538,1.000,-8.038
77 97 106 139 156;0.0538,1.000,-8.038
20 97 106 139 156;0.0538,1.000,-8.038
48 77 106 139 156;0.0538,1.000,-8.038
23 145 150 154 156;0.0538,1.000,-8.038
53 157;0.1203,0.551,-7.970
77 106 116 156;0.1962,0.795,-7.907
38 48 67 156;0.2753,0.757,-7.899
48 67 109 156;0.0791,0.926,-7.893
20 48 109 156;0.0791,0.926,-7.893
50 60 150 156;0.0791,0.926,-7.893
67 90 100 156;0.0791,0.926,-7.893
57 87 97 106 116 156;0.1741,0.809,-7.862
67 139 156;0.0665,0.955,-7.789
57 139 148 156;0.0665,0.955,-7.789
38 60 90 156;0.0665,0.955,-7.789
23 145 150 156;0.0665,0.955,-7.789
38 48 106 136 156;0.1582,0.820,-7.784
23 38 156;0.1424,0.833,-7.773
38 67 97 136 145 156;0.1424,0.833,-7.773
38 60 156;0.1076,0.872,-7.693
27 65 156;0.1076,0.872,-7.693
67 90 156;0.0981,0.886,-7.679
20 57 90 156;0.0981,0.886,-7.679
67 87 106 116 156;0.1646,0.812,-7.648
38 77 97 106 156;0.1646,0.812,-7.648
27 150 156;0.1329,0.840,-7.620
57 87 156;0.2785,0.752,-7.609
20 48 77 156;0.2405,0.768,-7.601
36 150 156;0.1487,0.825,-7.596
67 87 116 145 154 156;0.1487,0.825,-7.596
38 77 156;0.2722,0.754,-7.594
48 77 106 156;0.1930,0.792,-7.584
57 97 106 116 156;0.1930,0.792,-7.584
97 109 129 156;0.0506,1.000,-7.549
48 109 129 156;0.0506,1.000,-7.549
106 119 139 156;0.0506,1.000,-7.549
106 119 148 156;0.0506,1.000,-7.549
77 106 119 156;0.0506,1.000,-7.549
41 57 90 156;0.0506,1.000,-7.549
41 90 150 156;0.0506,1.000,-7.549
77 90 100 156;0.0759,0.923,-7.466
67 87 116 145 156;0.1551,0.817,-7.445
38 67 136 145 156;0.1551,0.817,-7.445
20 48 67 156;0.3006,0.742,-7.415
20 77 156;0.2880,0.746,-7.354
109 119 156;0.0633,0.952,-7.338
77 97 119 156;0.0633,0.952,-7.338
97 139 148 156;0.0633,0.952,-7.338
38 139 148 156;0.0633,0.952,-7.338
20 97 139 156;0.0633,0.952,-7.338
38 87 148 156;0.0633,0.952,-7.338
48 87 148 156;0.0633,0.952,-7.338
48 77 148 156;0.0633,0.952,-7.338
60 67 150 156;0.0633,0.952,-7.338
38 87 97 139 156;0.0633,0.952,-7.338
38 48 87 139 156;0.0633,0.952,-7.338
38 67 97 148 156;0.0633,0.952,-7.338
48 67 97 148 156;0.0633,0.952,-7.338
67 70 156;0.1044,0.868,-7.313
20 67 156;0.3513,0.725,-7.299
40 157;0.0285,0.900,-7.296
50 60 156;0.0949,0.882,-7.286
70 156;0.1456,0.821,-7.255
23 150 156;0.1456,0.821,-7.255
118 150 157;0.0222,1.000,-7.133
38 106 116 136 156;0.1519,0.814,-7.111
57 156;0.4241,0.705,-7.107
20 156;0.4589,0.697,-7.093
27 156;0.1361,0.827,-7.079
100 129 156;0.0475,1.000,-7.062
32 48 154 156;0.0475,1.000,-7.062
116 139 148 156;0.0475,1.000,-7.062
106 109 139 148 156;0.0475,1.000,-7.062
97 106 109 139 156;0.0475,1.000,-7.062
48 106 109 139 156;0.0475,1.000,-7.062
60 90 156;0.0728,0.920,-7.043
48 77 87 156;0.2278,0.766,-7.015
50 156;0.1013,0.865,-6.938
90 100 156;0.0823,0.897,-6.923
46 150 156;0.1424,0.818,-6.920
38 67 97 106 136 156;0.1424,0.818,-6.920
38 48 97 106 156;0.1930,0.782,-6.895
119 139 156;0.0601,0.950,-6.891
90 109 156;0.0601,0.950,-6.891
77 119 148 156;0.0601,0.950,-6.891
38 87 106 136 145 156;0.1329,0.824,-6.741
38 48 156;0.3449,0.722,-6.719
38 87 106 156;0.1772,0.789,-6.715
87 119 156;0.0696,0.917,-6.625
77 119 156;0.0696,0.917,-6.625
67 119 156;0.0696,0.917,-6.625
48 119 156;0.0696,0.917,-6.625
139 148 156;0.0696,0.917,-6.625
38 67 87 109 156;0.0696,0.917,-6.625
87 106 116 156;0.1899,0.779,-6.593
109 116 156;0.0443,1.000,-6.577
32 60 154 156;0.0443,1.000,-6.577
90 97 129 156;0.0443,1.000,-6.577
100 119 148 156;0.0443,1.000,-6.577
106 116 139 156;0.0443,1.000,-6.577
87 100 148 156;0.0443,1.000,-6.577
77 100 148 156;0.0443,1.000,-6.577
90 97 148 156;0.0443,1.000,-6.577
5 77 116 156;0.0443,1.000,-6.577
67 97 100 148 156;0.0443,1.000,-6.577
38 67 100 148 156;0.0443,1.000,-6.577
48 67 100 148 156;0.0443,1.000,-6.577
60 67 156;0.0791,0.893,-6.526
60 150 156;0.0791,0.893,-6.526
38 67 109 156;0.0791,0.893,-6.526
48 148 156;0.0886,0.875,-6.518
77 87 106 156;0.2025,0.771,-6.508
48 77 156;0.2785,0.739,-6.494
48 93 157;0.0665,0.618,-6.493
23 156;0.1677,0.791,-6.483
38 67 116 145 156;0.1456,0.807,-6.462
32 48 156;0.0570,0.947,-6.448
87 129 156;0.0570,0.947,-6.448
97 129 156;0.0570,0.947,-6.448
77 129 156;0.0570,0.947,-6.448
87 106 156;0.2342,0.755,-6.414
48 97 106 136 156;0.1741,0.786,-6.411
38 106 136 145 156;0.1519,0.800,-6.353
118 157;0.0253,0.889,-6.351
38 106 116 156;0.1804,0.781,-6.349
48 67 87 97 145 154 156;0.1361,0.811,-6.267
67 116 145 154 156;0.1582,0.794,-6.260
38 97 106 136 156;0.1582,0.794,-6.260
65 156;0.1994,0.768,-6.219
38 97 148 156;0.0665,0.913,-6.212
38 90 156;0.0949,0.857,-6.205
38 67 97 136 156;0.1646,0.788,-6.181
38 67 87 145 156;0.1424,0.804,-6.147
48 67 87 97 145 156;0.1424,0.804,-6.147
48 67 87 156;0.2310,0.753,-6.136
80 106 150 157;0.0190,1.000,-6.097
70 97 154 157;0.0190,1.000,-6.097
70 77 121 136 157;0.0190,1.000,-6.097
19 156;0.0411,1.000,-6.095
90 119 148 156;0.0411,1.000,-6.095
106 116 119 156;0.0411,1.000,-6.095
87 90 148 156;0.0411,1.000,-6.095
77 90 148 156;0.0411,1.000,-6.095
5 38 116 156;0.0411,1.000,-6.095
38 106 136 156;0.1772,0.778,-6.056
48 67 97 136 145 156;0.1487,0.797,-6.045
129 139 156;0.0538,0.944,-6.010
97 109 139 156;0.0538,0.944,-6.010
38 109 139 156;0.0538,0.944,-6.010
48 109 139 156;0.0538,0.944,-6.010
97 106 139 156;0.0538,0.944,-6.010
77 106 139 156;0.0538,0.944,-6.010
48 106 139 156;0.0538,0.944,-6.010
87 109 148 156;0.0538,0.944,-6.010
97 109 148 156;0.0538,0.944,-6.010
77 109 148 156;0.0538,0.944,-6.010
67 109 148 156;0.0538,0.944,-6.010
38 136 145 156;0.1962,0.765,-5.936
48 106 136 156;0.1962,0.765,-5.936
77 97 106 156;0.1962,0.765,-5.936
87 116 145 154 156;0.1614,0.785,-5.884
77 97 116 145 156;0.1677,0.779,-5.821
97 119 156;0.0633,0.909,-5.805
87 148 156;0.0633,0.909,-5.805
87 97 139 156;0.0633,0.909,-5.805
38 87 139 156;0.0633,0.909,-5.805
48 87 139 156;0.0633,0.909,-5.805
77 97 139 156;0.0633,0.909,-5.805
38 97 139 156;0.0633,0.909,-5.805
77 97 148 156;0.0633,0.909,-5.805
67 97 148 156;0.0633,0.909,-5.805
38 67 148 156;0.0633,0.909,-5.805
38 41 156;0.0823,0.867,-5.774
38 148 156;0.0823,0.867,-5.774
38 67 100 156;0.0823,0.867,-5.774
67 116 145 156;0.1741,0.775,-5.769
48 97 106 116 156;0.1741,0.775,-5.769
67 87 145 156;0.1867,0.766,-5.688
48 136 145 154 156;0.1930,0.762,-5.659
37 156;0.0380,1.000,-5.614
90 97 106 156;0.0380,1.000,-5.614
44 106 136 150 156;0.0380,1.000,-5.614
67 97 136 145 156;0.1582,0.781,-5.593
60 156;0.1139,0.818,-5.588
109 129 156;0.0506,0.941,-5.577
90 119 156;0.0506,0.941,-5.577
106 119 156;0.0506,0.941,-5.577
41 90 156;0.0506,0.941,-5.577
48 67 106 116 156;0.1646,0.776,-5.536
48 67 156;0.3418,0.711,-5.506
65 97 145 154 157;0.0222,0.875,-5.422
48 106 116 156;0.1835,0.763,-5.415
93 157;0.0981,0.525,-5.412
67 109 156;0.0791,0.862,-5.412
77 100 156;0.0791,0.862,-5.412
119 148 156;0.0601,0.905,-5.404
41 67 150 156;0.0601,0.905,-5.404
38 87 109 156;0.0696,0.880,-5.371
48 87 109 156;0.0696,0.880,-5.371
48 136 145 156;0.2089,0.750,-5.344
48 97 106 156;0.2278,0.742,-5.342
48 87 97 145 156;0.1551,0.778,-5.309
41 156;0.0949,0.833,-5.280
67 106 136 145 156;0.1614,0.773,-5.256
77 87 156;0.2690,0.726,-5.215
67 87 156;0.2690,0.726,-5.215
48 87 145 156;0.1677,0.768,-5.212
38 67 156;0.3038,0.716,-5.191
67 136 145 154 156;0.1741,0.764,-5.176
38 87 116 145 156;0.1392,0.786,-5.157
32 154 156;0.0475,0.938,-5.148
116 139 156;0.0475,0.938,-5.148
106 109 139 156;0.0475,0.938,-5.148
106 109 148 156;0.0475,0.938,-5.148
97 100 148 156;0.0475,0.938,-5.148
106 116 148 156;0.0475,0.938,-5.148
97 116 148 156;0.0475,0.938,-5.148
32 150 156;0.0348,1.000,-5.136
116 129 156;0.0348,1.000,-5.136
73 83 87 156;0.0348,1.000,-5.136
73 106 136 156;0.0348,1.000,-5.136
77 97 116 156;0.1994,0.750,-5.094
72 100 157;0.0158,1.000,-5.066
82 100 157;0.0158,1.000,-5.066
60 72 157;0.0158,1.000,-5.066
60 82 157;0.0158,1.000,-5.066
106 109 150 157;0.0158,1.000,-5.066
75 134 148 157;0.0158,1.000,-5.066
85 134 148 157;0.0158,1.000,-5.066
106 121 148 157;0.0158,1.000,-5.066
70 97 145 157;0.0158,1.000,-5.066
70 106 154 157;0.0158,1.000,-5.066
70 106 150 157;0.0158,1.000,-5.066
70 87 154 157;0.0158,1.000,-5.066
70 77 136 154 157;0.0158,1.000,-5.066
34 70 121 136 157;0.0158,1.000,-5.066
77 90 156;0.0759,0.857,-5.056
38 97 116 145 156;0.1519,0.774,-5.031
32 156;0.0570,0.900,-5.009
48 129 156;0.0570,0.900,-5.009
97 148 156;0.0665,0.875,-4.999
87 97 116 145 156;0.1582,0.769,-4.984
77 116 145 154 156;0.1582,0.769,-4.984
65 97 154 157;0.0285,0.750,-4.956
44 73 157;0.0759,0.545,-4.919
77 106 145 156;0.1709,0.761,-4.912
67 106 116 156;0.1772,0.757,-4.886
77 116 145 156;0.1835,0.753,-4.866
67 136 145 156;0.1835,0.753,-4.866
38 97 106 156;0.2089,0.742,-4.835
83 157;0.0918,0.518,-4.800
38 156;0.4177,0.688,-4.748
48 87 156;0.2627,0.722,-4.736
90 129 156;0.0443,0.933,-4.725
87 100 139 156;0.0443,0.933,-4.725
67 100 148 156;0.0443,0.933,-4.725
67 116 148 156;0.0443,0.933,-4.725
77 156;0.3481,0.701,-4.720
67 97 106 136 156;0.1614,0.761,-4.682
66 150 156;0.0316,1.000,-4.659
139 145 156;0.0316,1.000,-4.659
46 53 156;0.0316,1.000,-4.659
100 116 148 156;0.0316,1.000,-4.659
67 83 136 154 156;0.0316,1.000,-4.659
63 93 106 136 156;0.0316,1.000,-4.659
53 63 106 136 156;0.0316,1.000,-4.659
67 83 106 150 154 156;0.0316,1.000,-4.659
44 157;0.1108,0.493,-4.634
87 139 156;0.0633,0.870,-4.633
97 139 156;0.0633,0.870,-4.633
87 116 145 156;0.1741,0.753,-4.631
100 119 156;0.0538,0.895,-4.620
106 139 156;0.0538,0.895,-4.620
109 148 156;0.0538,0.895,-4.620
116 148 156;0.0538,0.895,-4.620
5 116 156;0.0538,0.895,-4.620
48 145 154 156;0.2247,0.732,-4.614
97 106 116 156;0.1994,0.741,-4.591
82 109 157;0.0190,0.857,-4.513
109 150 154 157;0.0190,0.857,-4.513
34 100 111 157;0.0190,0.857,-4.513
70 77 136 157;0.0190,0.857,-4.513
48 109 156;0.0791,0.833,-4.487
73 157;0.0981,0.500,-4.408
119 156;0.0696,0.846,-4.365
48 139 156;0.0696,0.846,-4.365
90 156;0.1013,0.800,-4.363
67 106 136 156;0.1835,0.744,-4.359
67 97 136 156;0.1835,0.744,-4.359
63 106 136 156;0.0411,0.929,-4.307
20 65 87 116 136 157;0.0222,0.778,-4.285
83 87 156;0.0506,0.889,-4.238
106 116 136 145 154 156;0.1424,0.763,-4.237
65 87 116 136 157;0.0253,0.727,-4.185
65 97 136 145 157;0.0253,0.727,-4.185
150 153 156;0.0285,1.000,-4.184
105 150 156;0.0285,1.000,-4.184
83 132 136 150 156;0.0285,1.000,-4.184
53 93 106 136 156;0.0285,1.000,-4.184
44 106 116 150 156;0.0285,1.000,-4.184
36 156;0.1551,0.754,-4.177
106 116 136 145 156;0.1551,0.754,-4.177
106 116 145 154 156;0.1551,0.754,-4.177
106 116 156;0.2120,0.728,-4.142
97 116 145 156;0.1804,0.740,-4.123
48 63 157;0.0633,0.541,-4.071
139 150 157;0.0127,1.000,-4.042
41 97 157;0.0127,1.000,-4.042
72 90 157;0.0127,1.000,-4.042
28 97 152 157;0.0127,1.000,-4.042
20 28 116 157;0.0127,1.000,-4.042
20 28 97 157;0.0127,1.000,-4.042
82 139 143 157;0.0127,1.000,-4.042
121 139 143 157;0.0127,1.000,-4.042
82 124 139 157;0.0127,1.000,-4.042
106 109 121 157;0.0127,1.000,-4.042
109 121 136 157;0.0127,1.000,-4.042
109 136 150 157;0.0127,1.000,-4.042
36 82 148 157;0.0127,1.000,-4.042
72 75 148 157;0.0127,1.000,-4.042
75 106 148 157;0.0127,1.000,-4.042
34 75 148 157;0.0127,1.000,-4.042
72 134 148 157;0.0127,1.000,-4.042
82 134 148 157;0.0127,1.000,-4.042
121 134 148 157;0.0127,1.000,-4.042
72 85 148 157;0.0127,1.000,-4.042
85 106 148 157;0.0127,1.000,-4.042
72 121 148 157;0.0127,1.000,-4.042
100 111 152 157;0.0127,1.000,-4.042
100 106 111 157;0.0127,1.000,-4.042
100 106 121 157;0.0127,1.000,-4.042
100 136 150 157;0.0127,1.000,-4.042
43 100 111 157;0.0127,1.000,-4.042
43 100 131 157;0.0127,1.000,-4.042
43 100 121 157;0.0127,1.000,-4.042
43 100 150 157;0.0127,1.000,-4.042
80 106 121 157;0.0127,1.000,-4.042
80 102 106 157;0.0127,1.000,-4.042
65 70 97 157;0.0127,1.000,-4.042
70 106 145 157;0.0127,1.000,-4.042
70 106 121 157;0.0127,1.000,-4.042
70 106 141 157;0.0127,1.000,-4.042
70 97 121 157;0.0127,1.000,-4.042
38 106 135 154 157;0.0127,1.000,-4.042
34 57 121 139 157;0.0127,1.000,-4.042
34 121 124 139 157;0.0127,1.000,-4.042
70 109 136 154 157;0.0127,1.000,-4.042
34 70 109 154 157;0.0127,1.000,-4.042
34 109 121 154 157;0.0127,1.000,-4.042
34 82 124 148 157;0.0127,1.000,-4.042
34 121 124 148 157;0.0127,1.000,-4.042
70 87 121 136 157;0.0127,1.000,-4.042
34 70 136 154 157;0.0127,1.000,-4.042
34 70 77 154 157;0.0127,1.000,-4.042
34 70 124 136 150 157;0.0127,1.000,-4.042
38 67 85 106 134 157;0.0127,1.000,-4.042
20 67 85 106 134 157;0.0127,1.000,-4.042
20 77 106 114 150 157;0.0127,1.000,-4.042
11 38 46 57 77 154 157;0.0127,1.000,-4.042
11 20 38 46 57 154 157;0.0127,1.000,-4.042
38 48 75 85 106 134 157;0.0127,1.000,-4.042
20 67 95 106 114 121 157;0.0127,1.000,-4.042
20 57 95 106 114 121 157;0.0127,1.000,-4.042
38 67 82 97 106 134 157;0.0127,1.000,-4.042
38 67 97 106 134 150 157;0.0127,1.000,-4.042
20 38 67 106 134 150 157;0.0127,1.000,-4.042
20 38 48 106 134 150 157;0.0127,1.000,-4.042
38 67 87 136 143 150 157;0.0127,1.000,-4.042
38 67 77 106 114 150 157;0.0127,1.000,-4.042
38 57 77 106 114 150 157;0.0127,1.000,-4.042
67 148 156;0.0665,0.840,-4.031
46 156;0.1456,0.754,-3.957
106 136 156;0.2215,0.722,-3.950
136 145 154 156;0.2152,0.723,-3.934
129 156;0.0570,0.857,-3.924
48 116 145 156;0.1646,0.743,-3.905
116 145 154 156;0.1709,0.740,-3.897
87 145 154 156;0.1899,0.732,-3.895
100 148 156;0.0475,0.882,-3.863
87 145 156;0.2120,0.720,-3.720
86 150 156;0.0253,1.000,-3.712
67 126 156;0.0253,1.000,-3.712
83 116 150 154 156;0.0253,1.000,-3.712
63 67 112 136 156;0.0253,1.000,-3.712
87 156;0.3323,0.691,-3.645
97 109 150 157;0.0158,0.833,-3.628
82 124 148 157;0.0158,0.833,-3.628
100 111 121 157;0.0158,0.833,-3.628
57 100 111 157;0.0158,0.833,-3.628
100 111 124 157;0.0158,0.833,-3.628
70 106 136 157;0.0158,0.833,-3.628
70 97 136 157;0.0158,0.833,-3.628
34 70 154 157;0.0158,0.833,-3.628
34 70 124 136 157;0.0158,0.833,-3.628
65 116 145 154 157;0.0158,0.833,-3.628
20 65 116 154 157;0.0158,0.833,-3.628
65 106 145 154 157;0.0158,0.833,-3.628
29 65 97 145 157;0.0158,0.833,-3.628
65 77 145 154 157;0.0158,0.833,-3.628
67 85 106 134 157;0.0158,0.833,-3.628
48 87 104 116 157;0.0158,0.833,-3.628
11 38 46 57 154 157;0.0158,0.833,-3.628
11 20 38 46 57 157;0.0158,0.833,-3.628
38 48 85 106 134 157;0.0158,0.833,-3.628
20 48 106 134 150 157;0.0158,0.833,-3.628
38 87 104 116 136 157;0.0158,0.833,-3.628
38 104 116 136 150 157;0.0158,0.833,-3.628
38 87 136 143 150 157;0.0158,0.833,-3.628
65 97 136 157;0.0348,0.611,-3.616
67 100 156;0.0854,0.794,-3.605
109 139 156;0.0538,0.850,-3.581
67 156;0.3956,0.679,-3.552
34 38 85 154 157;0.0316,0.625,-3.548
116 145 156;0.2025,0.719,-3.496
100 139 156;0.0443,0.875,-3.496
56 150 156;0.0348,0.917,-3.490
73 97 136 156;0.0348,0.917,-3.490
100 111 157;0.0190,0.750,-3.487
65 116 154 157;0.0190,0.750,-3.487
65 106 154 157;0.0190,0.750,-3.487
65 87 136 145 157;0.0190,0.750,-3.487
75 85 106 134 157;0.0190,0.750,-3.487
38 87 104 116 157;0.0190,0.750,-3.487
11 46 57 77 136 157;0.0190,0.750,-3.487
20 57 65 87 136 157;0.0190,0.750,-3.487
20 67 85 106 111 157;0.0190,0.750,-3.487
11 20 46 57 121 136 157;0.0190,0.750,-3.487
38 82 85 154 157;0.0253,0.667,-3.455
20 65 87 116 157;0.0222,0.700,-3.446
20 65 87 136 157;0.0222,0.700,-3.446
48 87 104 154 157;0.0222,0.700,-3.446
11 46 57 121 136 157;0.0222,0.700,-3.446
48 145 156;0.2532,0.702,-3.314
48 100 156;0.0886,0.778,-3.254
136 148 156;0.0506,0.842,-3.247
47 150 156;0.0222,1.000,-3.241
61 100 106 156;0.0222,1.000,-3.241
122 132 136 150 156;0.0222,1.000,-3.241
73 83 106 154 156;0.0222,1.000,-3.241
73 83 136 154 156;0.0222,1.000,-3.241
83 97 116 154 156;0.0222,1.000,-3.241
44 97 136 145 150 156;0.0222,1.000,-3.241
48 106 156;0.2563,0.698,-3.157
44 48 136 156;0.0411,0.867,-3.138
66 156;0.0316,0.909,-3.092
132 136 150 156;0.0316,0.909,-3.092
53 93 106 156;0.0316,0.909,-3.092
73 136 154 156;0.0316,0.909,-3.092
44 97 136 150 156;0.0316,0.909,-3.092
136 145 156;0.2373,0.701,-3.068
63 157;0.0918,0.468,-3.060
20 65 97 157;0.0316,0.588,-3.034
23 76 157;0.0095,1.000,-3.023
36 109 157;0.0095,1.000,-3.023
41 82 157;0.0095,1.000,-3.023
46 148 157;0.0095,1.000,-3.023
50 72 157;0.0095,1.000,-3.023
50 106 157;0.0095,1.000,-3.023
46 80 157;0.0095,1.000,-3.023
23 116 149 157;0.0095,1.000,-3.023
23 87 149 157;0.0095,1.000,-3.023
23 97 149 157;0.0095,1.000,-3.023
116 124 149 157;0.0095,1.000,-3.023
87 124 149 157;0.0095,1.000,-3.023
97 124 149 157;0.0095,1.000,-3.023
28 76 116 157;0.0095,1.000,-3.023
28 76 97 157;0.0095,1.000,-3.023
28 65 116 157;0.0095,1.000,-3.023
28 65 136 157;0.0095,1.000,-3.023
28 65 97 157;0.0095,1.000,-3.023
28 145 152 157;0.0095,1.000,-3.023
28 97 134 157;0.0095,1.000,-3.023
20 28 145 157;0.0095,1.000,-3.023
20 28 136 157;0.0095,1.000,-3.023
20 28 38 157;0.0095,1.000,-3.023
76 116 152 157;0.0095,1.000,-3.023
76 116 134 157;0.0095,1.000,-3.023
114 129 154 157;0.0095,1.000,-3.023
106 129 150 157;0.0095,1.000,-3.023
43 129 150 157;0.0095,1.000,-3.023
129 150 154 157;0.0095,1.000,-3.023
82 104 119 157;0.0095,1.000,-3.023
82 119 124 157;0.0095,1.000,-3.023
82 104 139 157;0.0095,1.000,-3.023
52 114 139 157;0.0095,1.000,-3.023
82 114 139 157;0.0095,1.000,-3.023
114 121 139 157;0.0095,1.000,-3.023
82 121 139 157;0.0095,1.000,-3.023
87 121 139 157;0.0095,1.000,-3.023
97 121 139 157;0.0095,1.000,-3.023
77 121 139 157;0.0095,1.000,-3.023
43 121 139 157;0.0095,1.000,-3.023
38 121 139 157;0.0095,1.000,-3.023
52 109 114 157;0.0095,1.000,-3.023
109 145 150 157;0.0095,1.000,-3.023
106 109 141 157;0.0095,1.000,-3.023
52 109 121 157;0.0095,1.000,-3.023
52 109 150 157;0.0095,1.000,-3.023
97 109 121 157;0.0095,1.000,-3.023
43 109 150 157;0.0095,1.000,-3.023
41 87 136 157;0.0095,1.000,-3.023
41 77 136 157;0.0095,1.000,-3.023
41 87 154 157;0.0095,1.000,-3.023
36 134 148 157;0.0095,1.000,-3.023
36 52 148 157;0.0095,1.000,-3.023
36 141 148 157;0.0095,1.000,-3.023
34 36 148 157;0.0095,1.000,-3.023
75 143 148 157;0.0095,1.000,-3.023
75 82 148 157;0.0095,1.000,-3.023
111 134 148 157;0.0095,1.000,-3.023
134 141 148 157;0.0095,1.000,-3.023
82 85 148 157;0.0095,1.000,-3.023
25 85 148 157;0.0095,1.000,-3.023
34 85 148 157;0.0095,1.000,-3.023
82 143 148 157;0.0095,1.000,-3.023
72 114 148 157;0.0095,1.000,-3.023
82 114 148 157;0.0095,1.000,-3.023
72 111 148 157;0.0095,1.000,-3.023
72 124 148 157;0.0095,1.000,-3.023
106 111 148 157;0.0095,1.000,-3.023
106 141 148 157;0.0095,1.000,-3.023
25 141 148 157;0.0095,1.000,-3.023
85 100 106 157;0.0095,1.000,-3.023
62 100 150 157;0.0095,1.000,-3.023
100 145 150 157;0.0095,1.000,-3.023
100 106 131 157;0.0095,1.000,-3.023
97 100 131 157;0.0095,1.000,-3.023
97 100 121 157;0.0095,1.000,-3.023
90 104 116 157;0.0095,1.000,-3.023
90 106 121 157;0.0095,1.000,-3.023
90 136 150 157;0.0095,1.000,-3.023
34 60 75 157;0.0095,1.000,-3.023
60 106 145 157;0.0095,1.000,-3.023
60 87 145 157;0.0095,1.000,-3.023
60 97 145 157;0.0095,1.000,-3.023
60 106 154 157;0.0095,1.000,-3.023
60 106 121 157;0.0095,1.000,-3.023
60 87 136 157;0.0095,1.000,-3.023
60 97 136 157;0.0095,1.000,-3.023
60 77 136 157;0.0095,1.000,-3.023
60 87 154 157;0.0095,1.000,-3.023
60 97 154 157;0.0095,1.000,-3.023
60 97 121 157;0.0095,1.000,-3.023
34 60 111 157;0.0095,1.000,-3.023
80 102 152 157;0.0095,1.000,-3.023
80 97 102 157;0.0095,1.000,-3.023
65 70 87 157;0.0095,1.000,-3.023
65 70 77 157;0.0095,1.000,-3.023
70 87 145 157;0.0095,1.000,-3.023
70 77 145 157;0.0095,1.000,-3.023
34 70 145 157;0.0095,1.000,-3.023
70 82 87 157;0.0095,1.000,-3.023
70 82 97 157;0.0095,1.000,-3.023
70 82 154 157;0.0095,1.000,-3.023
57 70 82 157;0.0095,1.000,-3.023
70 97 141 157;0.0095,1.000,-3.023
43 70 121 157;0.0095,1.000,-3.023
43 70 150 157;0.0095,1.000,-3.023
11 14 80 114 157;0.0095,1.000,-3.023
85 106 135 145 157;0.0095,1.000,-3.023
38 85 135 145 157;0.0095,1.000,-3.023
85 106 135 154 157;0.0095,1.000,-3.023
38 85 135 154 157;0.0095,1.000,-3.023
38 106 135 145 157;0.0095,1.000,-3.023
38 77 106 135 157;0.0095,1.000,-3.023
38 67 106 135 157;0.0095,1.000,-3.023
20 38 106 135 157;0.0095,1.000,-3.023
28 57 116 152 157;0.0095,1.000,-3.023
28 38 57 152 157;0.0095,1.000,-3.023
20 28 57 152 157;0.0095,1.000,-3.023
67 76 97 134 157;0.0095,1.000,-3.023
38 67 76 134 157;0.0095,1.000,-3.023
34 121 136 139 157;0.0095,1.000,-3.023
87 109 121 154 157;0.0095,1.000,-3.023
34 87 109 121 157;0.0095,1.000,-3.023
34 41 77 154 157;0.0095,1.000,-3.023
34 60 121 148 157;0.0095,1.000,-3.023
34 111 114 148 157;0.0095,1.000,-3.023
34 114 121 148 157;0.0095,1.000,-3.023
52 102 124 148 157;0.0095,1.000,-3.023
34 82 121 148 157;0.0095,1.000,-3.023
34 111 124 148 157;0.0095,1.000,-3.023
57 67 121 148 157;0.0095,1.000,-3.023
34 57 121 148 157;0.0095,1.000,-3.023
5 34 57 70 157;0.0095,1.000,-3.023
5 34 70 141 157;0.0095,1.000,-3.023
5 34 70 150 157;0.0095,1.000,-3.023
87 100 150 154 157;0.0095,1.000,-3.023
97 100 150 154 157;0.0095,1.000,-3.023
18 23 87 143 157;0.0095,1.000,-3.023
18 23 87 102 157;0.0095,1.000,-3.023
23 27 104 143 157;0.0095,1.000,-3.023
80 121 145 152 157;0.0095,1.000,-3.023
80 97 150 152 157;0.0095,1.000,-3.023
80 87 136 150 157;0.0095,1.000,-3.023
80 97 136 150 157;0.0095,1.000,-3.023
34 80 136 150 157;0.0095,1.000,-3.023
23 70 87 136 157;0.0095,1.000,-3.023
34 70 114 136 157;0.0095,1.000,-3.023
46 65 145 154 157;0.0095,1.000,-3.023
46 65 136 154 157;0.0095,1.000,-3.023
38 46 65 154 157;0.0095,1.000,-3.023
55 97 116 136 157;0.0095,1.000,-3.023
55 87 97 116 157;0.0095,1.000,-3.023
55 97 116 154 157;0.0095,1.000,-3.023
55 97 136 154 157;0.0095,1.000,-3.023
55 87 97 154 157;0.0095,1.000,-3.023
23 36 65 143 157;0.0095,1.000,-3.023
23 87 136 143 157;0.0095,1.000,-3.023
75 106 134 154 157;0.0095,1.000,-3.023
87 104 136 152 157;0.0095,1.000,-3.023
87 95 104 136 157;0.0095,1.000,-3.023
85 106 134 154 157;0.0095,1.000,-3.023
82 106 134 154 157;0.0095,1.000,-3.023
38 106 134 154 157;0.0095,1.000,-3.023
38 104 136 143 157;0.0095,1.000,-3.023
52 106 143 154 157;0.0095,1.000,-3.023
67 106 143 154 157;0.0095,1.000,-3.023
11 14 38 57 114 157;0.0095,1.000,-3.023
38 48 102 135 154 157;0.0095,1.000,-3.023
11 38 102 135 154 157;0.0095,1.000,-3.023
38 48 67 102 135 157;0.0095,1.000,-3.023
11 38 67 102 135 157;0.0095,1.000,-3.023
20 38 48 102 135 157;0.0095,1.000,-3.023
11 20 38 102 135 157;0.0095,1.000,-3.023
5 20 38 48 114 157;0.0095,1.000,-3.023
36 46 102 106 121 157;0.0095,1.000,-3.023
23 38 46 57 136 157;0.0095,1.000,-3.023
11 23 38 46 57 157;0.0095,1.000,-3.023
11 46 75 85 106 157;0.0095,1.000,-3.023
29 46 57 95 121 157;0.0095,1.000,-3.023
11 23 48 55 67 157;0.0095,1.000,-3.023
23 34 57 114 154 157;0.0095,1.000,-3.023
38 57 65 104 152 157;0.0095,1.000,-3.023
29 38 65 116 145 157;0.0095,1.000,-3.023
38 65 87 145 154 157;0.0095,1.000,-3.023
29 38 65 87 145 157;0.0095,1.000,-3.023
29 38 65 77 145 157;0.0095,1.000,-3.023
38 43 75 106 134 157;0.0095,1.000,-3.023
38 67 75 106 134 157;0.0095,1.000,-3.023
20 67 75 106 134 157;0.0095,1.000,-3.023
7 11 75 106 134 157;0.0095,1.000,-3.023
38 95 104 136 152 157;0.0095,1.000,-3.023
95 104 136 141 152 157;0.0095,1.000,-3.023
38 57 95 136 152 157;0.0095,1.000,-3.023
20 38 95 136 152 157;0.0095,1.000,-3.023
20 95 136 141 152 157;0.0095,1.000,-3.023
38 104 116 136 152 157;0.0095,1.000,-3.023
104 116 136 150 152 157;0.0095,1.000,-3.023
38 57 104 136 152 157;0.0095,1.000,-3.023
38 48 104 136 152 157;0.0095,1.000,-3.023
85 95 106 121 145 157;0.0095,1.000,-3.023
85 95 106 121 154 157;0.0095,1.000,-3.023
67 85 95 106 121 157;0.0095,1.000,-3.023
57 67 85 95 106 157;0.0095,1.000,-3.023
20 85 95 106 121 157;0.0095,1.000,-3.023
20 57 85 95 106 157;0.0095,1.000,-3.023
38 67 95 106 114 157;0.0095,1.000,-3.023
38 57 95 106 114 157;0.0095,1.000,-3.023
20 85 106 134 145 157;0.0095,1.000,-3.023
20 48 85 106 134 157;0.0095,1.000,-3.023
34 57 114 134 154 157;0.0095,1.000,-3.023
7 67 72 106 134 157;0.0095,1.000,-3.023
38 67 106 134 145 157;0.0095,1.000,-3.023
20 38 106 134 145 157;0.0095,1.000,-3.023
82 97 134 145 154 157;0.0095,1.000,-3.023
57 82 134 145 154 157;0.0095,1.000,-3.023
38 82 134 145 154 157;0.0095,1.000,-3.023
48 82 134 145 154 157;0.0095,1.000,-3.023
57 67 82 134 145 157;0.0095,1.000,-3.023
38 97 134 145 154 157;0.0095,1.000,-3.023
38 43 134 145 154 157;0.0095,1.000,-3.023
38 67 134 145 154 157;0.0095,1.000,-3.023
34 38 134 145 154 157;0.0095,1.000,-3.023
38 57 67 134 145 157;0.0095,1.000,-3.023
20 67 82 106 134 157;0.0095,1.000,-3.023
20 48 82 106 134 157;0.0095,1.000,-3.023
87 104 116 136 143 157;0.0095,1.000,-3.023
48 104 116 136 143 157;0.0095,1.000,-3.023
57 114 136 143 154 157;0.0095,1.000,-3.023
52 57 114 143 154 157;0.0095,1.000,-3.023
57 87 114 143 154 157;0.0095,1.000,-3.023
57 102 114 143 154 157;0.0095,1.000,-3.023
34 57 114 143 154 157;0.0095,1.000,-3.023
20 48 111 116 143 157;0.0095,1.000,-3.023
38 52 136 143 154 157;0.0095,1.000,-3.023
20 87 121 136 143 157;0.0095,1.000,-3.023
20 87 136 143 150 157;0.0095,1.000,-3.023
38 67 136 143 154 157;0.0095,1.000,-3.023
38 52 87 143 154 157;0.0095,1.000,-3.023
38 67 87 143 154 157;0.0095,1.000,-3.023
5 20 38 67 106 114 157;0.0095,1.000,-3.023
5 20 38 57 106 114 157;0.0095,1.000,-3.023
11 38 46 57 67 77 157;0.0095,1.000,-3.023
11 29 38 46 57 77 157;0.0095,1.000,-3.023
20 57 65 104 150 152 157;0.0095,1.000,-3.023
43 48 67 75 95 136 157;0.0095,1.000,-3.023
20 95 106 114 121 154 157;0.0095,1.000,-3.023
38 43 67 95 114 136 157;0.0095,1.000,-3.023
38 43 57 95 114 136 157;0.0095,1.000,-3.023
20 43 48 95 114 136 157;0.0095,1.000,-3.023
34 38 67 95 114 136 157;0.0095,1.000,-3.023
34 38 57 95 114 136 157;0.0095,1.000,-3.023
29 38 43 67 95 114 157;0.0095,1.000,-3.023
29 38 43 57 95 114 157;0.0095,1.000,-3.023
34 57 67 114 134 145 157;0.0095,1.000,-3.023
38 67 72 97 106 134 157;0.0095,1.000,-3.023
38 57 67 72 106 134 157;0.0095,1.000,-3.023
43 48 57 82 134 145 157;0.0095,1.000,-3.023
38 43 48 57 134 145 157;0.0095,1.000,-3.023
20 38 43 82 106 134 157;0.0095,1.000,-3.023
38 57 67 82 106 134 157;0.0095,1.000,-3.023
38 67 97 106 111 134 157;0.0095,1.000,-3.023
38 67 97 106 131 134 157;0.0095,1.000,-3.023
20 38 43 106 134 150 157;0.0095,1.000,-3.023
11 20 97 104 111 143 157;0.0095,1.000,-3.023
11 20 97 104 131 143 157;0.0095,1.000,-3.023
11 20 97 104 121 143 157;0.0095,1.000,-3.023
38 87 106 114 143 150 157;0.0095,1.000,-3.023
20 38 97 111 116 143 157;0.0095,1.000,-3.023
20 38 97 116 131 143 157;0.0095,1.000,-3.023
20 48 97 116 131 143 157;0.0095,1.000,-3.023
20 38 97 116 143 150 157;0.0095,1.000,-3.023
20 48 97 116 143 150 157;0.0095,1.000,-3.023
29 67 87 106 143 150 157;0.0095,1.000,-3.023
38 67 87 106 143 150 157;0.0095,1.000,-3.023
38 52 87 121 136 143 157;0.0095,1.000,-3.023
38 67 87 121 136 143 157;0.0095,1.000,-3.023
38 67 87 102 136 143 157;0.0095,1.000,-3.023
20 38 77 121 136 143 157;0.0095,1.000,-3.023
20 38 77 136 143 150 157;0.0095,1.000,-3.023
11 20 38 97 111 143 157;0.0095,1.000,-3.023
29 38 77 106 114 150 157;0.0095,1.000,-3.023
38 48 77 106 114 150 157;0.0095,1.000,-3.023
11 20 46 97 116 136 154 157;0.0095,1.000,-3.023
11 38 46 77 97 116 154 157;0.0095,1.000,-3.023
11 20 38 46 97 116 154 157;0.0095,1.000,-3.023
11 20 46 87 97 136 154 157;0.0095,1.000,-3.023
11 20 46 57 97 136 154 157;0.0095,1.000,-3.023
11 38 46 77 87 97 154 157;0.0095,1.000,-3.023
11 20 38 46 87 97 154 157;0.0095,1.000,-3.023
20 23 67 92 97 106 116 157;0.0095,1.000,-3.023
20 23 38 67 92 97 106 157;0.0095,1.000,-3.023
20 23 38 48 67 92 106 157;0.0095,1.000,-3.023
20 23 34 57 67 106 154 157;0.0095,1.000,-3.023
20 23 34 38 57 106 154 157;0.0095,1.000,-3.023
20 23 38 48 67 102 106 157;0.0095,1.000,-3.023
38 43 57 75 85 97 134 157;0.0095,1.000,-3.023
20 43 67 95 114 121 136 157;0.0095,1.000,-3.023
20 43 57 95 114 121 136 157;0.0095,1.000,-3.023
20 34 67 95 114 121 136 157;0.0095,1.000,-3.023
20 34 57 95 114 121 136 157;0.0095,1.000,-3.023
20 29 43 57 95 114 121 157;0.0095,1.000,-3.023
20 34 57 95 114 121 154 157;0.0095,1.000,-3.023
29 57 87 106 114 143 150 157;0.0095,1.000,-3.023
38 43 67 72 97 106 143 157;0.0095,1.000,-3.023
38 43 67 82 97 106 143 157;0.0095,1.000,-3.023
38 43 67 97 106 131 143 157;0.0095,1.000,-3.023
7 43 57 75 97 114 121 143 157;0.0095,1.000,-3.023
7 38 43 57 75 97 114 143 157;0.0095,1.000,-3.023
