2 16 156;0.6044,0.868,-90.818
16 124 156;0.5570,0.912,-89.176
11 16 156;0.5538,0.907,-85.566
13 157;0.2089,0.971,-75.872
16 121 156;0.4747,0.938,-72.825
16 131 156;0.4557,0.935,-66.767
2 11 124 141 150 156;0.4367,0.945,-65.699
2 11 124 141 156;0.4589,0.929,-65.517
121 131 141 156;0.4430,0.940,-65.224
2 11 141 156;0.4810,0.910,-64.141
22 157;0.1835,0.967,-63.701
11 124 141 156;0.4589,0.924,-63.373
121 141 150 156;0.4430,0.933,-62.966
131 141 156;0.4620,0.918,-62.258
16 156;0.6044,0.806,-62.185
2 124 141 156;0.5032,0.888,-61.921
121 141 156;0.4652,0.913,-61.202
7 11 156;0.4715,0.909,-61.165
121 131 156;0.4557,0.917,-60.364
124 141 156;0.5032,0.883,-60.135
102 111 121 156;0.4051,0.941,-56.857
11 141 156;0.4810,0.889,-56.650
131 156;0.4747,0.893,-56.520
7 124 156;0.4620,0.901,-56.424
102 111 156;0.4177,0.930,-55.866
2 11 124 156;0.5380,0.837,-52.602
11 25 34 156;0.4019,0.927,-51.733
122 157;0.2152,0.810,-51.174
92 111 121 156;0.3639,0.950,-51.059
2 141 156;0.5285,0.839,-50.844
92 102 121 156;0.3892,0.932,-50.621
92 102 141 156;0.3703,0.944,-50.294
102 121 156;0.4399,0.897,-50.257
92 102 156;0.4019,0.920,-49.730
11 124 156;0.5380,0.829,-49.680
2 11 25 156;0.4082,0.915,-49.388
111 141 156;0.4146,0.910,-49.107
2 124 156;0.5886,0.788,-48.507
2 11 156;0.5823,0.793,-48.432
4 157;0.1930,0.836,-47.589
111 121 156;0.4209,0.899,-47.103
92 121 156;0.3892,0.918,-46.627
92 111 156;0.3639,0.935,-46.620
2 7 156;0.5095,0.839,-46.295
92 141 156;0.3703,0.929,-46.046
11 34 102 156;0.4019,0.907,-45.970
124 156;0.5886,0.782,-45.863
7 121 150 156;0.3513,0.941,-45.819
11 34 156;0.4873,0.846,-44.195
72 82 92 156;0.2975,0.969,-43.365
11 25 156;0.4082,0.890,-42.326
62 92 156;0.3449,0.932,-42.306
52 102 141 150 156;0.3354,0.938,-42.271
7 121 156;0.3861,0.904,-42.237
121 150 156;0.4620,0.854,-41.762
62 102 156;0.3513,0.925,-41.729
72 92 156;0.3228,0.944,-41.652
92 156;0.4051,0.889,-41.584
34 82 102 156;0.3576,0.919,-41.227
52 102 141 156;0.3386,0.930,-40.920
34 52 156;0.4019,0.888,-40.850
34 72 102 156;0.3449,0.924,-40.344
82 102 141 150 156;0.3354,0.930,-40.236
52 62 156;0.3608,0.912,-40.095
82 102 156;0.3608,0.912,-40.095
25 52 156;0.3418,0.923,-39.661
25 34 121 156;0.3323,0.929,-39.559
2 34 102 156;0.4462,0.855,-39.256
72 102 156;0.3481,0.917,-39.159
25 121 156;0.3386,0.922,-38.985
34 62 82 111 150 156;0.2880,0.958,-38.843
62 72 82 111 150 156;0.2753,0.967,-38.703
34 62 156;0.3703,0.900,-38.701
121 156;0.5063,0.816,-38.645
111 156;0.4367,0.857,-38.406
52 102 156;0.3608,0.905,-38.343
61 150 157;0.1297,0.932,-38.312
1 157;0.1076,1.000,-37.962
2 156;0.6361,0.713,-37.962
34 43 102 156;0.3386,0.915,-37.150
52 156;0.4051,0.871,-36.949
7 20 29 48 156;0.2658,0.966,-36.777
11 102 156;0.4462,0.844,-36.507
11 62 156;0.3354,0.914,-36.494
62 82 141 150 156;0.2975,0.940,-36.359
62 141 150 156;0.3259,0.920,-36.341
62 156;0.3734,0.887,-36.145
25 43 156;0.3323,0.913,-35.843
61 157;0.1551,0.831,-35.638
34 102 141 150 156;0.4177,0.857,-35.477
7 29 48 156;0.2911,0.939,-35.090
43 102 141 156;0.3196,0.918,-35.055
25 29 34 156;0.2690,0.955,-35.010
7 20 38 48 156;0.2563,0.964,-34.891
34 102 141 156;0.4209,0.853,-34.807
82 141 150 156;0.3354,0.906,-34.764
11 156;0.5823,0.757,-34.736
43 102 156;0.3418,0.900,-34.384
7 141 150 156;0.4051,0.859,-34.108
72 141 150 156;0.3228,0.911,-33.928
102 141 156;0.4620,0.825,-33.769
29 141 156;0.3386,0.899,-33.747
91 97 150 157;0.1171,0.925,-33.490
7 141 156;0.4209,0.847,-33.475
25 29 156;0.2722,0.945,-33.434
141 156;0.5285,0.784,-32.714
7 20 48 57 67 156;0.2437,0.962,-32.438
7 20 29 156;0.2943,0.921,-31.885
7 20 48 67 156;0.2627,0.943,-31.613
7 20 48 57 156;0.2722,0.935,-31.406
123 157;0.1044,0.943,-30.996
7 95 114 150 156;0.1899,1.000,-30.988
7 29 156;0.3323,0.890,-30.935
7 38 48 57 156;0.2785,0.926,-30.704
7 104 156;0.2563,0.942,-30.423
7 20 156;0.3513,0.874,-30.188
29 34 102 156;0.2627,0.933,-29.631
7 48 57 67 156;0.2627,0.933,-29.631
91 97 157;0.1297,0.837,-29.430
91 157;0.1519,0.774,-29.328
7 38 48 67 156;0.2500,0.940,-29.251
34 102 156;0.4462,0.815,-29.089
7 95 114 156;0.2120,0.971,-28.986
51 57 150 157;0.0981,0.939,-28.676
7 48 67 156;0.2943,0.903,-28.500
7 95 150 156;0.2089,0.971,-28.407
51 157;0.1266,0.833,-28.332
7 143 150 156;0.2215,0.959,-28.309
7 48 57 156;0.3101,0.891,-28.297
140 145 157;0.1171,0.860,-28.032
25 34 72 156;0.2911,0.902,-27.926
7 156;0.5095,0.778,-27.892
29 34 156;0.3449,0.865,-27.629
25 34 82 156;0.2975,0.895,-27.514
140 157;0.1392,0.786,-27.420
25 34 156;0.4367,0.812,-27.144
25 72 156;0.2943,0.894,-26.948
130 136 157;0.1139,0.857,-26.936
104 114 156;0.2468,0.929,-26.768
54 157;0.0854,0.964,-26.482
103 157;0.0918,0.935,-26.396
25 82 156;0.2975,0.887,-26.030
34 43 156;0.3956,0.828,-25.946
34 72 82 150 156;0.3038,0.881,-25.715
8 157;0.0949,0.909,-25.474
71 150 157;0.0949,0.909,-25.474
130 157;0.1329,0.778,-25.334
95 104 156;0.2278,0.935,-25.292
74 157;0.0886,0.933,-25.271
25 38 57 106 116 156;0.1582,1.000,-25.193
85 104 156;0.2152,0.944,-25.040
20 25 67 87 156;0.1899,0.968,-25.008
34 72 82 156;0.3228,0.864,-24.986
34 72 150 156;0.3228,0.864,-24.986
26 157;0.0981,0.886,-24.757
71 157;0.1234,0.796,-24.627
34 38 48 67 77 87 156;0.1709,0.982,-24.268
20 34 38 48 67 87 156;0.1709,0.982,-24.268
25 38 57 67 116 156;0.1519,1.000,-24.069
34 82 150 156;0.3386,0.849,-23.976
34 152 156;0.2595,0.901,-23.954
25 152 156;0.2089,0.943,-23.948
25 87 156;0.2500,0.908,-23.911
104 156;0.3006,0.872,-23.812
42 157;0.1044,0.846,-23.724
95 134 150 156;0.1677,0.981,-23.715
25 77 106 116 156;0.1677,0.981,-23.715
34 48 57 67 77 87 156;0.1804,0.966,-23.358
34 38 48 67 77 156;0.1930,0.953,-23.290
34 72 156;0.3481,0.840,-23.245
20 25 38 48 57 67 156;0.1646,0.981,-23.165
101 106 150 157;0.0823,0.929,-23.052
72 82 150 156;0.3038,0.865,-23.045
25 38 97 136 145 156;0.1456,1.000,-22.956
25 38 136 145 154 156;0.1456,1.000,-22.956
25 38 67 136 145 156;0.1456,1.000,-22.956
95 114 150 156;0.2025,0.941,-22.873
34 48 57 67 77 156;0.2025,0.941,-22.873
25 57 106 116 156;0.1772,0.966,-22.815
20 34 48 57 67 87 156;0.1899,0.952,-22.752
25 38 67 77 156;0.1614,0.981,-22.618
25 38 57 97 116 156;0.1614,0.981,-22.618
29 67 102 145 150 154 156;0.1614,0.981,-22.618
34 38 67 77 156;0.2120,0.931,-22.597
72 82 156;0.3228,0.850,-22.508
25 77 116 154 156;0.1424,1.000,-22.404
25 38 106 116 136 156;0.1424,1.000,-22.404
25 38 106 136 145 156;0.1424,1.000,-22.404
25 102 136 145 154 156;0.1424,1.000,-22.404
25 57 67 77 156;0.1741,0.965,-22.276
25 38 77 156;0.1867,0.952,-22.218
20 34 38 67 87 156;0.1867,0.952,-22.218
43 156;0.3987,0.808,-22.208
110 116 157;0.0854,0.900,-22.204
101 106 157;0.0949,0.857,-22.075
25 38 57 116 154 156;0.1392,1.000,-21.854
25 38 48 136 145 156;0.1392,1.000,-21.854
95 114 156;0.2278,0.911,-21.824
20 34 67 87 156;0.2278,0.911,-21.824
134 143 150 156;0.1962,0.939,-21.815
134 143 156;0.2373,0.904,-21.812
25 57 77 106 156;0.1709,0.964,-21.740
29 67 102 145 154 156;0.1709,0.964,-21.740
29 67 102 145 150 156;0.1709,0.964,-21.740
25 38 48 57 67 97 156;0.1709,0.964,-21.740
25 77 106 156;0.1835,0.951,-21.688
34 38 48 67 87 156;0.1835,0.951,-21.688
25 38 48 57 97 156;0.1835,0.951,-21.688
33 87 157;0.0886,0.875,-21.552
25 143 156;0.2057,0.929,-21.549
25 57 116 154 156;0.1551,0.980,-21.534
25 38 57 97 145 156;0.1551,0.980,-21.534
34 82 156;0.3576,0.825,-21.515
84 150 157;0.0633,1.000,-21.357
25 77 136 154 156;0.1361,1.000,-21.307
20 25 38 48 67 136 156;0.1361,1.000,-21.307
25 57 77 156;0.1930,0.938,-21.291
25 38 106 116 156;0.1677,0.964,-21.208
25 57 67 116 156;0.1677,0.964,-21.208
95 143 150 156;0.1804,0.950,-21.161
85 143 150 156;0.1804,0.950,-21.161
25 57 97 116 156;0.1804,0.950,-21.161
29 67 102 145 156;0.1804,0.950,-21.161
25 38 57 97 106 156;0.1804,0.950,-21.161
34 38 48 77 87 156;0.1804,0.950,-21.161
127 157;0.0823,0.897,-21.136
113 157;0.0823,0.897,-21.136
110 136 157;0.0823,0.897,-21.136
33 97 157;0.0823,0.897,-21.136
34 87 156;0.3070,0.851,-21.119
20 34 38 48 57 67 156;0.2025,0.928,-21.032
25 38 136 145 156;0.1519,0.980,-20.996
25 38 57 106 145 156;0.1519,0.980,-20.996
25 38 48 106 136 156;0.1519,0.980,-20.996
25 57 102 145 154 156;0.1519,0.980,-20.996
34 38 48 57 106 116 156;0.1519,0.980,-20.996
34 48 67 77 156;0.2120,0.918,-20.875
84 157;0.0759,0.923,-20.874
72 150 156;0.3259,0.837,-20.732
25 77 97 116 156;0.1646,0.963,-20.680
25 38 57 116 156;0.1646,0.963,-20.680
25 38 106 136 156;0.1646,0.963,-20.680
25 136 145 154 156;0.1646,0.963,-20.680
20 25 38 48 57 156;0.1646,0.963,-20.680
95 134 156;0.1772,0.949,-20.638
81 87 157;0.0949,0.833,-20.628
25 102 156;0.3892,0.804,-20.606
25 48 77 154 156;0.1487,0.979,-20.462
34 38 48 57 67 116 156;0.1487,0.979,-20.462
34 38 48 67 156;0.2468,0.886,-20.436
33 157;0.1203,0.745,-20.301
34 57 67 77 156;0.2184,0.908,-20.294
34 48 57 77 156;0.2184,0.908,-20.294
75 102 156;0.2278,0.900,-20.288
25 106 116 156;0.1867,0.937,-20.257
25 38 57 106 156;0.1867,0.937,-20.257
20 25 48 57 67 156;0.1867,0.937,-20.257
57 67 102 116 150 154 156;0.1297,1.000,-20.221
34 55 156;0.1614,0.962,-20.154
25 77 154 156;0.1614,0.962,-20.154
25 67 77 116 156;0.1614,0.962,-20.154
29 102 156;0.3006,0.848,-20.121
25 57 145 154 156;0.1741,0.948,-20.119
20 25 67 77 156;0.1741,0.948,-20.119
34 57 77 106 116 156;0.1741,0.948,-20.119
20 25 38 57 67 156;0.1741,0.948,-20.119
20 25 38 48 67 156;0.1741,0.948,-20.119
98 157;0.0791,0.893,-20.080
81 150 157;0.0791,0.893,-20.080
25 38 48 57 156;0.1962,0.925,-20.009
34 67 77 156;0.2437,0.885,-19.939
34 38 77 156;0.2437,0.885,-19.939
85 95 143 156;0.1456,0.979,-19.931
25 38 57 67 145 156;0.1456,0.979,-19.931
25 38 57 97 156;0.2057,0.915,-19.862
143 152 156;0.2342,0.892,-19.841
25 77 116 156;0.1835,0.935,-19.746
25 77 97 156;0.1835,0.935,-19.746
25 57 106 145 156;0.1835,0.935,-19.746
114 156;0.3196,0.835,-19.739
77 87 102 116 150 154 156;0.1266,1.000,-19.682
20 25 38 48 136 154 156;0.1266,1.000,-19.682
57 67 102 136 145 150 154 156;0.1266,1.000,-19.682
25 38 97 145 156;0.1582,0.962,-19.633
25 38 57 145 156;0.1582,0.962,-19.633
25 77 156;0.2405,0.884,-19.448
20 25 38 67 136 156;0.1424,0.978,-19.403
34 38 48 97 136 145 156;0.1424,0.978,-19.403
20 25 57 67 156;0.2025,0.914,-19.362
25 57 106 156;0.2215,0.897,-19.297
67 77 102 116 150 154 156;0.1234,1.000,-19.146
67 87 102 116 145 150 154 156;0.1234,1.000,-19.146
67 102 106 136 145 150 154 156;0.1234,1.000,-19.146
25 38 106 145 156;0.1551,0.961,-19.115
25 38 57 67 136 156;0.1551,0.961,-19.115
25 38 48 67 136 156;0.1551,0.961,-19.115
57 67 102 145 150 154 156;0.1551,0.961,-19.115
34 48 57 106 116 156;0.1677,0.946,-19.093
34 38 67 97 136 156;0.1677,0.946,-19.093
48 57 67 102 150 156;0.1677,0.946,-19.093
17 157;0.0759,0.889,-19.035
95 143 156;0.1899,0.923,-19.004
85 143 156;0.1899,0.923,-19.004
25 106 145 156;0.1899,0.923,-19.004
25 38 97 106 156;0.1899,0.923,-19.004
25 38 116 136 154 156;0.1392,0.978,-18.879
25 38 67 116 136 156;0.1392,0.978,-18.879
57 67 102 116 154 156;0.1392,0.978,-18.879
34 38 48 106 116 136 156;0.1392,0.978,-18.879
67 102 136 145 150 154 156;0.1392,0.978,-18.879
25 38 48 97 156;0.1994,0.913,-18.867
25 38 97 156;0.2278,0.889,-18.862
25 57 67 156;0.2278,0.889,-18.862
20 34 38 48 156;0.2278,0.889,-18.862
81 157;0.1013,0.780,-18.861
134 152 156;0.2089,0.904,-18.806
20 34 38 156;0.2690,0.859,-18.761
25 57 97 145 156;0.1772,0.933,-18.736
48 57 67 102 156;0.1772,0.933,-18.736
20 25 38 48 156;0.1772,0.933,-18.736
95 150 156;0.2437,0.875,-18.621
34 38 48 57 156;0.2437,0.875,-18.621
20 38 48 57 67 156;0.2437,0.875,-18.621
57 72 87 116 154 156;0.1203,1.000,-18.612
57 67 72 77 154 156;0.1203,1.000,-18.612
34 57 77 116 150 154 156;0.1203,1.000,-18.612
72 87 106 136 145 154 156;0.1203,1.000,-18.612
48 72 87 106 145 154 156;0.1203,1.000,-18.612
57 77 87 102 145 150 154 156;0.1203,1.000,-18.612
85 95 102 156;0.1519,0.960,-18.600
25 116 145 154 156;0.1519,0.960,-18.600
25 38 145 154 156;0.1519,0.960,-18.600
25 38 67 145 156;0.1519,0.960,-18.600
34 38 106 116 136 156;0.1519,0.960,-18.600
34 38 116 136 145 156;0.1519,0.960,-18.600
34 38 57 116 145 156;0.1519,0.960,-18.600
25 38 145 156;0.1646,0.945,-18.586
25 38 67 116 156;0.1646,0.945,-18.586
25 38 67 136 156;0.1646,0.945,-18.586
34 38 57 106 116 156;0.1646,0.945,-18.586
57 67 102 145 154 156;0.1646,0.945,-18.586
95 156;0.2753,0.853,-18.548
34 38 67 156;0.2753,0.853,-18.548
34 38 48 156;0.2753,0.853,-18.548
82 150 156;0.3386,0.817,-18.520
25 145 154 156;0.1867,0.922,-18.508
34 57 97 106 116 156;0.1867,0.922,-18.508
72 156;0.3513,0.810,-18.486
25 57 97 156;0.2342,0.881,-18.481
25 48 57 156;0.2247,0.887,-18.380
29 48 57 67 156;0.2816,0.848,-18.360
77 87 102 116 154 156;0.1361,0.977,-18.357
143 150 156;0.2500,0.868,-18.319
25 38 106 156;0.2057,0.903,-18.319
25 57 156;0.2658,0.857,-18.287
25 38 156;0.2658,0.857,-18.287
25 156;0.4462,0.766,-18.180
34 57 77 116 154 156;0.1487,0.959,-18.090
34 48 57 116 154 156;0.1487,0.959,-18.090
67 102 136 145 154 156;0.1487,0.959,-18.090
34 48 77 106 116 156;0.1614,0.944,-18.082
34 57 97 116 154 156;0.1614,0.944,-18.082
34 48 57 67 116 156;0.1614,0.944,-18.082
57 67 102 145 150 156;0.1614,0.944,-18.082
29 48 70 80 156;0.1171,1.000,-18.081
67 77 82 116 156;0.1171,1.000,-18.081
38 102 106 116 136 150 156;0.1171,1.000,-18.081
77 102 106 116 150 154 156;0.1171,1.000,-18.081
38 57 102 106 116 150 156;0.1171,1.000,-18.081
38 77 102 116 145 150 156;0.1171,1.000,-18.081
38 57 102 116 150 154 156;0.1171,1.000,-18.081
38 57 97 102 116 145 150 156;0.1171,1.000,-18.081
48 67 87 102 145 150 154 156;0.1171,1.000,-18.081
29 38 48 57 156;0.2722,0.851,-18.076
143 156;0.2943,0.838,-18.054
34 48 57 67 156;0.2563,0.862,-18.053
34 38 156;0.3418,0.812,-18.020
34 77 106 116 156;0.1835,0.921,-18.016
88 150 157;0.0538,1.000,-17.989
57 67 102 150 156;0.1930,0.910,-17.889
38 48 57 67 77 156;0.2120,0.893,-17.845
55 82 156;0.1329,0.977,-17.838
67 77 102 116 154 156;0.1329,0.977,-17.838
77 102 116 150 154 156;0.1329,0.977,-17.838
38 77 102 116 150 156;0.1329,0.977,-17.838
67 87 102 116 145 154 156;0.1329,0.977,-17.838
67 102 116 145 150 154 156;0.1329,0.977,-17.838
57 67 102 156;0.2025,0.901,-17.837
57 102 145 154 156;0.2025,0.901,-17.837
142 157;0.0665,0.913,-17.686
88 157;0.0665,0.913,-17.686
29 48 57 156;0.3196,0.821,-17.671
34 156;0.5348,0.728,-17.625
138 157;0.0601,0.950,-17.598
64 157;0.0601,0.950,-17.598
38 48 102 136 145 154 156;0.1456,0.958,-17.582
67 82 87 116 156;0.1139,1.000,-17.552
20 67 87 102 116 150 154 156;0.1139,1.000,-17.552
38 67 97 102 136 145 150 156;0.1139,1.000,-17.552
20 77 87 102 145 150 154 156;0.1139,1.000,-17.552
101 157;0.1108,0.729,-17.532
134 150 156;0.2437,0.865,-17.382
48 70 80 156;0.1297,0.976,-17.323
29 38 48 80 156;0.1297,0.976,-17.323
87 102 116 145 150 154 156;0.1297,0.976,-17.323
67 102 106 136 145 150 156;0.1297,0.976,-17.323
20 38 48 57 156;0.2816,0.840,-17.269
48 57 67 77 156;0.2342,0.871,-17.209
38 48 57 67 156;0.2658,0.848,-17.151
82 156;0.3608,0.797,-17.109
77 102 116 154 156;0.1424,0.957,-17.078
67 102 116 145 154 156;0.1424,0.957,-17.078
48 67 102 145 150 154 156;0.1424,0.957,-17.078
29 48 60 70 156;0.1108,1.000,-17.026
67 87 102 106 116 150 154 156;0.1108,1.000,-17.026
38 97 102 116 136 145 150 156;0.1108,1.000,-17.026
38 102 116 136 145 150 154 156;0.1108,1.000,-17.026
38 67 102 116 136 145 150 156;0.1108,1.000,-17.026
77 87 102 106 145 150 154 156;0.1108,1.000,-17.026
38 48 67 102 136 145 150 156;0.1108,1.000,-17.026
48 77 87 102 145 150 154 156;0.1108,1.000,-17.026
20 38 67 97 102 136 150 156;0.1108,1.000,-17.026
12 157;0.0696,0.880,-16.980
38 48 57 102 156;0.1962,0.899,-16.886
152 156;0.2785,0.838,-16.814
38 102 106 116 136 156;0.1266,0.976,-16.811
38 57 102 106 116 156;0.1266,0.976,-16.811
38 77 102 116 145 156;0.1266,0.976,-16.811
38 57 102 116 154 156;0.1266,0.976,-16.811
67 87 102 116 145 150 156;0.1266,0.976,-16.811
38 57 97 102 116 145 156;0.1266,0.976,-16.811
57 87 102 116 150 154 156;0.1266,0.976,-16.811
38 57 97 102 116 150 156;0.1266,0.976,-16.811
48 67 87 102 145 154 156;0.1266,0.976,-16.811
20 67 102 136 150 154 156;0.1266,0.976,-16.811
20 67 87 102 145 150 154 156;0.1266,0.976,-16.811
48 102 136 145 154 156;0.1646,0.929,-16.765
38 48 57 156;0.3196,0.815,-16.700
48 67 102 145 154 156;0.1519,0.941,-16.594
77 102 106 116 150 156;0.1392,0.957,-16.578
87 102 116 145 154 156;0.1392,0.957,-16.578
57 102 116 150 154 156;0.1392,0.957,-16.578
67 102 106 136 145 156;0.1392,0.957,-16.578
20 38 102 136 145 154 156;0.1392,0.957,-16.578
128 157;0.0570,0.947,-16.529
20 77 134 156;0.1076,1.000,-16.502
38 87 102 106 116 150 156;0.1076,1.000,-16.502
38 48 102 106 136 145 150 156;0.1076,1.000,-16.502
102 136 145 154 156;0.1835,0.906,-16.457
20 102 145 154 156;0.1930,0.897,-16.418
48 102 145 154 156;0.1930,0.897,-16.418
48 57 102 154 156;0.1930,0.897,-16.418
29 48 134 156;0.1234,0.975,-16.302
38 77 102 106 116 156;0.1234,0.975,-16.302
67 77 87 102 116 150 156;0.1234,0.975,-16.302
20 67 87 102 116 154 156;0.1234,0.975,-16.302
38 102 106 136 145 150 156;0.1234,0.975,-16.302
38 48 102 106 136 150 156;0.1234,0.975,-16.302
38 67 97 102 136 145 156;0.1234,0.975,-16.302
67 97 102 136 145 150 156;0.1234,0.975,-16.302
38 67 102 136 145 150 156;0.1234,0.975,-16.302
67 87 102 106 145 150 154 156;0.1234,0.975,-16.302
77 102 106 116 156;0.1487,0.940,-16.106
57 102 116 154 156;0.1487,0.940,-16.106
48 102 106 136 150 156;0.1487,0.940,-16.106
29 48 80 156;0.1361,0.956,-16.081
67 87 102 116 145 156;0.1361,0.956,-16.081
67 77 102 116 150 156;0.1361,0.956,-16.081
38 57 97 102 116 156;0.1361,0.956,-16.081
20 67 102 136 154 156;0.1361,0.956,-16.081
20 23 48 70 156;0.1044,1.000,-15.980
67 102 106 116 136 150 154 156;0.1044,1.000,-15.980
38 48 102 116 136 145 150 156;0.1044,1.000,-15.980
38 87 97 102 136 145 150 156;0.1044,1.000,-15.980
20 38 48 67 102 136 150 156;0.1044,1.000,-15.980
21 157;0.0665,0.875,-15.971
48 102 106 136 156;0.1582,0.926,-15.805
48 60 70 156;0.1203,0.974,-15.796
67 87 102 106 116 154 156;0.1203,0.974,-15.796
87 102 106 116 150 154 156;0.1203,0.974,-15.796
67 102 106 116 150 154 156;0.1203,0.974,-15.796
38 97 102 116 136 145 156;0.1203,0.974,-15.796
38 67 102 116 136 145 156;0.1203,0.974,-15.796
38 102 116 136 145 150 156;0.1203,0.974,-15.796
38 57 102 116 145 150 156;0.1203,0.974,-15.796
20 67 102 116 150 154 156;0.1203,0.974,-15.796
77 87 102 106 145 154 156;0.1203,0.974,-15.796
77 102 106 145 150 154 156;0.1203,0.974,-15.796
38 48 67 102 136 145 156;0.1203,0.974,-15.796
48 67 87 102 145 150 156;0.1203,0.974,-15.796
20 38 67 97 102 136 156;0.1203,0.974,-15.796
20 67 97 102 136 150 156;0.1203,0.974,-15.796
20 38 67 102 136 150 156;0.1203,0.974,-15.796
48 57 102 156;0.2405,0.854,-15.772
134 156;0.2848,0.826,-15.675
65 75 156;0.1456,0.939,-15.622
48 57 80 156;0.1456,0.939,-15.622
67 102 136 145 150 156;0.1456,0.939,-15.622
20 38 102 136 154 156;0.1456,0.939,-15.622
67 102 145 150 154 156;0.1677,0.914,-15.621
38 102 106 136 145 156;0.1329,0.955,-15.588
67 97 102 136 145 156;0.1329,0.955,-15.588
38 67 102 136 145 156;0.1329,0.955,-15.588
67 87 102 106 145 154 156;0.1329,0.955,-15.588
20 67 87 102 145 150 156;0.1329,0.955,-15.588
67 102 145 154 156;0.1772,0.903,-15.524
20 29 38 48 156;0.2690,0.833,-15.484
97 110 157;0.0696,0.846,-15.472
23 50 156;0.1013,1.000,-15.461
23 60 156;0.1013,1.000,-15.461
29 48 90 156;0.1013,1.000,-15.461
29 60 80 156;0.1013,1.000,-15.461
20 48 67 90 156;0.1013,1.000,-15.461
29 38 60 70 156;0.1013,1.000,-15.461
38 48 87 102 145 150 156;0.1013,1.000,-15.461
38 87 97 102 116 145 150 156;0.1013,1.000,-15.461
77 87 97 102 106 150 154 156;0.1013,1.000,-15.461
20 77 87 97 102 150 154 156;0.1013,1.000,-15.461
67 102 136 145 156;0.1551,0.925,-15.330
29 70 80 156;0.1171,0.974,-15.293
29 38 48 70 156;0.1171,0.974,-15.293
38 87 102 106 116 156;0.1171,0.974,-15.293
38 102 116 145 150 154 156;0.1171,0.974,-15.293
20 87 102 116 150 154 156;0.1171,0.974,-15.293
20 67 87 102 116 150 156;0.1171,0.974,-15.293
38 48 80 156;0.1424,0.938,-15.141
38 77 102 116 156;0.1424,0.938,-15.141
57 102 106 116 150 156;0.1424,0.938,-15.141
67 102 106 136 150 156;0.1424,0.938,-15.141
38 102 106 136 150 156;0.1424,0.938,-15.141
20 67 87 102 145 156;0.1424,0.938,-15.141
20 67 102 136 150 156;0.1424,0.938,-15.141
70 80 156;0.1297,0.953,-15.098
29 38 80 156;0.1297,0.953,-15.098
20 38 48 70 156;0.1297,0.953,-15.098
20 23 48 57 156;0.1297,0.953,-15.098
87 102 106 116 154 156;0.1297,0.953,-15.098
67 102 106 116 154 156;0.1297,0.953,-15.098
102 106 116 150 154 156;0.1297,0.953,-15.098
38 102 116 136 145 156;0.1297,0.953,-15.098
38 57 102 116 145 156;0.1297,0.953,-15.098
20 67 102 116 154 156;0.1297,0.953,-15.098
38 57 102 116 150 156;0.1297,0.953,-15.098
77 102 106 145 154 156;0.1297,0.953,-15.098
48 67 87 102 145 156;0.1297,0.953,-15.098
48 87 102 145 150 156;0.1297,0.953,-15.098
20 67 97 102 136 156;0.1297,0.953,-15.098
20 38 67 102 136 156;0.1297,0.953,-15.098
87 102 106 145 150 154 156;0.1297,0.953,-15.098
77 87 102 145 150 154 156;0.1297,0.953,-15.098
57 77 87 102 150 154 156;0.1297,0.953,-15.098
29 48 156;0.3639,0.782,-14.980
146 150 157;0.0633,0.870,-14.974
102 145 154 156;0.2184,0.863,-14.957
57 102 154 156;0.2184,0.863,-14.957
41 50 156;0.0981,1.000,-14.944
20 41 48 156;0.0981,1.000,-14.944
48 80 90 156;0.0981,1.000,-14.944
48 70 90 156;0.0981,1.000,-14.944
29 50 70 156;0.0981,1.000,-14.944
23 38 48 70 156;0.0981,1.000,-14.944
38 77 87 97 102 145 150 156;0.0981,1.000,-14.944
38 57 77 87 102 145 150 156;0.0981,1.000,-14.944
67 77 97 102 136 150 154 156;0.0981,1.000,-14.944
38 67 77 97 102 136 150 156;0.0981,1.000,-14.944
48 67 77 102 136 150 154 156;0.0981,1.000,-14.944
38 77 87 97 102 150 154 156;0.0981,1.000,-14.944
20 48 67 87 97 102 150 154 156;0.0981,1.000,-14.944
48 57 67 156;0.3070,0.808,-14.944
110 157;0.0981,0.721,-14.931
29 57 67 77 156;0.2342,0.851,-14.896
57 102 106 116 156;0.1519,0.923,-14.860
67 102 106 136 156;0.1519,0.923,-14.860
38 102 106 136 156;0.1519,0.923,-14.860
20 67 102 136 156;0.1519,0.923,-14.860
38 48 102 136 145 156;0.1519,0.923,-14.860
102 156;0.4937,0.732,-14.830
29 38 57 67 156;0.2563,0.835,-14.769
45 154 157;0.0443,1.000,-14.683
23 48 57 156;0.1392,0.936,-14.665
20 29 38 156;0.2975,0.810,-14.574
41 48 60 156;0.0949,1.000,-14.430
20 23 41 156;0.0949,1.000,-14.430
132 146 157;0.0506,0.941,-14.419
48 80 156;0.1487,0.922,-14.394
65 85 156;0.1487,0.922,-14.394
60 80 156;0.1108,0.972,-14.296
29 60 70 156;0.1108,0.972,-14.296
38 60 70 156;0.1108,0.972,-14.296
38 57 67 77 156;0.2215,0.854,-14.267
38 48 67 77 156;0.2215,0.854,-14.267
29 38 57 156;0.2880,0.812,-14.221
29 80 156;0.1361,0.935,-14.192
20 38 57 80 156;0.1361,0.935,-14.192
29 57 67 156;0.3070,0.802,-14.064
107 157;0.0601,0.864,-13.991
117 150 157;0.0601,0.864,-13.991
20 48 70 156;0.1456,0.920,-13.932
57 67 77 156;0.2500,0.832,-13.928
146 157;0.0728,0.793,-13.880
39 157;0.0728,0.793,-13.880
50 70 156;0.1076,0.971,-13.803
23 48 70 156;0.1076,0.971,-13.803
20 38 48 67 156;0.2563,0.827,-13.790
38 48 70 156;0.1329,0.933,-13.723
20 38 48 156;0.3038,0.800,-13.654
60 70 156;0.1203,0.950,-13.650
55 75 156;0.1203,0.950,-13.650
35 83 157;0.0411,1.000,-13.595
58 112 157;0.0411,1.000,-13.595
30 112 157;0.0411,1.000,-13.595
68 157;0.0538,0.895,-13.589
155 157;0.0633,0.833,-13.550
117 157;0.0633,0.833,-13.550
20 29 156;0.3766,0.768,-13.532
45 157;0.0791,0.758,-13.520
23 41 80 156;0.0886,1.000,-13.408
41 57 80 156;0.0886,1.000,-13.408
23 38 41 156;0.0886,1.000,-13.408
23 29 85 156;0.0886,1.000,-13.408
53 58 157;0.0475,0.938,-13.379
20 48 90 156;0.1044,0.971,-13.312
55 85 156;0.1171,0.949,-13.175
85 150 156;0.2437,0.828,-13.109
29 85 156;0.1392,0.917,-13.022
38 57 80 156;0.1392,0.917,-13.022
20 38 80 156;0.1392,0.917,-13.022
35 157;0.0570,0.857,-13.020
112 157;0.1171,0.638,-12.918
38 41 60 156;0.0854,1.000,-12.901
20 41 80 156;0.0854,1.000,-12.901
23 29 41 156;0.0854,1.000,-12.901
38 80 100 156;0.0854,1.000,-12.901
23 70 85 156;0.0854,1.000,-12.901
20 38 41 70 156;0.0854,1.000,-12.901
48 67 90 156;0.1013,0.970,-12.825
29 38 67 77 156;0.2184,0.841,-12.801
20 48 57 156;0.3228,0.785,-12.800
23 29 150 156;0.1266,0.930,-12.798
48 57 156;0.3703,0.765,-12.713
29 38 67 156;0.2753,0.806,-12.606
20 23 48 156;0.1361,0.915,-12.573
31 157;0.0380,1.000,-12.512
30 53 157;0.0380,1.000,-12.512
29 57 156;0.3449,0.773,-12.496
75 150 156;0.2152,0.840,-12.398
23 41 85 156;0.0823,1.000,-12.396
50 80 150 156;0.0823,1.000,-12.396
20 41 70 85 156;0.0823,1.000,-12.396
23 57 80 85 156;0.0823,1.000,-12.396
78 150 157;0.0443,0.933,-12.350
23 41 156;0.0981,0.969,-12.341
70 90 156;0.0981,0.969,-12.341
20 41 70 156;0.0981,0.969,-12.341
20 80 90 156;0.0981,0.969,-12.341
29 156;0.4272,0.742,-12.274
75 156;0.2500,0.814,-12.078
94 157;0.0538,0.850,-12.064
20 57 80 156;0.1424,0.900,-12.015
20 38 57 67 156;0.2563,0.810,-11.984
30 157;0.0696,0.759,-11.920
41 60 85 156;0.0791,1.000,-11.893
80 90 100 156;0.0791,1.000,-11.893
77 80 100 156;0.0791,1.000,-11.893
67 77 90 100 156;0.0791,1.000,-11.893
38 67 90 100 156;0.0791,1.000,-11.893
41 60 156;0.0949,0.968,-11.860
50 80 156;0.0949,0.968,-11.860
67 80 90 156;0.0949,0.968,-11.860
57 80 90 156;0.0949,0.968,-11.860
38 67 77 156;0.2405,0.817,-11.800
85 156;0.2753,0.798,-11.778
55 65 156;0.1076,0.944,-11.772
20 38 70 156;0.1297,0.911,-11.688
58 157;0.0570,0.818,-11.687
48 70 156;0.1487,0.887,-11.553
23 48 156;0.1487,0.887,-11.553
20 48 60 156;0.1171,0.925,-11.441
132 157;0.1108,0.625,-11.437
147 157;0.0348,1.000,-11.436
44 151 157;0.0348,1.000,-11.436
108 150 157;0.0348,1.000,-11.436
137 157;0.0601,0.792,-11.413
20 38 67 90 156;0.0918,0.967,-11.383
99 157;0.0411,0.929,-11.330
41 48 156;0.1044,0.943,-11.311
23 57 80 156;0.1044,0.943,-11.311
20 23 70 156;0.1044,0.943,-11.311
133 157;0.0633,0.769,-11.212
57 80 156;0.1456,0.885,-11.135
20 80 156;0.1456,0.885,-11.135
57 67 87 156;0.2405,0.809,-10.944
38 48 67 156;0.2880,0.784,-10.931
41 80 156;0.0886,0.966,-10.909
38 41 70 156;0.0886,0.966,-10.909
20 38 67 100 156;0.0886,0.966,-10.909
20 67 90 156;0.1013,0.941,-10.855
20 48 67 77 156;0.2247,0.816,-10.785
78 157;0.0538,0.810,-10.778
38 48 77 106 116 156;0.1519,0.873,-10.756
38 70 156;0.1329,0.894,-10.738
38 80 156;0.1424,0.882,-10.722
20 48 67 87 156;0.2089,0.825,-10.680
151 157;0.0443,0.875,-10.645
108 157;0.0443,0.875,-10.645
48 67 77 156;0.2437,0.802,-10.494
80 100 156;0.0854,0.964,-10.438
20 38 41 156;0.0854,0.964,-10.438
48 90 100 156;0.0854,0.964,-10.438
67 77 100 156;0.0854,0.964,-10.438
20 41 156;0.0981,0.939,-10.403
80 90 156;0.0981,0.939,-10.403
100 109 156;0.0696,1.000,-10.398
20 38 156;0.3449,0.757,-10.383
20 67 77 156;0.2563,0.794,-10.362
38 48 87 106 116 156;0.1487,0.870,-10.354
38 57 67 97 136 145 156;0.1487,0.870,-10.354
38 57 67 156;0.2816,0.781,-10.217
38 57 77 156;0.2405,0.800,-10.136
48 50 156;0.1076,0.919,-10.122
23 70 156;0.1076,0.919,-10.122
48 53 157;0.0823,0.667,-10.109
18 150 156;0.1171,0.902,-9.972
20 23 57 150 156;0.1171,0.902,-9.972
67 90 100 156;0.0823,0.963,-9.970
38 90 100 156;0.0823,0.963,-9.970
48 60 67 156;0.0823,0.963,-9.970
20 48 77 109 156;0.0823,0.963,-9.970
38 48 90 156;0.0949,0.938,-9.954
38 57 106 116 156;0.1709,0.844,-9.917
77 119 156;0.0665,1.000,-9.904
38 119 156;0.0665,1.000,-9.904
87 109 119 156;0.0665,1.000,-9.904
67 109 119 156;0.0665,1.000,-9.904
57 109 119 156;0.0665,1.000,-9.904
20 109 119 156;0.0665,1.000,-9.904
48 109 119 156;0.0665,1.000,-9.904
20 139 148 156;0.0665,1.000,-9.904
50 67 90 150 156;0.0665,1.000,-9.904
38 60 67 90 156;0.0665,1.000,-9.904
57 77 97 106 116 156;0.1772,0.836,-9.708
48 90 156;0.1044,0.917,-9.691
23 80 156;0.1044,0.917,-9.691
89 157;0.0411,0.867,-9.691
38 67 87 106 116 156;0.1519,0.857,-9.656
38 67 97 136 145 156;0.1519,0.857,-9.656
38 67 87 116 145 156;0.1424,0.865,-9.567
67 80 156;0.1139,0.900,-9.555
38 67 90 156;0.0918,0.935,-9.510
70 100 156;0.0791,0.962,-9.506
18 55 156;0.0791,0.962,-9.506
77 90 100 156;0.0791,0.962,-9.506
67 77 90 156;0.0791,0.962,-9.506
67 139 148 156;0.0633,1.000,-9.412
48 67 139 156;0.0633,1.000,-9.412
60 67 90 150 156;0.0633,1.000,-9.412
20 67 87 156;0.2405,0.792,-9.373
80 156;0.1487,0.855,-9.275
38 67 116 136 145 156;0.1487,0.855,-9.275
41 70 156;0.1013,0.914,-9.264
67 90 156;0.1013,0.914,-9.264
20 57 90 156;0.1013,0.914,-9.264
20 23 57 156;0.1392,0.863,-9.181
20 23 150 156;0.1392,0.863,-9.181
55 156;0.1646,0.839,-9.174
57 77 106 116 156;0.1804,0.826,-9.167
57 67 97 116 156;0.1804,0.826,-9.167
38 48 60 156;0.1108,0.897,-9.143
38 57 156;0.3449,0.747,-9.110
48 60 156;0.1203,0.884,-9.103
50 57 150 156;0.0886,0.933,-9.070
20 48 148 156;0.0886,0.933,-9.070
38 48 97 106 136 156;0.1551,0.845,-9.026
38 48 77 97 106 156;0.1551,0.845,-9.026
79 157;0.0475,0.789,-9.012
38 48 136 145 154 156;0.1709,0.831,-8.981
53 157;0.1171,0.569,-8.977
87 139 148 156;0.0601,1.000,-8.922
67 97 139 156;0.0601,1.000,-8.922
41 57 90 156;0.0601,1.000,-8.922
41 90 150 156;0.0601,1.000,-8.922
20 70 156;0.1456,0.852,-8.899
38 48 106 116 136 156;0.1456,0.852,-8.899
38 67 87 136 145 156;0.1456,0.852,-8.899
20 57 67 156;0.3006,0.760,-8.865
20 48 67 156;0.3006,0.760,-8.865
67 77 156;0.2753,0.770,-8.850
38 87 106 116 156;0.1614,0.836,-8.811
38 48 87 106 156;0.1614,0.836,-8.811
38 67 136 145 156;0.1614,0.836,-8.811
50 57 156;0.1076,0.895,-8.735
18 156;0.1266,0.870,-8.732
38 48 77 156;0.2342,0.787,-8.703
90 100 156;0.0854,0.931,-8.634
48 67 109 156;0.0854,0.931,-8.634
20 48 109 156;0.0854,0.931,-8.634
20 57 60 150 156;0.0854,0.931,-8.634
48 77 106 116 156;0.1677,0.828,-8.625
38 48 106 116 156;0.1677,0.828,-8.625
38 60 67 156;0.0728,0.958,-8.589
38 48 116 136 145 156;0.1424,0.849,-8.529
57 87 97 106 116 156;0.1741,0.821,-8.463
67 87 116 145 154 156;0.1582,0.833,-8.453
87 119 139 156;0.0570,1.000,-8.435
97 119 139 156;0.0570,1.000,-8.435
67 119 139 156;0.0570,1.000,-8.435
57 119 139 156;0.0570,1.000,-8.435
20 119 139 156;0.0570,1.000,-8.435
48 119 139 156;0.0570,1.000,-8.435
97 109 119 156;0.0570,1.000,-8.435
87 119 148 156;0.0570,1.000,-8.435
97 119 148 156;0.0570,1.000,-8.435
67 119 148 156;0.0570,1.000,-8.435
57 119 148 156;0.0570,1.000,-8.435
20 119 148 156;0.0570,1.000,-8.435
48 119 148 156;0.0570,1.000,-8.435
77 139 148 156;0.0570,1.000,-8.435
38 50 156;0.0949,0.909,-8.426
23 57 67 150 156;0.0949,0.909,-8.426
57 67 156;0.3323,0.745,-8.412
49 157;0.0411,0.812,-8.392
23 57 150 156;0.1234,0.867,-8.350
23 38 150 156;0.1234,0.867,-8.350
20 90 156;0.1044,0.892,-8.333
38 48 136 145 156;0.1804,0.814,-8.323
20 57 60 156;0.1139,0.878,-8.315
38 48 156;0.3544,0.737,-8.312
27 156;0.1487,0.839,-8.299
23 57 156;0.1487,0.839,-8.299
23 38 156;0.1487,0.839,-8.299
38 67 116 145 154 156;0.1487,0.839,-8.299
38 77 106 116 156;0.1646,0.825,-8.275
67 87 116 145 156;0.1646,0.825,-8.275
38 77 100 156;0.0823,0.929,-8.203
87 119 156;0.0696,0.957,-8.136
67 119 156;0.0696,0.957,-8.136
57 119 156;0.0696,0.957,-8.136
20 119 156;0.0696,0.957,-8.136
48 119 156;0.0696,0.957,-8.136
38 60 90 156;0.0696,0.957,-8.136
48 77 97 106 156;0.1709,0.818,-8.120
38 67 116 145 156;0.1551,0.831,-8.101
48 67 87 106 116 156;0.1551,0.831,-8.101
57 97 106 116 156;0.1930,0.803,-8.094
57 87 106 116 156;0.1772,0.812,-7.986
119 129 156;0.0538,1.000,-7.949
97 129 156;0.0538,1.000,-7.949
32 41 156;0.0538,1.000,-7.949
48 87 129 156;0.0538,1.000,-7.949
38 109 148 156;0.0538,1.000,-7.949
48 109 148 156;0.0538,1.000,-7.949
97 109 139 148 156;0.0538,1.000,-7.949
57 109 139 148 156;0.0538,1.000,-7.949
38 97 109 139 156;0.0538,1.000,-7.949
20 97 109 139 156;0.0538,1.000,-7.949
87 97 106 139 156;0.0538,1.000,-7.949
48 87 106 139 156;0.0538,1.000,-7.949
20 97 106 139 156;0.0538,1.000,-7.949
20 48 106 139 156;0.0538,1.000,-7.949
38 67 106 116 136 156;0.1456,0.836,-7.944
41 57 156;0.1013,0.889,-7.935
20 23 156;0.1614,0.823,-7.930
38 60 156;0.1108,0.875,-7.929
20 48 156;0.3608,0.731,-7.818
67 87 106 116 156;0.1677,0.815,-7.783
60 90 156;0.0791,0.926,-7.776
57 77 90 156;0.0791,0.926,-7.776
57 77 97 106 156;0.1899,0.800,-7.767
23 150 156;0.1519,0.828,-7.755
38 67 87 145 156;0.1519,0.828,-7.755
109 119 156;0.0665,0.955,-7.686
48 139 148 156;0.0665,0.955,-7.686
50 90 150 156;0.0665,0.955,-7.686
48 87 106 156;0.1962,0.795,-7.678
38 67 100 156;0.0886,0.903,-7.606
57 77 156;0.2816,0.754,-7.604
20 60 156;0.1171,0.860,-7.602
38 87 106 136 145 156;0.1424,0.833,-7.595
38 106 116 136 156;0.1582,0.820,-7.592
77 97 106 116 156;0.1804,0.803,-7.543
129 148 156;0.0506,1.000,-7.466
48 129 139 156;0.0506,1.000,-7.466
48 109 129 156;0.0506,1.000,-7.466
48 77 129 156;0.0506,1.000,-7.466
106 119 139 156;0.0506,1.000,-7.466
106 119 148 156;0.0506,1.000,-7.466
116 139 148 156;0.0506,1.000,-7.466
23 67 100 156;0.0506,1.000,-7.466
77 97 106 139 156;0.0506,1.000,-7.466
48 77 106 139 156;0.0506,1.000,-7.466
38 77 97 106 156;0.1646,0.812,-7.451
70 156;0.1487,0.825,-7.414
57 87 97 116 145 154 156;0.1487,0.825,-7.414
48 67 87 156;0.2278,0.774,-7.393
48 67 156;0.3449,0.732,-7.392
77 106 116 156;0.1930,0.792,-7.362
59 157;0.0411,0.765,-7.321
48 77 106 145 156;0.1551,0.817,-7.259
57 87 116 145 154 156;0.1551,0.817,-7.259
57 87 97 116 154 156;0.1551,0.817,-7.259
67 139 156;0.0633,0.952,-7.241
57 139 148 156;0.0633,0.952,-7.241
48 87 148 156;0.0633,0.952,-7.241
38 87 97 148 156;0.0633,0.952,-7.241
38 67 97 148 156;0.0633,0.952,-7.241
23 156;0.1772,0.800,-7.223
93 157;0.0981,0.564,-7.220
50 60 150 156;0.0854,0.900,-7.204
48 77 100 156;0.0854,0.900,-7.204
57 60 150 156;0.0854,0.900,-7.204
38 90 156;0.0949,0.882,-7.157
57 87 116 154 156;0.1614,0.810,-7.125
38 106 136 145 156;0.1614,0.810,-7.125
38 87 106 145 156;0.1456,0.821,-7.079
87 106 116 156;0.1899,0.789,-7.051
48 77 106 156;0.1899,0.789,-7.051
100 129 156;0.0475,1.000,-6.984
90 119 156;0.0475,1.000,-6.984
109 116 156;0.0475,1.000,-6.984
32 48 154 156;0.0475,1.000,-6.984
106 116 139 156;0.0475,1.000,-6.984
106 109 139 148 156;0.0475,1.000,-6.984
97 106 109 139 156;0.0475,1.000,-6.984
48 106 109 139 156;0.0475,1.000,-6.984
50 67 100 150 156;0.0475,1.000,-6.984
20 97 100 148 156;0.0475,1.000,-6.984
57 106 116 156;0.1962,0.785,-6.983
38 77 116 145 156;0.1519,0.814,-6.932
38 67 87 97 116 156;0.1519,0.814,-6.932
38 67 97 106 136 156;0.1519,0.814,-6.932
36 150 156;0.1361,0.827,-6.913
38 67 97 136 156;0.1741,0.797,-6.908
38 67 109 156;0.0823,0.897,-6.808
38 116 136 145 156;0.1582,0.806,-6.804
67 87 106 145 154 156;0.1582,0.806,-6.804
57 90 156;0.1013,0.865,-6.804
50 60 156;0.1013,0.865,-6.804
32 48 156;0.0601,0.950,-6.799
97 119 156;0.0601,0.950,-6.799
90 109 156;0.0601,0.950,-6.799
41 90 156;0.0601,0.950,-6.799
97 139 148 156;0.0601,0.950,-6.799
38 139 148 156;0.0601,0.950,-6.799
20 97 139 156;0.0601,0.950,-6.799
48 116 148 156;0.0601,0.950,-6.799
48 77 148 156;0.0601,0.950,-6.799
38 87 97 139 156;0.0601,0.950,-6.799
38 77 97 148 156;0.0601,0.950,-6.799
48 148 156;0.0918,0.879,-6.775
20 67 100 156;0.0918,0.879,-6.775
38 87 116 145 154 156;0.1424,0.818,-6.750
38 77 156;0.2722,0.748,-6.733
38 67 106 116 156;0.1646,0.800,-6.695
67 87 106 145 156;0.1646,0.800,-6.695
57 60 156;0.1171,0.841,-6.631
38 87 116 145 156;0.1487,0.810,-6.610
38 67 87 97 106 156;0.1487,0.810,-6.610
119 156;0.0696,0.917,-6.525
38 97 148 156;0.0696,0.917,-6.525
60 67 150 156;0.0696,0.917,-6.525
50 156;0.1076,0.850,-6.521
38 87 106 156;0.1772,0.789,-6.518
48 77 87 156;0.2184,0.767,-6.510
41 100 156;0.0443,1.000,-6.505
32 60 154 156;0.0443,1.000,-6.505
87 100 148 156;0.0443,1.000,-6.505
67 97 100 148 156;0.0443,1.000,-6.505
67 97 116 145 154 156;0.1551,0.803,-6.490
38 106 116 156;0.1835,0.784,-6.448
57 87 97 116 156;0.1835,0.784,-6.448
38 136 145 154 156;0.1835,0.784,-6.448
44 157;0.1171,0.521,-6.447
46 150 156;0.1392,0.815,-6.427
77 90 156;0.0791,0.893,-6.417
38 41 156;0.0886,0.875,-6.400
38 67 156;0.3165,0.730,-6.396
67 87 145 156;0.1899,0.779,-6.387
20 67 156;0.3449,0.722,-6.368
60 77 100 156;0.0570,0.947,-6.362
60 67 100 156;0.0570,0.947,-6.362
57 87 97 106 156;0.1962,0.775,-6.336
87 116 145 154 156;0.1677,0.791,-6.298
67 116 145 154 156;0.1677,0.791,-6.298
57 97 116 154 156;0.1677,0.791,-6.298
65 156;0.2089,0.767,-6.257
57 87 106 156;0.2089,0.767,-6.257
48 63 157;0.0696,0.595,-6.184
41 156;0.1044,0.846,-6.173
20 57 87 156;0.2405,0.752,-6.167
118 150 157;0.0190,1.000,-6.150
60 72 157;0.0190,1.000,-6.150
80 106 150 157;0.0190,1.000,-6.150
70 97 154 157;0.0190,1.000,-6.150
70 77 121 136 157;0.0190,1.000,-6.150
139 148 156;0.0665,0.913,-6.117
20 139 156;0.0665,0.913,-6.117
20 97 148 156;0.0665,0.913,-6.117
87 106 145 156;0.1867,0.776,-6.099
38 97 116 145 156;0.1582,0.794,-6.085
77 97 106 156;0.1930,0.772,-6.051
40 157;0.0285,0.818,-6.040
65 97 154 157;0.0285,0.818,-6.040
67 109 156;0.0854,0.871,-6.031
77 100 156;0.0854,0.871,-6.031
60 150 156;0.0854,0.871,-6.031
48 77 109 156;0.0854,0.871,-6.031
19 156;0.0411,1.000,-6.028
5 77 116 156;0.0411,1.000,-6.028
38 136 145 156;0.1994,0.768,-6.011
38 97 106 136 156;0.1646,0.788,-6.001
48 77 97 116 145 156;0.1424,0.804,-5.986
57 97 116 156;0.2057,0.765,-5.978
83 157;0.0981,0.534,-5.962
48 77 156;0.2753,0.737,-5.949
57 87 156;0.2690,0.739,-5.931
48 87 145 156;0.1709,0.783,-5.929
48 97 106 136 156;0.1709,0.783,-5.929
87 129 156;0.0538,0.944,-5.929
48 129 156;0.0538,0.944,-5.929
97 109 139 156;0.0538,0.944,-5.929
38 109 139 156;0.0538,0.944,-5.929
48 109 139 156;0.0538,0.944,-5.929
87 106 139 156;0.0538,0.944,-5.929
97 106 139 156;0.0538,0.944,-5.929
48 106 139 156;0.0538,0.944,-5.929
87 109 148 156;0.0538,0.944,-5.929
97 109 148 156;0.0538,0.944,-5.929
57 109 148 156;0.0538,0.944,-5.929
20 109 148 156;0.0538,0.944,-5.929
106 116 148 156;0.0538,0.944,-5.929
97 116 148 156;0.0538,0.944,-5.929
57 116 154 156;0.1772,0.778,-5.868
65 97 136 145 157;0.0316,0.769,-5.831
48 106 116 156;0.1835,0.773,-5.816
38 106 136 156;0.1835,0.773,-5.816
20 57 156;0.3608,0.712,-5.810
48 136 145 154 156;0.1899,0.769,-5.772
77 87 106 156;0.1962,0.765,-5.735
38 100 156;0.0918,0.853,-5.732
87 97 148 156;0.0633,0.909,-5.716
38 87 148 156;0.0633,0.909,-5.716
67 97 148 156;0.0633,0.909,-5.716
67 87 100 156;0.0633,0.909,-5.716
67 97 116 145 156;0.1614,0.785,-5.711
67 97 136 145 156;0.1614,0.785,-5.711
60 67 156;0.0823,0.867,-5.667
20 77 109 156;0.0823,0.867,-5.667
20 87 109 156;0.0728,0.885,-5.652
48 87 109 156;0.0728,0.885,-5.652
38 116 145 156;0.1677,0.779,-5.644
67 87 97 116 156;0.1677,0.779,-5.644
67 106 136 145 156;0.1677,0.779,-5.644
87 106 156;0.2278,0.750,-5.639
65 97 136 157;0.0411,0.684,-5.638
67 136 145 154 156;0.1741,0.775,-5.587
37 156;0.0380,1.000,-5.553
116 129 156;0.0380,1.000,-5.553
5 38 116 156;0.0380,1.000,-5.553
90 97 148 156;0.0380,1.000,-5.553
67 116 145 156;0.1804,0.770,-5.539
129 139 156;0.0506,0.941,-5.501
109 129 156;0.0506,0.941,-5.501
77 129 156;0.0506,0.941,-5.501
116 139 156;0.0506,0.941,-5.501
5 116 156;0.0506,0.941,-5.501
77 106 139 156;0.0506,0.941,-5.501
77 109 148 156;0.0506,0.941,-5.501
38 87 97 145 156;0.1519,0.787,-5.499
20 77 156;0.2816,0.730,-5.483
118 157;0.0222,0.875,-5.480
57 156;0.4209,0.696,-5.442
67 87 156;0.2627,0.735,-5.419
48 109 156;0.0886,0.848,-5.387
38 148 156;0.0886,0.848,-5.387
20 148 156;0.0886,0.848,-5.387
48 97 106 156;0.2247,0.747,-5.381
48 145 154 156;0.2247,0.747,-5.381
38 87 145 156;0.1646,0.776,-5.365
48 106 136 145 156;0.1646,0.776,-5.365
32 156;0.0601,0.905,-5.320
116 148 156;0.0601,0.905,-5.320
87 97 139 156;0.0601,0.905,-5.320
38 87 139 156;0.0601,0.905,-5.320
48 87 139 156;0.0601,0.905,-5.320
38 97 139 156;0.0601,0.905,-5.320
77 97 148 156;0.0601,0.905,-5.320
60 156;0.1203,0.809,-5.315
90 156;0.1044,0.825,-5.303
97 148 156;0.0696,0.880,-5.278
38 87 109 156;0.0696,0.880,-5.278
77 106 145 156;0.1772,0.767,-5.268
20 156;0.4494,0.689,-5.244
67 136 145 156;0.1835,0.763,-5.231
77 97 116 145 154 156;0.1487,0.783,-5.216
48 106 136 156;0.1899,0.759,-5.201
69 157;0.0253,0.800,-5.177
20 65 87 116 136 157;0.0253,0.800,-5.177
67 100 156;0.0949,0.833,-5.166
72 100 157;0.0158,1.000,-5.110
82 100 157;0.0158,1.000,-5.110
60 82 157;0.0158,1.000,-5.110
106 109 150 157;0.0158,1.000,-5.110
43 100 121 157;0.0158,1.000,-5.110
43 100 150 157;0.0158,1.000,-5.110
70 106 154 157;0.0158,1.000,-5.110
70 106 150 157;0.0158,1.000,-5.110
70 97 145 157;0.0158,1.000,-5.110
70 87 154 157;0.0158,1.000,-5.110
70 77 136 154 157;0.0158,1.000,-5.110
34 70 121 136 157;0.0158,1.000,-5.110
77 116 145 154 156;0.1614,0.773,-5.092
139 145 156;0.0348,1.000,-5.079
5 87 145 156;0.0348,1.000,-5.079
73 83 87 156;0.0348,1.000,-5.079
73 77 87 156;0.0348,1.000,-5.079
67 83 106 150 154 156;0.0348,1.000,-5.079
106 109 139 156;0.0475,0.938,-5.078
106 109 148 156;0.0475,0.938,-5.078
77 97 116 145 156;0.1677,0.768,-5.044
73 157;0.1013,0.508,-5.025
65 87 116 136 157;0.0285,0.750,-5.024
77 97 139 156;0.0570,0.900,-4.930
97 106 116 156;0.1994,0.750,-4.905
38 97 106 156;0.2120,0.744,-4.885
87 97 116 145 156;0.1646,0.765,-4.782
38 109 156;0.0823,0.839,-4.718
38 106 145 156;0.1772,0.757,-4.716
48 87 156;0.2532,0.727,-4.696
48 100 156;0.0981,0.816,-4.679
5 87 156;0.0443,0.933,-4.660
87 100 139 156;0.0443,0.933,-4.660
36 156;0.1487,0.770,-4.612
67 106 116 136 156;0.1487,0.770,-4.612
38 156;0.4209,0.689,-4.611
67 83 136 154 156;0.0316,1.000,-4.608
44 106 136 150 156;0.0316,1.000,-4.608
82 109 157;0.0190,0.857,-4.562
109 150 154 157;0.0190,0.857,-4.562
34 100 111 157;0.0190,0.857,-4.562
70 77 136 157;0.0190,0.857,-4.562
29 65 97 145 157;0.0190,0.857,-4.562
11 20 38 46 57 157;0.0190,0.857,-4.562
87 148 156;0.0633,0.870,-4.551
129 156;0.0538,0.895,-4.546
106 139 156;0.0538,0.895,-4.546
109 148 156;0.0538,0.895,-4.546
83 87 156;0.0538,0.895,-4.546
87 109 139 156;0.0538,0.895,-4.546
77 106 148 156;0.0538,0.895,-4.546
77 87 116 154 156;0.1614,0.761,-4.526
77 87 116 145 156;0.1677,0.757,-4.494
77 87 145 154 156;0.1677,0.757,-4.494
67 106 116 156;0.1804,0.750,-4.447
87 116 145 156;0.1804,0.750,-4.447
77 97 116 156;0.1930,0.744,-4.419
77 106 156;0.2184,0.734,-4.410
48 136 145 156;0.2057,0.739,-4.407
106 116 156;0.2120,0.736,-4.407
65 87 136 145 157;0.0222,0.778,-4.340
11 46 57 77 136 157;0.0222,0.778,-4.340
20 57 65 87 136 157;0.0222,0.778,-4.340
11 20 46 57 121 136 157;0.0222,0.778,-4.340
20 65 97 157;0.0380,0.632,-4.309
97 116 145 154 156;0.1646,0.754,-4.248
20 65 87 116 157;0.0253,0.727,-4.244
65 77 136 145 157;0.0253,0.727,-4.244
20 65 87 136 157;0.0253,0.727,-4.244
20 65 77 136 157;0.0253,0.727,-4.244
11 46 57 121 136 157;0.0253,0.727,-4.244
65 77 136 157;0.0316,0.667,-4.223
87 139 156;0.0601,0.864,-4.198
97 139 156;0.0601,0.864,-4.198
136 148 156;0.0601,0.864,-4.198
77 148 156;0.0601,0.864,-4.198
77 116 145 156;0.1835,0.744,-4.194
48 106 145 156;0.1899,0.741,-4.185
87 145 154 156;0.1899,0.741,-4.185
77 109 139 156;0.0506,0.889,-4.170
105 150 156;0.0285,1.000,-4.139
73 77 112 156;0.0285,1.000,-4.139
73 77 116 156;0.0285,1.000,-4.139
44 77 116 150 156;0.0285,1.000,-4.139
139 150 157;0.0127,1.000,-4.077
41 97 157;0.0127,1.000,-4.077
72 90 157;0.0127,1.000,-4.077
50 72 157;0.0127,1.000,-4.077
38 106 135 157;0.0127,1.000,-4.077
28 97 152 157;0.0127,1.000,-4.077
28 57 152 157;0.0127,1.000,-4.077
20 28 116 157;0.0127,1.000,-4.077
20 28 97 157;0.0127,1.000,-4.077
82 139 143 157;0.0127,1.000,-4.077
121 139 143 157;0.0127,1.000,-4.077
82 124 139 157;0.0127,1.000,-4.077
106 109 121 157;0.0127,1.000,-4.077
109 121 136 157;0.0127,1.000,-4.077
109 136 150 157;0.0127,1.000,-4.077
75 106 148 157;0.0127,1.000,-4.077
85 106 148 157;0.0127,1.000,-4.077
100 111 152 157;0.0127,1.000,-4.077
62 100 150 157;0.0127,1.000,-4.077
100 106 111 157;0.0127,1.000,-4.077
100 106 121 157;0.0127,1.000,-4.077
100 136 150 157;0.0127,1.000,-4.077
43 100 111 157;0.0127,1.000,-4.077
43 100 131 157;0.0127,1.000,-4.077
97 100 121 157;0.0127,1.000,-4.077
60 87 145 157;0.0127,1.000,-4.077
60 97 145 157;0.0127,1.000,-4.077
60 87 136 157;0.0127,1.000,-4.077
60 77 136 157;0.0127,1.000,-4.077
60 97 136 157;0.0127,1.000,-4.077
60 87 154 157;0.0127,1.000,-4.077
60 97 154 157;0.0127,1.000,-4.077
80 106 121 157;0.0127,1.000,-4.077
80 102 106 157;0.0127,1.000,-4.077
65 70 97 157;0.0127,1.000,-4.077
70 106 145 157;0.0127,1.000,-4.077
70 106 121 157;0.0127,1.000,-4.077
70 106 141 157;0.0127,1.000,-4.077
70 97 121 157;0.0127,1.000,-4.077
34 57 121 139 157;0.0127,1.000,-4.077
34 121 124 139 157;0.0127,1.000,-4.077
70 109 136 154 157;0.0127,1.000,-4.077
34 70 109 154 157;0.0127,1.000,-4.077
34 109 121 154 157;0.0127,1.000,-4.077
72 106 134 148 157;0.0127,1.000,-4.077
106 121 134 148 157;0.0127,1.000,-4.077
106 121 124 148 157;0.0127,1.000,-4.077
70 87 121 136 157;0.0127,1.000,-4.077
34 70 136 154 157;0.0127,1.000,-4.077
34 70 77 154 157;0.0127,1.000,-4.077
34 70 124 136 150 157;0.0127,1.000,-4.077
29 46 57 95 121 157;0.0127,1.000,-4.077
57 65 82 97 104 157;0.0127,1.000,-4.077
57 65 87 104 136 157;0.0127,1.000,-4.077
29 38 65 77 145 157;0.0127,1.000,-4.077
87 104 116 136 152 157;0.0127,1.000,-4.077
104 116 136 150 152 157;0.0127,1.000,-4.077
48 87 104 136 143 157;0.0127,1.000,-4.077
20 77 106 114 150 157;0.0127,1.000,-4.077
11 38 46 57 77 154 157;0.0127,1.000,-4.077
11 38 46 57 67 77 157;0.0127,1.000,-4.077
11 29 38 46 57 77 157;0.0127,1.000,-4.077
20 57 65 104 150 152 157;0.0127,1.000,-4.077
20 67 95 106 114 121 157;0.0127,1.000,-4.077
20 57 95 106 114 121 157;0.0127,1.000,-4.077
38 67 87 136 143 150 157;0.0127,1.000,-4.077
38 67 77 106 114 150 157;0.0127,1.000,-4.077
38 57 77 106 114 150 157;0.0127,1.000,-4.077
48 97 116 145 156;0.1551,0.754,-4.034
67 97 106 136 156;0.1614,0.750,-4.009
77 156;0.3418,0.697,-3.992
48 116 145 156;0.1677,0.746,-3.989
136 145 154 156;0.2120,0.728,-3.962
67 97 116 156;0.1867,0.738,-3.957
106 136 145 156;0.1867,0.738,-3.957
48 139 156;0.0665,0.840,-3.951
46 156;0.1456,0.754,-3.823
100 148 156;0.0475,0.882,-3.800
67 97 106 145 154 156;0.1582,0.746,-3.776
87 109 156;0.0728,0.821,-3.767
67 145 154 156;0.2089,0.725,-3.748
116 145 154 156;0.1772,0.737,-3.740
67 116 154 156;0.1772,0.737,-3.740
97 116 145 156;0.1835,0.734,-3.736
67 106 136 156;0.1835,0.734,-3.736
67 97 136 156;0.1835,0.734,-3.736
63 157;0.0918,0.483,-3.709
150 153 156;0.0253,1.000,-3.671
86 150 156;0.0253,1.000,-3.671
66 150 156;0.0253,1.000,-3.671
63 83 106 136 156;0.0253,1.000,-3.671
63 67 83 136 156;0.0253,1.000,-3.671
83 97 116 154 156;0.0253,1.000,-3.671
83 116 150 154 156;0.0253,1.000,-3.671
67 83 97 106 154 156;0.0253,1.000,-3.671
97 109 150 157;0.0158,0.833,-3.668
106 121 148 157;0.0158,0.833,-3.668
57 100 111 157;0.0158,0.833,-3.668
100 111 121 157;0.0158,0.833,-3.668
100 111 124 157;0.0158,0.833,-3.668
70 106 136 157;0.0158,0.833,-3.668
70 97 136 157;0.0158,0.833,-3.668
34 70 154 157;0.0158,0.833,-3.668
46 65 136 157;0.0158,0.833,-3.668
34 70 124 136 157;0.0158,0.833,-3.668
65 116 145 154 157;0.0158,0.833,-3.668
20 65 116 154 157;0.0158,0.833,-3.668
65 106 145 154 157;0.0158,0.833,-3.668
65 77 145 154 157;0.0158,0.833,-3.668
29 65 77 145 157;0.0158,0.833,-3.668
11 38 46 57 154 157;0.0158,0.833,-3.668
36 57 77 97 136 157;0.0158,0.833,-3.668
87 116 136 150 152 157;0.0158,0.833,-3.668
38 87 136 143 150 157;0.0158,0.833,-3.668
11 20 46 97 116 136 157;0.0158,0.833,-3.668
11 20 46 87 97 136 157;0.0158,0.833,-3.668
11 20 46 57 97 136 157;0.0158,0.833,-3.668
11 38 46 57 77 87 157;0.0158,0.833,-3.668
87 100 156;0.0633,0.833,-3.630
148 156;0.1013,0.780,-3.614
65 136 145 150 157;0.0316,0.625,-3.613
11 20 46 57 121 157;0.0316,0.625,-3.613
20 65 116 136 157;0.0285,0.643,-3.553
87 145 156;0.2120,0.720,-3.550
100 111 157;0.0190,0.750,-3.532
65 116 154 157;0.0190,0.750,-3.532
65 106 154 157;0.0190,0.750,-3.532
65 87 136 154 157;0.0190,0.750,-3.532
11 46 57 97 136 157;0.0190,0.750,-3.532
11 20 65 87 145 157;0.0190,0.750,-3.532
11 20 46 57 116 136 157;0.0190,0.750,-3.532
67 97 106 145 156;0.1677,0.736,-3.528
67 97 145 156;0.1867,0.728,-3.522
109 139 156;0.0538,0.850,-3.515
46 57 121 136 157;0.0253,0.667,-3.510
11 46 57 136 157;0.0253,0.667,-3.510
65 116 136 145 157;0.0253,0.667,-3.510
57 65 87 136 157;0.0253,0.667,-3.510
46 57 77 136 157;0.0222,0.700,-3.497
11 38 46 57 157;0.0222,0.700,-3.497
65 87 116 145 157;0.0222,0.700,-3.497
11 20 46 77 87 136 157;0.0222,0.700,-3.497
56 150 156;0.0348,0.917,-3.441
67 83 136 156;0.0348,0.917,-3.441
63 106 136 156;0.0348,0.917,-3.441
67 83 106 154 156;0.0348,0.917,-3.441
100 139 156;0.0443,0.875,-3.438
67 145 156;0.2278,0.713,-3.395
67 156;0.3924,0.681,-3.387
5 156;0.0759,0.800,-3.341
48 106 156;0.2500,0.705,-3.290
48 86 156;0.0222,1.000,-3.206
71 136 139 156;0.0222,1.000,-3.206
71 109 145 156;0.0222,1.000,-3.206
71 109 136 156;0.0222,1.000,-3.206
106 132 136 156;0.0222,1.000,-3.206
106 112 145 150 156;0.0222,1.000,-3.206
63 83 106 154 156;0.0222,1.000,-3.206
63 83 136 154 156;0.0222,1.000,-3.206
73 83 106 136 156;0.0222,1.000,-3.206
73 83 106 154 156;0.0222,1.000,-3.206
73 83 136 154 156;0.0222,1.000,-3.206
73 97 136 145 156;0.0222,1.000,-3.206
48 83 97 136 154 156;0.0222,1.000,-3.206
57 65 136 150 157;0.0348,0.579,-3.192
87 116 154 156;0.1741,0.724,-3.110
57 65 97 157;0.0443,0.538,-3.105
65 116 136 157;0.0316,0.588,-3.095
65 97 145 157;0.0316,0.588,-3.095
11 20 46 57 157;0.0316,0.588,-3.095
116 149 157;0.0095,1.000,-3.049
87 149 157;0.0095,1.000,-3.049
97 149 157;0.0095,1.000,-3.049
23 76 157;0.0095,1.000,-3.049
36 109 157;0.0095,1.000,-3.049
41 82 157;0.0095,1.000,-3.049
50 106 157;0.0095,1.000,-3.049
43 50 157;0.0095,1.000,-3.049
46 80 157;0.0095,1.000,-3.049
47 76 97 157;0.0095,1.000,-3.049
47 76 121 157;0.0095,1.000,-3.049
85 106 135 157;0.0095,1.000,-3.049
85 135 145 157;0.0095,1.000,-3.049
85 135 154 157;0.0095,1.000,-3.049
38 85 135 157;0.0095,1.000,-3.049
28 76 116 157;0.0095,1.000,-3.049
28 76 97 157;0.0095,1.000,-3.049
67 76 134 157;0.0095,1.000,-3.049
28 65 116 157;0.0095,1.000,-3.049
28 65 136 157;0.0095,1.000,-3.049
28 65 97 157;0.0095,1.000,-3.049
28 145 152 157;0.0095,1.000,-3.049
28 97 134 157;0.0095,1.000,-3.049
20 28 145 157;0.0095,1.000,-3.049
20 28 136 157;0.0095,1.000,-3.049
20 28 38 157;0.0095,1.000,-3.049
82 104 139 157;0.0095,1.000,-3.049
82 114 139 157;0.0095,1.000,-3.049
52 114 139 157;0.0095,1.000,-3.049
114 121 139 157;0.0095,1.000,-3.049
82 121 139 157;0.0095,1.000,-3.049
87 121 139 157;0.0095,1.000,-3.049
77 121 139 157;0.0095,1.000,-3.049
43 121 139 157;0.0095,1.000,-3.049
97 121 139 157;0.0095,1.000,-3.049
38 121 139 157;0.0095,1.000,-3.049
52 109 114 157;0.0095,1.000,-3.049
106 109 141 157;0.0095,1.000,-3.049
109 145 150 157;0.0095,1.000,-3.049
52 109 121 157;0.0095,1.000,-3.049
52 109 150 157;0.0095,1.000,-3.049
43 109 150 157;0.0095,1.000,-3.049
97 109 121 157;0.0095,1.000,-3.049
41 87 136 157;0.0095,1.000,-3.049
41 77 136 157;0.0095,1.000,-3.049
41 87 154 157;0.0095,1.000,-3.049
90 106 121 157;0.0095,1.000,-3.049
11 46 148 157;0.0095,1.000,-3.049
106 141 148 157;0.0095,1.000,-3.049
85 100 106 157;0.0095,1.000,-3.049
100 116 121 157;0.0095,1.000,-3.049
100 106 131 157;0.0095,1.000,-3.049
100 145 150 157;0.0095,1.000,-3.049
100 121 136 157;0.0095,1.000,-3.049
97 100 131 157;0.0095,1.000,-3.049
34 60 75 157;0.0095,1.000,-3.049
60 106 145 157;0.0095,1.000,-3.049
60 106 154 157;0.0095,1.000,-3.049
60 106 121 157;0.0095,1.000,-3.049
60 77 145 157;0.0095,1.000,-3.049
34 60 145 157;0.0095,1.000,-3.049
34 60 136 157;0.0095,1.000,-3.049
43 60 150 157;0.0095,1.000,-3.049
60 97 121 157;0.0095,1.000,-3.049
34 60 111 157;0.0095,1.000,-3.049
34 60 154 157;0.0095,1.000,-3.049
80 102 152 157;0.0095,1.000,-3.049
80 97 102 157;0.0095,1.000,-3.049
65 70 87 157;0.0095,1.000,-3.049
65 70 77 157;0.0095,1.000,-3.049
70 82 87 157;0.0095,1.000,-3.049
70 82 97 157;0.0095,1.000,-3.049
70 82 154 157;0.0095,1.000,-3.049
57 70 82 157;0.0095,1.000,-3.049
70 87 145 157;0.0095,1.000,-3.049
70 77 145 157;0.0095,1.000,-3.049
34 70 145 157;0.0095,1.000,-3.049
43 70 121 157;0.0095,1.000,-3.049
43 70 150 157;0.0095,1.000,-3.049
70 97 141 157;0.0095,1.000,-3.049
11 14 80 114 157;0.0095,1.000,-3.049
38 48 102 135 157;0.0095,1.000,-3.049
11 38 102 135 157;0.0095,1.000,-3.049
34 121 136 139 157;0.0095,1.000,-3.049
5 34 57 70 157;0.0095,1.000,-3.049
5 34 70 141 157;0.0095,1.000,-3.049
5 34 70 150 157;0.0095,1.000,-3.049
87 109 121 154 157;0.0095,1.000,-3.049
34 87 109 121 157;0.0095,1.000,-3.049
34 41 77 154 157;0.0095,1.000,-3.049
60 75 134 148 157;0.0095,1.000,-3.049
34 60 121 148 157;0.0095,1.000,-3.049
57 75 134 148 157;0.0095,1.000,-3.049
57 72 75 148 157;0.0095,1.000,-3.049
38 121 148 152 157;0.0095,1.000,-3.049
57 85 134 148 157;0.0095,1.000,-3.049
57 72 134 148 157;0.0095,1.000,-3.049
106 111 134 148 157;0.0095,1.000,-3.049
57 121 134 148 157;0.0095,1.000,-3.049
57 72 85 148 157;0.0095,1.000,-3.049
72 106 114 148 157;0.0095,1.000,-3.049
106 111 114 148 157;0.0095,1.000,-3.049
72 106 124 148 157;0.0095,1.000,-3.049
82 106 124 148 157;0.0095,1.000,-3.049
106 111 124 148 157;0.0095,1.000,-3.049
18 23 87 143 157;0.0095,1.000,-3.049
18 23 87 102 157;0.0095,1.000,-3.049
80 121 145 152 157;0.0095,1.000,-3.049
80 97 150 152 157;0.0095,1.000,-3.049
80 87 136 150 157;0.0095,1.000,-3.049
80 97 136 150 157;0.0095,1.000,-3.049
34 80 136 150 157;0.0095,1.000,-3.049
23 27 36 65 157;0.0095,1.000,-3.049
23 27 36 62 157;0.0095,1.000,-3.049
23 27 36 92 157;0.0095,1.000,-3.049
23 27 36 52 157;0.0095,1.000,-3.049
23 27 36 57 157;0.0095,1.000,-3.049
23 27 34 36 157;0.0095,1.000,-3.049
27 36 106 134 157;0.0095,1.000,-3.049
27 36 57 77 157;0.0095,1.000,-3.049
20 27 36 97 157;0.0095,1.000,-3.049
23 27 87 104 157;0.0095,1.000,-3.049
27 87 104 136 157;0.0095,1.000,-3.049
27 57 121 154 157;0.0095,1.000,-3.049
23 70 87 136 157;0.0095,1.000,-3.049
34 70 114 136 157;0.0095,1.000,-3.049
67 70 121 136 157;0.0095,1.000,-3.049
46 65 145 154 157;0.0095,1.000,-3.049
38 46 65 154 157;0.0095,1.000,-3.049
46 57 77 95 157;0.0095,1.000,-3.049
20 36 97 152 157;0.0095,1.000,-3.049
55 97 116 136 157;0.0095,1.000,-3.049
55 87 97 116 157;0.0095,1.000,-3.049
55 97 116 154 157;0.0095,1.000,-3.049
29 55 97 116 157;0.0095,1.000,-3.049
55 97 136 154 157;0.0095,1.000,-3.049
55 87 97 154 157;0.0095,1.000,-3.049
23 87 136 143 157;0.0095,1.000,-3.049
65 77 97 104 157;0.0095,1.000,-3.049
75 106 134 154 157;0.0095,1.000,-3.049
57 85 95 106 157;0.0095,1.000,-3.049
104 116 136 143 157;0.0095,1.000,-3.049
77 104 136 143 157;0.0095,1.000,-3.049
52 106 143 154 157;0.0095,1.000,-3.049
67 106 143 154 157;0.0095,1.000,-3.049
11 14 38 57 114 157;0.0095,1.000,-3.049
34 57 121 124 148 157;0.0095,1.000,-3.049
20 27 36 57 150 157;0.0095,1.000,-3.049
23 46 57 97 136 157;0.0095,1.000,-3.049
23 38 46 57 136 157;0.0095,1.000,-3.049
11 46 75 85 106 157;0.0095,1.000,-3.049
46 52 57 87 95 157;0.0095,1.000,-3.049
29 46 52 57 95 157;0.0095,1.000,-3.049
46 57 87 95 121 157;0.0095,1.000,-3.049
46 57 67 95 121 157;0.0095,1.000,-3.049
20 36 57 150 152 157;0.0095,1.000,-3.049
11 23 48 55 67 157;0.0095,1.000,-3.049
23 52 87 114 143 157;0.0095,1.000,-3.049
23 87 102 114 143 157;0.0095,1.000,-3.049
23 34 57 114 154 157;0.0095,1.000,-3.049
65 82 97 104 152 157;0.0095,1.000,-3.049
57 65 87 104 152 157;0.0095,1.000,-3.049
20 65 87 104 152 157;0.0095,1.000,-3.049
38 57 65 104 152 157;0.0095,1.000,-3.049
65 82 97 104 143 157;0.0095,1.000,-3.049
57 65 87 104 116 157;0.0095,1.000,-3.049
57 65 104 116 150 157;0.0095,1.000,-3.049
20 65 104 116 150 157;0.0095,1.000,-3.049
57 65 82 104 136 157;0.0095,1.000,-3.049
34 57 65 104 136 157;0.0095,1.000,-3.049
29 38 65 116 145 157;0.0095,1.000,-3.049
38 65 87 145 154 157;0.0095,1.000,-3.049
29 38 65 87 145 157;0.0095,1.000,-3.049
20 67 75 106 134 157;0.0095,1.000,-3.049
38 95 104 136 152 157;0.0095,1.000,-3.049
38 87 95 116 152 157;0.0095,1.000,-3.049
38 57 95 136 152 157;0.0095,1.000,-3.049
57 95 136 141 152 157;0.0095,1.000,-3.049
20 38 95 136 152 157;0.0095,1.000,-3.049
20 95 136 141 152 157;0.0095,1.000,-3.049
85 95 106 121 145 157;0.0095,1.000,-3.049
85 95 106 121 154 157;0.0095,1.000,-3.049
67 85 95 106 121 157;0.0095,1.000,-3.049
29 85 95 106 121 157;0.0095,1.000,-3.049
20 85 95 106 121 157;0.0095,1.000,-3.049
38 67 95 106 114 157;0.0095,1.000,-3.049
38 57 95 106 114 157;0.0095,1.000,-3.049
38 67 95 114 136 157;0.0095,1.000,-3.049
43 104 116 136 152 157;0.0095,1.000,-3.049
38 104 116 136 152 157;0.0095,1.000,-3.049
57 87 104 116 152 157;0.0095,1.000,-3.049
38 87 104 116 152 157;0.0095,1.000,-3.049
57 104 116 150 152 157;0.0095,1.000,-3.049
43 87 104 136 152 157;0.0095,1.000,-3.049
57 87 104 136 152 157;0.0095,1.000,-3.049
38 87 104 136 152 157;0.0095,1.000,-3.049
20 87 104 136 152 157;0.0095,1.000,-3.049
20 38 85 145 152 157;0.0095,1.000,-3.049
38 48 85 145 152 157;0.0095,1.000,-3.049
20 67 85 106 134 157;0.0095,1.000,-3.049
38 87 104 116 143 157;0.0095,1.000,-3.049
48 87 104 116 143 157;0.0095,1.000,-3.049
87 97 104 136 143 157;0.0095,1.000,-3.049
38 87 104 136 143 157;0.0095,1.000,-3.049
77 97 104 121 143 157;0.0095,1.000,-3.049
57 114 136 143 154 157;0.0095,1.000,-3.049
52 57 114 143 154 157;0.0095,1.000,-3.049
57 87 114 143 154 157;0.0095,1.000,-3.049
57 102 114 143 154 157;0.0095,1.000,-3.049
34 57 114 143 154 157;0.0095,1.000,-3.049
67 87 106 143 150 157;0.0095,1.000,-3.049
52 77 136 143 154 157;0.0095,1.000,-3.049
52 77 121 136 143 157;0.0095,1.000,-3.049
52 77 136 143 150 157;0.0095,1.000,-3.049
52 97 136 143 154 157;0.0095,1.000,-3.049
52 57 136 143 154 157;0.0095,1.000,-3.049
38 52 136 143 154 157;0.0095,1.000,-3.049
20 87 121 136 143 157;0.0095,1.000,-3.049
20 87 136 143 150 157;0.0095,1.000,-3.049
20 77 121 136 143 157;0.0095,1.000,-3.049
20 77 136 143 150 157;0.0095,1.000,-3.049
38 67 136 143 154 157;0.0095,1.000,-3.049
52 87 97 143 154 157;0.0095,1.000,-3.049
38 52 87 143 154 157;0.0095,1.000,-3.049
38 67 87 143 154 157;0.0095,1.000,-3.049
20 23 46 97 116 136 157;0.0095,1.000,-3.049
20 23 46 97 136 145 157;0.0095,1.000,-3.049
11 23 46 57 97 145 157;0.0095,1.000,-3.049
11 20 23 46 97 145 157;0.0095,1.000,-3.049
20 23 46 87 97 136 157;0.0095,1.000,-3.049
23 87 106 114 143 150 157;0.0095,1.000,-3.049
23 87 97 114 143 150 157;0.0095,1.000,-3.049
57 65 82 104 150 152 157;0.0095,1.000,-3.049
20 65 104 136 150 152 157;0.0095,1.000,-3.049
20 29 38 57 65 77 157;0.0095,1.000,-3.049
7 11 75 106 114 134 157;0.0095,1.000,-3.049
20 95 106 114 121 154 157;0.0095,1.000,-3.049
38 43 57 95 114 136 157;0.0095,1.000,-3.049
20 67 95 114 121 136 157;0.0095,1.000,-3.049
34 38 57 95 114 136 157;0.0095,1.000,-3.049
29 38 43 67 95 114 157;0.0095,1.000,-3.049
29 38 43 57 95 114 157;0.0095,1.000,-3.049
38 57 116 121 143 152 157;0.0095,1.000,-3.049
48 87 97 104 121 143 157;0.0095,1.000,-3.049
38 87 106 114 143 150 157;0.0095,1.000,-3.049
20 38 87 116 121 143 157;0.0095,1.000,-3.049
38 52 87 121 136 143 157;0.0095,1.000,-3.049
38 67 87 121 136 143 157;0.0095,1.000,-3.049
38 67 87 102 136 143 157;0.0095,1.000,-3.049
52 67 77 87 121 143 157;0.0095,1.000,-3.049
29 52 77 87 121 143 157;0.0095,1.000,-3.049
38 52 77 87 121 143 157;0.0095,1.000,-3.049
11 38 52 87 121 143 157;0.0095,1.000,-3.049
11 52 67 77 121 143 157;0.0095,1.000,-3.049
29 38 77 106 114 150 157;0.0095,1.000,-3.049
38 48 77 106 114 150 157;0.0095,1.000,-3.049
11 38 46 77 97 116 154 157;0.0095,1.000,-3.049
11 20 38 46 97 116 154 157;0.0095,1.000,-3.049
11 38 46 77 87 97 154 157;0.0095,1.000,-3.049
11 20 38 46 87 97 154 157;0.0095,1.000,-3.049
20 23 67 92 97 106 116 157;0.0095,1.000,-3.049
20 23 38 67 92 97 106 157;0.0095,1.000,-3.049
20 23 38 48 67 92 106 157;0.0095,1.000,-3.049
20 23 34 57 67 106 154 157;0.0095,1.000,-3.049
20 23 34 38 57 106 154 157;0.0095,1.000,-3.049
20 23 38 48 67 102 106 157;0.0095,1.000,-3.049
20 43 57 95 114 121 136 157;0.0095,1.000,-3.049
20 34 57 95 114 121 136 157;0.0095,1.000,-3.049
20 29 43 57 95 114 121 157;0.0095,1.000,-3.049
20 34 57 95 114 121 154 157;0.0095,1.000,-3.049
38 67 97 106 111 116 134 157;0.0095,1.000,-3.049
29 57 87 106 114 143 150 157;0.0095,1.000,-3.049
11 29 38 52 77 121 143 157;0.0095,1.000,-3.049
11 20 38 52 77 121 143 157;0.0095,1.000,-3.049
73 106 136 156;0.0316,0.909,-3.048
44 106 136 156;0.0316,0.909,-3.048
83 106 145 150 154 156;0.0316,0.909,-3.048
48 83 136 150 154 156;0.0316,0.909,-3.048
65 87 116 157;0.0285,0.600,-3.003
20 65 116 157;0.0285,0.600,-3.003
34 38 85 154 157;0.0285,0.600,-3.003
