1 7 16;0.0899,0.775,-563.323
3 10 11 17;0.0757,0.932,-553.369
3 11 17;0.0847,0.728,-516.633
10 11 17;0.0833,0.745,-513.804
1 3 16;0.0896,0.667,-492.183
4 7 10 15;0.0781,0.776,-473.428
11 17;0.0931,0.535,-471.737
2 7 13 22;0.0753,0.792,-471.094
7 10 15;0.0868,0.644,-470.645
1 8 13 19;0.0705,0.832,-470.011
2 3 13 22;0.0774,0.731,-456.181
5 10 21;0.0767,0.631,-441.748
2 5 9 20;0.0757,0.696,-428.041
5 9 20;0.0819,0.593,-420.511
4 7 14 15;0.0774,0.680,-416.345
3 10 17;0.0826,0.586,-415.365
1 4 13 19;0.0635,0.839,-414.494
1 8 19;0.0795,0.577,-411.887
2 13 22;0.0872,0.520,-411.167
4 7 15;0.0840,0.571,-403.728
7 14 15;0.0847,0.546,-393.489
1 4 19;0.0729,0.610,-378.862
1 16;0.0997,0.393,-376.333
2 3 7 9 22;0.0622,0.810,-375.120
2 7 9 22;0.0719,0.653,-373.299
2 3 7 22;0.0691,0.684,-368.549
8 13 19;0.0785,0.499,-357.698
3 6 8 9 12 14 18;0.0524,0.904,-344.353
5 20;0.0931,0.358,-342.105
3 8 9 14 18;0.0628,0.713,-341.002
3 9 14 18;0.0688,0.619,-338.580
3 7 16;0.0878,0.450,-336.706
3 6 8 12 14 18;0.0587,0.761,-332.364
2 4 6 9 24;0.0701,0.608,-328.315
4 6 8 10 23;0.0649,0.658,-327.464
7 9 16;0.0889,0.428,-327.262
4 6 9 14 24;0.0670,0.645,-326.097
7 13 22;0.0823,0.440,-321.890
4 13 19;0.0715,0.520,-321.729
2 3 8 9 18;0.0646,0.641,-321.614
7 13 16;0.0847,0.453,-318.796
3 6 12 14 18;0.0646,0.635,-318.691
3 13 22;0.0847,0.409,-316.378
3 8 9 18;0.0701,0.553,-315.377
3 8 12 14 18;0.0639,0.620,-307.482
2 3 6 8 12 18;0.0601,0.671,-304.968
3 6 8 12 18;0.0660,0.579,-302.115
3 12 14 18;0.0698,0.529,-300.714
2 3 8 12 18;0.0656,0.574,-297.755
3 8 12 18;0.0719,0.495,-295.302
1 13 19;0.0757,0.428,-294.986
6 8 10 12 23;0.0635,0.592,-289.392
1 19;0.0851,0.335,-287.583
5 21;0.0830,0.320,-286.583
3 13 16;0.0844,0.408,-285.136
3 14 17;0.0830,0.374,-277.425
2 7 15;0.0847,0.374,-275.305
4 6 10 15;0.0778,0.427,-274.074
13 22;0.0951,0.276,-268.461
7 9 22;0.0792,0.381,-262.450
6 10 12 15;0.0799,0.390,-260.490
3 8 17;0.0826,0.354,-259.687
3 7 22;0.0764,0.391,-254.422
6 8 10 17;0.0753,0.400,-253.037
4 9 14 24;0.0753,0.413,-250.510
4 6 9 24;0.0760,0.403,-247.633
2 4 9 24;0.0774,0.390,-246.212
7 16;0.0965,0.282,-243.274
2 3 9 22;0.0722,0.407,-242.756
2 7 22;0.0795,0.351,-242.372
4 6 10 23;0.0729,0.401,-241.241
8 10 12 21;0.0705,0.358,-237.173
3 8 18;0.0792,0.339,-235.292
3 14 18;0.0774,0.349,-234.045
4 10 15;0.0872,0.308,-233.443
4 8 10 23;0.0719,0.395,-232.508
4 8 10 21;0.0677,0.372,-231.182
7 15;0.0931,0.272,-229.460
10 12 15;0.0896,0.287,-226.275
2 3 9 18;0.0698,0.393,-225.744
3 9 16;0.0882,0.306,-223.030
2 3 12 22;0.0726,0.368,-219.755
6 9 14 18;0.0715,0.369,-218.591
8 10 12 23;0.0722,0.367,-216.287
6 8 10 23;0.0708,0.376,-215.518
2 6 9 14 24;0.0674,0.416,-214.593
13 16;0.0934,0.271,-214.035
6 9 14 24;0.0722,0.372,-209.998
6 10 15;0.0865,0.286,-209.333
2 3 12 18;0.0708,0.359,-209.333
2 4 6 8 24;0.0694,0.390,-208.722
2 6 8 9 24;0.0688,0.394,-208.355
4 9 24;0.0847,0.294,-206.510
2 6 8 9 18;0.0667,0.382,-204.787
4 6 8 9 19;0.0618,0.399,-203.348
6 10 17;0.0840,0.278,-202.166
10 15;0.0969,0.229,-200.461
6 10 12 23;0.0712,0.348,-199.309
7 22;0.0875,0.256,-198.254
2 3 17;0.0826,0.281,-197.941
13 19;0.0844,0.245,-197.113
2 4 9 20;0.0694,0.350,-197.035
2 4 6 8 23;0.0667,0.374,-196.151
4 6 8 14 24;0.0670,0.385,-195.605
8 10 21;0.0757,0.262,-190.797
3 12 16;0.0868,0.278,-189.788
4 6 8 14 23;0.0649,0.373,-188.243
4 10 23;0.0799,0.283,-187.194
8 10 17;0.0806,0.279,-186.942
4 6 9 19;0.0649,0.344,-186.127
4 10 21;0.0743,0.263,-184.838
8 10 23;0.0802,0.278,-184.373
10 12 21;0.0771,0.247,-183.942
2 3 22;0.0806,0.274,-183.571
3 9 22;0.0795,0.276,-181.480
9 14 24;0.0819,0.279,-181.121
4 9 14 20;0.0646,0.354,-179.140
4 6 14 15;0.0778,0.294,-178.308
9 14 18;0.0788,0.268,-175.450
2 6 9 22;0.0760,0.284,-174.129
3 16;0.0962,0.224,-172.502
2 3 18;0.0785,0.267,-172.398
3 17;0.0920,0.215,-171.360
4 6 8 24;0.0753,0.297,-170.410
6 10 23;0.0795,0.263,-168.552
3 9 18;0.0771,0.268,-167.917
2 6 9 24;0.0767,0.287,-167.549
6 8 9 19;0.0715,0.276,-166.919
4 8 9 19;0.0694,0.287,-166.829
3 12 22;0.0802,0.257,-166.579
2 4 6 24;0.0778,0.281,-166.570
2 8 9 24;0.0764,0.287,-166.408
4 6 8 23;0.0733,0.289,-165.867
2 4 6 15;0.0774,0.280,-165.355
10 17;0.0906,0.214,-163.589
10 12 23;0.0799,0.256,-163.409
2 8 9 18;0.0736,0.277,-161.936
6 8 9 24;0.0747,0.288,-160.849
3 12 18;0.0788,0.252,-160.793
6 8 9 18;0.0726,0.280,-160.701
4 6 14 24;0.0750,0.283,-158.383
4 9 19;0.0736,0.255,-157.904
10 21;0.0830,0.196,-157.300
2 6 9 18;0.0726,0.271,-153.845
4 9 20;0.0750,0.260,-153.219
4 6 14 23;0.0726,0.274,-151.895
2 4 6 23;0.0740,0.267,-151.182
10 23;0.0889,0.210,-150.481
3 22;0.0889,0.207,-148.955
2 8 9 20;0.0715,0.269,-148.178
8 9 19;0.0802,0.218,-147.927
9 14 20;0.0747,0.254,-147.024
6 8 12 14 18;0.0660,0.290,-144.183
2 9 24;0.0854,0.227,-143.551
4 6 8 19;0.0674,0.266,-143.346
2 6 8 12 18;0.0677,0.279,-142.341
3 18;0.0872,0.203,-141.428
4 6 24;0.0840,0.227,-138.030
8 9 24;0.0837,0.227,-137.191
2 9 22;0.0823,0.219,-136.535
4 6 15;0.0833,0.225,-134.923
4 6 23;0.0812,0.219,-131.897
8 9 18;0.0802,0.218,-131.677
6 8 12 14 23;0.0642,0.282,-130.103
6 12 14 15;0.0785,0.235,-129.070
2 6 8 12 24;0.0674,0.277,-128.865
2 4 8 24;0.0774,0.237,-127.169
6 8 12 19;0.0740,0.219,-126.392
2 9 20;0.0799,0.212,-125.095
2 9 18;0.0799,0.212,-125.095
4 8 14 24;0.0760,0.238,-123.509
2 6 8 12 23;0.0649,0.267,-122.175
6 8 12 14 24;0.0639,0.280,-121.044
2 4 8 23;0.0747,0.229,-120.346
6 8 14 17;0.0740,0.230,-119.680
4 8 14 23;0.0736,0.230,-118.585
2 4 8 21;0.0691,0.212,-118.383
4 14 15;0.0865,0.199,-116.694
6 8 14 18;0.0726,0.226,-115.763
6 8 12 18;0.0743,0.220,-115.365
8 9 20;0.0774,0.210,-114.958
2 6 8 18;0.0743,0.219,-114.737
4 8 14 21;0.0677,0.212,-114.006
2 6 8 24;0.0764,0.225,-113.277
2 4 15;0.0875,0.194,-113.104
2 6 8 17;0.0743,0.219,-110.703
4 8 24;0.0847,0.200,-110.624
6 8 14 23;0.0722,0.225,-109.991
2 4 24;0.0872,0.193,-109.732
4 14 24;0.0854,0.197,-109.328
6 12 14 18;0.0726,0.217,-107.787
6 9 22;0.0833,0.190,-107.457
2 6 8 23;0.0736,0.217,-106.924
4 8 23;0.0819,0.193,-105.706
6 8 14 24;0.0726,0.226,-103.691
6 14 15;0.0854,0.191,-103.255
6 8 17;0.0833,0.186,-101.419
2 4 8 20;0.0701,0.215,-99.499
6 14 17;0.0830,0.185,-99.482
6 9 16;0.0858,0.196,-99.421
6 8 12 24;0.0736,0.218,-99.233
4 14 23;0.0816,0.188,-98.795
6 12 14 23;0.0715,0.214,-98.568
4 8 19;0.0771,0.182,-97.501
4 8 21;0.0743,0.175,-97.463
4 24;0.0948,0.166,-97.128
9 16;0.0972,0.169,-96.801
6 8 12 23;0.0715,0.212,-96.622
4 6 12 19;0.0677,0.205,-95.138
6 8 18;0.0812,0.182,-94.760
4 6 19;0.0715,0.193,-94.076
6 9 24;0.0830,0.189,-93.756
6 9 18;0.0802,0.183,-93.694
2 4 23;0.0823,0.182,-93.664
2 4 21;0.0757,0.168,-92.565
6 8 19;0.0781,0.175,-92.016
2 8 12 21;0.0715,0.177,-91.543
8 12 19;0.0840,0.160,-90.796
8 12 14 21;0.0698,0.181,-90.471
4 15;0.0934,0.164,-90.148
6 12 14 24;0.0712,0.213,-89.208
4 14 21;0.0736,0.170,-89.120
6 8 24;0.0826,0.185,-87.429
6 14 23;0.0806,0.180,-86.610
6 8 23;0.0806,0.180,-86.610
6 14 18;0.0795,0.178,-85.671
9 24;0.0931,0.161,-84.299
2 6 12 22;0.0760,0.187,-84.254
4 8 14 20;0.0663,0.207,-84.229
4 23;0.0903,0.158,-83.919
2 4 20;0.0795,0.176,-83.773
9 22;0.0903,0.157,-83.216
6 9 12 19;0.0712,0.182,-82.708
6 9 19;0.0753,0.172,-81.754
8 12 14 23;0.0736,0.190,-81.704
2 6 14 24;0.0757,0.193,-81.151
4 8 20;0.0764,0.180,-81.068
2 8 12 18;0.0743,0.184,-80.404
8 12 14 18;0.0726,0.188,-80.358
12 14 15;0.0872,0.168,-79.546
2 6 12 15;0.0767,0.188,-79.211
6 14 24;0.0809,0.181,-79.022
2 6 12 18;0.0740,0.182,-77.193
2 8 12 24;0.0760,0.188,-76.805
9 18;0.0882,0.153,-75.833
9 19;0.0851,0.148,-75.639
2 8 12 23;0.0740,0.183,-75.223
4 21;0.0812,0.142,-75.028
2 8 12 20;0.0729,0.181,-74.005
8 14 23;0.0826,0.165,-73.687
8 12 14 24;0.0733,0.190,-72.607
2 8 23;0.0837,0.161,-70.712
2 6 12 24;0.0750,0.184,-70.661
2 8 24;0.0858,0.165,-70.645
8 14 21;0.0753,0.151,-70.577
4 14 20;0.0750,0.173,-70.387
2 8 21;0.0767,0.148,-70.170
2 6 22;0.0840,0.159,-70.152
8 14 18;0.0809,0.162,-69.786
8 12 14 20;0.0701,0.181,-69.451
4 20;0.0865,0.151,-68.782
2 8 18;0.0823,0.158,-68.561
8 12 21;0.0767,0.146,-68.225
2 6 17;0.0837,0.158,-67.402
8 19;0.0889,0.135,-67.191
9 20;0.0865,0.150,-66.787
8 14 24;0.0830,0.166,-65.982
12 14 21;0.0757,0.146,-65.921
2 6 12 23;0.0719,0.176,-64.720
2 6 24;0.0851,0.161,-64.159
14 15;0.0948,0.145,-63.442
8 12 18;0.0816,0.155,-63.363
4 19;0.0823,0.144,-63.057
8 14 17;0.0802,0.160,-62.643
12 14 23;0.0812,0.157,-60.672
2 6 18;0.0812,0.154,-60.656
2 6 15;0.0837,0.158,-59.171
8 12 20;0.0806,0.153,-58.802
2 6 23;0.0816,0.155,-58.166
8 12 24;0.0833,0.159,-57.937
8 12 23;0.0812,0.155,-57.846
8 23;0.0917,0.139,-57.844
2 8 20;0.0799,0.154,-57.753
14 23;0.0913,0.139,-56.819
8 18;0.0903,0.137,-56.368
12 14 18;0.0792,0.153,-55.745
12 14 24;0.0819,0.158,-55.129
12 14 20;0.0788,0.152,-54.332
8 24;0.0934,0.142,-54.251
2 8 17;0.0799,0.154,-54.031
14 17;0.0906,0.138,-53.406
8 21;0.0826,0.126,-52.502
14 24;0.0927,0.141,-51.729
14 21;0.0823,0.126,-51.398
8 14 20;0.0764,0.153,-50.721
2 12 21;0.0781,0.130,-49.162
8 17;0.0896,0.136,-47.891
2 12 15;0.0872,0.145,-47.887
14 18;0.0882,0.135,-47.192
8 20;0.0878,0.134,-45.013
6 12 22;0.0837,0.141,-44.739
6 12 18;0.0823,0.138,-42.278
6 12 19;0.0792,0.133,-41.660
6 12 15;0.0851,0.143,-41.655
2 12 20;0.0823,0.137,-40.696
14 20;0.0865,0.132,-39.945
2 12 22;0.0826,0.138,-39.273
2 12 24;0.0851,0.142,-39.181
6 17;0.0931,0.126,-37.353
2 24;0.0958,0.128,-36.250
6 22;0.0924,0.125,-35.580
2 21;0.0844,0.113,-34.731
2 12 18;0.0806,0.134,-34.634
2 12 23;0.0812,0.135,-33.721
6 12 16;0.0847,0.142,-33.204
2 15;0.0948,0.127,-33.097
2 23;0.0920,0.123,-31.246
2 20;0.0906,0.121,-30.331
2 22;0.0913,0.122,-29.666
6 12 24;0.0816,0.137,-29.554
6 18;0.0899,0.121,-29.271
6 12 23;0.0792,0.133,-28.711
2 18;0.0896,0.120,-26.446
2 17;0.0906,0.121,-26.081
6 15;0.0924,0.125,-25.758
6 16;0.0944,0.128,-24.256
6 23;0.0892,0.121,-22.959
6 24;0.0917,0.124,-22.629
12 19;0.0903,0.109,-22.323
6 19;0.0833,0.113,-18.756
12 15;0.0955,0.116,-14.857
12 21;0.0837,0.101,-13.207
12 20;0.0906,0.110,-11.537
12 22;0.0910,0.110,-10.209
12 18;0.0896,0.108,-9.129
12 16;0.0958,0.116,-9.065
12 24;0.0927,0.112,-7.626
12 23;0.0892,0.108,-6.229
