1 10 15 19 28 35 42;0.8839,0.945,-477.325
1 15 19 28 35 42;0.8839,0.945,-474.675
10 15 19 28 35 42;0.8839,0.944,-472.030
15 19 28 35 42;0.8839,0.944,-469.389
1 10 15 19 28 31 42;0.8835,0.944,-461.245
1 15 19 28 31 42;0.8835,0.944,-458.625
10 15 19 28 31 42;0.8835,0.943,-456.009
1 10 15 19 28 42;0.8839,0.943,-453.639
15 19 28 31 42;0.8835,0.943,-453.397
1 10 15 19 35 42;0.8849,0.942,-453.093
1 15 19 35 42;0.8849,0.942,-450.479
10 15 19 28 38 42;0.8839,0.942,-445.825
10 15 19 35 42;0.8849,0.942,-445.266
10 15 19 28 42;0.8839,0.942,-443.229
15 19 35 42;0.8849,0.941,-440.070
1 15 19 28 42;0.8839,0.942,-438.051
1 10 15 19 31 42;0.8845,0.941,-437.164
1 15 19 31 42;0.8845,0.941,-434.579
1 10 15 19 42;0.8849,0.941,-429.731
10 15 19 31 42;0.8845,0.941,-429.425
15 19 28 38 42;0.8839,0.941,-427.748
15 19 28 42;0.8839,0.941,-425.184
15 19 31 38 42;0.8845,0.940,-424.287
15 19 31 42;0.8845,0.940,-421.725
10 15 19 38 42;0.8849,0.940,-419.463
10 15 19 42;0.8849,0.940,-416.906
1 15 19 42;0.8849,0.939,-414.355
15 19 38 42;0.8849,0.938,-399.134
15 19 42;0.8849,0.938,-391.582
1 10 19 28 35 42;0.8861,0.936,-375.046
1 19 28 35 42;0.8861,0.935,-372.556
10 19 28 35 42;0.8861,0.935,-370.070
19 28 35 42;0.8861,0.935,-367.589
1 10 19 28 31 42;0.8857,0.935,-359.843
1 19 28 31 42;0.8857,0.934,-357.382
10 19 28 31 42;0.8857,0.934,-354.926
1 10 19 28 42;0.8861,0.934,-352.789
1 10 19 35 42;0.8871,0.933,-352.524
19 28 31 42;0.8857,0.934,-352.474
1 19 35 42;0.8871,0.933,-350.063
10 19 28 38 42;0.8861,0.933,-345.445
10 19 35 42;0.8871,0.933,-345.154
10 19 28 42;0.8861,0.933,-343.006
19 35 42;0.8871,0.932,-340.261
1 19 28 42;0.8861,0.933,-338.140
1 10 19 31 42;0.8867,0.932,-337.431
1 19 31 42;0.8867,0.932,-335.000
6 19 28 38 42;0.8697,0.938,-330.779
1 10 19 42;0.8871,0.932,-330.525
10 19 31 42;0.8867,0.932,-330.150
6 19 28 42;0.8697,0.938,-328.480
19 28 38 42;0.8861,0.932,-328.458
19 28 42;0.8861,0.932,-326.047
19 31 38 42;0.8867,0.931,-325.316
19 31 42;0.8867,0.931,-322.905
10 19 38 42;0.8871,0.931,-320.855
10 19 42;0.8871,0.931,-318.448
1 19 42;0.8871,0.930,-316.045
6 19 38 42;0.8707,0.936,-303.346
19 38 42;0.8871,0.929,-301.715
6 19 42;0.8707,0.935,-296.631
19 42;0.8871,0.929,-294.606
1 10 15 28 35 42;0.8946,0.919,-223.029
1 15 28 31 35 42;0.8942,0.919,-221.553
1 15 28 35 42;0.8946,0.918,-220.658
10 15 28 35 42;0.8946,0.918,-218.290
15 28 31 35 42;0.8942,0.918,-216.838
15 28 35 42;0.8946,0.918,-215.925
1 10 15 28 31 42;0.8942,0.918,-209.793
1 15 28 31 42;0.8942,0.918,-207.452
10 15 28 31 42;0.8942,0.917,-205.114
1 10 15 35 42;0.8957,0.916,-204.881
1 15 31 35 42;0.8952,0.916,-203.017
15 28 31 42;0.8942,0.917,-202.780
1 15 35 42;0.8957,0.916,-202.507
1 10 15 28 42;0.8946,0.917,-201.811
10 15 35 42;0.8957,0.916,-197.769
15 31 35 42;0.8952,0.916,-193.601
15 35 42;0.8957,0.915,-193.043
10 15 28 38 42;0.8946,0.916,-192.474
1 10 15 31 42;0.8952,0.916,-191.255
10 15 28 42;0.8946,0.916,-190.148
1 15 31 42;0.8952,0.915,-188.913
15 23 45;0.0110,0.587,-187.840
1 15 28 42;0.8946,0.916,-187.827
10 15 31 42;0.8952,0.915,-184.240
1 10 15 42;0.8957,0.915,-183.633
6 23 45;0.0110,0.535,-180.551
23 45;0.0110,0.529,-179.802
15 31 38 42;0.8952,0.915,-179.580
15 31 42;0.8952,0.914,-177.256
15 28 38 42;0.8946,0.915,-176.274
15 28 42;0.8946,0.915,-173.975
10 15 38 42;0.8957,0.914,-171.947
10 15 42;0.8957,0.913,-169.620
1 15 42;0.8957,0.913,-169.620
18 43;0.0128,0.900,-164.263
15 38 42;0.8957,0.912,-153.431
15 42;0.8957,0.912,-146.548
22 43;0.0077,0.760,-84.847
1 6 10 28 35 42;0.8804,0.910,-72.535
1 10 28 35 42;0.8969,0.905,-72.479
1 6 28 31 35 42;0.8800,0.910,-71.508
1 28 31 35 42;0.8965,0.905,-71.047
1 6 28 35 42;0.8804,0.910,-70.908
1 28 35 42;0.8969,0.904,-70.258
6 10 28 35 42;0.8804,0.909,-69.290
6 28 31 35 42;0.8800,0.909,-68.289
10 28 35 42;0.8969,0.904,-68.042
6 28 35 42;0.8804,0.909,-67.682
28 31 35 42;0.8965,0.904,-66.692
28 35 42;0.8969,0.904,-65.831
1 6 10 28 31 42;0.8800,0.909,-63.534
1 6 28 31 42;0.8800,0.909,-61.969
6 10 28 31 42;0.8800,0.908,-60.415
1 10 28 31 42;0.8965,0.904,-60.207
6 28 31 42;0.8800,0.908,-58.871
1 6 10 28 42;0.8804,0.908,-58.246
1 28 31 42;0.8965,0.904,-58.059
1 10 35 42;0.8979,0.902,-57.589
10 28 31 42;0.8965,0.903,-55.918
28 34 44;0.0022,0.846,-55.800
1 35 42;0.8979,0.902,-55.263
34 44;0.0022,0.786,-54.263
28 31 42;0.8965,0.903,-53.786
1 6 28 42;0.8804,0.908,-53.672
23 43;0.0081,0.392,-53.088
1 10 28 42;0.8969,0.903,-52.692
6 10 28 38 42;0.8804,0.907,-52.170
9 35 43;0.0065,0.500,-51.724
9 31 43;0.0065,0.500,-51.724
9 10 43;0.0065,0.500,-51.724
6 10 35 42;0.8814,0.907,-51.349
9 43;0.0065,0.492,-51.099
6 10 28 42;0.8804,0.907,-50.680
10 35 42;0.8979,0.902,-50.617
6 31 35 42;0.8810,0.907,-48.987
28 37 44;0.0018,1.000,-48.757
6 35 42;0.8814,0.907,-48.355
6 28 38 42;0.8804,0.907,-47.734
1 6 10 31 42;0.8810,0.907,-47.511
37 44;0.0018,0.900,-46.457
6 28 42;0.8804,0.907,-46.280
1 6 31 42;0.8810,0.906,-46.047
35 42;0.8979,0.902,-45.979
10 28 38 42;0.8969,0.902,-44.071
6 10 31 42;0.8810,0.906,-43.159
1 10 31 42;0.8975,0.902,-42.961
1 6 10 42;0.8814,0.906,-42.519
10 28 42;0.8969,0.902,-41.936
1 31 42;0.8975,0.902,-40.734
6 31 38 42;0.8810,0.906,-40.323
1 28 42;0.8969,0.902,-39.811
6 31 42;0.8810,0.905,-38.926
1 6 42;0.8814,0.905,-38.281
1 10 42;0.8979,0.901,-36.725
10 31 42;0.8975,0.901,-36.298
6 10 38 42;0.8814,0.905,-35.528
6 10 42;0.8814,0.905,-34.173
31 38 42;0.8975,0.901,-31.890
6 38 42;0.8814,0.904,-30.203
20 43;0.0032,0.593,-29.817
31 42;0.8975,0.901,-29.699
28 38 42;0.8969,0.901,-29.348
28 42;0.8969,0.901,-27.294
36 46;0.0016,0.800,-27.205
6 42;0.8814,0.904,-26.383
10 38 42;0.8979,0.900,-25.199
16 43;0.0020,0.769,-22.907
10 42;0.8979,0.900,-22.899
1 42;0.8979,0.900,-22.899
13 44;0.0008,1.000,-21.217
21 35 43;0.0028,0.350,-17.398
21 31 43;0.0028,0.350,-17.398
1 21 43;0.0028,0.350,-17.398
21 43;0.0028,0.341,-17.034
27 46;0.0010,0.556,-14.521
7 15 44;0.0006,0.750,-14.468
2 28 44;0.0006,0.750,-14.468
7 44;0.0006,0.600,-13.556
2 44;0.0006,0.600,-13.556
14 46;0.0006,1.000,-11.544
24 46;0.0008,0.444,-10.659
5 45;0.0004,1.000,-8.278
41 46;0.0004,1.000,-7.687
25 46;0.0004,1.000,-7.687
4 46;0.0004,1.000,-7.687
2 6 19 38 46;0.0004,1.000,-7.687
1 10 36 44;0.0004,0.286,-7.499
10 36 44;0.0004,0.250,-7.215
1 36 44;0.0004,0.250,-7.215
28 36 44;0.0004,0.222,-6.967
36 38 44;0.0004,0.222,-6.967
38 42;0.8979,0.898,-6.851
36 44;0.0004,0.200,-6.747
12 46;0.0004,0.667,-6.603
2 6 19 46;0.0004,0.667,-6.603
2 19 38 46;0.0004,0.667,-6.603
2 6 38 46;0.0004,0.667,-6.603
6 15 19 30 46;0.0213,0.023,-6.024
6 15 19 46;0.0213,0.023,-5.961
2 19 46;0.0004,0.500,-5.924
2 6 46;0.0004,0.500,-5.924
2 38 46;0.0004,0.500,-5.924
6 19 30 46;0.0213,0.023,-5.505
6 19 46;0.0213,0.023,-5.444
2 46;0.0004,0.400,-5.427
40 44;0.0002,1.000,-5.244
17 43;0.0004,0.667,-4.596
15 19 30 46;0.0213,0.023,-4.253
6 34 46;0.0004,0.222,-4.202
15 19 46;0.0213,0.023,-4.193
12 44;0.0002,0.333,-4.151
3 45;0.0002,1.000,-4.133
6 15 30 46;0.0215,0.022,-3.922
6 15 46;0.0215,0.022,-3.854
19 34 46;0.0004,0.167,-3.638
34 46;0.0004,0.143,-3.345
6 10 15 30 31 35 45;0.0160,0.017,-3.251
6 15 30 31 35 45;0.0160,0.017,-3.234
6 10 15 30 35 45;0.0160,0.017,-3.217
6 10 15 31 35 45;0.0160,0.017,-3.200
6 15 31 35 45;0.0160,0.017,-3.183
6 15 30 35 45;0.0160,0.017,-3.183
6 10 15 35 45;0.0160,0.017,-3.166
6 10 15 30 31 45;0.0160,0.017,-3.166
33 46;0.0002,0.500,-3.156
19 30 46;0.0213,0.022,-3.150
6 15 35 45;0.0160,0.017,-3.133
6 15 30 31 38 45;0.0160,0.017,-3.133
6 10 15 31 45;0.0160,0.017,-3.116
6 15 30 31 45;0.0160,0.017,-3.116
19 46;0.0213,0.022,-3.094
6 15 31 38 45;0.0160,0.017,-3.082
6 15 31 45;0.0160,0.017,-3.066
6 10 15 30 38 45;0.0160,0.017,-3.032
6 10 15 30 45;0.0160,0.017,-3.015
