3 65 107 114 123 124 258 291 316 319 322 330
2 12 67 108 116 125 164 271 308 317 321 325
2 29 88 108 116 125 174 262 315 318 320 327
2 12 88 108 115 126 147 259 308 318 320 327
1 28 66 108 116 126 192 279 308 317 320 326
1 16 66 108 116 125 246 259 303 317 320 326
1 33 76 108 119 125 135 271 308 318 320 327
2 41 66 108 116 125 174 279 296 317 320 326
2 50 98 108 116 125 216 261 315 317 321 324
2 47 66 108 115 125 180 283 308 317 320 326
2 28 66 108 116 125 147 259 308 317 320 326
1 18 66 108 116 126 174 260 296 317 320 326
1 52 66 108 115 126 174 259 308 317 320 326
1 21 66 108 116 126 236 279 315 317 320 326
2 47 99 108 116 125 147 259 308 318 320 327
2 14 66 108 116 125 160 260 303 317 320 326
2 31 68 113 116 125 219 260 308 318 320 327
2 32 66 108 116 126 160 260 308 317 320 326
2 42 98 108 116 125 147 271 292 317 320 325
2 29 88 109 115 125 176 271 308 318 320 327
1 10 102 108 117 125 171 259 308 317 321 325
1 34 66 108 115 125 160 283 308 317 320 326
2 17 78 108 116 125 158 279 311 318 320 327
2 47 66 108 116 126 147 287 308 317 320 326
2 12 66 108 116 125 147 259 296 317 320 326
1 27 98 108 116 125 157 287 308 317 320 324
1 31 88 108 116 125 180 262 315 317 321 325
1 11 66 108 116 125 195 259 308 317 320 326
2 34 88 108 116 125 191 271 308 318 320 327
2 40 94 108 115 125 160 285 310 317 320 324
2 47 66 108 116 125 153 271 308 317 320 326
2 38 66 108 116 125 180 259 310 317 320 326
1 30 66 108 116 125 171 279 310 317 320 326
2 40 78 108 116 125 165 278 308 317 321 324
1 41 66 108 116 125 147 267 308 317 320 326
2 23 66 108 116 125 130 259 296 317 320 326
2 42 69 108 117 125 158 261 308 317 320 324
2 16 67 110 115 125 147 260 310 317 320 325
2 44 99 108 116 126 180 271 296 318 320 327
2 33 98 108 116 125 147 259 303 317 321 324
1 22 88 108 115 126 183 287 310 318 320 327
2 26 66 108 116 125 180 259 308 317 320 326
2 12 102 108 116 125 160 259 310 317 320 325
2 30 103 108 116 125 180 288 303 318 320 327
2 25 99 108 116 125 180 288 296 317 320 325
1 46 66 108 115 125 174 279 308 317 320 326
2 37 78 108 116 126 180 262 303 317 321 325
2 21 66 108 117 125 160 259 292 317 320 326
2 26 66 108 116 125 196 283 308 317 320 326
2 35 94 108 115 125 191 283 308 318 320 327
1 45 67 108 115 126 238 287 308 317 320 328
1 40 66 108 116 125 174 261 308 317 320 326
1 44 66 108 115 125 192 289 308 317 320 326
1 26 98 108 116 125 218 283 296 317 320 324
2 11 66 108 116 125 213 283 308 317 320 326
1 18 66 108 116 125 174 271 300 317 320 326
1 30 66 108 115 125 147 260 303 317 320 326
1 33 66 108 119 125 183 283 308 317 320 326
2 39 69 108 117 125 147 287 308 317 320 325
1 30 66 108 116 126 148 275 308 317 320 326
1 30 102 108 116 125 147 271 308 317 320 325
2 34 103 108 116 125 160 259 308 317 320 325
1 39 88 108 116 126 180 260 308 317 320 324
1 25 88 108 115 125 147 271 308 318 320 327
2 12 66 108 116 125 174 260 308 317 320 324
1 39 66 108 115 126 174 259 310 317 320 326
2 45 66 108 115 126 180 262 308 317 320 326
2 49 88 108 116 125 191 260 303 317 320 325
2 40 66 108 115 125 255 280 308 317 320 326
2 29 66 108 115 125 180 259 308 317 320 326
2 38 88 108 116 125 174 259 308 318 320 327
1 20 66 108 115 125 198 279 308 317 320 326
1 32 66 108 115 125 139 288 308 317 320 326
1 39 66 108 116 125 135 260 308 317 320 326
2 37 98 108 115 125 147 259 308 318 320 327
2 25 73 108 115 126 200 285 308 318 320 327
1 19 99 108 116 125 174 279 303 317 321 324
2 41 88 108 116 125 176 260 308 317 320 325
1 47 66 108 120 125 256 290 308 317 320 326
2 24 66 108 117 125 158 259 308 317 320 326
1 41 66 108 116 125 176 271 310 317 320 326
1 38 94 108 115 125 195 271 310 317 320 324
1 37 66 108 115 126 187 271 292 317 320 326
2 43 66 108 116 126 147 261 308 317 320 326
2 31 67 108 116 125 174 271 308 317 320 325
2 40 94 108 116 126 174 288 308 318 320 327
1 36 66 108 117 126 174 271 303 317 320 326
2 34 98 108 116 125 174 271 296 317 320 324
2 54 70 108 118 126 150 259 308 317 321 325
2 22 67 108 115 125 160 259 308 318 320 327
2 30 78 108 116 125 147 259 303 317 320 325
1 43 66 108 116 125 147 259 296 317 320 326
2 46 66 108 116 125 180 259 310 317 320 325
2 38 66 108 116 125 147 279 308 317 320 326
1 23 66 108 116 125 196 260 308 317 320 326
1 24 66 108 116 125 220 283 308 317 320 326
2 8 88 108 116 126 144 259 310 318 320 327
2 30 67 109 115 125 180 288 311 317 320 324
2 39 103 108 116 125 183 287 292 317 320 325
1 23 66 108 116 125 168 283 308 317 320 326
2 39 66 108 115 126 147 260 310 317 320 324
2 22 102 108 116 125 147 259 308 317 320 325
2 12 67 108 116 125 216 260 308 318 320 327
1 42 69 108 116 125 132 289 308 317 320 325
2 22 66 108 115 125 199 279 308 317 320 326
1 48 102 108 116 126 147 285 308 317 320 324
2 19 104 108 116 125 174 260 308 318 320 327
2 34 94 108 116 126 171 285 296 317 320 325
2 36 99 108 116 125 232 259 308 317 320 325
1 40 66 108 116 125 171 288 303 317 320 326
1 20 66 108 116 125 180 289 296 317 320 326
2 29 94 108 115 126 174 260 315 318 320 327
1 17 66 108 116 125 174 259 308 317 320 326
1 32 88 108 115 125 132 260 308 317 320 324
1 32 88 111 115 125 239 287 296 317 320 324
1 26 66 108 116 125 196 271 308 317 320 326
2 20 94 108 116 125 180 271 314 317 320 325
1 34 66 108 115 125 160 271 308 317 320 326
2 24 66 108 117 125 168 259 308 317 320 326
2 45 88 108 115 125 180 259 303 318 320 327
1 42 66 108 122 125 136 285 308 317 320 326
2 43 66 108 116 126 140 288 308 317 320 326
1 6 66 108 116 126 187 259 308 317 320 326
1 26 73 108 116 125 135 285 308 317 320 324
2 32 102 108 116 125 180 259 308 317 320 325
2 35 88 108 117 125 189 288 315 317 320 324
2 27 66 108 115 125 148 260 308 317 320 326
2 14 98 108 116 126 158 259 310 317 321 325
2 34 99 108 116 125 180 260 310 317 320 325
2 24 66 108 115 125 139 260 308 317 320 326
2 46 88 108 116 125 169 271 308 317 320 325
2 53 66 108 116 125 180 260 310 317 320 326
2 31 66 108 115 126 155 271 308 317 320 326
1 14 66 108 116 125 160 259 308 317 320 326
1 48 98 108 116 125 147 287 305 317 320 324
2 47 66 108 116 125 185 259 308 317 320 326
1 35 66 108 115 125 195 260 308 317 320 326
1 49 74 113 116 126 210 259 311 318 320 327
2 47 67 108 116 125 191 288 303 317 321 324
2 38 66 108 116 126 195 259 308 317 320 326
2 24 88 108 116 126 147 259 303 317 320 325
1 31 105 108 119 125 252 261 308 318 320 327
1 40 66 108 115 126 252 259 308 317 320 326
2 34 66 108 116 125 147 259 308 317 320 325
2 33 99 108 116 125 160 259 308 317 320 325
2 13 67 108 115 125 196 259 296 317 320 324
2 41 88 108 116 125 191 283 303 317 320 325
2 37 67 108 116 125 147 260 308 317 321 324
1 32 94 108 116 126 147 259 310 317 320 325
2 15 78 108 116 125 192 260 308 318 320 327
1 28 66 108 116 125 160 287 308 317 320 326
1 50 103 108 115 125 147 283 308 318 320 327
2 17 78 108 115 125 138 260 303 317 320 325
2 46 66 108 115 125 153 290 308 317 320 326
1 9 66 108 116 126 140 259 308 317 320 326
2 43 94 108 116 125 196 287 308 317 320 325
1 18 66 108 116 125 147 271 308 317 320 326
2 41 99 108 116 125 177 271 308 317 320 324
2 16 71 108 116 125 171 261 308 318 320 327
2 11 99 108 116 125 160 259 308 318 320 327
2 39 66 108 115 125 174 264 303 317 320 326
1 41 98 108 116 125 191 279 296 317 320 324
1 36 94 108 115 125 158 265 308 318 320 327
2 18 99 109 116 125 217 271 308 318 320 327
2 36 66 108 116 126 180 271 303 317 320 326
2 36 66 108 115 125 219 271 308 317 320 326
1 20 66 108 116 125 168 260 308 317 320 326
1 22 88 108 116 125 174 260 308 317 320 324
1 48 66 108 116 126 180 263 310 317 320 326
1 21 98 108 116 126 130 289 310 318 320 327
2 29 66 108 118 125 160 283 301 317 320 326
2 30 88 108 116 126 180 287 310 317 321 324
2 42 88 108 116 125 191 279 308 317 320 325
2 18 66 108 116 125 210 271 296 317 320 326
2 39 66 108 115 125 158 259 308 317 320 326
2 19 66 108 116 125 171 271 310 317 320 326
2 19 66 112 116 125 196 260 308 318 320 327
2 16 94 110 117 125 180 271 308 317 320 324
2 21 67 108 116 125 170 259 296 317 320 325
2 9 67 108 116 125 147 260 303 317 321 325
1 40 94 108 116 125 177 259 315 317 321 324
2 45 83 108 116 125 147 287 310 317 320 325
2 27 66 108 116 125 191 259 296 317 320 326
1 5 66 108 115 126 135 259 308 317 320 326
2 13 66 109 115 125 174 271 308 318 320 327
2 30 66 108 115 125 211 259 308 317 320 326
2 24 78 108 116 125 180 285 310 317 320 324
1 38 88 108 115 125 187 287 308 318 320 327
1 26 66 108 116 126 160 259 308 317 320 326
2 31 66 108 116 125 180 283 308 317 320 326
1 54 66 108 116 126 176 290 308 317 320 326
2 44 66 108 116 126 147 260 303 317 320 326
2 27 98 108 115 125 140 260 308 318 320 327
1 48 66 108 116 126 183 283 310 317 320 326
1 30 94 108 116 125 168 271 315 317 320 325
1 37 66 108 115 126 152 289 310 317 320 326
2 20 66 108 116 125 147 260 308 317 320 326
2 47 72 108 115 125 139 260 308 318 320 327
1 35 94 108 115 125 168 279 308 318 320 327
2 14 94 108 115 125 199 260 308 318 320 327
2 20 78 108 115 125 147 259 296 318 320 327
1 24 88 108 115 126 147 279 315 318 320 327
1 7 66 108 116 125 158 260 308 317 320 326
2 41 78 108 115 125 180 287 308 318 320 327
2 26 98 108 116 125 160 287 308 317 321 324
1 20 66 108 115 125 195 271 296 317 320 326
2 20 66 108 116 125 147 259 308 317 320 326
2 38 66 108 116 125 176 259 308 317 320 326
2 12 66 108 116 125 180 259 310 317 320 326
2 16 66 108 116 125 183 260 315 317 320 326
2 31 94 108 115 126 171 289 308 318 320 327
2 28 66 108 115 126 174 283 308 317 320 326
2 41 66 108 116 125 139 279 308 317 320 326
1 52 66 108 115 125 192 259 308 317 320 326
1 11 94 108 116 126 196 260 308 317 320 324
2 52 66 108 115 125 208 260 308 317 320 326
1 9 98 109 116 126 160 260 308 317 320 324
2 34 77 108 116 125 157 260 308 318 320 327
2 32 68 108 116 126 166 279 292 318 320 327
2 38 94 108 116 125 147 259 308 317 321 324
1 26 94 108 115 125 133 279 308 318 320 327
1 27 66 108 116 125 174 271 315 317 320 326
1 10 67 108 115 125 147 290 315 318 320 327
1 8 66 108 117 125 174 259 296 317 320 326
1 18 66 108 116 125 132 260 308 317 320 326
1 53 99 108 116 125 191 259 303 317 320 325
1 18 98 108 116 125 177 285 308 317 320 324
2 30 67 112 115 125 196 271 308 318 320 327
2 43 66 108 115 125 159 285 308 317 320 326
1 45 78 109 116 125 160 271 310 317 320 324
2 14 78 108 116 125 177 271 310 317 321 324
2 60 66 108 116 126 196 260 292 317 320 326
2 37 98 108 116 126 180 260 310 317 320 324
2 30 99 108 116 126 176 287 315 317 320 324
1 16 66 108 116 125 174 260 310 317 320 326
2 24 98 108 116 125 174 283 308 318 320 327
1 38 95 108 118 125 191 279 308 318 320 327
1 35 99 108 116 126 174 271 296 317 320 325
2 24 67 108 116 126 187 271 308 317 320 325
1 45 66 108 116 126 180 283 303 317 320 326
1 25 88 108 115 126 174 259 315 318 320 327
1 37 94 108 115 125 138 271 308 318 320 327
2 33 66 108 116 125 153 289 310 317 320 326
1 49 66 108 115 126 254 261 308 317 320 326
2 36 67 108 116 125 180 271 303 317 320 325
1 22 66 108 116 125 147 259 308 317 320 326
1 37 99 108 116 125 191 283 310 318 320 327
1 26 66 108 116 125 191 266 308 317 320 326
2 35 102 108 116 125 147 260 310 317 321 324
2 53 66 108 116 125 148 285 308 317 320 326
2 34 66 108 116 125 162 260 308 317 320 326
2 51 99 108 115 126 129 265 308 318 320 327
1 10 66 108 115 125 187 259 308 317 320 326
1 31 66 108 116 125 185 289 308 317 320 326
2 51 78 108 117 125 180 265 308 318 320 327
1 38 66 108 115 125 153 271 308 317 320 326
2 25 99 108 115 125 135 259 308 318 320 327
2 55 67 108 116 125 165 288 310 317 320 324
2 35 66 108 115 125 214 259 308 317 320 326
1 38 101 108 121 125 216 260 308 317 320 323
1 35 72 108 116 126 165 288 308 317 321 325
2 49 88 109 116 125 180 259 308 317 320 325
1 6 78 108 115 125 147 259 308 318 320 327
2 46 88 109 116 125 197 289 315 317 320 324
2 11 66 108 116 126 180 259 308 317 320 326
1 56 73 110 118 125 135 287 308 318 320 327
2 42 66 108 116 125 147 283 308 317 320 326
1 25 66 108 115 125 252 267 308 317 320 326
2 46 66 108 115 125 176 273 308 317 320 326
2 14 102 108 116 125 176 260 308 317 320 324
2 36 66 108 115 125 142 259 308 317 320 326
2 29 66 108 115 125 196 259 308 317 320 326
2 39 99 108 116 126 224 287 310 317 321 325
2 36 66 111 115 125 217 285 308 318 320 327
2 41 81 108 120 126 147 259 308 317 321 324
2 30 66 108 115 125 147 259 308 317 320 326
2 38 67 108 115 125 147 264 303 317 320 325
2 56 88 109 116 125 147 264 308 317 320 325
2 43 66 108 115 126 216 260 294 317 320 326
2 27 66 108 116 125 214 290 311 317 320 326
2 24 66 108 116 126 191 279 315 317 320 326
1 39 99 108 116 125 174 283 308 317 321 324
2 21 67 108 116 125 160 260 308 317 320 325
2 40 66 108 117 125 132 264 308 317 320 325
2 19 99 108 116 125 160 259 308 317 320 325
2 45 98 108 116 125 191 283 308 317 320 325
2 33 88 108 115 125 171 271 308 318 320 327
2 17 66 108 116 125 180 261 310 317 321 325
2 29 66 108 117 125 196 279 308 317 320 325
2 23 66 108 116 125 160 260 308 317 320 326
1 28 94 108 116 126 180 283 296 317 320 324
2 45 98 108 116 125 219 287 296 317 320 325
2 27 102 108 116 125 176 260 303 318 320 327
1 43 66 108 116 125 180 263 308 317 320 326
1 19 66 108 115 125 210 260 308 317 320 326
2 15 98 108 116 125 147 260 308 317 320 325
1 19 99 108 116 125 180 285 303 317 320 324
1 58 76 108 118 126 156 289 308 318 320 327
1 40 99 108 116 125 174 279 292 317 320 325
1 41 66 108 116 125 216 260 311 317 320 326
1 13 78 108 116 125 174 259 308 317 321 324
1 54 66 108 116 125 147 259 315 317 320 326
1 17 78 108 115 125 201 259 308 317 321 324
2 42 66 108 116 126 147 283 308 317 320 326
1 16 66 108 116 125 183 259 308 317 320 326
1 33 84 108 115 126 256 283 308 318 320 327
2 53 66 108 115 126 209 271 308 317 320 326
2 19 88 108 115 125 160 271 308 318 320 327
2 45 67 108 116 125 180 285 303 317 320 325
1 32 66 108 116 125 249 259 308 317 320 326
2 13 94 108 116 125 180 260 315 317 320 324
1 10 94 108 115 126 158 259 308 317 320 325
2 26 66 108 116 125 180 285 311 317 320 326
1 25 66 108 116 125 174 279 308 317 320 326
2 49 94 108 116 126 180 289 303 317 320 325
2 45 66 108 115 125 168 279 310 317 320 326
1 40 66 108 117 125 172 259 303 317 320 326
2 16 67 109 115 125 180 259 308 318 320 327
1 7 68 108 116 126 248 259 308 318 320 327
1 45 66 108 116 125 139 267 308 317 320 326
2 45 67 108 116 125 147 283 303 318 320 327
2 47 66 108 116 125 176 261 308 317 320 325
1 13 66 108 115 125 171 259 310 317 320 326
1 44 78 108 115 126 160 268 310 318 320 327
2 20 94 108 116 126 191 287 303 317 321 324
2 6 66 108 115 125 145 259 308 317 320 326
2 48 98 108 116 125 177 260 308 317 320 324
2 29 66 108 116 125 176 271 308 317 320 326
1 25 94 108 116 125 217 260 310 317 320 324
1 48 78 108 116 125 174 287 310 317 320 324
1 10 70 108 118 125 132 259 308 317 320 324
2 17 98 108 115 126 191 260 303 317 320 325
1 37 66 108 116 125 180 285 308 317 320 326
1 35 102 108 116 125 147 259 315 317 320 324
1 44 66 108 116 125 165 271 310 317 320 326
2 39 67 108 115 125 180 264 310 317 320 324
1 12 78 108 116 125 180 259 308 317 321 324
2 40 88 109 116 126 219 259 308 317 320 325
2 37 102 108 117 125 172 259 303 317 321 325
2 34 94 108 115 126 251 290 308 317 320 328
2 12 72 108 117 125 252 259 308 318 320 327
1 29 78 108 115 126 174 259 308 318 320 327
1 49 66 108 115 126 166 285 308 317 320 326
2 43 66 108 116 125 147 259 308 317 320 326
2 17 70 108 117 125 156 260 304 317 320 325
1 18 98 108 115 125 147 260 308 318 320 327
1 7 66 108 117 126 187 259 308 317 320 326
1 42 99 108 115 126 160 288 308 318 320 327
2 45 88 108 116 125 180 285 303 317 320 325
1 51 94 108 115 125 195 262 308 318 320 327
2 40 104 108 117 126 242 260 308 318 320 327
2 50 94 108 115 125 148 262 308 318 320 327
2 49 67 108 115 125 195 285 308 318 320 327
1 7 66 108 116 126 174 259 303 317 320 326
2 27 66 108 116 125 176 283 315 317 320 326
1 18 88 108 115 126 224 279 308 318 320 327
1 27 66 108 116 125 191 260 308 317 320 326
1 9 66 108 115 125 200 260 308 317 320 326
2 41 78 110 115 125 139 262 303 318 320 327
2 37 98 108 116 126 171 260 303 317 320 325
2 19 104 108 115 126 195 259 308 318 320 327
1 44 66 108 116 126 147 259 308 317 320 326
2 34 67 108 116 125 166 285 296 317 321 324
1 16 66 108 116 125 180 287 303 317 320 326
1 15 99 108 116 125 176 279 303 317 321 325
2 32 66 108 116 125 174 285 308 317 320 325
2 43 99 108 116 125 176 287 310 317 320 324
2 26 88 108 115 125 195 266 308 318 320 327
2 40 66 108 116 125 176 290 308 317 320 326
2 46 66 108 116 125 153 260 308 317 320 326
2 38 66 111 115 125 197 262 308 317 320 325
2 17 78 108 116 126 171 259 308 318 320 327
1 50 66 108 116 125 174 287 308 317 320 326
2 37 66 108 116 125 132 259 308 317 320 326
1 40 66 108 116 125 135 283 310 317 320 326
2 35 66 108 115 125 200 259 308 317 320 326
1 21 78 108 116 125 190 259 308 317 320 324
1 26 66 108 116 125 180 271 303 317 320 326
1 43 66 108 116 125 180 287 308 317 320 326
1 53 66 108 116 125 144 265 308 317 320 326
1 30 66 108 116 125 147 259 310 317 320 326
2 23 102 108 116 125 177 259 307 317 320 325
2 33 98 108 116 125 174 261 303 317 321 324
1 23 66 108 115 125 174 261 315 317 320 326
1 29 67 108 116 125 180 259 311 317 320 325
2 44 66 108 115 125 216 265 308 317 320 326
1 52 71 108 116 125 164 276 308 318 320 327
1 37 71 108 117 125 127 260 308 318 320 327
2 16 104 108 116 125 210 259 303 317 320 325
1 22 88 108 115 126 180 263 310 318 320 327
1 35 94 108 116 125 174 259 308 317 321 324
2 54 94 108 116 125 160 279 296 317 320 325
2 33 99 108 116 126 147 279 308 318 320 327
2 44 67 110 115 126 180 287 308 317 321 324
2 14 66 108 116 126 195 259 308 317 320 326
2 41 94 108 116 125 180 290 308 317 320 324
2 39 66 108 115 125 180 285 308 317 320 326
1 22 66 108 116 126 171 259 308 317 320 326
1 47 66 108 116 125 174 283 315 317 320 324
2 27 99 109 116 126 160 263 296 317 320 325
2 9 66 108 115 126 195 259 315 317 320 326
1 40 66 108 116 126 165 260 308 317 320 326
2 30 66 108 116 125 158 260 308 317 320 326
1 45 66 108 116 125 171 260 308 317 320 326
1 32 78 108 116 126 135 290 303 317 320 324
1 34 66 108 115 125 195 287 308 317 320 326
2 28 99 108 116 125 171 287 308 318 320 327
1 37 66 108 115 125 165 260 308 317 320 326
2 42 66 108 115 126 222 260 303 317 320 326
2 15 66 108 117 125 176 260 308 317 320 326
1 43 66 108 115 126 147 274 308 318 320 327
2 11 94 108 116 125 228 259 308 317 320 325
1 51 90 108 120 125 178 271 310 318 320 327
2 23 78 108 115 126 166 279 308 318 320 327
2 36 69 108 116 126 180 283 292 317 320 325
2 28 67 108 116 125 180 260 296 317 320 325
2 27 78 108 116 125 191 259 308 317 321 325
1 15 66 108 115 125 202 259 308 317 320 326
1 12 102 108 115 126 147 279 310 318 320 327
2 26 88 108 115 125 131 268 308 318 320 327
2 29 66 108 115 126 210 259 308 317 320 326
1 33 66 108 117 126 165 289 308 317 320 326
1 48 66 108 115 126 151 259 308 317 320 326
2 43 78 108 115 125 180 259 308 318 320 327
2 16 66 108 116 125 167 260 308 317 320 326
2 26 66 108 116 125 180 259 315 317 320 326
2 24 103 108 116 125 171 260 308 317 320 324
1 7 78 108 115 125 180 279 303 317 320 324
1 56 66 108 116 126 147 285 308 317 320 326
1 37 99 108 116 126 171 259 308 318 320 327
1 43 66 108 115 126 158 259 308 317 320 326
1 15 66 108 115 125 158 259 308 317 320 326
1 47 66 108 115 125 243 264 308 317 320 326
1 27 104 109 116 125 196 287 308 318 320 327
1 9 66 108 116 125 196 271 310 317 320 326
1 26 66 108 117 125 139 271 308 317 320 326
2 50 66 108 116 125 180 259 303 317 320 325
1 16 66 108 115 125 176 279 308 317 320 326
1 39 88 108 115 126 190 271 308 318 320 327
1 18 66 108 115 125 236 279 308 317 320 326
2 32 66 108 117 126 180 260 308 317 320 326
2 54 66 108 116 125 147 259 303 317 320 326
2 42 66 108 116 126 141 283 303 317 320 326
2 27 99 108 115 125 147 259 308 317 321 324
1 44 66 108 116 126 141 261 308 317 320 326
1 11 66 108 116 125 144 259 308 317 320 326
2 8 66 108 115 125 145 259 308 317 320 326
2 38 99 108 116 125 176 283 310 317 320 324
1 17 80 108 116 125 229 259 308 318 320 327
2 25 104 108 116 125 176 259 303 317 320 325
2 15 66 108 116 126 147 260 308 317 320 326
1 18 66 108 116 125 180 259 308 317 320 326
2 28 66 108 116 125 174 259 308 317 320 326
2 20 66 108 116 126 153 283 308 317 320 326
1 17 94 108 116 125 180 279 310 317 320 324
2 48 67 108 116 125 180 259 310 317 320 324
2 36 98 108 117 125 174 262 292 317 320 325
2 16 66 108 115 125 183 259 308 317 320 326
1 13 66 108 116 125 147 260 308 317 320 326
2 18 102 108 116 126 180 259 310 317 320 325
2 27 66 108 116 125 147 262 296 317 320 326
2 9 66 108 116 126 183 259 308 317 320 326
1 29 66 108 116 125 147 277 315 317 320 326
2 38 88 110 116 125 215 287 308 317 321 324
1 61 96 108 120 125 147 279 308 318 320 327
2 36 66 108 115 125 147 288 308 317 320 326
2 43 78 108 115 125 174 260 308 318 320 327
2 32 66 108 116 125 191 279 308 317 320 326
1 10 66 108 115 125 196 259 308 317 320 326
2 51 88 108 116 126 147 259 311 318 320 327
2 61 66 108 116 126 147 279 303 317 320 326
2 38 66 108 116 125 147 259 310 317 320 326
2 47 66 108 116 126 135 265 310 317 320 326
1 20 67 108 116 125 180 259 310 318 320 327
2 32 66 110 116 125 257 259 315 317 321 324
2 20 94 108 116 125 196 283 308 317 320 325
2 33 66 108 116 125 221 260 308 317 320 326
2 51 66 108 116 125 197 286 308 317 320 326
1 26 88 108 117 125 185 259 315 317 321 324
1 15 66 108 116 125 200 287 303 317 320 326
1 14 78 109 115 125 180 259 308 317 320 324
1 44 66 108 115 126 203 279 308 317 320 326
2 39 103 108 118 125 165 260 308 318 320 327
1 28 88 108 115 125 160 283 308 317 320 324
2 27 66 108 116 126 180 260 308 317 320 326
1 38 103 108 115 125 135 271 308 318 320 327
2 33 66 108 116 126 197 279 308 317 320 324
1 32 104 108 115 125 127 271 315 317 320 323
1 45 66 108 115 126 180 279 308 317 320 326
2 37 94 108 117 125 174 259 311 317 321 325
2 30 99 108 116 125 174 288 308 317 320 325
2 24 67 108 116 126 200 289 303 317 320 324
2 41 104 108 116 126 147 259 308 318 320 327
2 32 102 108 116 125 196 260 308 318 320 327
1 28 66 108 119 125 257 285 310 317 320 326
1 46 68 108 116 125 177 259 311 317 320 325
1 40 78 108 116 125 147 259 308 318 320 327
2 26 66 108 116 125 128 259 303 317 320 326
1 17 66 108 116 125 168 285 292 317 320 326
1 21 66 108 116 125 180 289 308 317 320 326
2 33 66 108 116 126 183 285 296 317 320 326
1 43 66 108 117 126 138 288 310 317 320 326
2 17 78 108 115 125 191 260 303 318 320 327
2 32 103 108 116 125 191 271 311 317 320 324
1 14 98 108 116 126 191 259 310 317 320 324
2 17 66 108 116 125 196 259 308 317 320 326
2 48 66 108 116 125 180 287 308 317 320 326
2 21 67 108 116 125 196 271 308 317 320 325
1 41 66 108 116 126 135 266 308 317 320 326
1 13 78 108 116 125 174 259 303 317 320 324
2 55 98 108 115 125 192 287 308 318 320 327
2 36 94 108 117 125 177 289 310 317 321 324
2 45 102 108 116 125 180 262 303 318 320 327
2 35 66 108 115 126 174 259 315 317 320 326
2 36 66 108 116 125 180 271 310 317 320 326
1 32 78 108 115 125 167 259 296 318 320 327
2 38 94 108 116 125 183 263 303 317 320 325
2 36 66 110 115 126 180 288 310 318 320 327
1 52 66 108 116 126 191 271 310 317 320 326
2 39 66 108 116 125 160 259 308 317 321 325
2 26 88 108 115 125 216 261 308 318 320 327
2 25 94 108 116 125 171 287 310 318 320 327
1 14 66 108 116 125 221 259 308 317 320 326
1 49 78 108 116 126 179 259 308 318 320 327
1 8 66 108 116 126 135 259 308 317 320 326
2 12 88 108 115 125 174 279 303 318 320 327
1 23 98 108 116 125 147 261 303 317 321 325
1 34 66 108 116 126 171 283 307 317 320 326
1 34 66 108 116 125 158 279 296 317 320 326
2 11 70 108 119 125 199 259 308 317 321 324
2 7 66 108 116 126 176 260 310 317 320 326
2 23 66 108 116 125 168 259 303 317 320 326
2 28 104 108 119 125 171 265 308 317 320 325
1 25 78 108 116 125 214 283 308 317 320 325
2 7 66 108 116 125 177 260 310 317 320 326
1 32 66 108 115 125 147 259 308 317 320 326
1 45 66 108 116 125 168 290 310 317 320 326
2 18 66 108 116 125 224 289 308 317 320 326
2 26 66 108 118 125 147 271 310 317 320 326
1 38 88 108 116 125 249 259 308 318 320 327
2 46 66 108 116 126 176 290 308 317 320 326
1 28 66 108 116 125 214 261 310 317 320 326
2 18 94 108 116 125 174 260 308 317 320 325
1 36 66 108 115 126 147 260 315 317 320 326
1 19 67 108 115 125 195 283 308 317 320 324
2 45 66 108 116 125 192 260 308 317 320 326
2 44 88 108 115 125 147 273 308 317 320 325
1 43 66 108 115 125 158 260 308 317 320 326
1 48 103 108 116 125 135 260 308 317 320 324
2 34 66 108 117 125 174 259 315 317 320 326
1 40 67 108 115 126 147 279 308 318 320 327
1 8 98 108 116 125 191 259 310 317 321 324
2 52 66 108 116 125 191 271 308 317 320 326
1 22 66 108 116 125 221 271 303 317 320 326
2 25 99 108 116 125 180 260 315 317 321 324
2 21 66 109 115 125 171 260 308 318 320 327
2 62 66 108 116 126 135 285 303 317 320 326
2 17 66 108 115 125 210 259 308 317 320 326
2 41 98 108 117 125 191 260 308 317 321 325
1 24 66 108 116 126 127 259 308 317 320 326
2 35 67 108 116 126 160 259 308 317 320 325
1 32 66 108 115 125 200 263 308 317 320 326
2 35 66 108 115 126 191 271 292 317 320 326
2 13 66 108 115 126 221 259 308 317 320 326
1 24 78 108 116 125 147 259 310 317 321 324
1 35 78 108 115 125 191 261 303 317 320 324
2 49 66 108 116 125 147 285 311 318 320 327
1 41 66 108 115 125 246 260 308 317 320 326
1 19 66 108 118 125 153 271 308 317 320 326
1 14 67 108 116 125 160 260 310 317 320 325
2 35 88 108 116 125 180 288 303 317 320 325
2 20 66 108 116 125 183 271 296 317 320 326
1 10 66 108 117 126 180 260 308 317 320 326
2 36 97 108 116 126 135 283 308 318 320 327
2 41 88 108 116 126 183 290 303 317 320 324
1 44 66 108 115 125 213 279 308 317 320 326
2 46 66 108 116 125 147 271 308 317 320 326
2 35 66 108 115 125 183 287 308 317 320 325
2 39 88 108 116 125 165 271 308 317 321 325
1 45 66 108 116 125 180 260 308 317 320 326
1 9 102 108 116 125 164 259 308 318 320 327
2 49 66 108 116 125 147 279 308 317 320 326
1 36 66 108 116 126 174 271 310 317 320 326
2 27 68 108 116 125 147 271 308 317 321 325
2 10 66 108 115 125 195 260 308 317 320 326
2 25 66 108 116 125 174 259 315 317 320 326
2 38 66 108 115 125 183 260 296 317 320 326
2 51 67 108 115 125 174 259 308 317 320 325
1 31 66 108 116 125 188 259 310 317 320 326
2 26 78 108 116 125 180 259 296 317 320 325
1 22 66 108 116 125 180 271 308 317 320 326
1 19 88 108 115 125 160 260 308 317 320 324
2 13 66 108 115 126 141 260 303 317 320 326
2 34 66 108 115 125 174 259 308 317 320 326
1 17 66 108 116 125 132 260 310 317 320 326
2 31 66 108 116 126 139 287 308 317 320 326
1 25 68 108 115 126 164 260 308 318 320 327
1 23 66 108 116 125 183 260 308 317 320 326
2 39 94 108 116 125 180 259 308 317 320 325
1 8 66 108 115 125 158 259 308 317 320 326
2 12 66 110 115 126 180 289 308 318 320 327
2 25 66 108 116 125 135 279 315 317 320 326
2 40 66 108 116 125 153 285 310 317 320 326
2 14 88 108 116 125 174 271 296 318 320 327
1 52 66 108 115 125 203 287 308 317 320 326
1 29 99 108 115 125 210 260 308 318 320 327
2 39 99 108 116 126 174 266 315 317 321 325
2 14 94 108 116 125 160 260 308 317 320 325
2 50 66 108 116 126 180 262 310 317 320 326
2 39 66 108 115 125 250 279 308 317 320 326
1 44 66 108 116 125 210 283 310 317 320 326
2 39 66 108 115 126 148 271 308 317 320 326
1 43 66 108 115 125 191 271 310 317 321 324
1 14 94 108 115 125 148 260 308 318 320 327
1 19 103 108 116 126 243 283 308 317 321 325
2 44 66 108 116 126 132 287 309 317 320 326
1 28 66 108 116 125 147 279 308 317 320 326
1 31 104 108 116 126 147 259 308 317 320 324
1 16 66 108 115 125 180 279 315 317 320 324
2 42 78 108 115 126 180 259 308 318 320 327
2 11 66 108 115 125 191 259 292 317 320 326
2 18 66 108 115 126 214 259 296 317 320 326
1 39 102 108 116 126 147 271 308 317 320 325
2 20 66 108 119 125 210 283 308 317 320 326
2 39 66 108 115 126 160 260 296 317 320 326
1 51 66 108 115 125 192 285 308 317 320 326
1 17 66 108 116 125 168 262 296 317 320 326
2 20 99 108 115 126 164 283 308 318 320 327
2 43 99 108 116 126 147 287 303 317 320 325
1 33 66 108 115 125 147 259 308 317 320 326
1 34 67 109 116 125 191 285 308 317 321 324
1 27 66 108 116 125 180 271 308 317 320 326
1 34 88 110 115 125 147 260 303 317 320 324
1 41 66 108 115 126 224 267 310 317 320 326
1 40 66 108 116 125 195 259 310 317 320 326
1 26 78 109 115 126 221 260 310 318 320 327
2 33 94 108 117 125 176 263 310 317 321 324
1 24 88 108 115 126 166 259 308 318 320 327
1 24 66 108 116 125 226 259 296 317 320 326
1 4 66 108 115 126 210 259 308 317 320 326
2 27 94 108 115 126 175 260 308 318 320 327
2 23 82 108 117 126 190 259 308 318 320 327
1 46 66 108 116 125 191 287 308 317 320 326
1 12 66 108 116 126 147 259 308 317 320 326
2 42 98 108 116 125 147 264 315 317 321 324
2 35 66 108 116 125 174 271 308 318 320 327
1 11 94 108 115 126 196 260 308 318 320 327
2 53 66 108 116 125 191 279 308 317 320 326
2 19 66 108 116 126 196 279 308 317 320 326
1 21 66 108 116 126 196 271 308 317 320 326
2 18 66 108 116 125 135 260 306 317 320 326
2 38 66 108 115 125 147 259 308 317 320 326
2 27 94 108 115 126 147 271 310 317 320 324
2 22 104 108 115 126 171 271 303 318 320 327
2 23 67 108 115 126 180 279 303 318 320 327
1 34 66 108 116 126 256 259 315 317 320 326
1 20 66 108 116 125 177 271 308 317 320 326
2 28 78 108 116 125 195 261 303 317 320 325
1 26 66 108 116 125 180 260 308 317 320 326
2 8 66 108 116 125 171 259 303 317 320 325
1 45 66 108 116 125 135 285 308 317 320 326
2 36 66 108 115 125 157 271 292 317 320 326
2 44 78 110 115 125 180 263 308 318 320 327
1 15 98 108 116 125 196 259 310 318 320 327
2 33 102 108 116 126 176 279 308 317 320 324
1 34 66 108 115 126 180 279 308 317 321 324
2 36 66 108 115 126 147 260 308 317 320 326
2 44 66 108 116 125 147 279 308 317 320 326
2 17 88 108 115 125 241 259 308 317 320 328
1 51 66 108 115 126 147 259 308 317 320 326
2 36 102 108 116 125 148 271 310 317 321 325
2 32 67 108 116 125 191 266 303 317 320 324
2 42 88 108 115 125 188 283 308 318 320 327
1 13 78 111 115 125 148 260 310 318 320 327
2 30 98 108 116 125 180 259 303 317 321 324
1 59 66 108 115 126 195 288 308 317 320 326
1 41 78 108 116 125 174 264 308 317 321 324
2 34 94 108 116 125 132 279 308 318 320 327
2 57 66 108 117 126 147 283 310 317 320 326
1 38 66 108 115 125 180 285 308 317 320 326
2 31 67 108 116 126 197 289 310 317 321 324
2 32 66 108 116 125 195 259 308 317 320 326
2 44 66 108 117 125 195 289 310 317 320 326
2 23 102 108 116 125 176 271 308 318 320 327
2 35 94 108 115 125 195 260 308 318 320 327
2 31 78 108 117 126 147 262 308 317 320 325
2 39 66 108 116 125 186 259 303 317 320 326
2 16 66 108 116 125 160 259 308 317 320 326
1 53 66 108 115 126 191 260 308 317 320 326
2 24 99 108 115 125 198 259 308 318 320 327
2 29 102 108 117 125 165 259 303 317 321 324
2 36 66 108 116 125 217 260 308 317 320 326
2 10 102 108 116 126 180 271 308 317 320 324
1 15 94 108 115 126 174 259 308 318 320 327
1 12 78 108 117 126 219 259 311 317 321 325
1 38 98 108 116 125 180 259 308 317 320 324
1 39 66 108 115 125 147 288 308 317 320 326
2 36 94 109 116 125 180 259 310 317 321 324
2 30 78 108 116 125 180 290 308 317 320 325
1 40 93 108 119 125 165 283 308 318 320 327
2 21 98 108 115 126 162 259 310 317 320 325
2 34 66 108 117 125 147 290 308 317 320 326
2 49 98 108 116 125 165 259 303 318 320 327
2 31 66 108 116 125 174 290 308 317 320 326
2 48 94 108 115 125 148 288 296 318 320 327
1 61 99 108 116 125 135 259 308 317 320 325
2 40 88 108 116 125 196 283 310 317 320 325
2 33 78 108 116 125 214 271 296 318 320 327
2 49 66 108 115 125 180 269 308 317 320 326
1 49 94 110 116 125 180 283 303 317 320 324
1 21 66 108 116 125 216 259 308 317 320 326
2 45 66 108 116 125 180 283 303 317 320 326
1 51 66 108 115 125 231 264 308 317 320 326
1 20 66 108 116 125 192 259 315 317 320 326
1 31 88 108 116 125 210 289 308 317 320 324
2 47 78 108 115 125 234 289 292 318 320 327
1 58 66 108 116 126 147 285 308 317 320 326
1 53 98 108 115 125 230 259 303 318 320 327
2 35 67 108 116 125 196 260 296 317 321 325
2 24 67 109 116 125 153 260 310 317 320 325
1 35 66 108 115 126 173 271 308 317 320 326
1 32 66 108 115 125 176 285 310 317 320 326
2 13 67 108 115 125 158 259 308 318 320 327
2 48 78 109 116 125 174 288 303 317 320 324
2 48 66 108 116 126 180 285 292 317 320 326
2 26 102 108 116 126 174 259 308 317 320 325
2 13 66 108 116 125 196 260 310 317 320 326
2 33 66 108 115 126 139 285 308 317 320 326
2 10 78 108 115 125 160 260 308 318 320 327
2 47 78 108 115 126 183 260 292 318 320 327
1 42 66 108 115 125 221 279 308 317 321 324
2 54 66 108 116 125 176 288 296 317 320 326
2 50 88 108 115 125 135 272 308 318 320 327
2 45 104 110 115 125 147 259 308 318 320 327
1 38 103 108 116 125 165 259 303 317 320 324
1 30 66 108 116 126 168 259 308 317 320 326
1 44 98 110 115 125 180 259 308 317 321 324
2 26 78 108 116 126 188 259 310 318 320 327
1 39 94 108 115 125 174 260 308 318 320 327
2 19 79 108 119 126 165 271 308 317 320 325
2 41 66 108 115 125 160 260 303 317 320 326
2 17 66 108 116 126 171 260 308 317 320 326
1 38 66 108 115 125 194 287 308 317 320 326
1 29 66 108 116 125 135 261 308 317 320 326
2 32 67 108 116 125 167 259 308 317 321 324
1 56 66 108 117 126 180 289 308 317 320 326
1 31 66 108 116 126 188 290 308 317 320 326
2 44 78 108 116 125 219 276 308 317 320 325
1 26 66 108 116 125 153 259 296 317 320 326
2 30 66 108 116 125 191 260 308 317 320 326
2 41 66 108 115 125 201 266 308 317 320 326
2 48 66 108 115 125 180 279 308 317 321 324
1 32 66 108 115 125 199 279 308 317 320 326
2 52 66 108 116 125 147 271 308 317 320 326
1 30 66 108 115 125 221 259 303 317 320 326
1 41 66 108 115 126 196 260 308 317 320 326
2 34 66 108 116 125 127 271 308 317 320 326
2 9 94 108 115 126 174 259 310 318 320 327
1 49 94 109 115 125 191 271 308 317 320 325
2 16 102 108 117 125 192 260 309 317 321 324
2 42 66 108 116 125 172 290 310 317 320 326
2 36 102 108 116 126 176 259 308 317 321 324
1 40 66 108 115 125 158 260 308 317 320 326
1 32 94 108 116 125 160 283 310 317 320 324
2 16 78 108 115 125 153 259 308 317 320 324
2 30 70 108 116 125 174 260 308 317 320 324
1 20 66 108 116 126 176 271 315 317 320 326
2 45 66 108 115 125 174 260 303 317 320 326
1 26 98 108 116 125 219 259 310 317 321 324
2 42 67 108 115 125 171 290 308 318 320 327
2 43 66 108 115 126 139 287 308 317 320 326
1 31 66 108 116 126 180 260 310 317 320 326
2 47 66 108 116 126 160 263 315 317 320 326
2 18 94 108 115 125 247 279 308 317 320 328
2 46 66 108 116 125 196 263 303 317 320 326
2 12 66 108 116 125 180 259 303 317 320 326
1 34 66 108 116 125 135 289 308 317 320 326
1 50 66 108 117 125 132 259 308 317 320 326
2 26 66 108 116 125 180 260 308 317 320 326
1 49 69 108 115 126 170 289 293 317 320 325
1 34 66 108 116 126 158 287 315 317 320 326
2 26 99 108 115 125 160 259 308 317 320 325
2 16 66 108 115 125 139 271 296 317 320 326
1 38 66 108 116 125 160 279 303 317 320 326
1 33 98 108 116 125 135 288 308 317 320 324
1 35 67 108 115 126 174 259 308 318 320 327
2 35 88 108 115 125 140 279 308 318 320 327
1 44 66 108 115 125 205 287 308 317 320 326
2 35 66 108 116 126 174 259 296 317 320 326
2 22 72 108 116 125 174 260 303 317 321 324
2 41 66 108 116 125 176 260 303 317 320 325
2 38 66 108 115 126 135 259 308 317 320 326
2 11 78 108 116 126 171 260 308 317 321 325
2 39 98 108 116 125 148 259 303 317 320 325
2 34 66 108 116 125 171 259 308 317 320 326
1 34 99 110 115 126 176 259 308 318 320 327
1 42 98 108 116 125 196 270 292 317 321 325
1 47 99 108 116 125 176 261 310 318 320 327
1 18 66 108 116 125 160 260 308 317 320 326
2 10 66 108 116 125 147 259 308 317 320 326
1 31 66 108 116 125 176 259 308 317 320 326
2 33 66 108 119 125 192 266 308 317 320 326
1 26 66 108 116 125 176 259 303 317 320 326
2 37 94 108 116 125 180 259 308 317 320 324
1 45 78 108 115 125 174 260 303 317 320 325
2 11 98 108 116 126 187 259 310 317 321 325
2 50 66 108 115 125 180 265 308 318 320 327
1 53 66 108 116 126 147 261 308 317 320 326
1 38 66 108 115 125 206 279 308 317 320 326
1 16 66 108 116 125 191 259 303 317 320 326
1 42 66 108 116 125 140 259 308 317 320 326
2 43 78 108 116 125 174 287 308 318 320 327
2 13 78 108 116 125 216 259 308 318 320 327
2 9 66 108 116 126 191 259 310 317 320 326
1 37 92 108 118 125 174 259 308 318 320 327
2 13 88 108 116 125 135 279 310 317 320 325
1 39 70 108 116 125 148 264 308 318 320 327
1 48 88 108 115 125 147 262 310 318 320 327
2 52 66 108 116 125 158 260 311 317 320 326
2 22 66 108 116 125 174 285 303 317 320 326
2 42 66 108 115 125 174 271 308 317 320 326
1 45 88 109 115 125 139 259 296 318 320 327
1 7 66 108 115 125 165 259 308 317 320 326
1 35 98 108 116 126 176 259 310 317 320 325
1 27 67 110 115 125 174 265 303 317 321 324
1 9 66 109 115 125 197 271 310 317 321 324
2 34 98 108 115 125 174 271 308 318 320 327
1 53 66 108 115 125 147 272 308 317 320 326
2 22 104 109 116 126 179 271 310 318 320 327
1 15 66 108 119 125 257 260 308 317 320 326
2 24 66 108 116 125 139 259 308 317 320 326
2 37 66 108 116 126 147 260 308 317 320 326
2 41 66 108 116 125 157 283 315 317 320 326
2 30 66 108 115 126 180 263 308 317 320 326
1 42 66 108 117 125 135 285 308 317 320 326
1 49 67 108 116 125 147 260 310 317 321 324
1 38 67 108 115 126 147 283 308 317 320 324
2 18 88 108 115 125 143 259 310 318 320 327
2 40 66 108 115 125 210 259 308 317 320 326
2 38 67 111 115 125 180 283 292 317 320 325
2 41 67 108 115 125 180 259 308 318 320 327
2 15 66 108 115 125 217 283 308 317 320 326
1 29 88 108 116 125 180 260 308 317 321 324
1 45 103 108 115 125 200 271 308 318 320 327
2 40 94 108 116 125 174 263 303 317 321 324
2 12 66 108 116 125 180 271 308 317 320 325
1 41 66 108 116 125 174 283 310 317 320 326
1 54 98 108 116 125 195 260 308 317 320 324
2 15 67 109 115 125 180 271 310 317 320 325
1 48 94 108 116 125 147 259 296 317 320 324
1 35 88 108 115 125 141 283 315 318 320 327
2 18 66 108 116 126 168 271 315 317 320 326
2 39 99 108 116 125 191 290 308 317 321 324
2 34 74 108 116 125 180 271 308 317 321 324
2 51 88 108 116 125 174 259 310 317 320 325
1 6 66 108 116 125 188 259 308 317 320 326
2 25 98 108 116 125 147 259 303 317 321 324
2 14 66 108 116 126 183 259 308 317 320 326
2 27 99 108 116 126 158 271 308 317 320 325
1 54 66 108 116 125 183 261 310 317 320 326
2 43 104 108 116 125 135 259 292 317 320 325
1 26 66 108 116 125 160 260 310 317 320 326
2 15 66 108 116 126 168 260 308 317 320 326
2 25 78 108 115 126 162 285 308 318 320 327
2 29 66 108 116 126 183 260 310 317 320 326
1 59 66 108 116 125 140 260 308 317 320 326
2 14 94 108 116 126 180 283 303 317 321 324
1 44 66 108 116 125 191 289 303 317 321 325
1 61 66 108 115 126 139 259 308 317 320 326
2 12 99 108 116 126 180 259 315 317 320 324
1 39 66 108 116 125 171 272 307 317 320 326
2 53 94 108 116 126 132 259 296 317 320 325
1 20 66 108 115 125 191 259 303 317 320 326
2 36 66 108 115 125 251 262 308 317 320 326
1 33 66 108 116 126 160 288 308 317 320 326
2 31 72 108 116 126 180 279 308 318 320 327
2 42 67 108 116 125 183 289 310 317 321 325
1 17 88 108 115 125 147 259 308 318 320 327
2 40 66 108 115 125 147 287 308 317 320 326
1 39 98 108 116 125 160 259 308 317 320 324
2 10 66 108 116 126 222 260 308 317 320 326
2 39 66 108 116 125 216 259 315 317 320 326
1 34 66 108 116 125 147 271 310 317 320 326
1 46 66 108 116 126 196 260 308 317 320 326
1 20 66 108 115 125 183 260 296 317 320 326
1 57 66 108 115 125 176 260 310 317 320 326
2 39 66 108 116 125 196 260 308 317 320 325
1 44 66 108 116 126 180 259 308 317 320 326
1 23 66 108 117 125 180 271 308 317 320 326
2 9 66 109 115 125 174 260 308 318 320 327
2 61 78 108 115 125 191 265 315 317 320 325
1 17 66 108 116 125 177 259 315 317 320 326
2 12 78 108 115 125 132 260 308 318 320 327
1 24 78 108 115 125 137 283 308 317 320 324
1 33 66 108 116 126 176 260 308 317 320 326
2 16 66 108 115 126 181 271 308 318 320 327
2 21 78 108 115 126 129 262 308 318 320 327
1 31 66 108 116 126 171 289 315 317 320 326
2 38 94 108 116 125 141 279 303 317 320 325
2 27 78 108 115 125 191 259 308 317 321 324
2 56 68 108 115 126 168 263 308 318 320 327
1 16 66 108 115 125 139 288 303 317 320 326
1 38 66 108 116 126 180 279 308 317 320 326
1 37 66 108 116 126 174 260 308 317 320 326
2 20 99 108 116 126 147 289 308 317 320 325
2 52 88 108 115 126 180 273 308 318 320 327
1 46 66 108 118 125 153 288 310 317 320 326
1 27 66 108 115 125 176 279 308 317 320 326
2 29 66 108 118 125 190 289 308 317 320 326
2 23 98 108 117 125 174 259 296 317 320 325
1 15 67 108 116 125 180 271 308 318 320 327
2 24 66 108 115 126 174 285 308 317 320 326
2 32 66 108 116 125 147 260 308 317 320 326
2 32 88 108 115 126 136 285 308 317 321 324
1 25 66 108 118 125 147 279 310 317 320 326
2 29 66 112 115 125 157 279 308 317 320 325
2 12 66 108 117 125 213 279 308 317 320 326
2 11 94 108 116 125 180 260 315 317 321 325
1 34 66 108 116 125 132 260 308 317 320 326
2 40 103 108 120 125 141 287 312 317 320 325
2 25 104 108 116 125 174 259 310 317 321 324
2 11 66 108 116 126 177 260 308 317 320 326
1 52 94 108 116 125 219 287 308 317 320 324
2 49 88 108 116 125 195 271 303 317 320 325
2 46 66 108 115 125 236 260 292 317 320 326
2 32 66 108 115 125 248 271 308 317 320 326
1 33 66 108 115 126 190 283 308 317 320 326
1 39 66 108 116 125 157 259 315 317 320 326
2 16 94 108 116 126 174 271 308 317 320 325
2 41 103 108 115 125 174 279 292 318 320 327
2 39 69 108 116 126 171 279 303 317 320 325
2 34 103 108 115 125 210 259 308 318 320 327
1 23 94 108 116 126 180 271 308 317 321 324
2 28 66 108 116 125 147 271 308 317 320 326
2 44 73 108 115 125 147 260 308 318 320 327
1 4 66 108 117 125 148 259 308 317 320 326
2 47 98 108 115 125 198 260 308 318 320 327
2 47 66 108 116 125 176 279 310 317 320 326
1 47 66 108 116 126 180 287 311 317 320 326
2 35 88 108 115 126 140 287 296 318 320 327
1 38 67 108 116 125 174 267 310 317 320 324
2 15 74 108 115 125 199 259 308 317 321 324
1 22 67 108 115 125 138 259 308 318 320 327
2 40 66 108 115 126 147 259 308 317 320 326
2 26 66 108 116 125 170 283 308 317 320 326
1 17 66 108 116 125 223 260 308 317 320 326
1 26 66 108 115 126 143 259 308 317 320 326
2 21 78 109 115 125 196 288 308 318 320 327
1 21 66 108 115 125 255 260 308 317 320 326
1 32 66 108 115 125 153 260 311 317 320 326
1 61 94 108 116 125 174 261 303 317 321 325
2 31 66 108 116 125 180 271 308 317 320 326
2 38 102 108 115 125 252 288 308 317 320 328
2 25 66 108 116 125 171 283 315 317 320 326
2 25 98 108 115 126 180 259 308 318 320 327
2 13 66 108 115 125 195 260 308 317 320 326
2 37 94 108 115 125 180 271 308 318 320 327
1 48 66 108 115 126 210 285 308 317 320 326
2 33 94 108 116 125 141 263 303 318 320 327
1 30 94 108 116 125 180 259 308 317 320 324
1 31 66 108 116 125 135 271 308 317 320 326
2 47 103 108 116 125 160 287 308 317 320 325
2 32 98 108 116 125 180 279 292 317 320 324
2 22 69 108 116 125 141 279 310 317 320 324
2 35 66 108 115 125 196 285 308 317 320 326
2 45 67 108 116 125 180 290 303 317 320 325
2 38 67 108 117 125 191 287 303 317 320 324
2 45 68 108 116 125 135 259 315 318 320 327
1 8 66 108 115 125 191 259 308 317 320 326
2 44 98 109 116 125 131 259 303 317 320 325
1 30 66 108 116 126 180 261 308 317 320 326
2 40 66 108 116 125 200 279 308 317 320 326
1 50 74 108 116 125 236 259 308 317 321 324
1 49 66 108 116 125 174 263 308 317 320 326
2 20 94 108 115 126 180 271 308 318 320 327
2 48 66 108 115 126 171 271 303 317 320 326
2 12 66 108 116 125 217 260 308 317 320 326
1 40 66 108 116 126 171 288 308 317 320 326
2 30 103 108 116 125 170 271 315 317 320 325
2 29 66 108 115 125 180 260 308 317 320 326
2 38 66 108 116 125 147 289 311 317 320 326
2 39 94 108 116 126 174 271 308 318 320 327
2 34 88 108 116 125 165 283 308 317 320 324
1 46 66 108 115 125 130 271 308 317 320 326
2 29 67 108 116 125 191 260 315 317 320 325
2 21 66 108 116 125 174 259 303 317 320 326
2 42 78 108 116 125 188 259 308 317 320 325
2 7 78 111 115 125 135 260 308 318 320 327
1 11 88 108 115 126 256 260 308 318 320 327
1 29 66 108 116 125 174 288 308 317 320 326
2 15 66 108 115 125 174 260 308 317 320 326
1 10 66 108 117 126 196 260 308 317 320 326
2 38 99 108 116 125 177 259 308 317 321 324
2 25 66 108 116 126 160 262 296 317 320 326
2 23 67 108 116 125 147 259 312 317 320 324
1 29 66 108 116 125 252 260 308 317 320 326
2 20 66 108 116 125 141 271 292 317 320 326
2 43 66 108 115 126 148 259 292 317 320 326
1 15 66 108 115 126 147 285 292 317 320 326
1 31 66 108 116 125 188 263 308 317 320 326
2 33 98 108 116 125 183 259 308 317 320 325
2 43 66 108 116 126 171 271 310 317 320 326
2 7 94 108 115 126 147 259 308 318 320 327
2 28 67 108 116 125 180 285 310 317 321 324
1 41 66 108 115 125 209 263 308 317 320 326
1 42 94 108 116 125 147 279 308 317 320 324
1 13 66 108 115 125 242 259 308 317 321 324
1 27 66 108 115 125 153 259 308 317 320 326
2 14 94 108 116 125 179 259 303 317 320 325
2 31 66 108 115 126 158 271 308 317 320 326
2 46 66 108 121 125 183 279 308 317 320 326
2 44 88 108 116 125 196 260 303 317 320 325
2 39 78 108 116 125 147 287 308 317 321 324
2 37 66 108 116 126 160 285 308 317 320 325
1 18 66 108 115 125 160 259 308 317 320 326
2 25 67 108 116 125 139 289 303 317 320 324
2 37 98 108 116 126 168 271 310 317 320 325
2 41 98 108 115 126 135 259 308 318 320 327
1 11 66 108 115 126 160 279 310 317 320 326
2 26 66 108 116 126 131 259 308 317 320 326
2 46 98 108 115 125 196 262 315 318 320 327
2 6 66 108 116 125 256 259 315 317 320 326
2 38 66 108 116 126 160 285 311 317 320 326
1 39 66 108 116 125 197 265 310 317 320 326
2 23 99 108 116 125 160 259 308 317 320 325
1 29 94 108 116 125 180 262 303 317 321 324
1 28 78 108 116 125 168 285 315 317 320 329
1 27 103 108 116 125 132 259 308 317 320 324
2 36 88 108 115 125 147 259 303 317 320 325
1 38 66 108 116 125 132 260 308 317 320 326
1 29 78 110 115 125 185 288 310 317 320 325
1 42 100 108 115 125 187 262 308 317 321 323
2 39 66 108 118 125 177 272 308 317 320 326
1 31 66 108 115 125 224 265 308 317 320 326
2 40 74 108 117 125 153 261 308 318 320 327
2 23 94 108 116 125 141 271 310 317 320 325
2 32 88 108 115 125 191 279 308 317 320 325
2 47 66 108 115 126 213 287 311 317 320 326
1 33 66 108 115 125 205 279 308 317 320 326
2 30 88 108 116 125 172 260 308 317 320 325
2 53 94 108 115 126 191 280 308 318 320 327
1 47 66 108 115 125 180 266 308 317 320 326
1 44 66 108 117 125 140 285 308 317 320 326
2 41 103 109 115 125 165 283 308 317 321 324
1 29 66 108 116 125 153 259 308 317 320 326
2 27 66 108 115 126 188 260 308 317 320 326
2 40 68 108 115 125 171 262 308 317 321 324
1 42 66 108 116 126 148 285 308 317 320 326
2 33 66 108 117 125 147 271 308 317 320 326
1 33 66 108 116 125 183 259 308 317 320 326
2 22 66 108 116 125 147 283 310 317 320 326
2 35 66 108 116 126 196 290 313 317 320 326
1 15 66 108 116 125 174 271 308 317 320 326
1 32 66 108 116 126 180 285 311 317 320 326
1 33 66 108 116 125 153 259 315 317 320 326
2 32 98 108 116 125 197 289 315 317 320 324
2 11 104 108 117 125 171 259 308 317 320 324
2 55 66 108 116 125 153 270 308 317 320 326
2 57 66 108 115 126 224 285 308 317 320 326
1 7 66 108 116 126 147 259 311 317 320 326
2 45 66 108 116 125 147 259 303 317 320 326
1 21 66 108 116 125 158 259 308 317 320 326
1 28 99 108 116 125 147 285 308 317 321 324
1 30 66 108 116 125 180 260 308 317 320 324
2 26 66 108 116 126 226 271 292 317 320 326
2 21 66 108 115 125 147 259 303 317 320 326
2 48 104 108 116 125 177 263 308 318 320 327
2 36 66 108 116 125 174 259 308 317 320 326
1 38 94 108 116 125 214 279 315 318 320 327
2 39 66 108 116 125 160 271 308 317 320 326
2 17 66 108 116 126 188 259 308 317 320 326
2 47 82 108 117 125 147 283 310 317 320 324
2 21 66 108 116 125 147 287 308 317 320 326
2 49 94 108 115 125 140 259 315 318 320 327
2 27 66 108 115 126 147 287 308 317 320 326
1 43 99 108 115 125 147 259 303 317 320 323
1 36 78 108 116 125 196 275 308 317 320 324
2 22 98 108 116 125 147 259 310 317 320 324
1 38 66 108 116 125 174 259 315 317 320 326
1 48 66 108 116 125 172 260 308 317 320 326
1 17 66 108 116 126 196 259 308 317 320 326
2 43 70 108 117 126 168 263 308 317 320 325
2 32 66 108 116 125 147 259 308 317 320 326
2 28 98 108 116 125 214 259 308 317 320 325
1 38 88 109 115 126 180 260 308 317 320 325
2 48 66 108 117 125 177 270 308 317 320 326
2 37 66 108 115 126 180 260 303 317 320 326
2 46 99 108 116 126 180 261 311 317 320 325
1 43 66 108 115 126 174 262 308 317 320 326
1 38 104 108 116 126 232 279 308 318 320 327
1 19 66 108 116 125 191 260 308 317 320 326
2 47 66 108 116 126 183 285 308 317 320 326
2 19 66 108 116 125 192 260 296 317 320 326
2 37 66 108 115 125 158 259 308 317 320 326
2 50 78 108 116 125 131 279 308 317 320 324
2 28 66 108 115 125 176 259 308 317 320 326
1 38 102 108 115 125 140 271 308 318 320 327
2 15 67 108 116 126 168 279 308 318 320 327
1 6 102 108 115 126 210 260 296 317 320 324
1 28 66 108 116 126 171 279 310 317 320 326
2 28 67 109 115 125 180 270 308 317 320 324
2 36 98 108 116 125 160 264 296 317 320 324
2 28 66 108 115 126 165 279 308 317 320 326
2 22 66 108 115 126 196 279 310 317 320 326
2 24 66 108 115 126 132 260 308 317 320 326
2 20 99 108 116 126 160 259 296 317 320 325
2 12 66 108 115 125 185 271 308 317 320 326
2 13 66 108 118 125 135 259 299 317 320 326
2 13 66 108 116 125 158 259 308 317 320 326
1 43 78 108 115 125 176 268 308 317 320 324
2 46 103 108 117 125 180 279 308 317 320 324
1 40 99 108 116 125 180 260 303 317 321 325
1 41 99 108 116 125 135 259 310 317 321 324
2 44 66 108 116 126 196 271 311 317 320 326
2 50 94 108 116 125 180 268 310 317 320 325
1 41 66 108 116 125 174 285 308 317 320 326
1 36 98 108 116 125 147 259 315 317 320 325
1 34 98 108 115 125 180 283 314 317 320 324
1 28 78 108 115 126 176 259 308 318 320 327
1 21 88 108 115 126 248 271 308 317 320 324
2 55 66 108 116 125 176 283 308 317 320 326
2 34 102 108 115 125 153 271 310 317 320 325
2 34 67 108 117 125 160 290 308 317 320 325
2 30 102 108 116 125 174 259 310 317 321 325
1 47 66 108 116 125 147 271 308 317 320 326
2 46 88 108 115 126 180 279 310 318 320 327
2 29 66 108 116 125 199 259 308 317 320 326
2 24 66 108 116 125 160 285 310 317 320 326
2 43 102 108 116 125 191 287 308 317 321 325
1 11 66 108 116 125 147 259 308 317 320 326
2 43 84 108 115 126 210 275 308 317 321 324
2 39 88 108 115 125 168 259 308 318 320 327
2 26 88 108 116 125 174 285 308 317 321 324
2 34 66 108 116 126 196 260 308 317 320 326
2 21 99 108 115 125 147 260 315 318 320 327
2 43 66 108 115 125 210 259 308 317 320 326
2 17 66 108 116 126 176 259 296 317 320 326
2 47 88 108 117 126 171 259 308 317 320 325
1 13 66 108 115 126 214 260 308 317 320 326
1 46 66 108 115 125 147 279 308 317 320 326
2 47 78 108 116 125 187 283 308 317 320 325
2 42 66 108 117 125 158 287 308 317 320 326
2 31 66 110 115 125 180 289 308 318 320 327
2 32 99 108 116 125 171 260 308 318 320 327
2 39 66 108 116 125 171 263 308 317 320 326
2 43 78 108 116 125 147 271 308 318 320 327
1 27 66 108 115 125 192 260 303 318 320 327
2 49 66 108 116 126 139 290 308 317 320 326
2 37 66 108 115 125 191 260 308 317 320 326
2 53 88 108 116 125 191 289 308 318 320 327
1 43 88 108 116 125 191 259 308 317 321 324
2 40 94 108 115 126 147 259 297 317 320 325
2 52 66 108 116 125 147 259 308 317 320 326
1 25 66 108 118 125 180 260 315 317 320 326
1 8 104 108 115 125 210 259 303 318 320 327
1 20 66 108 115 126 174 260 308 317 320 326
2 35 94 108 116 125 176 259 308 317 321 324
1 40 66 108 116 126 147 289 310 317 320 326
2 7 66 108 116 126 210 259 310 317 320 326
1 44 88 108 115 126 225 279 308 317 321 328
1 22 88 108 115 125 168 266 308 318 320 327
2 8 98 108 116 126 147 260 310 317 320 325
2 29 66 108 116 125 188 259 308 317 320 326
1 34 94 108 116 125 147 288 308 317 320 324
2 38 66 108 118 125 158 279 308 317 320 326
2 24 94 108 116 125 174 260 310 317 320 325
2 40 99 108 116 126 194 271 310 317 320 324
2 46 94 108 115 125 147 260 296 318 320 327
2 29 66 108 116 126 176 279 308 317 320 326
1 15 94 111 115 125 191 260 310 317 320 325
1 31 71 108 115 125 174 277 310 318 320 327
1 30 66 108 115 125 197 259 311 317 320 326
1 51 102 108 116 125 160 289 308 318 320 327
2 53 66 108 115 126 147 259 308 318 320 327
2 40 99 108 117 125 256 270 308 317 320 325
1 15 66 108 115 125 153 259 315 317 320 326
1 39 66 108 115 126 183 262 308 317 320 326
1 54 66 108 115 126 171 289 310 317 320 326
1 37 66 108 116 125 210 279 308 317 320 326
2 42 66 108 116 125 176 259 308 317 320 326
1 34 74 108 115 125 149 260 308 318 320 327
2 38 66 108 115 125 196 259 315 317 320 326
2 42 70 108 116 125 174 289 308 318 320 327
2 40 66 108 116 125 174 259 308 317 320 326
1 44 94 108 115 126 148 271 303 317 320 324
2 30 66 108 119 125 147 279 308 317 320 326
1 11 66 108 115 126 148 279 308 317 320 326
2 45 66 108 116 125 147 279 308 317 320 326
1 39 87 108 118 126 129 288 308 318 320 327
2 35 66 108 116 125 210 260 308 317 320 326
2 13 66 108 116 126 135 279 308 317 320 326
1 43 99 108 115 125 158 285 308 318 320 327
1 40 94 108 115 126 239 288 308 318 320 327
1 21 66 108 116 125 180 288 310 317 320 326
2 10 66 108 116 126 147 260 310 317 320 326
1 25 66 108 116 125 171 260 310 317 320 326
1 14 66 108 115 126 160 259 308 317 320 326
2 17 78 108 116 126 191 260 308 318 320 327
1 45 78 108 116 125 174 271 308 317 320 325
2 49 66 108 116 125 183 283 308 317 320 326
2 13 99 108 116 125 177 259 308 317 320 325
2 30 99 108 115 126 195 279 308 318 320 327
2 49 94 108 116 125 159 277 310 317 321 324
1 25 103 108 116 125 153 259 308 318 320 327
2 35 99 108 117 125 147 260 308 317 321 324
2 35 66 108 115 126 159 259 308 317 320 326
1 23 66 108 115 125 175 259 308 317 320 326
2 24 66 108 116 126 186 259 308 318 320 327
2 36 72 108 117 125 147 285 308 318 320 327
1 41 66 108 115 125 257 283 308 317 320 326
1 19 94 108 116 125 180 260 315 317 321 324
1 34 66 108 116 125 157 259 308 317 320 326
2 45 68 108 116 126 153 271 308 317 321 324
2 41 67 108 116 126 183 259 308 318 320 327
2 52 66 108 116 125 147 260 310 317 320 326
2 25 67 108 116 125 224 271 308 318 320 327
2 36 78 108 115 125 191 259 308 317 320 325
2 37 66 108 115 126 174 267 310 317 320 326
2 53 67 108 116 125 174 285 308 317 321 324
1 35 66 108 116 125 161 287 308 317 320 326
1 18 88 109 115 125 177 287 308 318 320 327
1 46 99 108 116 125 183 271 310 317 321 324
1 52 66 108 116 125 191 259 310 317 320 326
1 32 98 108 116 125 147 260 311 317 321 324
2 41 66 108 116 125 158 267 311 317 320 326
2 15 66 108 116 125 174 259 296 317 320 326
2 57 104 108 115 125 147 283 308 318 320 327
1 50 88 108 115 125 147 259 308 318 320 327
2 45 66 108 115 126 157 287 308 317 320 326
1 7 66 108 116 125 160 271 310 317 320 326
2 37 94 108 116 125 176 283 308 317 320 325
2 43 66 108 115 125 176 272 308 317 320 326
2 14 66 108 116 125 200 259 308 317 320 326
2 20 88 108 116 125 210 285 315 317 320 325
2 23 78 108 116 126 171 287 308 317 320 325
2 43 98 108 116 126 174 271 315 317 320 324
1 25 68 108 117 126 148 260 308 318 320 327
1 48 94 108 116 126 157 279 315 317 320 324
2 44 88 108 116 126 138 261 308 317 321 325
2 41 66 108 118 125 147 271 308 317 320 326
2 14 102 108 116 125 135 259 303 317 321 324
2 15 66 108 116 125 148 259 315 317 320 326
1 10 98 108 116 125 196 260 310 317 321 324
1 24 71 108 116 125 128 271 308 318 320 327
2 15 66 108 116 125 174 271 308 317 320 326
1 32 66 108 115 125 180 271 303 317 320 326
2 47 66 108 119 125 193 265 308 317 320 326
1 55 68 108 116 125 147 283 308 317 321 324
1 40 102 108 116 125 148 283 308 318 320 327
2 44 84 108 118 125 147 279 303 317 320 325
2 16 66 108 115 126 210 259 310 317 320 326
2 19 66 108 115 126 206 259 308 317 320 326
2 11 66 108 115 125 174 259 308 317 320 326
2 46 66 108 116 125 191 290 308 317 320 326
1 39 66 108 116 125 148 279 308 317 320 326
2 16 98 108 116 125 183 279 303 317 320 325
2 26 94 108 116 125 147 259 310 318 320 327
1 38 66 108 116 126 180 259 308 317 320 326
2 42 78 108 115 126 174 264 303 318 320 327
1 19 103 108 116 125 147 259 308 317 321 324
2 32 99 108 116 126 180 283 310 317 320 325
1 39 94 108 115 125 147 279 308 318 320 327
1 42 66 108 115 125 180 259 308 317 320 326
1 13 98 108 115 125 210 259 308 317 321 324
1 6 66 108 116 126 180 259 308 317 320 326
1 41 66 108 116 125 226 259 315 317 320 326
1 23 79 109 118 125 197 260 308 318 320 327
2 29 66 108 116 125 180 260 311 317 320 326
1 38 66 108 116 125 191 283 308 317 320 326
1 8 94 108 115 126 171 260 308 318 320 327
2 56 67 108 116 126 192 260 310 317 321 324
2 50 66 108 116 126 146 260 308 317 320 326
2 40 94 108 116 125 180 260 308 317 321 324
2 44 66 108 115 126 195 267 308 317 320 326
1 45 66 108 116 125 147 260 310 317 320 326
1 31 99 108 116 125 174 287 310 318 320 327
2 39 104 108 116 126 139 260 308 318 320 327
2 21 66 108 116 125 196 271 308 317 320 326
1 51 66 108 116 126 180 288 310 317 320 326
2 13 78 108 116 125 191 260 308 317 321 325
1 36 66 108 116 125 147 283 296 317 320 326
2 42 78 108 116 125 171 287 310 317 320 325
2 38 103 108 116 125 154 259 308 317 320 325
1 17 67 108 116 126 221 279 308 317 321 324
1 23 66 108 115 126 170 259 308 317 320 326
1 45 66 108 115 126 180 266 303 317 320 326
2 51 78 108 117 125 147 271 302 317 320 325
2 36 66 108 115 125 191 279 308 317 320 326
1 24 66 108 116 126 221 279 303 317 320 326
2 43 67 108 115 125 196 271 308 318 320 327
2 40 66 108 115 125 191 263 310 317 320 326
2 33 66 108 115 126 147 259 308 318 320 327
1 45 66 108 115 125 204 263 308 317 320 326
2 41 66 108 116 125 168 271 296 317 320 326
2 6 66 108 115 125 196 259 310 317 320 326
2 15 66 108 116 125 229 285 308 317 320 326
2 28 88 108 116 125 177 285 308 318 320 327
1 39 66 108 116 126 148 274 308 317 320 326
2 42 67 108 116 125 180 283 296 317 320 325
2 50 78 108 116 126 147 285 308 317 320 325
2 17 102 108 116 125 171 259 303 318 320 327
2 27 66 108 116 125 191 259 308 317 320 326
2 32 66 108 116 125 180 285 308 317 320 326
2 21 66 108 116 126 132 285 296 317 320 326
1 29 99 108 116 125 171 283 308 317 321 324
2 35 103 108 116 125 174 269 308 317 321 324
2 22 88 108 116 126 171 279 308 317 320 325
2 8 66 108 115 125 174 271 308 317 320 326
2 57 66 108 116 125 223 269 308 317 320 326
2 45 98 108 116 126 180 259 310 318 320 327
2 16 88 108 115 125 187 260 303 318 320 327
1 47 102 108 116 126 216 279 310 318 320 327
1 15 66 108 115 125 147 259 308 317 320 326
2 7 66 108 115 125 176 259 308 317 320 326
1 30 66 108 115 125 180 285 308 317 320 326
2 22 66 108 116 126 191 259 308 317 320 326
1 13 66 108 115 125 210 259 308 317 320 324
1 24 99 108 116 125 180 271 315 318 320 327
2 25 88 108 116 125 147 271 303 317 320 325
2 14 66 108 116 125 210 260 303 317 320 326
2 24 66 108 116 125 201 259 308 317 320 326
1 28 78 108 116 125 174 285 308 317 320 324
2 44 67 108 115 125 160 283 310 318 320 327
2 53 66 108 116 126 168 259 308 317 320 326
2 31 66 108 116 125 147 279 310 317 320 326
2 21 66 108 116 125 183 271 303 317 320 326
1 24 66 108 116 125 138 271 308 317 320 326
2 37 88 108 116 125 171 259 303 317 320 325
2 23 104 108 116 125 191 287 310 317 320 324
1 19 66 108 116 126 172 260 308 317 320 326
2 9 78 108 115 125 176 259 308 318 320 327
2 22 99 108 116 125 182 289 315 317 320 325
2 15 103 108 116 125 191 285 308 318 320 327
1 10 78 108 115 125 196 259 310 317 320 324
2 34 66 108 116 126 139 259 308 317 320 326
1 36 66 108 116 125 180 259 308 317 320 326
1 47 67 108 116 125 174 271 308 317 321 324
1 11 99 108 115 125 180 259 308 318 320 327
2 36 78 109 115 125 147 283 308 317 320 325
2 31 99 108 116 125 174 259 303 317 320 325
2 32 66 108 116 125 174 259 308 317 320 326
2 28 78 108 115 125 174 259 308 317 320 324
2 36 78 108 115 126 176 259 308 318 320 327
1 45 66 108 117 125 182 288 315 317 320 326
2 14 66 108 115 125 187 260 308 317 320 326
1 38 66 108 116 126 191 259 298 317 320 326
2 40 66 108 117 125 188 290 292 317 320 326
2 52 78 108 116 125 214 259 303 317 320 325
2 9 88 108 116 126 132 271 296 318 320 327
2 46 98 108 115 125 174 267 310 318 320 327
2 38 104 108 116 126 191 287 308 317 321 324
2 41 78 110 115 125 147 259 308 318 320 327
2 36 98 108 116 125 140 269 310 317 320 325
1 47 88 108 116 125 185 260 303 317 320 324
2 24 66 108 115 126 139 290 298 317 320 326
1 46 66 108 116 125 147 271 308 317 320 326
2 32 66 108 116 125 160 264 303 317 320 326
2 17 66 108 116 125 176 259 308 317 320 326
2 7 104 108 116 126 180 279 307 317 320 324
1 26 88 109 116 125 147 260 308 317 320 324
2 18 98 108 116 125 171 261 315 318 320 327
2 35 98 108 116 125 183 279 308 317 320 325
2 28 66 108 115 126 140 260 303 317 320 326
2 45 78 108 115 126 168 260 310 318 320 327
1 42 98 108 116 125 183 261 310 317 320 324
1 38 78 108 115 126 171 288 308 318 320 327
2 47 99 108 115 126 174 261 308 317 320 324
1 19 66 108 115 125 180 259 315 317 320 326
1 46 66 108 116 125 139 279 296 317 320 326
1 30 66 108 116 125 196 279 308 317 320 326
2 20 67 108 116 125 191 260 308 317 320 325
2 29 94 108 116 126 147 271 296 317 320 325
1 35 102 108 116 125 168 287 310 318 320 327
2 50 99 108 116 126 147 279 308 317 320 325
2 16 66 108 115 125 174 279 308 317 320 326
1 18 66 108 116 125 160 279 296 317 320 326
2 21 99 108 116 126 190 287 308 317 320 325
1 55 66 108 116 126 147 279 308 317 320 326
2 50 103 108 115 125 192 279 308 318 320 327
2 38 66 108 116 126 191 259 296 317 320 326
1 46 99 108 116 125 219 283 308 317 320 324
1 37 66 108 115 126 236 259 308 317 320 326
2 7 66 108 116 125 174 260 308 317 320 326
2 33 76 108 117 125 240 283 303 318 320 327
2 40 88 108 115 125 167 259 303 317 320 325
2 52 66 108 116 126 135 260 310 317 320 326
1 18 66 108 115 126 205 283 308 317 320 326
2 28 66 108 116 126 180 268 303 317 320 325
1 46 66 108 116 125 147 289 308 317 320 326
2 18 66 108 116 125 160 260 292 317 320 326
2 49 66 108 116 125 147 283 308 317 320 326
2 18 66 108 116 125 160 259 292 317 320 326
2 8 66 108 115 126 174 283 308 317 320 326
1 37 78 108 116 125 176 289 292 317 320 324
2 33 66 108 116 126 174 289 308 317 320 326
1 60 98 108 115 125 154 279 308 318 320 327
1 16 66 108 116 125 246 287 296 317 320 326
1 46 66 108 116 125 180 259 308 317 320 326
2 23 98 108 115 125 174 283 311 318 320 327
1 24 66 108 115 126 148 259 315 317 320 326
2 26 66 108 116 125 180 259 303 317 320 326
1 37 66 108 115 125 136 259 308 317 320 326
2 41 99 108 116 125 242 287 292 317 320 325
1 26 88 110 115 126 217 262 315 318 320 327
2 29 98 108 116 125 196 269 310 317 321 325
1 46 98 109 117 125 180 283 308 318 320 327
1 17 66 108 116 125 147 260 315 317 320 326
2 44 78 108 115 125 196 260 296 317 320 325
1 29 98 108 115 125 192 260 308 318 320 327
1 16 66 108 116 126 147 259 308 317 320 326
1 50 98 108 115 125 196 267 308 317 320 324
1 13 66 108 115 126 195 259 296 317 320 326
2 55 66 108 119 125 174 264 308 317 320 326
1 26 98 108 116 125 176 271 310 317 320 324
1 41 66 108 116 125 174 289 308 317 320 326
2 49 66 108 117 126 147 288 308 317 320 326
1 25 102 108 116 125 180 283 308 317 320 324
2 19 66 108 116 125 170 259 308 317 320 326
2 33 70 108 115 125 188 271 308 318 320 327
2 30 66 108 115 126 196 260 308 317 320 326
1 43 66 108 117 126 183 271 308 317 320 326
2 32 67 108 116 125 217 260 308 318 320 327
2 31 98 110 115 125 180 290 308 317 321 324
2 32 99 108 116 125 191 259 308 317 320 324
2 50 66 108 116 126 180 279 308 317 320 326
2 26 66 108 115 126 174 260 308 317 320 326
1 25 94 108 118 125 147 263 303 317 320 324
2 34 66 108 116 126 180 259 303 317 320 326
2 18 99 108 116 125 191 283 308 317 320 325
2 10 78 108 116 125 196 259 303 317 320 325
1 9 66 108 116 126 135 259 308 317 320 326
1 44 78 108 115 125 164 289 308 318 320 327
2 27 88 108 116 126 160 260 315 317 320 324
1 45 66 108 115 126 210 269 308 317 320 326
1 7 66 108 115 125 187 260 308 317 320 326
1 29 66 108 116 125 174 259 308 317 320 326
2 52 98 108 116 125 176 281 310 317 320 324
2 37 98 108 116 125 210 259 308 317 320 325
1 24 66 108 115 126 202 260 308 317 320 326
2 17 66 108 116 125 210 259 308 317 320 326
1 34 99 108 116 126 200 259 303 317 320 325
2 24 78 108 115 125 195 259 303 318 320 327
1 40 66 108 115 126 160 259 308 317 320 326
1 13 66 108 115 125 205 260 308 317 320 326
1 23 66 108 116 125 187 271 292 317 320 326
2 40 98 108 116 125 210 279 296 317 320 325
2 61 94 108 116 125 147 279 308 317 321 325
1 54 66 108 117 125 147 271 303 318 320 327
2 55 66 108 115 126 204 288 308 317 320 326
2 13 94 108 116 126 180 259 292 318 320 327
1 7 102 108 115 125 180 259 308 318 320 327
2 51 66 108 116 125 191 260 311 317 320 326
2 42 66 108 116 125 186 259 308 317 320 326
2 35 94 108 115 125 210 259 315 317 320 325
1 42 67 108 116 125 196 260 303 318 320 327
2 32 98 108 115 125 210 259 308 318 320 327
2 13 103 108 116 125 171 260 303 317 321 324
2 49 78 108 115 125 160 290 308 318 320 327
2 29 66 108 115 125 160 271 310 317 320 326
1 42 88 108 115 125 180 260 308 318 320 327
2 36 102 108 116 125 160 263 311 318 320 327
1 54 88 109 115 126 174 279 308 317 320 324
1 36 66 108 116 126 174 259 308 317 320 326
1 29 88 108 116 125 147 259 308 317 320 325
2 18 78 108 116 125 180 279 303 317 320 325
1 7 67 108 116 125 174 259 310 317 320 324
1 20 66 108 115 125 256 260 315 317 320 326
1 28 98 108 116 125 180 271 296 317 320 325
1 46 71 108 117 125 160 279 308 318 320 327
1 28 94 108 116 125 147 259 308 317 320 325
2 20 88 108 116 125 159 271 308 318 320 327
1 18 66 108 115 125 248 287 308 317 320 326
1 53 66 108 115 125 180 270 308 317 320 326
1 30 78 108 116 126 172 259 308 317 320 324
1 10 66 108 115 125 153 259 308 317 320 326
1 43 94 109 116 125 174 259 308 317 320 324
2 23 66 108 115 126 147 271 311 317 320 326
2 38 66 108 116 126 196 271 308 317 320 326
2 32 99 108 116 125 180 259 296 317 320 325
2 44 98 108 116 125 224 279 308 317 320 324
1 10 94 108 115 126 210 259 308 318 320 327
1 15 66 108 115 125 180 260 308 317 320 326
1 44 94 108 115 125 147 259 308 318 320 327
1 39 88 108 115 126 147 279 315 318 320 327
1 32 66 108 115 125 188 259 308 317 320 326
1 17 88 108 116 125 180 289 310 317 321 324
1 47 78 108 115 125 147 271 308 318 320 327
1 41 66 108 116 125 248 279 308 317 320 326
2 38 78 108 116 125 176 279 303 317 321 324
2 34 104 108 116 125 147 264 315 317 321 324
1 46 66 108 115 126 203 271 308 317 320 326
1 44 66 108 116 125 176 265 310 317 320 326
1 26 66 108 116 125 174 260 308 317 320 326
2 48 88 108 116 125 174 271 308 317 320 325
2 34 66 108 116 125 174 259 308 317 320 326
1 49 66 108 115 125 204 268 308 317 320 326
2 53 66 108 116 126 168 279 308 317 321 325
2 42 88 108 115 126 191 259 303 318 320 327
2 20 66 108 116 126 157 289 308 317 320 326
2 25 98 108 116 125 176 287 308 317 320 325
2 19 88 108 115 126 195 260 308 318 320 327
1 54 106 108 117 126 232 279 308 318 320 327
2 26 66 108 117 125 179 285 308 317 320 326
2 43 66 108 116 126 214 259 308 317 320 326
1 50 85 108 117 125 147 259 308 318 320 327
2 10 66 108 116 126 148 271 308 317 320 326
1 41 66 108 115 125 192 285 308 317 320 326
2 41 66 108 119 125 174 279 308 317 320 326
2 23 75 108 116 125 148 271 308 317 320 323
2 38 66 108 115 126 176 285 296 317 320 326
2 17 88 108 116 126 180 260 310 317 321 325
2 48 67 108 116 126 160 259 308 318 320 327
2 38 66 108 116 126 143 270 308 317 320 326
1 29 66 108 115 126 127 259 298 317 320 326
2 49 66 108 115 125 153 279 308 317 320 326
2 29 66 108 116 126 186 259 310 317 320 326
1 54 66 108 115 125 139 259 308 317 320 326
2 54 99 108 115 125 221 260 303 317 320 324
2 20 66 108 116 125 186 259 308 317 320 324
2 13 66 108 116 125 196 259 308 317 320 326
1 40 98 108 115 126 232 283 310 318 320 327
2 36 66 108 115 125 177 283 308 317 320 326
1 9 66 108 115 125 172 271 308 317 320 326
1 22 66 108 116 125 135 259 308 317 320 326
2 13 66 108 116 126 180 259 308 317 320 326
2 45 66 108 116 125 132 263 308 317 320 326
2 16 88 108 116 125 147 259 308 317 320 324
2 35 98 108 115 126 176 260 308 318 320 327
1 29 67 108 115 125 147 259 308 318 320 327
2 19 66 108 118 126 135 260 308 317 320 326
2 10 66 108 116 125 171 259 308 317 320 326
2 34 66 108 117 126 196 285 308 317 320 326
1 14 66 108 116 125 180 259 308 317 320 326
1 9 98 108 116 125 210 259 303 317 320 328
1 49 66 108 115 125 147 259 310 317 320 326
1 64 66 108 116 126 129 290 311 317 320 326
2 40 67 108 115 125 170 283 308 317 320 325
2 42 88 108 116 125 191 271 308 318 320 327
2 29 66 108 116 125 174 259 303 317 320 326
2 18 102 108 116 125 177 279 310 318 320 327
1 44 66 108 116 125 135 287 308 317 320 326
1 31 98 108 115 125 147 287 308 318 320 327
2 43 88 108 116 125 160 271 296 317 320 325
2 22 66 108 116 125 174 288 303 317 320 325
2 33 66 108 116 125 183 259 308 317 320 326
2 34 88 108 115 125 174 271 308 318 320 327
2 23 66 108 116 126 256 259 308 317 320 326
1 47 102 108 116 125 191 271 310 317 321 324
1 44 98 108 115 126 196 290 308 318 320 327
1 19 98 108 116 125 135 287 308 318 320 327
2 44 67 108 115 125 157 267 308 318 320 327
2 42 69 108 116 125 147 260 310 317 320 325
2 49 88 108 115 125 196 290 308 318 320 327
2 38 66 108 116 125 200 283 310 317 320 326
1 40 99 108 115 126 167 262 308 317 321 325
2 33 67 108 115 125 160 259 311 318 320 327
2 25 70 108 116 125 132 260 308 318 320 327
2 49 66 108 116 126 180 266 310 317 320 326
1 46 66 108 115 126 244 263 308 317 320 326
1 17 78 108 115 125 168 259 308 318 320 327
2 24 78 108 116 125 183 260 292 317 320 325
1 34 98 108 116 126 171 287 310 318 320 327
2 36 88 108 116 125 174 262 308 317 320 325
1 10 66 108 115 126 160 260 308 317 320 326
2 31 66 108 116 126 165 271 303 317 320 326
2 12 78 108 116 126 191 283 310 317 321 324
1 24 66 108 115 125 221 259 308 317 320 326
1 39 66 108 115 125 176 283 308 317 320 326
2 22 66 108 116 125 191 260 296 317 320 326
1 45 94 108 115 125 135 259 308 318 320 327
2 47 66 108 116 125 192 271 308 317 320 326
2 6 94 108 115 126 165 259 303 317 320 325
1 36 78 108 115 125 147 263 308 318 320 327
2 39 98 108 117 125 174 262 308 318 320 327
2 39 99 108 115 126 176 290 308 318 320 327
1 12 66 108 115 125 153 259 308 317 320 326
2 24 66 108 116 125 165 290 308 317 320 326
1 31 67 108 116 126 191 259 308 317 321 324
2 47 69 108 117 126 188 279 308 318 320 327
2 46 66 108 116 125 160 279 303 317 320 326
2 31 78 108 115 125 180 259 308 318 320 327
2 44 66 108 115 126 214 271 308 317 320 325
2 20 66 108 116 125 174 259 303 317 320 326
2 40 94 110 115 126 180 259 308 318 320 327
1 49 66 108 118 125 148 265 308 317 320 326
2 43 103 108 116 125 180 283 308 317 321 324
1 43 94 108 115 125 180 259 310 317 320 324
1 16 66 108 116 125 216 259 308 317 320 326
2 63 66 108 116 126 147 260 311 317 320 326
1 39 94 108 115 125 174 259 308 317 320 325
1 42 66 108 116 125 168 260 311 317 320 326
2 33 66 108 116 125 176 259 308 317 320 326
1 10 78 108 116 125 160 259 308 318 320 327
2 30 88 108 115 125 197 259 308 318 320 327
2 46 66 108 116 125 165 260 308 317 320 326
1 56 78 108 115 125 176 278 310 317 320 324
1 38 66 108 115 125 207 261 308 317 320 326
2 32 102 108 116 125 159 279 308 317 321 324
1 22 66 108 116 126 168 259 308 317 320 326
2 31 66 108 116 125 147 260 308 317 320 326
1 23 66 108 116 125 158 263 310 317 320 326
1 23 98 108 116 125 215 283 308 318 320 327
1 16 66 108 116 126 146 259 308 317 320 326
2 51 78 108 118 125 146 287 308 317 321 324
1 9 66 108 115 125 174 260 303 318 320 327
1 13 94 108 115 125 222 287 303 317 320 328
1 15 78 108 115 125 237 279 303 318 320 327
2 34 66 108 116 125 164 283 310 317 320 326
2 47 94 108 116 125 147 260 310 318 320 327
2 8 67 108 116 125 187 259 303 317 320 325
2 40 78 109 115 126 174 288 308 318 320 327
2 47 78 108 115 125 176 272 308 318 320 327
1 42 104 108 116 125 191 259 308 317 320 325
2 40 94 108 116 126 159 264 308 317 320 325
2 30 78 108 116 125 153 279 308 317 320 325
2 23 67 108 115 125 157 279 308 318 320 327
1 28 99 108 115 125 127 259 308 318 320 327
2 38 67 108 116 125 135 265 308 318 320 327
1 29 98 108 116 125 171 279 295 317 320 325
2 10 78 108 116 125 183 259 308 317 321 324
2 31 98 108 116 125 189 271 308 317 320 325
2 10 66 110 116 125 217 259 308 317 320 325
1 55 66 108 115 125 139 271 308 317 320 326
2 26 98 108 116 125 147 262 292 317 320 324
1 39 66 108 115 126 195 271 308 317 320 326
2 16 66 108 116 125 217 285 308 317 320 326
1 51 66 108 116 125 174 283 308 317 320 326
1 17 99 108 117 125 221 259 308 317 320 324
2 39 66 108 117 125 160 260 308 317 320 326
2 14 78 108 115 125 148 279 308 318 320 327
1 33 66 108 116 125 174 259 308 317 320 326
2 47 66 108 116 125 188 290 296 317 320 326
2 14 94 108 115 125 192 260 308 317 320 324
2 34 98 112 115 125 174 259 296 317 320 325
2 22 78 108 115 125 148 271 303 318 320 327
2 32 102 109 115 126 147 263 308 317 320 324
1 12 66 108 116 126 131 259 315 317 320 326
1 29 94 108 116 125 174 271 310 317 320 324
1 23 66 108 115 125 195 259 308 317 320 326
2 48 98 108 116 125 174 271 308 317 320 325
1 40 66 108 116 125 148 285 308 317 320 326
2 20 66 108 116 125 147 259 303 317 320 326
2 24 67 108 115 125 191 260 308 318 320 327
2 33 66 108 116 126 176 259 296 317 320 326
1 17 66 108 116 125 139 283 308 317 320 326
1 44 66 108 115 125 199 271 308 317 320 326
2 31 66 108 116 126 148 260 308 317 320 326
2 26 102 108 116 126 147 289 308 318 320 327
1 25 66 108 117 126 133 265 308 317 320 326
2 29 88 108 116 125 256 279 308 317 320 325
2 12 98 108 116 126 160 259 308 318 320 327
2 53 88 108 116 125 180 279 308 317 320 325
2 20 102 108 116 125 160 260 296 317 320 325
2 17 104 108 116 126 176 285 308 317 320 324
2 48 66 108 115 125 160 283 310 317 320 326
2 21 66 108 115 125 191 271 308 317 320 326
2 40 102 108 117 126 172 259 308 318 320 327
1 48 67 108 115 126 148 259 303 318 320 327
2 61 99 109 116 126 139 261 308 318 320 327
2 48 66 108 115 126 160 262 308 317 320 326
2 49 66 108 116 125 227 285 308 317 320 326
1 34 99 110 115 126 176 289 303 318 320 327
2 36 66 108 116 125 132 279 303 317 320 326
1 36 66 108 116 125 176 274 296 317 320 326
2 8 98 108 115 125 180 271 315 318 320 327
2 36 66 108 115 125 176 271 308 317 320 326
1 49 66 108 116 125 158 288 308 317 320 326
2 32 67 108 116 125 160 260 308 317 320 325
2 49 66 108 115 125 171 259 308 317 320 326
1 59 88 108 115 125 148 261 308 318 320 327
1 20 66 108 117 125 138 259 308 317 320 326
2 27 78 108 116 125 191 271 315 318 320 327
1 7 98 108 116 126 165 271 308 318 320 327
2 47 66 108 116 126 180 288 308 317 320 326
2 41 67 108 115 126 191 287 308 318 320 327
2 47 66 108 116 125 180 279 308 318 320 327
2 22 66 108 116 125 180 260 310 317 320 324
2 44 66 108 115 125 210 285 303 317 320 326
2 16 66 108 116 125 180 279 292 317 320 326
1 37 66 108 116 125 171 279 308 317 320 326
1 42 66 108 116 126 171 259 310 317 320 326
2 46 66 108 116 125 176 284 308 317 320 326
2 39 66 108 116 125 218 271 308 317 320 326
2 37 78 109 115 126 174 285 292 317 320 325
2 43 103 108 116 126 160 290 308 318 320 327
1 15 66 108 115 125 175 260 308 317 320 326
2 18 66 108 115 125 174 259 308 317 320 326
1 37 66 108 116 125 147 283 308 317 320 326
2 23 66 108 116 126 153 289 303 317 320 326
2 53 99 108 116 125 171 287 308 317 320 323
2 30 66 108 117 125 160 287 296 317 320 326
2 32 78 108 116 125 188 271 308 318 320 327
1 19 66 108 116 125 255 260 308 317 320 326
1 14 66 108 115 125 205 279 308 317 320 326
1 47 66 108 115 125 174 263 308 317 320 326
1 33 66 108 115 126 185 289 303 317 320 326
1 23 66 108 116 125 211 259 308 317 320 326
2 29 102 108 115 125 160 260 315 317 321 324
2 39 98 108 116 125 180 260 315 318 320 327
2 44 91 108 117 125 147 271 308 318 320 327
1 16 66 108 115 126 158 271 308 317 320 326
2 19 66 108 115 125 147 283 308 317 320 326
2 51 66 108 116 126 135 289 296 317 320 326
1 34 66 108 116 126 171 260 296 317 320 326
1 45 103 108 117 125 249 285 308 317 320 325
2 20 94 108 116 125 196 260 296 317 320 325
2 44 98 110 116 125 147 271 315 317 320 325
1 47 66 108 116 125 174 260 310 317 320 326
2 25 69 108 116 125 256 271 308 317 320 324
2 39 67 108 116 126 196 283 296 318 320 327
2 11 78 108 116 126 174 259 308 317 320 324
1 23 66 108 115 125 160 259 308 317 320 326
2 42 66 108 115 126 148 279 308 317 320 326
2 31 78 108 115 125 147 259 315 318 320 327
1 40 67 108 115 126 180 290 308 318 320 327
1 48 66 108 115 126 147 263 308 317 320 326
1 13 66 108 115 125 187 259 308 317 320 326
2 44 98 109 116 125 129 282 311 317 320 324
1 28 67 108 116 126 232 260 308 317 320 325
2 27 78 108 115 125 225 285 310 318 320 327
2 32 103 108 116 126 174 271 308 317 320 325
1 25 98 108 115 125 160 285 308 318 320 327
2 34 66 108 116 126 176 285 308 318 320 327
2 41 66 108 116 125 180 260 308 317 320 326
1 41 88 109 115 126 191 259 303 317 320 325
2 34 66 108 117 125 174 259 308 317 320 326
1 34 66 108 115 125 195 259 308 317 320 326
1 48 69 108 118 125 161 289 308 317 320 324
2 45 88 108 115 125 160 287 308 318 320 327
2 38 98 108 116 125 154 260 310 317 320 324
2 34 66 108 116 125 176 271 308 317 320 326
1 21 66 108 115 125 202 260 308 317 320 326
2 21 66 108 116 125 180 259 296 317 320 326
1 27 66 108 115 125 209 259 308 317 320 326
2 16 66 108 116 125 174 260 296 317 320 326
1 47 102 108 115 126 134 260 315 317 320 325
1 36 66 108 116 126 147 285 308 317 320 326
2 14 99 108 116 125 165 271 308 317 320 325
2 9 66 108 116 125 196 259 308 317 320 326
2 47 78 108 115 126 174 283 308 318 320 327
2 52 68 108 116 125 192 265 308 317 320 324
1 49 66 108 115 125 174 271 308 317 320 326
2 19 66 108 115 126 257 288 308 317 320 326
1 43 66 108 116 125 180 283 310 317 320 326
2 20 88 108 115 125 174 259 308 317 320 324
1 44 66 108 115 125 209 259 308 317 320 326
2 43 88 109 115 126 176 279 296 317 320 325
2 37 66 109 115 125 161 262 308 318 320 327
2 24 66 108 116 125 147 259 310 317 320 326
2 30 66 108 115 125 180 283 308 317 320 326
1 23 66 108 116 125 174 279 311 317 320 326
2 43 94 108 116 126 197 269 308 317 320 325
1 24 78 108 116 125 174 259 308 317 320 324
1 54 104 108 115 126 147 260 308 318 320 327
2 34 98 108 116 126 180 288 303 317 320 324
1 34 88 108 115 125 174 279 308 317 320 324
1 43 66 108 116 126 180 259 310 317 320 326
1 47 98 108 115 125 180 259 308 318 320 327
2 31 88 109 115 125 248 260 310 317 320 324
2 41 66 108 115 125 191 289 308 317 320 326
2 31 66 108 116 125 187 260 303 317 320 326
1 48 66 108 115 126 176 283 308 317 320 326
1 12 66 108 116 125 160 259 308 317 320 326
1 42 99 110 115 125 176 283 308 318 320 327
1 34 78 110 115 125 163 271 303 317 320 324
2 60 88 108 116 126 180 259 308 317 321 324
2 38 102 108 116 125 147 279 296 318 320 327
1 15 88 108 115 126 154 279 308 318 320 327
2 41 66 108 116 125 180 279 308 317 320 326
1 23 66 108 115 125 214 260 308 317 320 326
1 21 66 108 116 125 132 260 308 317 320 326
1 52 66 108 116 126 147 259 315 317 320 326
2 37 66 108 116 125 147 287 296 317 320 326
2 37 94 108 116 126 180 279 310 317 320 325
2 48 104 108 116 125 192 290 308 317 321 324
1 8 66 108 115 125 170 259 310 317 320 326
1 26 66 108 115 125 147 260 308 317 320 326
2 36 66 108 115 125 196 259 308 317 320 326
1 43 102 108 116 125 148 259 310 317 321 324
2 7 98 108 116 125 147 259 310 317 320 325
1 46 66 108 115 125 192 271 308 317 320 326
1 22 78 108 116 125 147 260 303 317 320 325
1 40 66 108 116 126 211 263 311 317 320 326
2 20 66 108 116 125 188 279 308 317 320 326
2 8 66 108 116 126 177 259 310 317 320 326
1 19 78 108 115 126 147 259 308 318 320 327
2 37 66 108 116 125 180 279 315 317 320 326
1 23 94 108 115 125 222 259 308 318 320 327
1 19 88 108 115 125 147 290 308 318 320 327
1 15 66 108 116 125 180 259 308 317 320 326
2 42 71 108 116 126 147 279 292 317 320 324
2 22 66 108 116 126 160 271 303 317 320 326
2 49 102 108 115 125 153 287 308 317 320 325
1 55 66 108 115 125 180 283 310 317 320 326
2 40 91 108 118 126 147 279 303 318 320 327
1 8 66 108 115 125 200 259 315 317 320 326
1 44 66 108 115 125 147 259 303 317 320 326
2 7 66 108 115 126 135 260 296 317 320 326
1 40 66 108 116 125 148 279 311 317 320 326
2 37 68 108 116 126 180 279 303 317 320 325
2 18 66 108 116 126 174 260 296 317 320 326
2 9 78 108 116 125 236 259 303 317 320 325
2 45 66 108 116 125 129 289 308 317 320 326
1 29 94 108 116 125 192 259 303 317 320 324
1 35 67 108 115 126 147 260 308 317 320 324
2 30 94 108 116 126 183 287 308 317 320 325
2 39 78 108 115 126 147 260 308 318 320 327
2 61 98 108 116 125 147 273 308 318 320 327
1 39 66 108 115 125 147 283 303 317 320 326
2 43 98 108 115 125 176 259 308 317 320 325
1 27 98 109 115 125 135 271 308 317 321 324
2 31 78 108 116 126 183 283 296 317 320 324
2 47 88 108 116 126 174 279 303 317 320 324
2 51 66 108 116 126 252 285 315 317 320 326
2 17 66 108 116 125 171 260 310 317 320 326
2 27 74 108 116 125 210 260 308 318 320 327
1 51 74 108 120 125 147 259 308 318 320 327
2 46 98 108 116 125 174 285 308 317 320 325
1 26 66 108 115 126 248 279 308 317 320 326
2 33 104 111 116 126 174 279 310 317 321 324
2 31 94 108 116 126 210 271 308 317 320 325
1 32 71 108 118 126 147 260 308 318 320 327
1 35 84 108 116 126 156 271 308 317 321 324
2 41 94 108 116 125 147 290 310 317 320 324
2 13 66 108 116 125 147 259 308 317 320 326
1 12 66 108 116 125 158 260 308 317 320 326
1 33 78 108 115 125 174 287 308 318 320 327
2 26 78 108 116 125 176 269 310 317 320 325
2 35 66 108 116 126 174 283 308 317 320 326
1 33 66 108 115 126 212 287 308 317 320 326
2 30 99 108 115 126 180 271 308 317 320 325
2 35 98 108 116 125 147 259 308 318 320 327
1 21 66 108 116 125 180 259 315 317 320 326
2 39 102 108 115 125 147 259 308 318 320 327
2 40 66 108 116 125 174 259 308 317 320 326
2 6 66 108 115 125 158 259 308 317 320 326
2 9 78 111 115 125 174 271 308 318 320 327
2 24 66 108 116 125 172 283 308 317 320 326
2 32 69 111 116 125 171 259 308 317 320 324
2 35 94 108 116 126 147 260 310 317 320 324
2 50 66 108 116 125 180 289 308 317 320 326
2 24 67 108 116 125 195 271 308 317 320 325
2 41 89 113 117 126 191 290 308 318 320 327
2 51 104 108 115 125 140 279 308 317 320 324
2 22 98 109 115 125 183 268 315 318 320 327
2 41 66 108 116 125 160 267 308 317 320 326
2 32 72 108 116 126 171 259 303 318 320 327
2 15 66 108 115 125 209 260 308 317 320 328
2 43 66 108 115 126 165 259 292 317 320 326
2 24 67 108 116 125 148 288 308 317 320 324
2 27 66 108 116 126 191 271 296 317 320 326
2 38 66 108 116 125 245 264 308 317 320 326
1 8 66 108 116 126 183 260 310 317 320 326
1 9 104 108 115 125 158 259 296 317 320 325
2 22 68 108 116 125 160 283 308 318 320 327
1 49 66 108 116 125 165 260 315 317 320 326
2 40 66 108 115 126 195 279 308 317 320 326
2 11 99 108 116 125 160 260 308 317 321 325
2 56 94 108 115 125 180 271 308 317 320 325
2 48 66 108 116 125 147 279 303 317 320 326
1 25 66 108 116 125 235 259 315 317 320 326
2 35 66 108 116 125 147 279 311 317 320 326
2 26 66 108 116 125 196 264 308 317 320 325
1 34 66 108 116 126 210 287 308 317 320 326
1 38 98 109 116 125 223 260 296 317 320 324
1 44 98 108 115 125 191 279 308 318 320 327
1 10 66 108 116 125 219 259 310 317 320 326
2 22 66 108 115 126 236 283 308 317 320 326
2 44 99 108 116 125 180 288 303 318 320 327
2 40 104 108 116 125 195 259 303 318 320 327
2 49 78 108 115 126 147 285 308 318 320 327
1 40 66 108 118 125 210 279 308 317 320 326
2 13 66 108 116 125 238 259 308 317 320 326
2 17 88 108 116 125 214 279 311 318 320 327
1 15 68 108 117 125 140 260 308 317 320 324
1 33 94 108 116 125 191 259 308 317 320 324
2 36 66 108 116 126 147 285 308 317 320 326
2 18 66 108 116 126 188 259 308 317 320 326
2 15 94 109 115 125 220 271 311 318 320 327
2 29 66 108 116 125 224 260 308 317 320 326
2 44 99 108 116 125 160 263 311 317 321 324
2 12 66 108 116 125 180 259 310 317 320 326
1 47 88 108 115 125 176 259 308 317 320 325
2 37 103 108 115 125 196 285 308 317 320 325
1 35 66 108 115 125 233 260 308 317 320 326
1 29 66 108 116 126 257 259 308 317 320 326
2 31 68 108 116 126 147 285 303 318 320 327
2 45 66 108 116 125 180 260 310 317 320 326
2 37 66 108 116 125 161 279 308 317 320 326
2 24 102 108 117 125 171 283 292 317 321 324
2 49 67 108 115 125 179 288 308 318 320 327
1 24 98 112 115 126 172 259 310 317 320 325
2 16 66 108 116 126 170 285 308 317 320 326
2 40 99 108 116 126 183 279 315 317 320 325
1 42 66 108 116 126 252 287 308 317 320 326
1 35 66 108 116 125 147 259 303 317 320 326
1 46 66 108 116 125 196 283 315 317 320 326
2 26 66 108 116 125 171 283 308 317 320 326
2 37 94 108 115 126 196 283 308 318 320 327
2 35 66 108 116 125 213 271 310 317 320 326
1 32 66 108 115 125 159 259 303 317 320 326
2 43 98 108 116 125 180 266 303 317 321 324
2 44 66 108 117 125 132 283 308 317 320 326
1 40 94 108 116 126 196 271 303 318 320 327
1 10 94 108 116 125 216 259 308 318 320 327
1 31 77 108 116 125 140 260 308 317 321 324
1 26 66 108 115 126 135 288 315 317 320 326
1 25 94 108 115 125 188 260 308 318 320 327
2 49 98 108 116 125 180 288 308 317 321 324
1 10 66 108 116 125 196 259 296 317 320 326
1 4 66 108 116 125 160 260 308 317 320 326
1 53 66 108 115 126 139 264 308 317 320 326
2 45 66 108 116 126 160 259 308 317 320 326
1 23 88 108 115 125 140 259 308 318 320 327
2 52 102 108 116 125 195 288 310 317 320 325
1 25 78 108 116 126 160 289 303 318 320 327
2 40 88 108 115 126 183 289 308 318 320 327
2 46 66 108 115 125 130 259 303 317 320 326
2 20 67 108 116 126 191 279 308 317 320 324
2 41 68 108 116 125 196 285 310 317 321 324
2 44 66 108 115 125 177 279 308 317 320 326
2 19 68 108 115 126 164 260 308 318 320 327
2 19 66 108 116 125 191 259 303 317 320 326
2 33 66 108 116 126 160 283 296 317 320 326
2 16 94 108 116 125 180 271 308 317 321 325
2 23 78 110 116 125 183 285 308 317 320 324
1 47 66 108 115 125 195 260 296 317 320 326
1 52 66 108 116 125 196 279 308 317 320 326
2 38 98 108 116 125 147 266 308 317 321 325
1 30 86 108 116 125 217 259 303 318 320 327
1 15 66 108 115 126 176 259 308 317 320 326
1 20 66 108 115 125 147 259 308 317 320 326
2 29 78 108 116 125 255 283 308 317 320 325
2 32 98 108 115 126 174 285 308 318 320 327
2 35 98 108 116 125 171 259 296 317 320 325
1 13 66 108 116 125 159 260 308 317 320 326
1 37 66 108 116 125 191 271 310 317 320 326
2 39 66 108 115 125 252 259 308 317 320 326
1 11 104 108 116 125 168 259 308 317 321 325
1 61 66 108 117 126 179 277 308 317 320 326
2 29 67 108 116 125 174 271 296 317 320 324
2 45 88 112 116 126 171 271 308 317 320 325
1 53 94 108 116 126 148 276 310 317 320 324
1 41 66 108 116 125 147 260 308 317 320 326
2 23 78 108 116 125 216 285 308 318 320 327
2 18 66 108 116 125 170 260 308 317 320 326
1 25 98 108 116 126 136 285 315 317 320 324
2 40 66 108 116 125 196 288 308 317 320 326
2 41 104 108 116 125 132 279 303 318 320 327
2 38 98 108 117 125 219 263 296 318 320 327
2 32 78 108 116 125 180 260 310 317 321 324
1 24 66 108 116 125 171 279 296 317 320 326
1 37 88 110 116 125 180 288 310 318 320 327
2 18 98 108 116 125 180 279 308 318 320 327
2 22 66 108 116 125 252 260 292 317 320 326
1 14 98 108 115 125 177 283 315 318 320 327
1 24 66 108 116 125 224 271 303 317 320 326
2 11 66 108 117 126 192 271 308 317 320 326
2 18 94 108 116 125 158 289 308 317 321 324
2 9 103 108 115 126 158 283 308 318 320 327
1 50 78 108 115 125 183 288 310 317 320 324
2 25 66 108 117 125 237 259 303 317 320 326
2 38 66 108 115 125 210 260 308 317 320 326
1 24 66 108 116 126 148 260 303 317 320 326
2 14 66 108 115 125 160 271 308 317 320 326
1 26 78 108 115 125 175 279 310 318 320 327
2 13 66 108 116 125 174 259 310 317 320 326
1 36 66 108 116 126 174 271 303 317 320 326
1 40 88 108 116 125 221 271 303 317 321 324
2 24 66 108 116 125 160 259 310 317 320 326
2 35 88 108 115 126 180 259 310 318 320 327
1 9 66 108 115 125 195 260 308 317 320 326
2 44 103 109 115 125 218 287 308 318 320 327
2 46 66 108 116 126 180 262 308 317 320 326
2 37 66 108 116 125 180 289 308 317 320 326
2 19 94 109 115 125 158 267 311 317 320 324
2 29 66 108 116 125 174 271 308 317 321 324
1 33 71 108 116 125 174 279 310 318 320 327
2 38 78 108 115 125 191 279 308 317 320 324
2 47 66 108 116 125 180 264 292 317 320 326
2 43 104 108 116 125 196 279 303 317 320 325
2 35 98 108 116 125 180 260 310 317 320 325
1 14 103 108 116 125 255 283 303 317 321 324
1 48 66 108 115 125 129 259 315 317 320 326
2 16 66 108 115 125 205 260 308 317 320 326
1 24 66 108 115 125 184 262 308 317 320 326
2 49 66 108 116 126 180 260 308 317 320 326
1 29 88 109 115 125 191 279 308 318 320 327
1 32 104 108 116 125 153 259 315 317 320 324
2 16 88 108 116 125 191 259 308 317 321 324
2 47 66 108 115 126 242 275 308 317 320 326
1 49 68 108 115 126 185 260 308 318 320 327
2 18 78 108 115 125 196 259 310 317 321 324
2 34 70 109 116 125 147 289 308 317 320 325
1 26 78 108 115 125 253 262 308 317 320 328
2 43 66 108 116 125 210 271 308 317 320 326
2 20 94 108 116 125 180 259 308 317 321 324
2 17 66 108 116 125 196 288 308 317 320 326
1 7 78 108 115 125 176 259 308 318 320 327
2 46 98 108 117 125 174 259 308 317 321 324
