8 36;0.3956,1.000,-58.616
5 21 36;0.3956,1.000,-58.616
5 16 20 36;0.3956,1.000,-58.616
5 18 20 36;0.3956,1.000,-58.616
5 16 36;0.3956,0.973,-55.005
5 20 36;0.3956,0.973,-55.005
5 18 36;0.3956,0.973,-55.005
5 36;0.3956,0.947,-52.061
2 16 36;0.3736,1.000,-51.241
2 18 36;0.3736,1.000,-51.241
4 37;0.2198,1.000,-45.626
15 26 37;0.2198,1.000,-45.626
6 26 37;0.2198,1.000,-45.626
1 26 37;0.2198,1.000,-45.626
7 26 37;0.2198,1.000,-45.626
2 9 36;0.3516,1.000,-45.588
16 20 21 36;0.3956,0.878,-45.089
2 21 36;0.3736,0.944,-44.865
16 20 36;0.3956,0.857,-43.143
3 18 20 21 36;0.3956,0.857,-43.143
15 18 37;0.2198,0.952,-42.582
6 15 31 37;0.2198,0.952,-42.582
15 21 31 37;0.2198,0.952,-42.582
3 18 20 36;0.3956,0.837,-41.328
15 31 37;0.2198,0.909,-40.184
2 36;0.3736,0.895,-40.174
11 16 36;0.3407,0.939,-37.004
23 26 31 37;0.2198,0.833,-36.355
6 20 31 37;0.2198,0.833,-36.355
6 23 31 37;0.2198,0.833,-36.355
1 21 23 31 37;0.2198,0.833,-36.355
7 18 20 31 37;0.2198,0.833,-36.355
7 20 21 31 37;0.2198,0.833,-36.355
7 21 23 31 37;0.2198,0.833,-36.355
1 18 20 23 31 37;0.2198,0.833,-36.355
26 31 37;0.2198,0.800,-34.746
23 26 37;0.2198,0.800,-34.746
7 20 31 37;0.2198,0.800,-34.746
1 20 23 31 37;0.2198,0.800,-34.746
1 18 23 31 37;0.2198,0.800,-34.746
7 18 23 31 37;0.2198,0.800,-34.746
3 11 18 36;0.3407,0.912,-34.663
26 37;0.2198,0.769,-33.279
1 23 31 37;0.2198,0.769,-33.279
7 23 31 37;0.2198,0.769,-33.279
1 6 15 20 37;0.2198,0.769,-33.279
1 15 20 21 37;0.2198,0.769,-33.279
6 18 20 21 37;0.2198,0.769,-33.279
6 18 21 23 37;0.2198,0.769,-33.279
1 18 20 31 37;0.2198,0.769,-33.279
1 20 21 31 37;0.2198,0.769,-33.279
1 18 21 23 37;0.2198,0.769,-33.279
7 18 20 21 37;0.2198,0.769,-33.279
7 18 21 23 37;0.2198,0.769,-33.279
16 21 23 36;0.3516,0.865,-32.955
3 20 21 31 36;0.3407,0.886,-32.583
3 20 21 36;0.3956,0.735,-32.322
1 15 20 37;0.2198,0.741,-31.929
6 18 20 37;0.2198,0.741,-31.929
6 18 23 37;0.2198,0.741,-31.929
1 20 31 37;0.2198,0.741,-31.929
7 18 20 37;0.2198,0.741,-31.929
1 18 20 23 37;0.2198,0.741,-31.929
6 10 31 37;0.1758,1.000,-31.616
6 10 18 37;0.1758,1.000,-31.616
1 10 31 37;0.1758,1.000,-31.616
1 10 18 37;0.1758,1.000,-31.616
7 10 31 37;0.1758,1.000,-31.616
7 10 18 37;0.1758,1.000,-31.616
19 24 39;0.1209,1.000,-31.488
6 24 39;0.1209,1.000,-31.488
7 24 39;0.1209,1.000,-31.488
6 16 19 39;0.1209,1.000,-31.488
6 19 31 39;0.1209,1.000,-31.488
6 18 19 39;0.1209,1.000,-31.488
6 12 16 25 39;0.1209,1.000,-31.488
6 12 25 31 39;0.1209,1.000,-31.488
6 12 18 25 39;0.1209,1.000,-31.488
3 20 35 36;0.2967,0.964,-31.391
3 18 21 23 36;0.3516,0.842,-31.183
3 20 31 36;0.3407,0.861,-30.699
15 20 21 37;0.2198,0.714,-30.677
1 18 23 37;0.2198,0.714,-30.677
7 18 23 37;0.2198,0.714,-30.677
1 18 20 21 37;0.2198,0.714,-30.677
9 18 20 21 36;0.3736,0.773,-29.986
16 21 36;0.3956,0.706,-29.826
16 23 36;0.3516,0.821,-29.542
1 18 20 37;0.2198,0.690,-29.507
16 19 39;0.1209,0.917,-29.003
19 31 39;0.1209,0.917,-29.003
18 19 39;0.1209,0.917,-29.003
6 12 25 39;0.1209,0.917,-29.003
6 16 25 39;0.1209,0.917,-29.003
6 25 31 39;0.1209,0.917,-29.003
6 18 25 39;0.1209,0.917,-29.003
7 12 16 25 39;0.1209,0.917,-29.003
7 12 25 31 39;0.1209,0.917,-29.003
7 12 18 25 39;0.1209,0.917,-29.003
6 12 16 31 39;0.1209,0.917,-29.003
3 6 12 31 39;0.1209,0.917,-29.003
1 10 37;0.1758,0.941,-28.834
3 18 21 36;0.3956,0.692,-28.647
9 18 20 36;0.3736,0.756,-28.619
6 15 20 37;0.2198,0.667,-28.408
3 18 23 36;0.3516,0.800,-28.009
3 20 36;0.3956,0.679,-27.510
15 20 37;0.2198,0.645,-27.372
1 15 21 37;0.2198,0.645,-27.372
1 6 20 21 37;0.2198,0.645,-27.372
1 7 20 21 37;0.2198,0.645,-27.372
1 20 21 23 37;0.2198,0.645,-27.372
1 24 39;0.1209,0.846,-27.131
24 25 31 39;0.1209,0.846,-27.131
12 19 25 39;0.1209,0.846,-27.131
6 19 25 39;0.1209,0.846,-27.131
7 12 25 39;0.1209,0.846,-27.131
7 16 25 39;0.1209,0.846,-27.131
7 25 31 39;0.1209,0.846,-27.131
7 18 25 39;0.1209,0.846,-27.131
6 9 12 31 39;0.1209,0.846,-27.131
7 12 16 31 39;0.1209,0.846,-27.131
3 7 12 31 39;0.1209,0.846,-27.131
11 27 36;0.2857,0.929,-27.094
3 11 21 31 36;0.2967,0.900,-26.713
10 31 37;0.1758,0.889,-26.689
10 18 37;0.1758,0.889,-26.689
3 21 23 31 36;0.3077,0.875,-26.585
16 36;0.3956,0.667,-26.411
1 6 15 37;0.2198,0.625,-26.391
1 6 20 37;0.2198,0.625,-26.391
24 25 39;0.1209,0.786,-25.591
24 31 39;0.1209,0.786,-25.591
19 25 39;0.1209,0.786,-25.591
12 25 31 39;0.1209,0.786,-25.591
6 16 31 39;0.1209,0.786,-25.591
1 12 16 25 39;0.1209,0.786,-25.591
1 12 18 25 39;0.1209,0.786,-25.591
7 9 12 31 39;0.1209,0.786,-25.591
1 15 37;0.2198,0.606,-25.459
15 21 37;0.2198,0.606,-25.459
6 20 21 37;0.2198,0.606,-25.459
1 7 20 37;0.2198,0.606,-25.459
1 20 23 37;0.2198,0.606,-25.459
1 20 21 37;0.2198,0.606,-25.459
7 20 21 37;0.2198,0.606,-25.459
3 18 36;0.3956,0.655,-25.348
9 11 18 36;0.3187,0.829,-25.026
6 10 21 37;0.1758,0.842,-24.896
7 10 21 37;0.1758,0.842,-24.896
9 20 21 36;0.3736,0.708,-24.890
9 20 35 36;0.2967,0.871,-24.818
3 11 31 36;0.2967,0.871,-24.818
6 21 31 37;0.2198,0.588,-24.572
7 21 31 37;0.2198,0.588,-24.572
24 39;0.1209,0.733,-24.269
25 31 39;0.1209,0.733,-24.269
1 12 25 39;0.1209,0.733,-24.269
12 16 25 39;0.1209,0.733,-24.269
12 18 25 39;0.1209,0.733,-24.269
1 16 25 39;0.1209,0.733,-24.269
1 18 25 39;0.1209,0.733,-24.269
6 12 16 39;0.1209,0.733,-24.269
3 6 31 39;0.1209,0.733,-24.269
7 16 31 39;0.1209,0.733,-24.269
3 6 12 18 39;0.1209,0.733,-24.269
1 12 16 31 39;0.1209,0.733,-24.269
1 3 12 31 39;0.1209,0.733,-24.269
6 31 37;0.2198,0.571,-23.725
1 20 37;0.2198,0.571,-23.725
9 17 42;0.0989,0.818,-23.380
3 23 31 36;0.3077,0.824,-23.246
21 27 36;0.2967,0.844,-23.118
3 21 35 36;0.2967,0.844,-23.118
12 25 39;0.1209,0.688,-23.106
6 25 39;0.1209,0.688,-23.106
16 25 39;0.1209,0.688,-23.106
18 25 39;0.1209,0.688,-23.106
6 12 19 39;0.1209,0.688,-23.106
7 12 16 39;0.1209,0.688,-23.106
6 9 12 18 39;0.1209,0.688,-23.106
1 9 12 31 39;0.1209,0.688,-23.106
3 7 12 18 39;0.1209,0.688,-23.106
3 7 18 31 39;0.1209,0.688,-23.106
3 11 35 36;0.2418,0.957,-23.025
6 15 37;0.2198,0.556,-22.914
6 20 37;0.2198,0.556,-22.914
6 18 21 37;0.2198,0.556,-22.914
1 21 31 37;0.2198,0.556,-22.914
1 21 23 37;0.2198,0.556,-22.914
7 18 31 37;0.2198,0.556,-22.914
7 18 21 37;0.2198,0.556,-22.914
11 29 41;0.0769,1.000,-22.814
20 29 41;0.0769,1.000,-22.814
9 20 36;0.3736,0.680,-22.659
3 23 35 36;0.2527,0.920,-22.244
15 37;0.2198,0.541,-22.136
7 31 37;0.2198,0.541,-22.136
7 20 37;0.2198,0.541,-22.136
3 9 11 21 36;0.3187,0.784,-22.116
12 19 39;0.1209,0.647,-22.065
6 19 39;0.1209,0.647,-22.065
7 25 39;0.1209,0.647,-22.065
6 16 39;0.1209,0.647,-22.065
12 16 31 39;0.1209,0.647,-22.065
3 12 31 39;0.1209,0.647,-22.065
1 16 31 39;0.1209,0.647,-22.065
3 7 31 39;0.1209,0.647,-22.065
7 9 12 18 39;0.1209,0.647,-22.065
1 17 42;0.0989,0.750,-21.994
3 9 15 42;0.0989,0.750,-21.994
6 10 37;0.1758,0.762,-21.959
7 10 37;0.1758,0.762,-21.959
10 21 37;0.1758,0.762,-21.959
3 11 21 36;0.3407,0.738,-21.940
27 31 36;0.2637,0.889,-21.788
27 36;0.2967,0.818,-21.571
3 35 36;0.2967,0.818,-21.571
6 18 37;0.2198,0.526,-21.389
1 6 23 37;0.2198,0.526,-21.389
6 21 23 37;0.2198,0.526,-21.389
1 18 31 37;0.2198,0.526,-21.389
1 18 21 37;0.2198,0.526,-21.389
7 21 23 37;0.2198,0.526,-21.389
9 18 21 23 36;0.3297,0.750,-21.310
19 39;0.1209,0.611,-21.120
7 16 39;0.1209,0.611,-21.120
6 12 31 39;0.1209,0.611,-21.120
1 12 16 39;0.1209,0.611,-21.120
9 12 31 39;0.1209,0.611,-21.120
3 6 18 39;0.1209,0.611,-21.120
1 3 12 18 39;0.1209,0.611,-21.120
1 3 18 31 39;0.1209,0.611,-21.120
1 3 15 42;0.0989,0.692,-20.815
3 9 11 36;0.3187,0.763,-20.809
1 31 37;0.2198,0.513,-20.670
7 18 37;0.2198,0.513,-20.670
1 25 39;0.1209,0.579,-20.255
7 12 31 39;0.1209,0.579,-20.255
6 9 31 39;0.1209,0.579,-20.255
1 3 31 39;0.1209,0.579,-20.255
3 7 18 39;0.1209,0.579,-20.255
1 9 12 18 39;0.1209,0.579,-20.255
20 35 36;0.2967,0.794,-20.152
9 18 21 35 36;0.2967,0.794,-20.152
1 11 18 37;0.1538,0.824,-20.049
1 23 37;0.2198,0.500,-19.977
10 37;0.1758,0.696,-19.581
25 39;0.1209,0.550,-19.457
1 16 39;0.1209,0.550,-19.457
3 6 12 39;0.1209,0.550,-19.457
7 9 18 31 39;0.1209,0.550,-19.457
1 18 37;0.2198,0.488,-19.308
29 41;0.0769,0.778,-19.231
17 20 30 41;0.0769,0.778,-19.231
6 17 20 41;0.0769,0.778,-19.231
15 20 30 41;0.0769,0.778,-19.231
6 11 20 30 41;0.0769,0.778,-19.231
7 11 20 30 41;0.0769,0.778,-19.231
3 6 15 20 34 41;0.0769,0.778,-19.231
9 15 30 42;0.0879,0.800,-19.184
9 18 23 36;0.3297,0.714,-18.983
17 32 42;0.0989,0.600,-18.869
9 11 35 36;0.2418,0.880,-18.861
9 18 35 36;0.2967,0.771,-18.840
9 21 35 36;0.2967,0.771,-18.840
18 20 21 36;0.3956,0.581,-18.732
12 16 39;0.1209,0.524,-18.715
6 9 12 39;0.1209,0.524,-18.715
6 12 18 39;0.1209,0.524,-18.715
1 12 31 39;0.1209,0.524,-18.715
3 7 12 39;0.1209,0.524,-18.715
3 12 18 39;0.1209,0.524,-18.715
1 3 18 39;0.1209,0.524,-18.715
7 9 31 39;0.1209,0.524,-18.715
9 18 21 36;0.3736,0.630,-18.680
6 23 37;0.2198,0.476,-18.661
3 11 36;0.3407,0.689,-18.592
3 21 31 36;0.3407,0.689,-18.592
9 11 21 31 36;0.2747,0.806,-18.496
9 11 21 36;0.3187,0.725,-18.430
17 42;0.0989,0.562,-18.043
9 15 42;0.0989,0.562,-18.043
3 15 32 42;0.0989,0.562,-18.043
17 20 41;0.0769,0.700,-18.027
11 17 30 41;0.0769,0.700,-18.027
6 11 17 41;0.0769,0.700,-18.027
11 15 30 41;0.0769,0.700,-18.027
6 11 30 41;0.0769,0.700,-18.027
7 11 30 41;0.0769,0.700,-18.027
11 20 30 34 41;0.0769,0.700,-18.027
3 15 20 34 41;0.0769,0.700,-18.027
3 6 15 20 41;0.0769,0.700,-18.027
3 6 11 15 34 41;0.0769,0.700,-18.027
7 9 12 39;0.1209,0.500,-18.022
7 12 18 39;0.1209,0.500,-18.022
9 12 18 39;0.1209,0.500,-18.022
6 9 18 39;0.1209,0.500,-18.022
1 9 18 31 39;0.1209,0.500,-18.022
1 15 30 42;0.0879,0.727,-17.895
18 20 36;0.3956,0.571,-17.884
9 35 36;0.2967,0.750,-17.621
7 23 37;0.2198,0.455,-17.429
12 31 39;0.1209,0.478,-17.371
1 3 12 39;0.1209,0.478,-17.371
1 9 31 39;0.1209,0.478,-17.371
7 9 18 39;0.1209,0.478,-17.371
9 21 23 31 36;0.2857,0.765,-17.350
9 11 36;0.3187,0.707,-17.342
3 15 42;0.0989,0.529,-17.289
3 21 36;0.3956,0.562,-17.058
11 17 41;0.0769,0.636,-17.015
11 30 34 41;0.0769,0.636,-17.015
3 15 20 41;0.0769,0.636,-17.015
3 11 15 34 41;0.0769,0.636,-17.015
3 6 11 15 41;0.0769,0.636,-17.015
3 6 11 20 34 41;0.0769,0.636,-17.015
1 9 12 39;0.1209,0.458,-16.758
1 12 18 39;0.1209,0.458,-16.758
18 21 35 36;0.2967,0.730,-16.482
1 6 21 37;0.2198,0.435,-16.271
1 7 21 37;0.2198,0.435,-16.271
1 9 18 39;0.1209,0.440,-16.178
6 20 30 41;0.0769,0.583,-16.140
7 20 30 41;0.0769,0.583,-16.140
3 11 15 41;0.0769,0.583,-16.140
3 6 11 34 41;0.0769,0.583,-16.140
3 6 11 20 41;0.0769,0.583,-16.140
3 7 11 20 34 41;0.0769,0.583,-16.140
9 18 36;0.3736,0.596,-16.039
1 3 9 23 42;0.0989,0.474,-15.954
3 7 9 23 42;0.0989,0.474,-15.954
19 30 42;0.0659,1.000,-15.887
15 19 42;0.0659,1.000,-15.887
6 19 23 42;0.0659,1.000,-15.887
6 9 30 42;0.0879,0.615,-15.864
1 9 30 42;0.0879,0.615,-15.864
7 9 30 42;0.0879,0.615,-15.864
11 35 36;0.2418,0.815,-15.758
11 18 36;0.3407,0.646,-15.693
3 31 36;0.3407,0.646,-15.693
6 12 39;0.1209,0.423,-15.628
3 12 39;0.1209,0.423,-15.628
18 35 36;0.2967,0.711,-15.416
21 35 36;0.2967,0.711,-15.416
20 30 34 41;0.0769,0.538,-15.367
11 20 30 41;0.0769,0.538,-15.367
3 6 11 41;0.0769,0.538,-15.367
3 7 11 34 41;0.0769,0.538,-15.367
3 7 11 20 41;0.0769,0.538,-15.367
1 3 23 42;0.0989,0.450,-15.356
6 21 37;0.2198,0.417,-15.178
1 21 37;0.2198,0.417,-15.178
7 21 37;0.2198,0.417,-15.178
7 12 39;0.1209,0.407,-15.105
9 12 39;0.1209,0.407,-15.105
12 18 39;0.1209,0.407,-15.105
9 23 31 36;0.2857,0.722,-15.081
13 17 41;0.0659,0.750,-15.060
13 15 30 41;0.0659,0.750,-15.060
3 13 15 34 41;0.0659,0.750,-15.060
1 30 42;0.0879,0.571,-15.028
15 30 32 42;0.0879,0.571,-15.028
12 27 34 40;0.0440,1.000,-14.799
6 12 27 40;0.0440,1.000,-14.799
1 12 27 40;0.0440,1.000,-14.799
7 12 27 40;0.0440,1.000,-14.799
12 16 20 34 40;0.0440,1.000,-14.799
9 12 20 34 40;0.0440,1.000,-14.799
3 12 20 34 40;0.0440,1.000,-14.799
6 12 16 20 40;0.0440,1.000,-14.799
6 12 16 23 40;0.0440,1.000,-14.799
3 6 12 20 40;0.0440,1.000,-14.799
7 12 16 20 40;0.0440,1.000,-14.799
3 7 12 20 40;0.0440,1.000,-14.799
3 6 12 18 23 40;0.0440,1.000,-14.799
1 12 16 20 23 40;0.0440,1.000,-14.799
1 3 12 20 23 40;0.0440,1.000,-14.799
6 9 12 18 23 34 40;0.0440,1.000,-14.799
11 30 41;0.0769,0.500,-14.673
17 30 34 41;0.0769,0.500,-14.673
6 17 34 41;0.0769,0.500,-14.673
15 30 34 41;0.0769,0.500,-14.673
3 7 11 41;0.0769,0.500,-14.673
3 6 15 34 41;0.0769,0.500,-14.673
1 6 37;0.2198,0.408,-14.653
10 17 41;0.0549,1.000,-14.611
10 30 41;0.0549,1.000,-14.611
3 10 15 41;0.0549,1.000,-14.611
3 6 10 41;0.0549,1.000,-14.611
3 7 10 41;0.0549,1.000,-14.611
3 6 9 39;0.1209,0.393,-14.606
35 36;0.2967,0.692,-14.414
15 30 42;0.0879,0.533,-14.277
1 12 39;0.1209,0.379,-14.129
1 3 6 39;0.1209,0.379,-14.129
17 30 41;0.0769,0.467,-14.045
17 34 41;0.0769,0.467,-14.045
6 17 41;0.0769,0.467,-14.045
15 30 41;0.0769,0.467,-14.045
3 15 34 41;0.0769,0.467,-14.045
3 6 20 34 41;0.0769,0.467,-14.045
6 13 30 41;0.0659,0.667,-13.972
7 13 30 41;0.0659,0.667,-13.972
3 13 15 41;0.0659,0.667,-13.972
3 6 13 23 34 41;0.0659,0.667,-13.972
3 7 13 20 34 41;0.0659,0.667,-13.972
3 7 13 23 34 41;0.0659,0.667,-13.972
19 23 42;0.0659,0.857,-13.972
1 9 23 42;0.0989,0.391,-13.774
7 9 23 42;0.0989,0.391,-13.774
3 7 23 32 42;0.0989,0.391,-13.774
3 7 9 39;0.1209,0.367,-13.672
1 7 37;0.2198,0.392,-13.644
9 23 30 32 42;0.0879,0.500,-13.595
17 41;0.0769,0.438,-13.470
20 23 30 41;0.0769,0.438,-13.470
3 6 15 41;0.0769,0.438,-13.470
3 6 20 41;0.0769,0.438,-13.470
3 7 20 34 41;0.0769,0.438,-13.470
3 7 23 42;0.0989,0.375,-13.304
1 3 7 39;0.1209,0.355,-13.234
20 21 36;0.3956,0.522,-13.200
12 27 40;0.0440,0.800,-13.189
6 27 34 40;0.0440,0.800,-13.189
1 27 34 40;0.0440,0.800,-13.189
7 27 34 40;0.0440,0.800,-13.189
6 16 27 40;0.0440,0.800,-13.189
1 16 27 40;0.0440,0.800,-13.189
7 16 27 40;0.0440,0.800,-13.189
12 16 23 34 40;0.0440,0.800,-13.189
6 9 12 20 40;0.0440,0.800,-13.189
1 12 16 23 40;0.0440,0.800,-13.189
7 12 16 23 40;0.0440,0.800,-13.189
12 16 20 23 40;0.0440,0.800,-13.189
7 9 12 20 40;0.0440,0.800,-13.189
3 12 20 23 40;0.0440,0.800,-13.189
9 12 18 23 34 40;0.0440,0.800,-13.189
3 12 18 23 34 40;0.0440,0.800,-13.189
6 9 12 18 23 40;0.0440,0.800,-13.189
1 9 12 20 23 40;0.0440,0.800,-13.189
1 3 12 18 23 40;0.0440,0.800,-13.189
3 7 12 18 23 40;0.0440,0.800,-13.189
1 3 18 23 31 38;0.0440,0.800,-13.189
3 7 18 23 31 38;0.0440,0.800,-13.189
21 23 31 37;0.2198,0.385,-13.159
18 20 23 31 37;0.2198,0.385,-13.159
13 30 34 41;0.0659,0.600,-13.066
3 6 13 23 41;0.0659,0.600,-13.066
3 7 13 20 41;0.0659,0.600,-13.066
3 7 13 23 41;0.0659,0.600,-13.066
6 30 32 42;0.0879,0.471,-12.971
7 30 32 42;0.0879,0.471,-12.971
9 23 30 42;0.0879,0.471,-12.971
9 30 32 42;0.0879,0.471,-12.971
3 6 9 23 42;0.0879,0.471,-12.971
20 30 41;0.0769,0.412,-12.939
3 15 41;0.0769,0.412,-12.939
6 30 34 41;0.0769,0.412,-12.939
7 30 34 41;0.0769,0.412,-12.939
3 7 20 41;0.0769,0.412,-12.939
12 39;0.1209,0.344,-12.813
6 9 39;0.1209,0.344,-12.813
6 31 32 39;0.1209,0.344,-12.813
3 6 32 39;0.1209,0.344,-12.813
1 3 9 39;0.1209,0.344,-12.813
6 37;0.2198,0.377,-12.685
1 37;0.2198,0.377,-12.685
20 23 31 37;0.2198,0.377,-12.685
18 23 31 37;0.2198,0.377,-12.685
3 9 23 36;0.3297,0.612,-12.474
9 21 23 36;0.3297,0.612,-12.474
30 34 41;0.0769,0.389,-12.446
6 30 41;0.0769,0.389,-12.446
7 30 41;0.0769,0.389,-12.446
3 6 39;0.1209,0.333,-12.407
1 3 39;0.1209,0.333,-12.407
7 18 31 32 39;0.1209,0.333,-12.407
6 30 42;0.0879,0.444,-12.395
7 30 42;0.0879,0.444,-12.395
9 30 42;0.0879,0.444,-12.395
13 30 41;0.0659,0.545,-12.288
23 31 37;0.2198,0.370,-12.222
6 27 40;0.0440,0.667,-12.091
1 27 40;0.0440,0.667,-12.091
7 27 40;0.0440,0.667,-12.091
12 16 23 40;0.0440,0.667,-12.091
6 16 20 40;0.0440,0.667,-12.091
6 16 23 40;0.0440,0.667,-12.091
7 16 20 40;0.0440,0.667,-12.091
1 12 16 20 40;0.0440,0.667,-12.091
1 3 12 20 40;0.0440,0.667,-12.091
9 12 20 23 40;0.0440,0.667,-12.091
3 12 18 23 40;0.0440,0.667,-12.091
1 16 20 34 40;0.0440,0.667,-12.091
1 16 20 23 40;0.0440,0.667,-12.091
1 3 23 31 38;0.0440,0.667,-12.091
3 7 23 31 38;0.0440,0.667,-12.091
1 9 12 18 23 40;0.0440,0.667,-12.091
7 9 12 18 23 40;0.0440,0.667,-12.091
3 6 18 20 34 40;0.0440,0.667,-12.091
3 6 18 23 34 40;0.0440,0.667,-12.091
1 3 18 20 34 40;0.0440,0.667,-12.091
3 7 18 20 34 40;0.0440,0.667,-12.091
7 9 39;0.1209,0.324,-12.016
7 31 32 39;0.1209,0.324,-12.016
3 7 32 39;0.1209,0.324,-12.016
6 11 15 20 34 41;0.0769,0.368,-11.987
18 20 31 34 37;0.1538,0.560,-11.918
20 21 31 34 37;0.1538,0.560,-11.918
9 21 31 36;0.3187,0.617,-11.891
7 37;0.2198,0.364,-11.771
3 36;0.3956,0.507,-11.771
18 20 31 37;0.2198,0.364,-11.771
20 21 31 37;0.2198,0.364,-11.771
6 31 39;0.1209,0.314,-11.639
3 7 39;0.1209,0.314,-11.639
6 18 32 39;0.1209,0.314,-11.639
1 18 31 32 39;0.1209,0.314,-11.639
3 6 13 34 41;0.0659,0.500,-11.605
3 7 13 34 41;0.0659,0.500,-11.605
3 10 41;0.0549,0.714,-11.605
6 11 15 34 41;0.0769,0.350,-11.556
11 15 20 34 41;0.0769,0.350,-11.556
3 6 23 34 41;0.0769,0.350,-11.556
9 21 36;0.3736,0.540,-11.449
23 30 32 42;0.0879,0.400,-11.362
20 31 37;0.2198,0.357,-11.329
1 9 39;0.1209,0.306,-11.274
1 31 32 39;0.1209,0.306,-11.274
7 18 31 39;0.1209,0.306,-11.274
7 18 32 39;0.1209,0.306,-11.274
2 15 41;0.0440,1.000,-11.243
2 6 41;0.0440,1.000,-11.243
2 7 41;0.0440,1.000,-11.243
1 16 23 40;0.0440,0.571,-11.243
7 16 23 40;0.0440,0.571,-11.243
1 9 12 20 40;0.0440,0.571,-11.243
9 12 18 23 40;0.0440,0.571,-11.243
3 6 18 20 40;0.0440,0.571,-11.243
3 6 18 23 40;0.0440,0.571,-11.243
3 7 18 20 40;0.0440,0.571,-11.243
6 9 18 20 34 40;0.0440,0.571,-11.243
6 9 18 23 34 40;0.0440,0.571,-11.243
1 9 18 20 34 40;0.0440,0.571,-11.243
1 3 18 23 34 40;0.0440,0.571,-11.243
7 9 18 20 34 40;0.0440,0.571,-11.243
3 7 18 23 34 40;0.0440,0.571,-11.243
1 3 18 20 23 40;0.0440,0.571,-11.243
11 15 34 41;0.0769,0.333,-11.151
6 11 20 34 41;0.0769,0.333,-11.151
3 11 20 34 41;0.0769,0.333,-11.151
18 21 36;0.3956,0.500,-11.077
3 6 13 41;0.0659,0.462,-10.997
3 7 13 41;0.0659,0.462,-10.997
7 31 39;0.1209,0.297,-10.921
1 15 32 42;0.0989,0.300,-10.911
3 7 9 42;0.0989,0.300,-10.911
30 32 42;0.0879,0.381,-10.895
6 9 23 42;0.0879,0.381,-10.895
3 6 23 32 42;0.0879,0.381,-10.895
23 30 41;0.0769,0.318,-10.768
6 11 34 41;0.0769,0.318,-10.768
3 11 34 41;0.0769,0.318,-10.768
3 6 23 41;0.0769,0.318,-10.768
7 11 20 34 41;0.0769,0.318,-10.768
3 7 23 34 41;0.0769,0.318,-10.768
6 18 39;0.1209,0.289,-10.580
1 18 31 39;0.1209,0.289,-10.580
1 18 32 39;0.1209,0.289,-10.580
9 16 31 32 39;0.1209,0.289,-10.580
1 3 7 42;0.0989,0.290,-10.568
12 20 34 40;0.0440,0.500,-10.550
1 16 20 40;0.0440,0.500,-10.550
1 3 18 23 40;0.0440,0.500,-10.550
3 7 18 23 40;0.0440,0.500,-10.550
1 3 18 23 38;0.0440,0.500,-10.550
3 7 18 23 38;0.0440,0.500,-10.550
6 9 12 23 34 40;0.0440,0.500,-10.550
3 6 12 23 34 40;0.0440,0.500,-10.550
6 12 18 23 34 40;0.0440,0.500,-10.550
1 9 18 23 34 40;0.0440,0.500,-10.550
7 9 18 23 34 40;0.0440,0.500,-10.550
18 21 23 37;0.2198,0.345,-10.474
23 30 42;0.0879,0.364,-10.456
3 6 23 42;0.0879,0.364,-10.456
3 9 23 32 34 42;0.0879,0.364,-10.456
30 41;0.0769,0.304,-10.405
7 11 34 41;0.0769,0.304,-10.405
6 15 20 34 41;0.0769,0.304,-10.405
20 36;0.3956,0.493,-10.398
6 16 30 40;0.0330,1.000,-10.321
6 18 30 40;0.0330,1.000,-10.321
1 16 30 40;0.0330,1.000,-10.321
1 18 30 40;0.0330,1.000,-10.321
7 16 30 40;0.0330,1.000,-10.321
7 18 30 40;0.0330,1.000,-10.321
12 16 30 34 40;0.0330,1.000,-10.321
12 18 30 34 40;0.0330,1.000,-10.321
6 12 20 30 40;0.0330,1.000,-10.321
1 12 20 30 40;0.0330,1.000,-10.321
7 12 20 30 40;0.0330,1.000,-10.321
12 20 23 30 40;0.0330,1.000,-10.321
12 18 23 30 40;0.0330,1.000,-10.321
27 30 32 34 40;0.0330,1.000,-10.321
16 30 32 34 40;0.0330,1.000,-10.321
18 30 32 34 40;0.0330,1.000,-10.321
3 6 11 31 38;0.0330,1.000,-10.321
3 6 11 18 38;0.0330,1.000,-10.321
1 3 11 18 38;0.0330,1.000,-10.321
3 7 11 18 38;0.0330,1.000,-10.321
1 3 11 21 31 38;0.0330,1.000,-10.321
3 7 11 21 31 38;0.0330,1.000,-10.321
1 31 39;0.1209,0.282,-10.248
7 18 39;0.1209,0.282,-10.248
3 9 18 31 32 39;0.1209,0.282,-10.248
1 3 9 42;0.0989,0.281,-10.238
11 21 31 36;0.2967,0.614,-10.183
15 20 34 41;0.0769,0.292,-10.060
3 7 23 41;0.0769,0.292,-10.060
6 11 15 20 41;0.0769,0.292,-10.060
18 20 23 37;0.2198,0.339,-10.060
30 42;0.0879,0.348,-10.041
9 23 32 34 42;0.0879,0.348,-10.041
18 20 21 34 37;0.1538,0.500,-9.986
15 25 42;0.0440,1.000,-9.962
12 16 20 40;0.0440,0.444,-9.962
3 12 20 40;0.0440,0.444,-9.962
27 32 34 40;0.0440,0.444,-9.962
9 12 23 34 40;0.0440,0.444,-9.962
3 12 23 34 40;0.0440,0.444,-9.962
12 18 23 34 40;0.0440,0.444,-9.962
3 6 12 23 40;0.0440,0.444,-9.962
1 3 18 20 40;0.0440,0.444,-9.962
1 9 18 23 31 38;0.0440,0.444,-9.962
7 9 18 23 31 38;0.0440,0.444,-9.962
16 31 32 39;0.1209,0.275,-9.927
3 9 31 32 39;0.1209,0.275,-9.927
1 15 42;0.0989,0.273,-9.919
15 32 42;0.0989,0.273,-9.919
1 3 42;0.0989,0.273,-9.919
6 11 15 41;0.0769,0.280,-9.731
11 15 20 41;0.0769,0.280,-9.731
3 20 34 41;0.0769,0.280,-9.731
9 31 36;0.3187,0.580,-9.702
18 23 37;0.2198,0.333,-9.654
3 9 23 34 42;0.0879,0.333,-9.648
1 18 39;0.1209,0.268,-9.614
3 18 31 32 39;0.1209,0.268,-9.614
7 9 42;0.0989,0.265,-9.612
3 7 32 42;0.0989,0.265,-9.612
9 23 36;0.3297,0.566,-9.580
14 15 42;0.0769,0.412,-9.576
11 21 36;0.3407,0.554,-9.539
13 15 34 41;0.0659,0.375,-9.490
3 13 23 34 41;0.0659,0.375,-9.490
11 31 36;0.2967,0.600,-9.466
6 12 20 40;0.0440,0.400,-9.451
7 12 20 40;0.0440,0.400,-9.451
9 12 20 40;0.0440,0.400,-9.451
6 9 12 23 40;0.0440,0.400,-9.451
6 12 18 23 40;0.0440,0.400,-9.451
1 3 12 23 40;0.0440,0.400,-9.451
1 12 20 23 40;0.0440,0.400,-9.451
3 7 12 23 40;0.0440,0.400,-9.451
1 9 23 31 38;0.0440,0.400,-9.451
7 9 23 31 38;0.0440,0.400,-9.451
3 6 9 20 34 40;0.0440,0.400,-9.451
18 20 34 37;0.1538,0.483,-9.418
11 15 41;0.0769,0.269,-9.418
6 11 20 41;0.0769,0.269,-9.418
3 7 42;0.0989,0.257,-9.315
3 31 32 39;0.1209,0.262,-9.311
1 9 34 42;0.0879,0.320,-9.276
9 23 34 42;0.0879,0.320,-9.276
6 11 41;0.0769,0.259,-9.118
3 6 34 41;0.0769,0.259,-9.118
7 11 20 41;0.0769,0.259,-9.118
18 36;0.3956,0.480,-9.077
6 13 20 34 41;0.0659,0.353,-9.066
6 13 23 34 41;0.0659,0.353,-9.066
7 13 20 34 41;0.0659,0.353,-9.066
7 13 23 34 41;0.0659,0.353,-9.066
1 9 42;0.0989,0.250,-9.027
9 18 31 32 39;0.1209,0.256,-9.015
27 34 40;0.0440,0.364,-8.999
3 12 23 40;0.0440,0.364,-8.999
12 20 23 40;0.0440,0.364,-8.999
6 12 16 34 40;0.0440,0.364,-8.999
1 9 12 23 40;0.0440,0.364,-8.999
1 12 18 23 40;0.0440,0.364,-8.999
7 9 12 23 40;0.0440,0.364,-8.999
7 12 18 23 40;0.0440,0.364,-8.999
6 9 20 34 40;0.0440,0.364,-8.999
3 6 9 20 40;0.0440,0.364,-8.999
6 9 18 20 40;0.0440,0.364,-8.999
6 9 18 23 40;0.0440,0.364,-8.999
7 9 18 20 40;0.0440,0.364,-8.999
6 9 12 18 34 40;0.0440,0.364,-8.999
3 6 12 18 34 40;0.0440,0.364,-8.999
1 3 6 20 34 40;0.0440,0.364,-8.999
1 3 9 20 34 40;0.0440,0.364,-8.999
9 16 20 32 34 40;0.0440,0.364,-8.999
3 7 9 20 34 40;0.0440,0.364,-8.999
1 9 18 20 23 40;0.0440,0.364,-8.999
3 9 18 20 32 34 40;0.0440,0.364,-8.999
12 16 30 40;0.0330,0.750,-8.944
12 20 30 40;0.0330,0.750,-8.944
12 18 30 40;0.0330,0.750,-8.944
16 30 34 40;0.0330,0.750,-8.944
18 30 34 40;0.0330,0.750,-8.944
3 6 20 31 38;0.0330,0.750,-8.944
3 6 23 31 38;0.0330,0.750,-8.944
1 16 23 31 38;0.0330,0.750,-8.944
1 3 11 31 38;0.0330,0.750,-8.944
7 16 23 31 38;0.0330,0.750,-8.944
3 7 11 31 38;0.0330,0.750,-8.944
3 7 18 20 31 38;0.0330,0.750,-8.944
3 7 20 21 31 38;0.0330,0.750,-8.944
18 20 21 37;0.2198,0.323,-8.867
7 11 41;0.0769,0.250,-8.830
6 15 34 41;0.0769,0.250,-8.830
15 42;0.0989,0.243,-8.748
1 23 32 42;0.0989,0.243,-8.748
9 16 31 39;0.1209,0.250,-8.728
9 31 32 39;0.1209,0.250,-8.728
12 16 34 40;0.0440,0.333,-8.594
1 12 20 40;0.0440,0.333,-8.594
9 12 23 40;0.0440,0.333,-8.594
12 18 23 40;0.0440,0.333,-8.594
6 12 23 34 40;0.0440,0.333,-8.594
9 12 18 34 40;0.0440,0.333,-8.594
3 12 18 34 40;0.0440,0.333,-8.594
1 9 20 34 40;0.0440,0.333,-8.594
1 3 20 34 40;0.0440,0.333,-8.594
7 9 20 34 40;0.0440,0.333,-8.594
1 3 6 20 40;0.0440,0.333,-8.594
1 9 18 23 40;0.0440,0.333,-8.594
3 7 9 20 40;0.0440,0.333,-8.594
7 9 18 23 40;0.0440,0.333,-8.594
1 9 18 23 38;0.0440,0.333,-8.594
7 9 18 23 38;0.0440,0.333,-8.594
9 16 23 32 34 40;0.0440,0.333,-8.594
9 18 20 32 34 40;0.0440,0.333,-8.594
1 3 9 20 23 40;0.0440,0.333,-8.594
3 9 18 23 32 34 40;0.0440,0.333,-8.594
2 10 41;0.0440,0.667,-8.591
15 34 41;0.0769,0.241,-8.554
6 20 34 41;0.0769,0.241,-8.554
3 7 34 41;0.0769,0.241,-8.554
18 20 37;0.2198,0.317,-8.486
9 16 32 39;0.1209,0.244,-8.447
3 9 18 31 39;0.1209,0.244,-8.447
6 23 25 42;0.0440,0.800,-8.400
3 13 34 41;0.0659,0.316,-8.304
6 15 20 41;0.0769,0.233,-8.288
7 20 34 41;0.0769,0.233,-8.288
3 6 9 42;0.0879,0.286,-8.260
3 23 32 34 42;0.0879,0.286,-8.260
12 23 34 40;0.0440,0.308,-8.226
6 16 34 40;0.0440,0.308,-8.226
3 6 18 34 40;0.0440,0.308,-8.226
9 16 20 34 40;0.0440,0.308,-8.226
16 20 32 34 40;0.0440,0.308,-8.226
1 3 7 20 40;0.0440,0.308,-8.226
1 9 18 20 40;0.0440,0.308,-8.226
1 3 20 23 40;0.0440,0.308,-8.226
3 9 18 20 34 40;0.0440,0.308,-8.226
9 18 23 32 34 40;0.0440,0.308,-8.226
3 18 20 32 34 40;0.0440,0.308,-8.226
9 36;0.3736,0.500,-8.200
16 31 39;0.1209,0.239,-8.174
1 6 32 39;0.1209,0.239,-8.174
3 9 31 39;0.1209,0.239,-8.174
3 9 18 32 39;0.1209,0.239,-8.174
6 14 19 34 42;0.0549,0.556,-8.143
6 14 19 42;0.0659,0.429,-8.134
27 30 32 40;0.0330,0.600,-8.036
3 7 20 31 38;0.0330,0.600,-8.036
15 20 41;0.0769,0.226,-8.032
11 20 34 41;0.0769,0.226,-8.032
3 23 34 41;0.0769,0.226,-8.032
1 23 42;0.0989,0.225,-7.961
7 23 32 42;0.0989,0.225,-7.961
13 15 41;0.0659,0.300,-7.959
6 13 34 41;0.0659,0.300,-7.959
7 13 34 41;0.0659,0.300,-7.959
3 9 32 34 42;0.0879,0.276,-7.951
16 32 39;0.1209,0.234,-7.907
3 18 31 39;0.1209,0.234,-7.907
21 31 34 37;0.1538,0.438,-7.894
1 16 34 40;0.0440,0.286,-7.890
7 16 34 40;0.0440,0.286,-7.890
6 9 18 34 40;0.0440,0.286,-7.890
1 3 18 34 40;0.0440,0.286,-7.890
9 16 23 34 40;0.0440,0.286,-7.890
16 23 32 34 40;0.0440,0.286,-7.890
3 7 18 34 40;0.0440,0.286,-7.890
9 18 20 34 40;0.0440,0.286,-7.890
1 3 9 20 40;0.0440,0.286,-7.890
3 6 20 32 34 40;0.0440,0.286,-7.890
3 9 18 23 34 40;0.0440,0.286,-7.890
3 18 23 32 34 40;0.0440,0.286,-7.890
11 34 41;0.0769,0.219,-7.785
21 31 37;0.2198,0.308,-7.743
20 21 23 37;0.2198,0.308,-7.743
11 36;0.3407,0.525,-7.690
14 19 42;0.0659,0.400,-7.657
3 14 23 34 42;0.0659,0.400,-7.657
9 32 34 42;0.0879,0.267,-7.655
3 31 39;0.1209,0.229,-7.647
1 7 32 39;0.1209,0.229,-7.647
3 18 32 39;0.1209,0.229,-7.647
6 13 20 41;0.0659,0.286,-7.634
6 13 23 41;0.0659,0.286,-7.634
7 13 20 41;0.0659,0.286,-7.634
7 13 23 41;0.0659,0.286,-7.634
9 21 31 34 39;0.0769,0.412,-7.586
12 20 40;0.0440,0.267,-7.580
6 12 16 40;0.0440,0.267,-7.580
6 12 23 40;0.0440,0.267,-7.580
16 20 34 40;0.0440,0.267,-7.580
6 9 20 40;0.0440,0.267,-7.580
1 3 20 40;0.0440,0.267,-7.580
6 9 12 34 40;0.0440,0.267,-7.580
3 6 12 34 40;0.0440,0.267,-7.580
6 12 18 34 40;0.0440,0.267,-7.580
3 6 12 18 40;0.0440,0.267,-7.580
3 6 20 34 40;0.0440,0.267,-7.580
1 9 18 34 40;0.0440,0.267,-7.580
7 9 18 34 40;0.0440,0.267,-7.580
9 18 23 34 40;0.0440,0.267,-7.580
3 18 20 34 40;0.0440,0.267,-7.580
3 6 20 32 40;0.0440,0.267,-7.580
3 6 9 23 34 40;0.0440,0.267,-7.580
3 7 20 32 34 40;0.0440,0.267,-7.580
3 6 41;0.0769,0.212,-7.547
3 12 14 23 42;0.0549,0.500,-7.491
3 9 23 32 42;0.0989,0.214,-7.472
18 31 34 37;0.1538,0.424,-7.439
1 6 39;0.1209,0.224,-7.393
6 32 39;0.1209,0.224,-7.393
9 18 31 39;0.1209,0.224,-7.393
3 9 34 42;0.0879,0.258,-7.370
3 23 34 42;0.0879,0.258,-7.370
27 30 40;0.0330,0.500,-7.351
16 23 30 32 40;0.0330,0.500,-7.351
18 23 30 32 40;0.0330,0.500,-7.351
3 6 14 20 40;0.0330,0.500,-7.351
1 14 16 23 38;0.0330,0.500,-7.351
7 14 16 23 38;0.0330,0.500,-7.351
6 9 11 31 38;0.0330,0.500,-7.351
6 9 11 18 38;0.0330,0.500,-7.351
1 9 11 18 38;0.0330,0.500,-7.351
7 9 11 18 38;0.0330,0.500,-7.351
14 16 23 31 34 38;0.0330,0.500,-7.351
3 6 18 20 21 38;0.0330,0.500,-7.351
3 6 18 21 23 38;0.0330,0.500,-7.351
1 9 11 21 31 38;0.0330,0.500,-7.351
1 3 18 20 31 38;0.0330,0.500,-7.351
1 3 20 21 31 38;0.0330,0.500,-7.351
7 9 11 21 31 38;0.0330,0.500,-7.351
3 7 18 20 21 38;0.0330,0.500,-7.351
3 14 18 23 31 34 38;0.0330,0.500,-7.351
23 25 42;0.0440,0.667,-7.349
6 23 34 41;0.0769,0.206,-7.316
9 12 34 40;0.0440,0.250,-7.292
3 12 34 40;0.0440,0.250,-7.292
12 18 34 40;0.0440,0.250,-7.292
1 12 23 40;0.0440,0.250,-7.292
7 12 16 40;0.0440,0.250,-7.292
7 12 23 40;0.0440,0.250,-7.292
16 23 34 40;0.0440,0.250,-7.292
3 6 20 40;0.0440,0.250,-7.292
7 9 20 40;0.0440,0.250,-7.292
6 9 12 18 40;0.0440,0.250,-7.292
3 7 12 18 40;0.0440,0.250,-7.292
6 9 23 34 40;0.0440,0.250,-7.292
3 7 20 34 40;0.0440,0.250,-7.292
3 18 23 34 40;0.0440,0.250,-7.292
1 9 20 23 40;0.0440,0.250,-7.292
3 7 20 32 40;0.0440,0.250,-7.292
3 7 18 31 38;0.0440,0.250,-7.292
1 3 6 23 34 40;0.0440,0.250,-7.292
3 9 20 32 34 40;0.0440,0.250,-7.292
28 42;0.0330,1.000,-7.277
7 14 23 42;0.0769,0.304,-7.187
6 9 34 42;0.0769,0.304,-7.187
1 32 39;0.1209,0.220,-7.144
9 31 39;0.1209,0.220,-7.144
9 18 32 39;0.1209,0.220,-7.144
9 34 42;0.0879,0.250,-7.097
6 9 42;0.0879,0.250,-7.097
3 6 32 42;0.0879,0.250,-7.097
3 7 41;0.0769,0.200,-7.093
18 31 37;0.2198,0.299,-7.028
12 23 40;0.0440,0.235,-7.024
6 16 40;0.0440,0.235,-7.024
3 7 20 40;0.0440,0.235,-7.024
3 7 31 38;0.0440,0.235,-7.024
7 9 12 18 40;0.0440,0.235,-7.024
9 20 32 34 40;0.0440,0.235,-7.024
3 6 9 23 40;0.0440,0.235,-7.024
6 18 20 32 34 40;0.0440,0.235,-7.024
6 18 23 32 34 40;0.0440,0.235,-7.024
1 3 9 23 34 40;0.0440,0.235,-7.024
1 18 20 32 34 40;0.0440,0.235,-7.024
3 7 9 23 34 40;0.0440,0.235,-7.024
7 18 20 32 34 40;0.0440,0.235,-7.024
7 23 42;0.0989,0.205,-7.008
31 34 37;0.1538,0.412,-7.006
3 12 23 42;0.0549,0.455,-6.926
9 12 14 23 42;0.0549,0.455,-6.926
1 7 39;0.1209,0.216,-6.901
7 32 39;0.1209,0.216,-6.901
6 15 41;0.0769,0.194,-6.877
6 20 41;0.0769,0.194,-6.877
7 23 34 41;0.0769,0.194,-6.877
3 6 42;0.0879,0.242,-6.834
6 19 42;0.0659,0.353,-6.819
12 30 34 40;0.0330,0.429,-6.801
16 23 30 40;0.0330,0.429,-6.801
16 30 32 40;0.0330,0.429,-6.801
18 23 30 40;0.0330,0.429,-6.801
18 30 32 40;0.0330,0.429,-6.801
1 16 23 38;0.0330,0.429,-6.801
7 16 23 38;0.0330,0.429,-6.801
1 9 20 30 40;0.0330,0.429,-6.801
3 6 18 20 38;0.0330,0.429,-6.801
3 6 18 23 38;0.0330,0.429,-6.801
1 9 11 31 38;0.0330,0.429,-6.801
1 3 20 31 38;0.0330,0.429,-6.801
7 9 11 31 38;0.0330,0.429,-6.801
3 7 18 20 38;0.0330,0.429,-6.801
3 14 23 31 34 38;0.0330,0.429,-6.801
3 6 9 11 20 38;0.0330,0.429,-6.801
9 14 18 23 31 34 38;0.0330,0.429,-6.801
1 3 9 11 20 21 38;0.0330,0.429,-6.801
3 7 9 11 20 21 38;0.0330,0.429,-6.801
21 23 31 36;0.3077,0.538,-6.776
7 16 40;0.0440,0.222,-6.772
1 12 16 40;0.0440,0.222,-6.772
3 6 18 40;0.0440,0.222,-6.772
1 9 20 40;0.0440,0.222,-6.772
1 3 12 18 40;0.0440,0.222,-6.772
1 9 23 34 40;0.0440,0.222,-6.772
1 3 23 34 40;0.0440,0.222,-6.772
7 9 23 34 40;0.0440,0.222,-6.772
3 9 20 34 40;0.0440,0.222,-6.772
1 3 6 23 40;0.0440,0.222,-6.772
1 3 18 31 38;0.0440,0.222,-6.772
1 18 23 32 34 40;0.0440,0.222,-6.772
7 18 23 32 34 40;0.0440,0.222,-6.772
6 13 41;0.0659,0.250,-6.762
7 13 41;0.0659,0.250,-6.762
13 20 34 41;0.0659,0.250,-6.762
13 23 34 41;0.0659,0.250,-6.762
9 16 21 34 39;0.0769,0.368,-6.729
3 9 18 21 34 39;0.0769,0.368,-6.729
31 37;0.2198,0.294,-6.679
15 41;0.0769,0.189,-6.667
7 20 41;0.0769,0.189,-6.667
9 16 39;0.1209,0.212,-6.664
20 21 34 37;0.1538,0.400,-6.595
18 21 34 37;0.1538,0.400,-6.595
9 23 32 42;0.0989,0.196,-6.567
6 12 34 40;0.0440,0.211,-6.536
9 20 34 40;0.0440,0.211,-6.536
3 7 18 40;0.0440,0.211,-6.536
1 3 31 38;0.0440,0.211,-6.536
3 7 18 38;0.0440,0.211,-6.536
1 9 12 18 40;0.0440,0.211,-6.536
9 16 32 34 40;0.0440,0.211,-6.536
1 3 9 23 40;0.0440,0.211,-6.536
3 7 9 23 40;0.0440,0.211,-6.536
1 3 9 23 38;0.0440,0.211,-6.536
3 7 9 23 38;0.0440,0.211,-6.536
3 6 23 32 34 40;0.0440,0.211,-6.536
3 9 18 32 34 40;0.0440,0.211,-6.536
16 23 25 38;0.0220,1.000,-6.526
23 25 31 38;0.0220,1.000,-6.526
18 23 25 38;0.0220,1.000,-6.526
6 11 27 38;0.0220,1.000,-6.526
1 11 27 38;0.0220,1.000,-6.526
7 11 27 38;0.0220,1.000,-6.526
6 11 16 38;0.0220,1.000,-6.526
1 11 16 38;0.0220,1.000,-6.526
7 11 16 38;0.0220,1.000,-6.526
3 34 41;0.0769,0.184,-6.464
19 42;0.0659,0.333,-6.448
6 39;0.1209,0.208,-6.431
1 39;0.1209,0.208,-6.431
3 9 18 39;0.1209,0.208,-6.431
9 12 23 42;0.0549,0.417,-6.429
6 12 14 23 42;0.0549,0.417,-6.429
9 18 21 34 39;0.0769,0.350,-6.347
16 30 40;0.0330,0.375,-6.339
18 30 40;0.0330,0.375,-6.339
6 12 30 40;0.0330,0.375,-6.339
1 12 30 40;0.0330,0.375,-6.339
7 12 30 40;0.0330,0.375,-6.339
1 20 30 40;0.0330,0.375,-6.339
14 16 23 34 38;0.0330,0.375,-6.339
3 6 9 11 38;0.0330,0.375,-6.339
6 9 20 31 38;0.0330,0.375,-6.339
6 9 23 31 38;0.0330,0.375,-6.339
1 14 16 31 34 38;0.0330,0.375,-6.339
7 14 16 31 34 38;0.0330,0.375,-6.339
9 14 23 31 34 38;0.0330,0.375,-6.339
3 14 18 23 34 38;0.0330,0.375,-6.339
1 3 6 11 20 38;0.0330,0.375,-6.339
1 3 9 11 20 38;0.0330,0.375,-6.339
1 3 9 11 21 38;0.0330,0.375,-6.339
1 3 11 20 21 38;0.0330,0.375,-6.339
1 3 18 20 21 38;0.0330,0.375,-6.339
3 7 9 11 20 38;0.0330,0.375,-6.339
3 7 9 11 21 38;0.0330,0.375,-6.339
7 9 18 20 31 38;0.0330,0.375,-6.339
7 9 20 21 31 38;0.0330,0.375,-6.339
20 23 37;0.2198,0.290,-6.337
20 21 37;0.2198,0.290,-6.337
3 32 34 42;0.0879,0.229,-6.336
12 34 40;0.0440,0.200,-6.313
1 16 40;0.0440,0.200,-6.313
3 6 12 40;0.0440,0.200,-6.313
1 3 23 40;0.0440,0.200,-6.313
1 3 23 38;0.0440,0.200,-6.313
3 6 23 34 40;0.0440,0.200,-6.313
6 18 20 34 40;0.0440,0.200,-6.313
6 18 23 34 40;0.0440,0.200,-6.313
1 18 20 34 40;0.0440,0.200,-6.313
7 18 20 34 40;0.0440,0.200,-6.313
9 18 32 34 40;0.0440,0.200,-6.313
7 9 18 31 38;0.0440,0.200,-6.313
20 34 41;0.0769,0.179,-6.266
3 11 13 41;0.0659,0.231,-6.250
16 39;0.1209,0.204,-6.203
1 7 32 42;0.0989,0.188,-6.147
3 23 32 42;0.0989,0.188,-6.147
3 14 34 42;0.0659,0.316,-6.103
12 16 40;0.0440,0.190,-6.102
6 9 12 40;0.0440,0.190,-6.102
6 12 18 40;0.0440,0.190,-6.102
3 7 12 40;0.0440,0.190,-6.102
3 12 18 40;0.0440,0.190,-6.102
9 16 34 40;0.0440,0.190,-6.102
16 32 34 40;0.0440,0.190,-6.102
6 9 23 40;0.0440,0.190,-6.102
1 3 18 40;0.0440,0.190,-6.102
1 3 18 38;0.0440,0.190,-6.102
7 9 31 38;0.0440,0.190,-6.102
1 18 23 34 40;0.0440,0.190,-6.102
7 18 23 34 40;0.0440,0.190,-6.102
3 9 18 34 40;0.0440,0.190,-6.102
3 18 32 34 40;0.0440,0.190,-6.102
3 6 23 32 40;0.0440,0.190,-6.102
3 7 23 32 34 40;0.0440,0.190,-6.102
1 32 34 42;0.0879,0.222,-6.100
13 34 41;0.0659,0.222,-6.012
3 13 20 41;0.0659,0.222,-6.012
3 13 23 41;0.0659,0.222,-6.012
21 23 37;0.2198,0.286,-6.000
3 18 21 34 39;0.0769,0.333,-5.990
7 39;0.1209,0.200,-5.980
3 18 39;0.1209,0.200,-5.980
11 18 34 37;0.1099,0.476,-5.976
3 9 23 42;0.0989,0.184,-5.944
12 30 40;0.0330,0.333,-5.943
3 14 20 34 40;0.0330,0.333,-5.943
1 3 6 11 38;0.0330,0.333,-5.943
1 3 9 11 38;0.0330,0.333,-5.943
1 3 11 20 38;0.0330,0.333,-5.943
1 3 11 21 38;0.0330,0.333,-5.943
3 7 9 11 38;0.0330,0.333,-5.943
9 14 18 23 34 38;0.0330,0.333,-5.943
1 9 14 18 31 34 38;0.0330,0.333,-5.943
9 16 23 31 32 34 38;0.0330,0.333,-5.943
3 9 18 23 31 32 34 38;0.0330,0.333,-5.943
11 25 42;0.0330,0.750,-5.943
7 9 12 40;0.0440,0.182,-5.901
7 12 18 40;0.0440,0.182,-5.901
9 12 18 40;0.0440,0.182,-5.901
9 18 34 40;0.0440,0.182,-5.901
6 9 18 40;0.0440,0.182,-5.901
3 6 23 40;0.0440,0.182,-5.901
3 6 9 34 40;0.0440,0.182,-5.901
3 7 23 34 40;0.0440,0.182,-5.901
3 20 32 34 40;0.0440,0.182,-5.901
1 9 18 31 38;0.0440,0.182,-5.901
1 6 20 32 34 40;0.0440,0.182,-5.901
3 9 23 32 34 40;0.0440,0.182,-5.901
1 18 23 31 32 38;0.0440,0.182,-5.901
7 18 23 31 32 38;0.0440,0.182,-5.901
6 34 41;0.0769,0.171,-5.886
18 34 37;0.1538,0.378,-5.831
10 11 41;0.0549,0.278,-5.825
7 10 34 41;0.0549,0.278,-5.825
1 32 42;0.0989,0.180,-5.746
23 31 36;0.3077,0.519,-5.723
16 34 40;0.0440,0.174,-5.710
1 3 12 40;0.0440,0.174,-5.710
6 9 34 40;0.0440,0.174,-5.710
3 18 34 40;0.0440,0.174,-5.710
1 9 23 40;0.0440,0.174,-5.710
7 9 18 40;0.0440,0.174,-5.710
7 9 23 40;0.0440,0.174,-5.710
1 9 31 38;0.0440,0.174,-5.710
1 9 23 38;0.0440,0.174,-5.710
7 9 18 38;0.0440,0.174,-5.710
7 9 23 38;0.0440,0.174,-5.710
1 3 6 34 40;0.0440,0.174,-5.710
1 20 32 34 40;0.0440,0.174,-5.710
9 23 32 34 40;0.0440,0.174,-5.710
3 7 23 32 40;0.0440,0.174,-5.710
1 23 31 32 38;0.0440,0.174,-5.710
7 23 31 32 38;0.0440,0.174,-5.710
3 7 23 32 38;0.0440,0.174,-5.710
6 23 41;0.0769,0.167,-5.704
9 18 34 39;0.0769,0.318,-5.656
3 34 42;0.0879,0.211,-5.651
6 23 32 42;0.0879,0.211,-5.651
1 3 11 38;0.0330,0.300,-5.595
1 14 16 34 38;0.0330,0.300,-5.595
7 14 16 34 38;0.0330,0.300,-5.595
14 16 31 34 38;0.0330,0.300,-5.595
6 9 11 20 38;0.0330,0.300,-5.595
9 20 23 30 32 40;0.0330,0.300,-5.595
3 14 18 31 34 38;0.0330,0.300,-5.595
9 16 23 31 34 38;0.0330,0.300,-5.595
3 6 11 20 21 38;0.0330,0.300,-5.595
3 6 9 20 21 38;0.0330,0.300,-5.595
6 9 18 20 21 38;0.0330,0.300,-5.595
6 9 18 21 23 38;0.0330,0.300,-5.595
1 9 11 20 21 38;0.0330,0.300,-5.595
7 9 11 20 21 38;0.0330,0.300,-5.595
3 7 11 20 21 38;0.0330,0.300,-5.595
3 7 9 20 21 38;0.0330,0.300,-5.595
1 14 18 23 31 34 38;0.0330,0.300,-5.595
7 14 18 23 31 34 38;0.0330,0.300,-5.595
3 9 18 23 31 34 38;0.0330,0.300,-5.595
3 9 23 31 32 34 38;0.0330,0.300,-5.595
9 18 23 31 32 34 38;0.0330,0.300,-5.595
12 14 23 42;0.0549,0.357,-5.586
1 7 42;0.0989,0.176,-5.551
7 32 42;0.0989,0.176,-5.551
9 18 39;0.1209,0.193,-5.547
3 9 32 39;0.1209,0.193,-5.547
1 9 12 40;0.0440,0.167,-5.528
1 12 18 40;0.0440,0.167,-5.528
3 7 23 40;0.0440,0.167,-5.528
3 7 23 38;0.0440,0.167,-5.528
6 18 32 34 40;0.0440,0.167,-5.528
1 3 9 34 40;0.0440,0.167,-5.528
3 7 9 34 40;0.0440,0.167,-5.528
3 9 23 34 40;0.0440,0.167,-5.528
18 20 32 34 40;0.0440,0.167,-5.528
6 18 20 32 40;0.0440,0.167,-5.528
6 18 23 32 40;0.0440,0.167,-5.528
7 18 20 32 40;0.0440,0.167,-5.528
1 18 20 23 32 40;0.0440,0.167,-5.528
7 34 41;0.0769,0.163,-5.526
3 14 23 42;0.0769,0.241,-5.492
14 23 34 42;0.0659,0.286,-5.481
6 14 23 42;0.0659,0.286,-5.481
6 27 31 38;0.0220,0.667,-5.442
1 27 31 38;0.0220,0.667,-5.442
7 27 31 38;0.0220,0.667,-5.442
14 20 30 34 40;0.0220,0.667,-5.442
6 14 20 30 40;0.0220,0.667,-5.442
7 14 20 30 40;0.0220,0.667,-5.442
6 16 20 31 38;0.0220,0.667,-5.442
6 16 23 31 38;0.0220,0.667,-5.442
7 16 20 31 38;0.0220,0.667,-5.442
3 6 11 14 20 38;0.0220,0.667,-5.442
1 16 20 31 34 38;0.0220,0.667,-5.442
1 34 42;0.0879,0.205,-5.437
23 32 34 42;0.0879,0.205,-5.437
3 13 41;0.0659,0.200,-5.355
16 27 32 40;0.0440,0.160,-5.353
1 9 34 40;0.0440,0.160,-5.353
1 3 34 40;0.0440,0.160,-5.353
7 9 34 40;0.0440,0.160,-5.353
9 23 34 40;0.0440,0.160,-5.353
3 20 34 40;0.0440,0.160,-5.353
1 9 18 40;0.0440,0.160,-5.353
1 9 18 38;0.0440,0.160,-5.353
1 6 20 34 40;0.0440,0.160,-5.353
6 20 32 34 40;0.0440,0.160,-5.353
1 18 32 34 40;0.0440,0.160,-5.353
7 18 32 34 40;0.0440,0.160,-5.353
18 23 32 34 40;0.0440,0.160,-5.353
1 18 23 32 40;0.0440,0.160,-5.353
7 18 23 32 40;0.0440,0.160,-5.353
1 18 23 31 38;0.0440,0.160,-5.353
1 18 23 32 38;0.0440,0.160,-5.353
7 18 23 31 38;0.0440,0.160,-5.353
7 18 23 32 38;0.0440,0.160,-5.353
3 9 18 23 31 32 38;0.0440,0.160,-5.353
7 23 41;0.0769,0.159,-5.353
3 11 20 41;0.0769,0.159,-5.353
18 21 37;0.2198,0.278,-5.344
18 31 32 39;0.1209,0.190,-5.337
6 9 11 38;0.0330,0.273,-5.286
20 30 32 34 40;0.0330,0.273,-5.286
6 20 30 32 40;0.0330,0.273,-5.286
7 20 30 32 40;0.0330,0.273,-5.286
9 20 23 30 40;0.0330,0.273,-5.286
9 20 30 32 40;0.0330,0.273,-5.286
3 14 31 34 38;0.0330,0.273,-5.286
1 16 31 34 38;0.0330,0.273,-5.286
7 16 31 34 38;0.0330,0.273,-5.286
3 6 11 21 38;0.0330,0.273,-5.286
3 6 9 20 38;0.0330,0.273,-5.286
6 9 18 20 38;0.0330,0.273,-5.286
6 9 18 23 38;0.0330,0.273,-5.286
1 9 11 20 38;0.0330,0.273,-5.286
1 9 11 21 38;0.0330,0.273,-5.286
7 9 11 20 38;0.0330,0.273,-5.286
7 9 11 21 38;0.0330,0.273,-5.286
3 7 11 21 38;0.0330,0.273,-5.286
1 14 23 31 34 38;0.0330,0.273,-5.286
7 14 23 31 34 38;0.0330,0.273,-5.286
9 14 18 31 34 38;0.0330,0.273,-5.286
16 23 31 32 34 38;0.0330,0.273,-5.286
3 9 23 31 34 38;0.0330,0.273,-5.286
9 18 23 31 34 38;0.0330,0.273,-5.286
9 23 31 32 34 38;0.0330,0.273,-5.286
1 3 6 20 21 38;0.0330,0.273,-5.286
3 6 11 20 32 38;0.0330,0.273,-5.286
1 3 7 20 21 38;0.0330,0.273,-5.286
3 18 23 31 32 34 38;0.0330,0.273,-5.286
10 34 41;0.0549,0.250,-5.277
10 22 41;0.0220,1.000,-5.273
2 22 41;0.0220,1.000,-5.273
13 22 41;0.0220,1.000,-5.273
6 12 23 42;0.0549,0.333,-5.223
6 12 40;0.0440,0.154,-5.186
3 12 40;0.0440,0.154,-5.186
27 32 40;0.0440,0.154,-5.186
1 20 34 40;0.0440,0.154,-5.186
1 23 31 38;0.0440,0.154,-5.186
7 23 31 38;0.0440,0.154,-5.186
3 6 32 34 40;0.0440,0.154,-5.186
7 20 32 34 40;0.0440,0.154,-5.186
1 18 20 32 40;0.0440,0.154,-5.186
3 9 23 31 32 38;0.0440,0.154,-5.186
23 34 41;0.0769,0.156,-5.184
3 11 41;0.0769,0.156,-5.184
1 42;0.0989,0.170,-5.175
9 23 42;0.0989,0.170,-5.175
20 34 37;0.1538,0.359,-5.137
31 32 39;0.1209,0.186,-5.130
6 10 41;0.0549,0.238,-5.028
7 10 41;0.0549,0.238,-5.028
7 12 40;0.0440,0.148,-5.026
9 12 40;0.0440,0.148,-5.026
12 18 40;0.0440,0.148,-5.026
3 6 34 40;0.0440,0.148,-5.026
6 18 34 40;0.0440,0.148,-5.026
6 18 20 40;0.0440,0.148,-5.026
6 18 23 40;0.0440,0.148,-5.026
7 18 20 40;0.0440,0.148,-5.026
1 18 20 23 40;0.0440,0.148,-5.026
1 6 23 32 34 40;0.0440,0.148,-5.026
3 18 23 31 32 38;0.0440,0.148,-5.026
7 14 42;0.0769,0.226,-5.026
20 37;0.2198,0.274,-5.024
6 20 30 40;0.0330,0.250,-5.007
7 20 30 40;0.0330,0.250,-5.007
9 20 30 40;0.0330,0.250,-5.007
14 16 34 38;0.0330,0.250,-5.007
1 9 11 38;0.0330,0.250,-5.007
7 9 11 38;0.0330,0.250,-5.007
9 30 32 34 40;0.0330,0.250,-5.007
6 14 20 34 40;0.0330,0.250,-5.007
9 14 31 34 38;0.0330,0.250,-5.007
3 14 18 34 38;0.0330,0.250,-5.007
7 14 16 31 38;0.0330,0.250,-5.007
16 23 31 34 38;0.0330,0.250,-5.007
9 23 31 34 38;0.0330,0.250,-5.007
1 3 6 20 38;0.0330,0.250,-5.007
3 6 11 20 38;0.0330,0.250,-5.007
3 6 11 32 38;0.0330,0.250,-5.007
3 7 9 20 38;0.0330,0.250,-5.007
1 14 18 23 34 38;0.0330,0.250,-5.007
7 14 18 23 34 38;0.0330,0.250,-5.007
14 18 23 31 34 38;0.0330,0.250,-5.007
9 16 23 32 34 38;0.0330,0.250,-5.007
3 18 23 31 34 38;0.0330,0.250,-5.007
3 23 31 32 34 38;0.0330,0.250,-5.007
1 3 9 20 21 38;0.0330,0.250,-5.007
3 7 11 20 32 38;0.0330,0.250,-5.007
3 9 18 23 32 34 38;0.0330,0.250,-5.007
2 34 41;0.0440,0.308,-4.932
1 18 34 40;0.0440,0.143,-4.872
7 18 34 40;0.0440,0.143,-4.872
3 6 9 40;0.0440,0.143,-4.872
1 18 23 40;0.0440,0.143,-4.872
7 18 23 40;0.0440,0.143,-4.872
1 18 23 38;0.0440,0.143,-4.872
7 18 23 38;0.0440,0.143,-4.872
3 7 32 34 40;0.0440,0.143,-4.872
3 23 32 34 40;0.0440,0.143,-4.872
3 23 31 32 38;0.0440,0.143,-4.872
6 23 42;0.0879,0.190,-4.835
7 42;0.0989,0.164,-4.814
14 23 25 38;0.0220,0.500,-4.764
3 6 11 14 38;0.0220,0.500,-4.764
6 14 16 20 21 38;0.0220,0.500,-4.764
6 14 16 21 23 38;0.0220,0.500,-4.764
7 14 16 20 21 38;0.0220,0.500,-4.764
3 7 11 14 20 38;0.0220,0.500,-4.764
3 9 11 14 20 21 34 38;0.0220,0.500,-4.764
1 30 34 40;0.0330,0.231,-4.754
9 30 34 40;0.0330,0.231,-4.754
20 30 34 40;0.0330,0.231,-4.754
6 9 30 40;0.0330,0.231,-4.754
1 9 30 40;0.0330,0.231,-4.754
7 9 30 40;0.0330,0.231,-4.754
3 6 11 38;0.0330,0.231,-4.754
7 14 20 34 40;0.0330,0.231,-4.754
14 18 20 34 40;0.0330,0.231,-4.754
14 23 31 34 38;0.0330,0.231,-4.754
9 14 18 34 38;0.0330,0.231,-4.754
3 23 31 34 38;0.0330,0.231,-4.754
3 6 20 21 38;0.0330,0.231,-4.754
1 3 7 20 38;0.0330,0.231,-4.754
1 3 20 21 38;0.0330,0.231,-4.754
3 7 11 20 38;0.0330,0.231,-4.754
3 7 11 32 38;0.0330,0.231,-4.754
3 7 20 21 38;0.0330,0.231,-4.754
9 18 23 32 34 38;0.0330,0.231,-4.754
12 29 42;0.0220,1.000,-4.734
9 14 29 42;0.0220,1.000,-4.734
13 20 25 42;0.0220,1.000,-4.734
9 32 39;0.1209,0.180,-4.729
1 12 40;0.0440,0.138,-4.723
6 20 34 40;0.0440,0.138,-4.723
3 7 34 40;0.0440,0.138,-4.723
18 20 34 40;0.0440,0.138,-4.723
1 3 6 40;0.0440,0.138,-4.723
1 18 20 40;0.0440,0.138,-4.723
1 23 32 34 40;0.0440,0.138,-4.723
3 9 32 34 40;0.0440,0.138,-4.723
1 6 20 32 40;0.0440,0.138,-4.723
9 16 20 23 32 40;0.0440,0.138,-4.723
9 18 23 31 32 38;0.0440,0.138,-4.723
3 23 42;0.0989,0.161,-4.639
21 31 36;0.3407,0.477,-4.599
12 23 42;0.0549,0.294,-4.588
7 20 34 40;0.0440,0.133,-4.580
9 32 34 40;0.0440,0.133,-4.580
18 23 34 40;0.0440,0.133,-4.580
3 7 9 40;0.0440,0.133,-4.580
3 7 9 38;0.0440,0.133,-4.580
1 6 23 34 40;0.0440,0.133,-4.580
6 23 32 34 40;0.0440,0.133,-4.580
1 7 20 32 40;0.0440,0.133,-4.580
1 20 23 32 40;0.0440,0.133,-4.580
9 16 23 32 40;0.0440,0.133,-4.580
9 23 31 32 38;0.0440,0.133,-4.580
3 9 18 20 23 32 40;0.0440,0.133,-4.580
10 41;0.0549,0.217,-4.571
3 20 23 41;0.0769,0.143,-4.546
1 30 40;0.0330,0.214,-4.523
7 14 16 38;0.0330,0.214,-4.523
1 16 34 38;0.0330,0.214,-4.523
7 16 34 38;0.0330,0.214,-4.523
3 7 11 38;0.0330,0.214,-4.523
20 23 30 32 40;0.0330,0.214,-4.523
14 18 23 34 38;0.0330,0.214,-4.523
1 14 16 31 38;0.0330,0.214,-4.523
9 16 23 34 38;0.0330,0.214,-4.523
16 23 32 34 38;0.0330,0.214,-4.523
6 11 31 32 38;0.0330,0.214,-4.523
6 11 18 32 38;0.0330,0.214,-4.523
3 6 21 31 38;0.0330,0.214,-4.523
6 9 20 21 38;0.0330,0.214,-4.523
1 11 18 32 38;0.0330,0.214,-4.523
1 3 9 20 38;0.0330,0.214,-4.523
7 11 18 32 38;0.0330,0.214,-4.523
7 9 20 21 38;0.0330,0.214,-4.523
1 14 18 31 34 38;0.0330,0.214,-4.523
7 14 18 31 34 38;0.0330,0.214,-4.523
3 9 14 23 34 38;0.0330,0.214,-4.523
3 9 18 23 34 38;0.0330,0.214,-4.523
3 18 23 32 34 38;0.0330,0.214,-4.523
1 11 21 31 32 38;0.0330,0.214,-4.523
7 11 21 31 32 38;0.0330,0.214,-4.523
3 9 32 42;0.0989,0.158,-4.467
14 34 42;0.0659,0.240,-4.444
3 9 34 40;0.0440,0.129,-4.442
3 23 34 40;0.0440,0.129,-4.442
1 3 7 40;0.0440,0.129,-4.442
1 3 7 38;0.0440,0.129,-4.442
16 20 23 32 40;0.0440,0.129,-4.442
3 9 18 23 32 40;0.0440,0.129,-4.442
3 9 18 23 31 38;0.0440,0.129,-4.442
3 9 18 23 32 38;0.0440,0.129,-4.442
11 13 41;0.0659,0.171,-4.418
18 37;0.2198,0.267,-4.399
3 32 39;0.1209,0.175,-4.342
20 30 32 40;0.0330,0.200,-4.309
14 20 34 40;0.0330,0.200,-4.309
6 14 20 40;0.0330,0.200,-4.309
3 6 31 38;0.0330,0.200,-4.309
6 9 20 38;0.0330,0.200,-4.309
1 3 20 38;0.0330,0.200,-4.309
7 16 31 38;0.0330,0.200,-4.309
1 14 31 34 38;0.0330,0.200,-4.309
7 14 31 34 38;0.0330,0.200,-4.309
9 14 23 34 38;0.0330,0.200,-4.309
3 14 23 34 38;0.0330,0.200,-4.309
9 18 23 34 38;0.0330,0.200,-4.309
3 6 20 32 38;0.0330,0.200,-4.309
1 11 31 32 38;0.0330,0.200,-4.309
7 11 31 32 38;0.0330,0.200,-4.309
3 6 9 21 23 38;0.0330,0.200,-4.309
12 40;0.0440,0.125,-4.308
16 27 40;0.0440,0.125,-4.308
9 34 40;0.0440,0.125,-4.308
6 9 40;0.0440,0.125,-4.308
1 23 34 40;0.0440,0.125,-4.308
18 32 34 40;0.0440,0.125,-4.308
1 6 20 40;0.0440,0.125,-4.308
3 6 32 40;0.0440,0.125,-4.308
6 20 32 40;0.0440,0.125,-4.308
1 3 9 40;0.0440,0.125,-4.308
1 20 32 40;0.0440,0.125,-4.308
16 23 32 40;0.0440,0.125,-4.308
1 3 9 38;0.0440,0.125,-4.308
7 23 32 34 40;0.0440,0.125,-4.308
3 9 23 31 38;0.0440,0.125,-4.308
3 18 20 23 32 40;0.0440,0.125,-4.308
23 34 42;0.0879,0.178,-4.284
6 21 27 38;0.0220,0.400,-4.269
1 21 27 38;0.0220,0.400,-4.269
7 21 27 38;0.0220,0.400,-4.269
14 20 23 30 40;0.0220,0.400,-4.269
6 14 16 20 38;0.0220,0.400,-4.269
6 14 16 23 38;0.0220,0.400,-4.269
6 16 20 21 38;0.0220,0.400,-4.269
6 16 21 23 38;0.0220,0.400,-4.269
1 16 20 31 38;0.0220,0.400,-4.269
7 16 20 21 38;0.0220,0.400,-4.269
6 11 14 31 34 38;0.0220,0.400,-4.269
6 11 14 18 34 38;0.0220,0.400,-4.269
1 11 14 18 34 38;0.0220,0.400,-4.269
7 11 14 18 34 38;0.0220,0.400,-4.269
1 9 14 20 21 34 38;0.0220,0.400,-4.269
3 9 11 14 20 34 38;0.0220,0.400,-4.269
3 9 11 14 21 34 38;0.0220,0.400,-4.269
9 11 14 20 21 34 38;0.0220,0.400,-4.269
3 11 14 20 21 34 38;0.0220,0.400,-4.269
3 9 21 34 39;0.0769,0.259,-4.262
11 22 41;0.0220,0.667,-4.213
27 40;0.0440,0.121,-4.179
3 6 40;0.0440,0.121,-4.179
1 3 40;0.0440,0.121,-4.179
1 3 38;0.0440,0.121,-4.179
20 32 34 40;0.0440,0.121,-4.179
1 7 20 40;0.0440,0.121,-4.179
1 20 23 40;0.0440,0.121,-4.179
7 20 32 40;0.0440,0.121,-4.179
9 16 20 32 40;0.0440,0.121,-4.179
3 18 23 32 40;0.0440,0.121,-4.179
7 18 31 32 38;0.0440,0.121,-4.179
3 18 23 31 38;0.0440,0.121,-4.179
3 18 23 32 38;0.0440,0.121,-4.179
3 9 39;0.1209,0.172,-4.153
6 25 34 42;0.0440,0.333,-4.145
32 34 42;0.0879,0.174,-4.111
30 32 34 40;0.0330,0.188,-4.111
20 23 30 40;0.0330,0.188,-4.111
7 14 20 40;0.0330,0.188,-4.111
1 14 16 38;0.0330,0.188,-4.111
16 23 34 38;0.0330,0.188,-4.111
3 6 20 38;0.0330,0.188,-4.111
7 9 20 38;0.0330,0.188,-4.111
9 23 30 32 40;0.0330,0.188,-4.111
1 14 18 34 38;0.0330,0.188,-4.111
7 14 18 34 38;0.0330,0.188,-4.111
14 18 31 34 38;0.0330,0.188,-4.111
3 18 23 34 38;0.0330,0.188,-4.111
3 6 18 21 38;0.0330,0.188,-4.111
1 9 20 21 38;0.0330,0.188,-4.111
3 7 20 32 38;0.0330,0.188,-4.111
14 16 23 31 32 38;0.0330,0.188,-4.111
9 16 31 32 34 38;0.0330,0.188,-4.111
3 9 18 31 32 34 38;0.0330,0.188,-4.111
34 41;0.0769,0.135,-4.103
23 37;0.2198,0.263,-4.093
7 9 40;0.0440,0.118,-4.054
7 9 38;0.0440,0.118,-4.054
6 23 34 40;0.0440,0.118,-4.054
3 7 32 40;0.0440,0.118,-4.054
7 31 32 38;0.0440,0.118,-4.054
3 7 32 38;0.0440,0.118,-4.054
3 23 31 38;0.0440,0.118,-4.054
1 6 32 34 40;0.0440,0.118,-4.054
3 9 18 20 32 40;0.0440,0.118,-4.054
9 18 20 23 32 40;0.0440,0.118,-4.054
9 21 34 39;0.0769,0.250,-4.028
18 32 39;0.1209,0.169,-3.968
6 41;0.0769,0.132,-3.961
3 20 41;0.0769,0.132,-3.961
1 20 40;0.0440,0.114,-3.933
3 7 40;0.0440,0.114,-3.933
3 7 38;0.0440,0.114,-3.933
3 32 34 40;0.0440,0.114,-3.933
6 18 32 40;0.0440,0.114,-3.933
16 20 32 40;0.0440,0.114,-3.933
1 6 23 32 40;0.0440,0.114,-3.933
9 18 23 32 40;0.0440,0.114,-3.933
1 18 31 32 38;0.0440,0.114,-3.933
9 18 23 31 38;0.0440,0.114,-3.933
9 18 23 32 38;0.0440,0.114,-3.933
3 9 20 23 32 40;0.0440,0.114,-3.933
13 20 41;0.0659,0.158,-3.930
13 23 41;0.0659,0.158,-3.930
20 30 40;0.0330,0.176,-3.926
6 30 34 40;0.0330,0.176,-3.926
7 30 34 40;0.0330,0.176,-3.926
6 30 32 40;0.0330,0.176,-3.926
7 30 32 40;0.0330,0.176,-3.926
9 23 30 40;0.0330,0.176,-3.926
9 30 32 40;0.0330,0.176,-3.926
14 31 34 38;0.0330,0.176,-3.926
6 11 31 38;0.0330,0.176,-3.926
6 11 18 38;0.0330,0.176,-3.926
1 16 31 38;0.0330,0.176,-3.926
1 11 18 38;0.0330,0.176,-3.926
7 11 18 38;0.0330,0.176,-3.926
1 9 14 34 38;0.0330,0.176,-3.926
14 16 23 31 38;0.0330,0.176,-3.926
9 16 31 34 38;0.0330,0.176,-3.926
3 6 9 23 38;0.0330,0.176,-3.926
1 11 21 31 38;0.0330,0.176,-3.926
7 11 21 31 38;0.0330,0.176,-3.926
3 9 18 31 34 38;0.0330,0.176,-3.926
3 9 31 32 34 38;0.0330,0.176,-3.926
9 18 31 32 34 38;0.0330,0.176,-3.926
23 25 38;0.0220,0.333,-3.879
6 27 38;0.0220,0.333,-3.879
1 27 38;0.0220,0.333,-3.879
7 27 38;0.0220,0.333,-3.879
6 16 20 38;0.0220,0.333,-3.879
6 16 23 38;0.0220,0.333,-3.879
7 16 20 38;0.0220,0.333,-3.879
14 18 25 34 38;0.0220,0.333,-3.879
6 11 14 20 34 38;0.0220,0.333,-3.879
3 9 11 14 34 38;0.0220,0.333,-3.879
9 11 14 20 34 38;0.0220,0.333,-3.879
9 11 14 21 34 38;0.0220,0.333,-3.879
3 11 14 20 34 38;0.0220,0.333,-3.879
3 11 14 21 34 38;0.0220,0.333,-3.879
1 11 14 20 21 34 38;0.0220,0.333,-3.879
7 11 14 20 21 34 38;0.0220,0.333,-3.879
3 9 14 20 21 34 38;0.0220,0.333,-3.879
14 23 32 42;0.0769,0.189,-3.834
25 34 42;0.0440,0.308,-3.827
6 20 40;0.0440,0.111,-3.815
1 9 40;0.0440,0.111,-3.815
1 9 38;0.0440,0.111,-3.815
1 32 34 40;0.0440,0.111,-3.815
7 23 34 40;0.0440,0.111,-3.815
7 18 32 40;0.0440,0.111,-3.815
1 31 32 38;0.0440,0.111,-3.815
7 18 31 38;0.0440,0.111,-3.815
7 18 32 38;0.0440,0.111,-3.815
9 23 31 38;0.0440,0.111,-3.815
9 16 20 23 40;0.0440,0.111,-3.815
3 18 20 32 40;0.0440,0.111,-3.815
9 32 42;0.0989,0.148,-3.811
6 12 14 42;0.0549,0.250,-3.803
30 34 40;0.0330,0.167,-3.754
6 30 40;0.0330,0.167,-3.754
7 30 40;0.0330,0.167,-3.754
9 30 40;0.0330,0.167,-3.754
7 16 38;0.0330,0.167,-3.754
14 18 34 40;0.0330,0.167,-3.754
14 18 34 38;0.0330,0.167,-3.754
3 6 18 38;0.0330,0.167,-3.754
1 11 31 38;0.0330,0.167,-3.754
7 11 31 38;0.0330,0.167,-3.754
3 9 14 34 38;0.0330,0.167,-3.754
16 31 32 34 38;0.0330,0.167,-3.754
3 9 31 34 38;0.0330,0.167,-3.754
9 18 31 34 38;0.0330,0.167,-3.754
9 31 32 34 38;0.0330,0.167,-3.754
6 9 21 31 38;0.0330,0.167,-3.754
3 6 21 23 38;0.0330,0.167,-3.754
3 18 31 32 34 38;0.0330,0.167,-3.754
21 23 36;0.3516,0.457,-3.741
14 18 31 39;0.0879,0.216,-3.713
18 34 40;0.0440,0.108,-3.700
7 20 40;0.0440,0.108,-3.700
7 31 38;0.0440,0.108,-3.700
1 6 34 40;0.0440,0.108,-3.700
6 32 34 40;0.0440,0.108,-3.700
1 23 32 40;0.0440,0.108,-3.700
9 16 23 40;0.0440,0.108,-3.700
1 23 32 38;0.0440,0.108,-3.700
3 9 18 20 23 40;0.0440,0.108,-3.700
14 29 42;0.0220,0.667,-3.689
6 20 25 42;0.0220,0.667,-3.689
7 41;0.0769,0.127,-3.686
21 36;0.3956,0.429,-3.686
14 23 42;0.0769,0.184,-3.661
6 32 42;0.0879,0.163,-3.620
6 14 42;0.0659,0.207,-3.610
18 31 39;0.1209,0.164,-3.606
3 14 34 40;0.0330,0.158,-3.592
9 14 34 38;0.0330,0.158,-3.592
3 14 34 38;0.0330,0.158,-3.592
16 31 34 38;0.0330,0.158,-3.592
9 31 34 38;0.0330,0.158,-3.592
6 9 31 38;0.0330,0.158,-3.592
1 14 23 34 38;0.0330,0.158,-3.592
7 14 23 34 38;0.0330,0.158,-3.592
9 16 32 34 38;0.0330,0.158,-3.592
3 18 31 34 38;0.0330,0.158,-3.592
3 31 32 34 38;0.0330,0.158,-3.592
6 9 21 23 38;0.0330,0.158,-3.592
3 9 18 32 34 38;0.0330,0.158,-3.592
1 6 11 20 32 38;0.0330,0.158,-3.592
1 11 20 21 32 38;0.0330,0.158,-3.592
3 34 40;0.0440,0.105,-3.589
6 18 40;0.0440,0.105,-3.589
1 6 23 40;0.0440,0.105,-3.589
6 23 32 40;0.0440,0.105,-3.589
1 18 32 40;0.0440,0.105,-3.589
16 20 23 40;0.0440,0.105,-3.589
1 18 31 38;0.0440,0.105,-3.589
1 18 32 38;0.0440,0.105,-3.589
3 9 18 23 40;0.0440,0.105,-3.589
9 18 20 32 40;0.0440,0.105,-3.589
3 9 18 23 38;0.0440,0.105,-3.589
20 22 41;0.0220,0.500,-3.558
6 11 14 34 38;0.0220,0.286,-3.558
1 16 20 21 38;0.0220,0.286,-3.558
1 11 14 20 34 38;0.0220,0.286,-3.558
1 11 14 21 34 38;0.0220,0.286,-3.558
7 11 14 20 34 38;0.0220,0.286,-3.558
7 11 14 21 34 38;0.0220,0.286,-3.558
3 23 41;0.0769,0.125,-3.552
14 31 39;0.0879,0.211,-3.523
3 32 42;0.0989,0.143,-3.500
13 41;0.0659,0.146,-3.488
1 34 40;0.0440,0.103,-3.481
20 34 40;0.0440,0.103,-3.481
16 23 40;0.0440,0.103,-3.481
7 18 40;0.0440,0.103,-3.481
1 31 38;0.0440,0.103,-3.481
7 18 38;0.0440,0.103,-3.481
7 32 34 40;0.0440,0.103,-3.481
23 32 34 40;0.0440,0.103,-3.481
3 9 20 32 40;0.0440,0.103,-3.481
9 20 23 32 40;0.0440,0.103,-3.481
3 18 20 23 40;0.0440,0.103,-3.481
3 9 18 31 32 38;0.0440,0.103,-3.481
1 16 38;0.0330,0.150,-3.439
23 30 32 40;0.0330,0.150,-3.439
3 31 34 38;0.0330,0.150,-3.439
14 16 23 32 38;0.0330,0.150,-3.439
9 18 32 34 38;0.0330,0.150,-3.439
1 6 11 32 38;0.0330,0.150,-3.439
6 9 18 21 38;0.0330,0.150,-3.439
1 11 20 32 38;0.0330,0.150,-3.439
1 11 21 32 38;0.0330,0.150,-3.439
31 39;0.1209,0.162,-3.430
9 39;0.1209,0.162,-3.430
1 23 40;0.0440,0.100,-3.376
1 23 38;0.0440,0.100,-3.376
9 16 20 40;0.0440,0.100,-3.376
7 23 32 40;0.0440,0.100,-3.376
3 18 23 40;0.0440,0.100,-3.376
7 23 32 38;0.0440,0.100,-3.376
3 18 23 38;0.0440,0.100,-3.376
3 9 31 32 38;0.0440,0.100,-3.376
3 12 14 42;0.0549,0.227,-3.365
3 9 42;0.0989,0.141,-3.348
31 36;0.3407,0.456,-3.336
30 32 40;0.0330,0.143,-3.295
6 14 34 40;0.0330,0.143,-3.295
14 23 34 40;0.0330,0.143,-3.295
6 14 23 40;0.0330,0.143,-3.295
14 23 34 38;0.0330,0.143,-3.295
14 16 23 38;0.0330,0.143,-3.295
9 16 34 38;0.0330,0.143,-3.295
16 32 34 38;0.0330,0.143,-3.295
6 9 23 38;0.0330,0.143,-3.295
1 11 32 38;0.0330,0.143,-3.295
3 9 18 34 38;0.0330,0.143,-3.295
3 18 32 34 38;0.0330,0.143,-3.295
6 20 31 32 38;0.0330,0.143,-3.295
6 23 31 32 38;0.0330,0.143,-3.295
3 6 23 32 38;0.0330,0.143,-3.295
3 9 14 20 23 40;0.0330,0.143,-3.295
3 14 20 23 32 40;0.0330,0.143,-3.295
6 11 20 21 32 38;0.0330,0.143,-3.295
7 11 20 21 32 38;0.0330,0.143,-3.295
11 20 41;0.0769,0.121,-3.293
14 25 34 38;0.0220,0.250,-3.286
1 11 14 34 38;0.0220,0.250,-3.286
7 11 14 34 38;0.0220,0.250,-3.286
6 11 14 20 38;0.0220,0.250,-3.286
11 14 20 21 34 38;0.0220,0.250,-3.286
1 11 14 20 21 38;0.0220,0.250,-3.286
7 11 14 20 21 38;0.0220,0.250,-3.286
6 34 40;0.0440,0.098,-3.273
1 18 40;0.0440,0.098,-3.273
1 18 38;0.0440,0.098,-3.273
3 9 18 20 40;0.0440,0.098,-3.273
9 18 20 23 40;0.0440,0.098,-3.273
3 20 23 32 40;0.0440,0.098,-3.273
3 18 31 32 38;0.0440,0.098,-3.273
3 21 34 39;0.0769,0.219,-3.202
23 32 42;0.0989,0.138,-3.199
3 14 42;0.0769,0.171,-3.178
6 34 42;0.0769,0.171,-3.178
6 23 40;0.0440,0.095,-3.173
16 20 40;0.0440,0.095,-3.173
9 18 23 40;0.0440,0.095,-3.173
3 31 32 38;0.0440,0.095,-3.173
9 18 23 38;0.0440,0.095,-3.173
3 9 20 23 40;0.0440,0.095,-3.173
3 9 23 32 40;0.0440,0.095,-3.173
3 9 23 32 38;0.0440,0.095,-3.173
34 42;0.0879,0.154,-3.167
11 41;0.0769,0.119,-3.167
21 34 37;0.1538,0.304,-3.166
9 12 14 42;0.0549,0.217,-3.166
23 30 40;0.0330,0.136,-3.158
9 18 34 38;0.0330,0.136,-3.158
6 9 18 38;0.0330,0.136,-3.158
3 6 23 38;0.0330,0.136,-3.158
3 14 20 23 40;0.0330,0.136,-3.158
1 6 11 20 38;0.0330,0.136,-3.158
6 11 20 32 38;0.0330,0.136,-3.158
6 11 21 32 38;0.0330,0.136,-3.158
1 11 20 21 38;0.0330,0.136,-3.158
7 11 21 32 38;0.0330,0.136,-3.158
18 23 31 32 34 38;0.0330,0.136,-3.158
5 19 38;0.0110,1.000,-3.125
15 27 38;0.0110,1.000,-3.125
18 20 22 40;0.0110,1.000,-3.125
5 22 25 38;0.0110,1.000,-3.125
5 12 22 38;0.0110,1.000,-3.125
5 16 22 38;0.0110,1.000,-3.125
5 18 22 38;0.0110,1.000,-3.125
16 19 23 38;0.0110,1.000,-3.125
19 23 31 38;0.0110,1.000,-3.125
18 19 23 38;0.0110,1.000,-3.125
5 25 34 38;0.0110,1.000,-3.125
5 7 25 38;0.0110,1.000,-3.125
11 16 25 38;0.0110,1.000,-3.125
11 25 31 38;0.0110,1.000,-3.125
11 18 25 38;0.0110,1.000,-3.125
5 12 34 38;0.0110,1.000,-3.125
5 7 12 38;0.0110,1.000,-3.125
3 15 18 38;0.0110,1.000,-3.125
16 19 22 34 38;0.0110,1.000,-3.125
19 22 31 34 38;0.0110,1.000,-3.125
18 19 22 34 38;0.0110,1.000,-3.125
16 22 25 34 38;0.0110,1.000,-3.125
22 25 31 34 38;0.0110,1.000,-3.125
18 22 25 34 38;0.0110,1.000,-3.125
12 22 31 34 38;0.0110,1.000,-3.125
12 22 23 31 38;0.0110,1.000,-3.125
18 22 31 34 38;0.0110,1.000,-3.125
16 22 23 31 38;0.0110,1.000,-3.125
18 22 23 31 38;0.0110,1.000,-3.125
6 14 20 25 38;0.0110,1.000,-3.125
7 14 20 25 38;0.0110,1.000,-3.125
11 14 20 25 38;0.0110,1.000,-3.125
16 20 25 34 38;0.0110,1.000,-3.125
20 25 31 34 38;0.0110,1.000,-3.125
18 20 25 34 38;0.0110,1.000,-3.125
6 20 25 31 38;0.0110,1.000,-3.125
6 18 20 25 38;0.0110,1.000,-3.125
3 13 15 35 38;0.0110,1.000,-3.125
3 11 15 35 38;0.0110,1.000,-3.125
3 15 31 35 38;0.0110,1.000,-3.125
3 15 20 35 38;0.0110,1.000,-3.125
3 13 15 31 38;0.0110,1.000,-3.125
3 15 21 31 38;0.0110,1.000,-3.125
3 6 13 35 38;0.0110,1.000,-3.125
7 34 40;0.0440,0.093,-3.075
9 20 32 40;0.0440,0.093,-3.075
3 18 20 40;0.0440,0.093,-3.075
9 18 31 32 38;0.0440,0.093,-3.075
16 25 34 38;0.0220,0.222,-3.050
25 31 34 38;0.0220,0.222,-3.050
18 25 34 38;0.0220,0.222,-3.050
6 11 14 38;0.0220,0.222,-3.050
11 14 20 34 38;0.0220,0.222,-3.050
11 14 21 34 38;0.0220,0.222,-3.050
1 11 14 20 38;0.0220,0.222,-3.050
1 11 14 21 38;0.0220,0.222,-3.050
7 11 14 20 38;0.0220,0.222,-3.050
7 11 14 21 38;0.0220,0.222,-3.050
9 29 42;0.0220,0.500,-3.050
6 25 42;0.0440,0.250,-3.045
30 40;0.0330,0.130,-3.029
16 34 38;0.0330,0.130,-3.029
7 14 23 40;0.0330,0.130,-3.029
1 14 34 38;0.0330,0.130,-3.029
7 14 34 38;0.0330,0.130,-3.029
7 14 23 38;0.0330,0.130,-3.029
3 18 34 38;0.0330,0.130,-3.029
1 6 11 38;0.0330,0.130,-3.029
6 11 32 38;0.0330,0.130,-3.029
1 11 20 38;0.0330,0.130,-3.029
1 11 21 38;0.0330,0.130,-3.029
23 31 32 34 38;0.0330,0.130,-3.029
9 23 32 34 38;0.0330,0.130,-3.029
7 11 20 32 38;0.0330,0.130,-3.029
6 18 20 21 32 38;0.0330,0.130,-3.029
6 18 21 23 32 38;0.0330,0.130,-3.029
6 42;0.0879,0.151,-3.024
