8 36;0.3956,1.000,-58.616
5 16 36;0.3846,1.000,-54.591
5 18 36;0.3846,1.000,-54.591
5 21 36;0.3846,1.000,-54.591
2 18 36;0.3736,1.000,-51.241
5 36;0.3846,0.972,-51.025
2 16 36;0.3626,1.000,-48.279
2 21 36;0.3736,0.971,-47.720
2 9 36;0.3516,1.000,-45.588
2 36;0.3736,0.944,-44.865
4 37;0.2088,1.000,-44.345
15 26 37;0.2088,1.000,-44.345
7 26 37;0.2088,1.000,-44.345
6 26 37;0.2088,1.000,-44.345
1 26 37;0.2088,1.000,-44.345
3 18 20 21 36;0.3956,0.857,-43.143
7 15 18 37;0.2088,0.950,-41.349
1 15 18 37;0.2088,0.950,-41.349
6 7 15 31 37;0.2088,0.950,-41.349
7 15 21 31 37;0.2088,0.950,-41.349
1 6 15 31 37;0.2088,0.950,-41.349
1 15 21 31 37;0.2088,0.950,-41.349
16 20 21 36;0.3846,0.875,-41.285
3 18 20 36;0.3956,0.818,-39.623
15 18 37;0.2088,0.905,-38.998
7 15 31 37;0.2088,0.905,-38.998
6 15 31 37;0.2088,0.905,-38.998
1 15 31 37;0.2088,0.905,-38.998
15 21 31 37;0.2088,0.905,-38.998
16 20 35 36;0.3187,1.000,-38.603
16 20 36;0.3846,0.833,-37.610
3 20 35 36;0.3297,0.968,-37.450
15 31 37;0.2088,0.864,-37.006
23 26 31 37;0.2088,0.864,-37.006
26 31 37;0.2088,0.826,-35.256
7 20 21 31 37;0.2088,0.826,-35.256
7 21 23 31 37;0.2088,0.826,-35.256
1 21 23 31 37;0.2088,0.826,-35.256
1 6 20 21 31 37;0.2088,0.826,-35.256
11 16 21 36;0.3297,0.938,-34.779
23 26 37;0.2088,0.792,-33.688
6 7 20 31 37;0.2088,0.792,-33.688
6 7 23 31 37;0.2088,0.792,-33.688
7 18 20 31 37;0.2088,0.792,-33.688
7 18 23 31 37;0.2088,0.792,-33.688
1 6 20 31 37;0.2088,0.792,-33.688
1 6 23 31 37;0.2088,0.792,-33.688
6 20 21 31 37;0.2088,0.792,-33.688
6 21 23 31 37;0.2088,0.792,-33.688
1 18 23 31 37;0.2088,0.792,-33.688
19 24 39;0.1319,1.000,-33.385
7 24 39;0.1319,1.000,-33.385
6 24 39;0.1319,1.000,-33.385
16 19 39;0.1319,1.000,-33.385
19 31 39;0.1319,1.000,-33.385
18 19 39;0.1319,1.000,-33.385
7 12 16 25 39;0.1319,1.000,-33.385
6 12 16 25 39;0.1319,1.000,-33.385
7 12 25 31 39;0.1319,1.000,-33.385
7 12 18 25 39;0.1319,1.000,-33.385
6 12 25 31 39;0.1319,1.000,-33.385
6 12 18 25 39;0.1319,1.000,-33.385
3 20 21 31 36;0.3407,0.886,-32.583
11 16 36;0.3297,0.909,-32.485
3 11 18 21 36;0.3297,0.909,-32.485
3 20 21 36;0.3956,0.735,-32.322
26 37;0.2088,0.760,-32.261
7 20 31 37;0.2088,0.760,-32.261
7 23 31 37;0.2088,0.760,-32.261
6 20 31 37;0.2088,0.760,-32.261
6 23 31 37;0.2088,0.760,-32.261
1 23 31 37;0.2088,0.760,-32.261
7 18 20 21 37;0.2088,0.760,-32.261
7 18 21 23 37;0.2088,0.760,-32.261
1 20 21 31 37;0.2088,0.760,-32.261
1 18 21 23 37;0.2088,0.760,-32.261
1 6 18 20 21 37;0.2088,0.760,-32.261
3 18 21 23 36;0.3516,0.842,-31.183
1 6 15 20 37;0.2088,0.731,-30.949
1 15 20 21 37;0.2088,0.731,-30.949
6 18 20 21 37;0.2088,0.731,-30.949
6 18 21 23 37;0.2088,0.731,-30.949
1 18 20 31 37;0.2088,0.731,-30.949
16 23 35 36;0.2747,1.000,-30.914
12 19 25 39;0.1319,0.923,-30.820
7 12 25 39;0.1319,0.923,-30.820
6 12 25 39;0.1319,0.923,-30.820
7 12 16 31 39;0.1319,0.923,-30.820
6 12 16 31 39;0.1319,0.923,-30.820
3 7 12 31 39;0.1319,0.923,-30.820
1 3 6 12 31 39;0.1319,0.923,-30.820
16 21 23 36;0.3407,0.861,-30.699
9 20 35 36;0.3297,0.882,-30.450
3 11 18 36;0.3297,0.882,-30.450
3 18 21 35 36;0.3297,0.882,-30.450
16 21 35 36;0.3187,0.906,-30.446
7 10 31 37;0.1648,1.000,-30.281
7 10 18 37;0.1648,1.000,-30.281
6 10 31 37;0.1648,1.000,-30.281
6 10 18 37;0.1648,1.000,-30.281
1 10 31 37;0.1648,1.000,-30.281
1 10 18 37;0.1648,1.000,-30.281
9 18 20 21 36;0.3736,0.773,-29.986
1 15 20 37;0.2088,0.704,-29.732
7 18 20 37;0.2088,0.704,-29.732
7 18 23 37;0.2088,0.704,-29.732
1 20 31 37;0.2088,0.704,-29.732
1 18 23 37;0.2088,0.704,-29.732
7 15 20 21 37;0.2088,0.704,-29.732
1 6 18 20 37;0.2088,0.704,-29.732
1 18 20 21 37;0.2088,0.704,-29.732
3 18 23 35 36;0.2857,0.963,-29.570
3 20 31 36;0.3407,0.838,-28.972
1 24 39;0.1319,0.857,-28.874
19 25 39;0.1319,0.857,-28.874
24 25 31 39;0.1319,0.857,-28.874
12 25 31 39;0.1319,0.857,-28.874
7 16 25 39;0.1319,0.857,-28.874
6 16 25 39;0.1319,0.857,-28.874
7 25 31 39;0.1319,0.857,-28.874
7 18 25 39;0.1319,0.857,-28.874
6 25 31 39;0.1319,0.857,-28.874
6 18 25 39;0.1319,0.857,-28.874
1 12 16 25 39;0.1319,0.857,-28.874
1 12 18 25 39;0.1319,0.857,-28.874
7 9 12 31 39;0.1319,0.857,-28.874
3 6 12 31 39;0.1319,0.857,-28.874
1 6 9 12 31 39;0.1319,0.857,-28.874
3 18 35 36;0.3297,0.857,-28.611
3 21 35 36;0.3297,0.857,-28.611
15 20 21 37;0.2088,0.679,-28.597
6 18 20 37;0.2088,0.679,-28.597
6 18 23 37;0.2088,0.679,-28.597
6 7 15 20 37;0.2088,0.679,-28.597
16 35 36;0.3187,0.879,-28.457
3 18 23 36;0.3516,0.800,-28.009
7 15 20 37;0.2088,0.655,-27.532
6 15 20 37;0.2088,0.655,-27.532
1 18 20 37;0.2088,0.655,-27.532
3 20 36;0.3956,0.679,-27.510
3 18 21 36;0.3956,0.679,-27.510
16 23 36;0.3407,0.816,-27.373
9 18 20 36;0.3736,0.739,-27.319
24 25 39;0.1319,0.800,-27.265
24 31 39;0.1319,0.800,-27.265
12 16 25 39;0.1319,0.800,-27.265
1 12 25 39;0.1319,0.800,-27.265
12 18 25 39;0.1319,0.800,-27.265
1 12 16 31 39;0.1319,0.800,-27.265
6 9 12 31 39;0.1319,0.800,-27.265
1 3 12 31 39;0.1319,0.800,-27.265
3 23 35 36;0.2857,0.929,-27.094
3 35 36;0.3297,0.833,-26.928
3 21 23 31 36;0.3077,0.875,-26.585
15 20 37;0.2088,0.633,-26.529
24 39;0.1319,0.750,-25.879
12 25 39;0.1319,0.750,-25.879
25 31 39;0.1319,0.750,-25.879
1 16 25 39;0.1319,0.750,-25.879
1 18 25 39;0.1319,0.750,-25.879
7 12 16 39;0.1319,0.750,-25.879
6 12 16 39;0.1319,0.750,-25.879
7 16 31 39;0.1319,0.750,-25.879
6 16 31 39;0.1319,0.750,-25.879
3 7 12 18 39;0.1319,0.750,-25.879
1 9 12 31 39;0.1319,0.750,-25.879
1 3 6 12 18 39;0.1319,0.750,-25.879
1 7 20 21 37;0.2088,0.613,-25.580
1 6 20 21 37;0.2088,0.613,-25.580
1 20 21 23 37;0.2088,0.613,-25.580
1 10 37;0.1648,0.882,-25.470
10 31 37;0.1648,0.882,-25.470
10 18 37;0.1648,0.882,-25.470
11 27 36;0.2747,0.926,-25.405
20 35 36;0.3297,0.811,-25.374
9 18 21 35 36;0.3297,0.811,-25.374
16 21 36;0.3846,0.686,-25.315
9 17 42;0.1099,0.833,-25.302
3 11 21 31 36;0.2857,0.897,-24.991
9 20 21 36;0.3736,0.708,-24.890
1 15 21 37;0.2088,0.594,-24.679
7 20 21 37;0.2088,0.594,-24.679
16 25 39;0.1319,0.706,-24.655
18 25 39;0.1319,0.706,-24.655
12 16 31 39;0.1319,0.706,-24.655
7 9 12 18 39;0.1319,0.706,-24.655
3 6 12 18 39;0.1319,0.706,-24.655
3 6 7 31 39;0.1319,0.706,-24.655
3 7 18 31 39;0.1319,0.706,-24.655
1 3 6 31 39;0.1319,0.706,-24.655
1 6 9 12 18 39;0.1319,0.706,-24.655
27 35 36;0.2527,0.958,-24.564
3 18 36;0.3956,0.643,-24.319
9 18 35 36;0.3297,0.789,-23.929
9 21 35 36;0.3297,0.789,-23.929
3 7 9 15 42;0.1099,0.769,-23.836
1 3 9 15 42;0.1099,0.769,-23.836
7 15 21 37;0.2088,0.576,-23.822
1 6 15 37;0.2088,0.576,-23.822
1 6 20 37;0.2088,0.576,-23.822
6 20 21 37;0.2088,0.576,-23.822
1 20 21 37;0.2088,0.576,-23.822
16 27 31 36;0.2637,0.923,-23.791
10 15 21 37;0.1648,0.833,-23.730
7 10 21 37;0.1648,0.833,-23.730
6 10 21 37;0.1648,0.833,-23.730
12 19 39;0.1319,0.667,-23.556
7 25 39;0.1319,0.667,-23.556
6 25 39;0.1319,0.667,-23.556
1 12 16 39;0.1319,0.667,-23.556
7 12 31 39;0.1319,0.667,-23.556
3 12 31 39;0.1319,0.667,-23.556
1 16 31 39;0.1319,0.667,-23.556
3 7 31 39;0.1319,0.667,-23.556
3 6 31 39;0.1319,0.667,-23.556
1 6 12 31 39;0.1319,0.667,-23.556
6 9 12 18 39;0.1319,0.667,-23.556
1 3 12 18 39;0.1319,0.667,-23.556
27 31 36;0.2747,0.893,-23.352
3 23 31 36;0.3077,0.824,-23.246
9 11 18 21 36;0.3077,0.824,-23.246
20 21 27 36;0.2967,0.844,-23.118
18 21 27 36;0.2967,0.844,-23.118
1 15 37;0.2088,0.559,-23.004
15 21 37;0.2088,0.559,-23.004
1 7 20 37;0.2088,0.559,-23.004
7 21 31 37;0.2088,0.559,-23.004
1 20 23 37;0.2088,0.559,-23.004
1 6 21 31 37;0.2088,0.559,-23.004
1 17 42;0.1099,0.714,-22.583
3 9 15 42;0.1099,0.714,-22.583
9 35 36;0.3297,0.769,-22.578
19 39;0.1319,0.632,-22.558
7 16 39;0.1319,0.632,-22.558
6 16 39;0.1319,0.632,-22.558
6 12 31 39;0.1319,0.632,-22.558
9 12 31 39;0.1319,0.632,-22.558
1 9 12 18 39;0.1319,0.632,-22.558
1 3 18 31 39;0.1319,0.632,-22.558
10 15 37;0.1648,0.789,-22.224
7 10 37;0.1648,0.789,-22.224
6 10 37;0.1648,0.789,-22.224
6 7 15 37;0.2088,0.543,-22.221
6 7 20 37;0.2088,0.543,-22.221
6 21 31 37;0.2088,0.543,-22.221
16 36;0.3846,0.648,-22.147
9 11 18 36;0.3077,0.800,-21.781
1 25 39;0.1319,0.600,-21.641
1 12 31 39;0.1319,0.600,-21.641
3 7 18 39;0.1319,0.600,-21.641
1 3 31 39;0.1319,0.600,-21.641
1 3 6 18 39;0.1319,0.600,-21.641
9 20 36;0.3736,0.667,-21.609
20 27 36;0.2967,0.818,-21.571
18 27 36;0.2967,0.818,-21.571
21 27 36;0.2967,0.818,-21.571
3 11 31 36;0.2857,0.839,-21.491
17 32 42;0.1099,0.667,-21.484
1 3 15 42;0.1099,0.667,-21.484
7 15 37;0.2088,0.528,-21.470
6 15 37;0.2088,0.528,-21.470
7 20 37;0.2088,0.528,-21.470
6 20 37;0.2088,0.528,-21.470
1 20 37;0.2088,0.528,-21.470
6 7 31 37;0.2088,0.528,-21.470
7 18 31 37;0.2088,0.528,-21.470
7 18 21 37;0.2088,0.528,-21.470
1 6 31 37;0.2088,0.528,-21.470
1 21 31 37;0.2088,0.528,-21.470
1 6 18 21 37;0.2088,0.528,-21.470
18 21 35 36;0.3297,0.750,-21.310
9 18 21 23 36;0.3297,0.750,-21.310
6 11 18 21 37;0.1538,0.824,-21.214
1 11 18 21 37;0.1538,0.824,-21.214
9 15 30 42;0.0989,0.818,-21.100
10 21 37;0.1648,0.750,-20.891
25 39;0.1319,0.571,-20.794
12 16 39;0.1319,0.571,-20.794
1 16 39;0.1319,0.571,-20.794
7 12 18 39;0.1319,0.571,-20.794
3 6 18 39;0.1319,0.571,-20.794
1 6 12 18 39;0.1319,0.571,-20.794
6 7 9 31 39;0.1319,0.571,-20.794
7 9 18 31 39;0.1319,0.571,-20.794
1 6 9 31 39;0.1319,0.571,-20.794
15 37;0.2088,0.514,-20.750
7 31 37;0.2088,0.514,-20.750
6 31 37;0.2088,0.514,-20.750
6 18 21 37;0.2088,0.514,-20.750
1 21 23 37;0.2088,0.514,-20.750
17 42;0.1099,0.625,-20.503
3 7 15 32 42;0.1099,0.625,-20.503
3 9 11 21 36;0.3077,0.778,-20.424
11 29 41;0.0659,1.000,-20.318
20 29 41;0.0659,1.000,-20.318
27 36;0.2967,0.794,-20.152
18 35 36;0.3297,0.732,-20.114
21 35 36;0.3297,0.732,-20.114
3 11 21 36;0.3297,0.732,-20.114
7 21 23 37;0.2088,0.500,-20.057
1 18 31 37;0.2088,0.500,-20.057
1 18 21 37;0.2088,0.500,-20.057
3 7 12 39;0.1319,0.545,-20.006
6 12 18 39;0.1319,0.545,-20.006
3 12 18 39;0.1319,0.545,-20.006
7 9 31 39;0.1319,0.545,-20.006
6 9 31 39;0.1319,0.545,-20.006
1 3 18 39;0.1319,0.545,-20.006
1 3 6 12 39;0.1319,0.545,-20.006
7 11 18 37;0.1538,0.778,-19.775
6 11 18 37;0.1538,0.778,-19.775
1 11 18 37;0.1538,0.778,-19.775
9 15 34 42;0.0989,0.750,-19.725
10 37;0.1648,0.714,-19.692
7 9 15 42;0.1099,0.588,-19.616
3 7 15 42;0.1099,0.588,-19.616
1 9 15 42;0.1099,0.588,-19.616
3 15 32 42;0.1099,0.588,-19.616
18 20 21 36;0.3956,0.590,-19.601
7 18 37;0.2088,0.487,-19.389
1 31 37;0.2088,0.487,-19.389
1 6 18 37;0.2088,0.487,-19.389
6 21 23 37;0.2088,0.487,-19.389
12 31 39;0.1319,0.522,-19.268
7 9 12 39;0.1319,0.522,-19.268
3 6 12 39;0.1319,0.522,-19.268
1 12 18 39;0.1319,0.522,-19.268
9 12 18 39;0.1319,0.522,-19.268
1 6 9 12 39;0.1319,0.522,-19.268
1 9 18 31 39;0.1319,0.522,-19.268
35 36;0.3297,0.714,-18.983
9 18 23 36;0.3297,0.714,-18.983
9 15 42;0.1099,0.556,-18.805
3 15 42;0.1099,0.556,-18.805
6 18 37;0.2088,0.475,-18.745
1 6 23 37;0.2088,0.475,-18.745
6 9 12 39;0.1319,0.500,-18.575
1 3 12 39;0.1319,0.500,-18.575
7 9 18 39;0.1319,0.500,-18.575
1 9 31 39;0.1319,0.500,-18.575
1 6 9 18 39;0.1319,0.500,-18.575
1 15 30 42;0.0989,0.692,-18.557
1 23 37;0.2088,0.463,-18.122
1 18 37;0.2088,0.463,-18.122
19 30 42;0.0769,1.000,-18.027
15 19 42;0.0769,1.000,-18.027
19 23 42;0.0769,1.000,-18.027
3 9 11 36;0.3077,0.737,-17.979
1 9 12 39;0.1319,0.480,-17.921
6 9 18 39;0.1319,0.480,-17.921
18 20 36;0.3956,0.571,-17.884
9 18 21 36;0.3736,0.618,-17.770
3 21 31 36;0.3407,0.674,-17.582
15 30 32 42;0.0989,0.643,-17.539
7 9 30 42;0.0989,0.643,-17.539
6 9 30 42;0.0989,0.643,-17.539
1 9 30 42;0.0989,0.643,-17.539
6 7 23 37;0.2088,0.452,-17.520
3 7 9 23 42;0.1099,0.500,-17.365
1 3 9 23 42;0.1099,0.500,-17.365
9 21 23 31 36;0.2857,0.765,-17.350
1 9 18 39;0.1319,0.462,-17.302
9 11 21 31 36;0.2637,0.800,-17.078
29 41;0.0659,0.750,-16.985
17 20 30 41;0.0659,0.750,-16.985
6 17 20 41;0.0659,0.750,-16.985
15 20 30 41;0.0659,0.750,-16.985
11 20 30 34 41;0.0659,0.750,-16.985
7 11 20 30 41;0.0659,0.750,-16.985
6 11 20 30 41;0.0659,0.750,-16.985
3 6 15 20 34 41;0.0659,0.750,-16.985
7 23 37;0.2088,0.442,-16.937
6 23 37;0.2088,0.442,-16.937
3 11 36;0.3297,0.682,-16.894
9 11 21 36;0.3077,0.718,-16.869
7 12 39;0.1319,0.444,-16.714
12 18 39;0.1319,0.444,-16.714
1 6 12 39;0.1319,0.444,-16.714
15 30 42;0.0989,0.600,-16.635
6 12 39;0.1319,0.429,-16.155
3 12 39;0.1319,0.429,-16.155
1 3 23 42;0.1099,0.455,-16.112
17 20 41;0.0659,0.667,-15.887
11 17 30 41;0.0659,0.667,-15.887
6 11 17 41;0.0659,0.667,-15.887
11 15 30 41;0.0659,0.667,-15.887
11 30 34 41;0.0659,0.667,-15.887
7 11 30 41;0.0659,0.667,-15.887
6 11 30 41;0.0659,0.667,-15.887
3 15 20 34 41;0.0659,0.667,-15.887
3 6 11 15 34 41;0.0659,0.667,-15.887
3 6 7 15 20 41;0.0659,0.667,-15.887
3 6 11 15 20 41;0.0659,0.667,-15.887
1 30 42;0.0989,0.562,-15.820
1 12 39;0.1319,0.414,-15.620
9 12 39;0.1319,0.414,-15.620
3 21 23 36;0.3516,0.627,-15.619
3 7 23 32 42;0.1099,0.435,-15.541
3 21 36;0.3956,0.545,-15.462
9 18 36;0.3736,0.586,-15.214
9 23 31 36;0.2857,0.722,-15.081
7 30 32 42;0.0989,0.529,-15.078
6 30 32 42;0.0989,0.529,-15.078
9 23 30 32 42;0.0989,0.529,-15.078
7 9 23 42;0.1099,0.417,-15.002
3 7 23 42;0.1099,0.417,-15.002
1 9 23 42;0.1099,0.417,-15.002
11 17 41;0.0659,0.600,-14.971
3 11 15 34 41;0.0659,0.600,-14.971
3 7 15 20 41;0.0659,0.600,-14.971
3 6 11 15 41;0.0659,0.600,-14.971
3 6 15 20 41;0.0659,0.600,-14.971
3 11 15 20 41;0.0659,0.600,-14.971
9 11 36;0.3077,0.683,-14.838
3 31 36;0.3407,0.633,-14.809
12 16 27 34 40;0.0440,1.000,-14.799
12 20 27 34 40;0.0440,1.000,-14.799
12 18 27 34 40;0.0440,1.000,-14.799
7 12 16 27 40;0.0440,1.000,-14.799
6 12 16 27 40;0.0440,1.000,-14.799
1 12 16 27 40;0.0440,1.000,-14.799
7 12 20 27 40;0.0440,1.000,-14.799
7 12 18 27 40;0.0440,1.000,-14.799
1 12 20 27 40;0.0440,1.000,-14.799
1 12 18 27 40;0.0440,1.000,-14.799
12 16 20 34 40;0.0440,1.000,-14.799
12 16 23 34 40;0.0440,1.000,-14.799
9 12 20 34 40;0.0440,1.000,-14.799
3 12 20 34 40;0.0440,1.000,-14.799
7 12 16 20 40;0.0440,1.000,-14.799
7 12 16 23 40;0.0440,1.000,-14.799
6 12 16 20 40;0.0440,1.000,-14.799
6 12 16 23 40;0.0440,1.000,-14.799
1 12 16 23 40;0.0440,1.000,-14.799
3 7 12 20 40;0.0440,1.000,-14.799
3 7 11 18 38;0.0440,1.000,-14.799
3 6 11 31 38;0.0440,1.000,-14.799
3 6 11 18 38;0.0440,1.000,-14.799
1 3 11 18 38;0.0440,1.000,-14.799
9 12 18 23 34 40;0.0440,1.000,-14.799
3 12 18 23 34 40;0.0440,1.000,-14.799
3 7 12 18 23 40;0.0440,1.000,-14.799
1 3 6 12 20 40;0.0440,1.000,-14.799
1 3 12 20 23 40;0.0440,1.000,-14.799
1 3 12 18 23 40;0.0440,1.000,-14.799
3 6 7 9 39;0.1319,0.387,-14.620
1 3 6 9 39;0.1319,0.387,-14.620
7 30 42;0.0989,0.500,-14.397
6 30 42;0.0989,0.500,-14.397
9 23 30 42;0.0989,0.500,-14.397
9 30 32 42;0.0989,0.500,-14.397
9 30 34 42;0.0879,0.615,-14.310
1 7 21 37;0.2088,0.396,-14.268
1 6 21 37;0.2088,0.396,-14.268
20 30 34 41;0.0659,0.545,-14.182
7 20 30 41;0.0659,0.545,-14.182
6 20 30 41;0.0659,0.545,-14.182
3 11 15 41;0.0659,0.545,-14.182
3 15 20 41;0.0659,0.545,-14.182
3 6 11 20 34 41;0.0659,0.545,-14.182
3 7 9 39;0.1319,0.375,-14.150
3 6 9 39;0.1319,0.375,-14.150
11 18 21 36;0.3297,0.638,-14.121
20 21 36;0.3956,0.529,-13.938
7 21 37;0.2088,0.388,-13.778
9 30 42;0.0989,0.474,-13.767
1 11 21 37;0.1538,0.583,-13.720
12 39;0.1319,0.364,-13.698
1 3 6 39;0.1319,0.364,-13.698
11 20 30 41;0.0659,0.500,-13.489
3 6 11 34 41;0.0659,0.500,-13.489
3 6 11 20 41;0.0659,0.500,-13.489
3 7 11 20 34 41;0.0659,0.500,-13.489
6 21 37;0.2088,0.380,-13.300
1 21 37;0.2088,0.380,-13.300
11 18 36;0.3297,0.625,-13.279
1 3 7 39;0.1319,0.353,-13.263
1 3 9 39;0.1319,0.353,-13.263
12 27 34 40;0.0440,0.800,-13.189
12 16 27 40;0.0440,0.800,-13.189
7 12 27 40;0.0440,0.800,-13.189
1 12 27 40;0.0440,0.800,-13.189
12 16 23 40;0.0440,0.800,-13.189
7 16 27 40;0.0440,0.800,-13.189
6 16 27 40;0.0440,0.800,-13.189
1 16 27 40;0.0440,0.800,-13.189
6 12 20 27 40;0.0440,0.800,-13.189
6 12 18 27 40;0.0440,0.800,-13.189
7 9 12 20 40;0.0440,0.800,-13.189
3 6 12 20 40;0.0440,0.800,-13.189
7 20 27 34 40;0.0440,0.800,-13.189
7 18 27 34 40;0.0440,0.800,-13.189
6 20 27 34 40;0.0440,0.800,-13.189
6 18 27 34 40;0.0440,0.800,-13.189
1 20 27 34 40;0.0440,0.800,-13.189
1 18 27 34 40;0.0440,0.800,-13.189
3 7 11 31 38;0.0440,0.800,-13.189
1 3 11 31 38;0.0440,0.800,-13.189
7 9 12 18 23 40;0.0440,0.800,-13.189
1 6 9 12 20 40;0.0440,0.800,-13.189
3 6 12 18 23 40;0.0440,0.800,-13.189
1 9 12 20 23 40;0.0440,0.800,-13.189
1 9 12 18 23 40;0.0440,0.800,-13.189
3 6 7 20 31 38;0.0440,0.800,-13.189
3 6 7 23 31 38;0.0440,0.800,-13.189
3 7 18 20 31 38;0.0440,0.800,-13.189
3 7 18 23 31 38;0.0440,0.800,-13.189
1 3 6 20 31 38;0.0440,0.800,-13.189
1 3 6 23 31 38;0.0440,0.800,-13.189
1 3 18 23 31 38;0.0440,0.800,-13.189
23 30 32 42;0.0989,0.450,-13.182
3 6 9 23 42;0.0989,0.450,-13.182
1 6 11 37;0.1538,0.560,-12.970
11 30 41;0.0659,0.462,-12.870
3 6 11 41;0.0659,0.462,-12.870
3 7 11 34 41;0.0659,0.462,-12.870
3 7 11 20 41;0.0659,0.462,-12.870
6 7 9 39;0.1319,0.343,-12.843
3 6 7 39;0.1319,0.343,-12.843
1 6 9 39;0.1319,0.343,-12.843
13 17 41;0.0549,0.714,-12.838
13 15 30 41;0.0549,0.714,-12.838
3 13 15 34 41;0.0549,0.714,-12.838
21 23 31 37;0.2088,0.373,-12.833
30 32 42;0.0989,0.429,-12.635
3 9 23 32 34 42;0.0989,0.429,-12.635
20 21 31 34 37;0.1429,0.591,-12.565
7 9 39;0.1319,0.333,-12.437
3 7 39;0.1319,0.333,-12.437
6 9 39;0.1319,0.333,-12.437
3 6 39;0.1319,0.333,-12.437
1 3 39;0.1319,0.333,-12.437
6 7 31 39;0.1319,0.333,-12.437
7 18 31 39;0.1319,0.333,-12.437
1 6 31 39;0.1319,0.333,-12.437
1 6 37;0.2088,0.365,-12.379
18 23 31 37;0.2088,0.365,-12.379
17 30 34 41;0.0659,0.429,-12.310
6 17 34 41;0.0659,0.429,-12.310
15 30 34 41;0.0659,0.429,-12.310
3 7 11 41;0.0659,0.429,-12.310
3 6 15 34 41;0.0659,0.429,-12.310
1 11 37;0.1538,0.538,-12.269
23 30 42;0.0989,0.409,-12.122
3 9 23 34 42;0.0989,0.409,-12.122
9 23 32 34 42;0.0989,0.409,-12.122
10 17 41;0.0440,1.000,-12.091
10 30 41;0.0440,1.000,-12.091
6 12 27 40;0.0440,0.667,-12.091
12 20 27 40;0.0440,0.667,-12.091
12 18 27 40;0.0440,0.667,-12.091
7 27 34 40;0.0440,0.667,-12.091
6 27 34 40;0.0440,0.667,-12.091
1 27 34 40;0.0440,0.667,-12.091
7 20 27 40;0.0440,0.667,-12.091
7 18 27 40;0.0440,0.667,-12.091
1 20 27 40;0.0440,0.667,-12.091
1 18 27 40;0.0440,0.667,-12.091
3 10 15 41;0.0440,1.000,-12.091
3 7 10 41;0.0440,1.000,-12.091
3 6 10 41;0.0440,1.000,-12.091
1 12 16 20 40;0.0440,0.667,-12.091
6 9 12 20 40;0.0440,0.667,-12.091
1 3 12 20 40;0.0440,0.667,-12.091
3 12 20 23 40;0.0440,0.667,-12.091
3 12 18 23 40;0.0440,0.667,-12.091
3 7 20 31 38;0.0440,0.667,-12.091
3 7 23 31 38;0.0440,0.667,-12.091
3 6 20 31 38;0.0440,0.667,-12.091
3 6 23 31 38;0.0440,0.667,-12.091
1 3 23 31 38;0.0440,0.667,-12.091
6 9 12 18 23 40;0.0440,0.667,-12.091
7 31 39;0.1319,0.324,-12.045
6 31 39;0.1319,0.324,-12.045
1 7 37;0.2088,0.358,-11.935
23 31 37;0.2088,0.358,-11.935
1 15 32 42;0.1099,0.323,-11.884
3 7 9 32 42;0.1099,0.323,-11.884
13 30 34 41;0.0549,0.625,-11.867
7 13 30 41;0.0549,0.625,-11.867
6 13 30 41;0.0549,0.625,-11.867
3 13 15 41;0.0549,0.625,-11.867
3 7 13 20 34 41;0.0549,0.625,-11.867
3 7 13 23 34 41;0.0549,0.625,-11.867
3 6 13 20 34 41;0.0549,0.625,-11.867
3 6 13 23 34 41;0.0549,0.625,-11.867
18 20 31 34 37;0.1429,0.565,-11.815
17 30 41;0.0659,0.400,-11.799
17 34 41;0.0659,0.400,-11.799
6 17 41;0.0659,0.400,-11.799
15 30 41;0.0659,0.400,-11.799
20 23 30 41;0.0659,0.400,-11.799
3 15 34 41;0.0659,0.400,-11.799
3 6 20 34 41;0.0659,0.400,-11.799
3 9 23 36;0.3297,0.600,-11.703
9 21 23 36;0.3297,0.600,-11.703
1 9 39;0.1319,0.316,-11.666
1 18 31 39;0.1319,0.316,-11.666
3 23 36;0.3516,0.571,-11.648
30 42;0.0989,0.391,-11.638
9 23 34 42;0.0989,0.391,-11.638
3 6 23 32 42;0.0989,0.391,-11.638
6 11 37;0.1538,0.519,-11.611
7 15 32 42;0.1099,0.312,-11.509
3 7 9 42;0.1099,0.312,-11.509
6 7 37;0.2088,0.352,-11.501
20 21 31 37;0.2088,0.352,-11.501
7 14 15 42;0.0879,0.471,-11.464
1 14 15 42;0.0879,0.471,-11.464
17 41;0.0659,0.375,-11.329
20 30 41;0.0659,0.375,-11.329
3 6 7 15 41;0.0659,0.375,-11.329
3 7 20 34 41;0.0659,0.375,-11.329
3 6 7 20 41;0.0659,0.375,-11.329
7 18 39;0.1319,0.308,-11.298
1 31 39;0.1319,0.308,-11.298
1 6 18 39;0.1319,0.308,-11.298
12 27 40;0.0440,0.571,-11.243
7 27 40;0.0440,0.571,-11.243
1 27 40;0.0440,0.571,-11.243
12 20 34 40;0.0440,0.571,-11.243
6 20 27 40;0.0440,0.571,-11.243
6 18 27 40;0.0440,0.571,-11.243
7 16 20 40;0.0440,0.571,-11.243
7 16 23 40;0.0440,0.571,-11.243
6 16 20 40;0.0440,0.571,-11.243
6 16 23 40;0.0440,0.571,-11.243
1 16 23 40;0.0440,0.571,-11.243
12 18 23 34 40;0.0440,0.571,-11.243
1 9 12 20 40;0.0440,0.571,-11.243
9 12 20 23 40;0.0440,0.571,-11.243
9 12 18 23 40;0.0440,0.571,-11.243
1 16 20 34 40;0.0440,0.571,-11.243
7 9 11 18 38;0.0440,0.571,-11.243
6 9 11 31 38;0.0440,0.571,-11.243
6 9 11 18 38;0.0440,0.571,-11.243
1 9 11 18 38;0.0440,0.571,-11.243
3 7 18 20 34 40;0.0440,0.571,-11.243
3 7 18 23 34 40;0.0440,0.571,-11.243
3 6 18 20 34 40;0.0440,0.571,-11.243
3 6 18 23 34 40;0.0440,0.571,-11.243
1 3 18 20 34 40;0.0440,0.571,-11.243
1 3 18 23 34 40;0.0440,0.571,-11.243
1 3 18 20 31 38;0.0440,0.571,-11.243
15 32 34 42;0.0989,0.375,-11.181
6 9 23 42;0.0989,0.375,-11.181
3 6 23 42;0.0989,0.375,-11.181
15 32 42;0.1099,0.303,-11.148
1 3 7 32 42;0.1099,0.303,-11.148
1 3 9 32 42;0.1099,0.303,-11.148
9 21 31 36;0.3187,0.604,-11.128
20 31 34 37;0.1429,0.542,-11.119
18 20 21 34 37;0.1429,0.542,-11.119
18 21 23 34 37;0.1429,0.542,-11.119
7 37;0.2088,0.345,-11.077
6 37;0.2088,0.345,-11.077
1 37;0.2088,0.345,-11.077
20 36;0.3956,0.500,-11.077
3 36;0.3956,0.500,-11.077
18 21 36;0.3956,0.500,-11.077
18 20 31 37;0.2088,0.345,-11.077
13 30 41;0.0549,0.556,-11.067
3 7 13 20 41;0.0549,0.556,-11.067
3 7 13 23 41;0.0549,0.556,-11.067
3 6 13 20 41;0.0549,0.556,-11.067
3 6 13 23 41;0.0549,0.556,-11.067
6 18 39;0.1319,0.300,-10.942
14 15 42;0.0879,0.444,-10.900
30 34 41;0.0659,0.353,-10.894
3 7 15 41;0.0659,0.353,-10.894
3 6 15 41;0.0659,0.353,-10.894
3 7 20 41;0.0659,0.353,-10.894
3 6 20 41;0.0659,0.353,-10.894
1 15 42;0.1099,0.294,-10.800
1 3 7 42;0.1099,0.294,-10.800
3 7 32 42;0.1099,0.294,-10.800
1 3 9 42;0.1099,0.294,-10.800
20 31 37;0.2088,0.339,-10.663
1 18 39;0.1319,0.293,-10.595
6 27 40;0.0440,0.500,-10.550
16 27 32 34 40;0.0440,0.500,-10.550
20 27 32 34 40;0.0440,0.500,-10.550
18 27 32 34 40;0.0440,0.500,-10.550
3 7 18 20 40;0.0440,0.500,-10.550
3 7 18 23 40;0.0440,0.500,-10.550
1 3 18 23 40;0.0440,0.500,-10.550
7 9 11 31 38;0.0440,0.500,-10.550
3 7 18 20 38;0.0440,0.500,-10.550
3 7 18 23 38;0.0440,0.500,-10.550
1 9 11 31 38;0.0440,0.500,-10.550
1 3 20 31 38;0.0440,0.500,-10.550
1 3 18 23 38;0.0440,0.500,-10.550
7 9 18 20 34 40;0.0440,0.500,-10.550
7 9 18 23 34 40;0.0440,0.500,-10.550
6 9 18 20 34 40;0.0440,0.500,-10.550
6 9 18 23 34 40;0.0440,0.500,-10.550
1 9 18 20 34 40;0.0440,0.500,-10.550
1 9 18 23 34 40;0.0440,0.500,-10.550
1 3 6 18 20 40;0.0440,0.500,-10.550
1 3 6 18 20 38;0.0440,0.500,-10.550
3 6 9 11 20 38;0.0440,0.500,-10.550
9 16 21 31 34 39;0.0879,0.533,-10.508
3 9 21 31 34 39;0.0879,0.533,-10.508
7 30 41;0.0659,0.333,-10.489
6 30 41;0.0659,0.333,-10.489
3 15 41;0.0659,0.333,-10.489
3 11 20 34 41;0.0659,0.333,-10.489
6 11 15 20 34 41;0.0659,0.333,-10.489
7 9 32 42;0.1099,0.286,-10.463
1 3 32 42;0.1099,0.286,-10.463
1 9 32 34 42;0.0989,0.346,-10.337
3 23 32 34 42;0.0989,0.346,-10.337
16 30 34 40;0.0330,1.000,-10.321
18 30 34 40;0.0330,1.000,-10.321
7 16 30 40;0.0330,1.000,-10.321
6 16 30 40;0.0330,1.000,-10.321
1 16 30 40;0.0330,1.000,-10.321
7 18 30 40;0.0330,1.000,-10.321
6 18 30 40;0.0330,1.000,-10.321
1 18 30 40;0.0330,1.000,-10.321
7 11 16 38;0.0330,1.000,-10.321
6 11 16 38;0.0330,1.000,-10.321
1 11 16 38;0.0330,1.000,-10.321
7 12 20 30 40;0.0330,1.000,-10.321
6 12 20 30 40;0.0330,1.000,-10.321
1 12 20 30 40;0.0330,1.000,-10.321
12 20 23 30 40;0.0330,1.000,-10.321
12 18 23 30 40;0.0330,1.000,-10.321
20 27 30 34 40;0.0330,1.000,-10.321
18 21 23 37;0.2088,0.333,-10.257
7 15 42;0.1099,0.278,-10.138
7 9 42;0.1099,0.278,-10.138
3 7 42;0.1099,0.278,-10.138
1 3 42;0.1099,0.278,-10.138
3 11 34 41;0.0659,0.316,-10.109
6 11 15 34 41;0.0659,0.316,-10.109
11 15 20 34 41;0.0659,0.316,-10.109
9 21 36;0.3736,0.523,-10.092
12 16 20 40;0.0440,0.444,-9.962
7 12 20 40;0.0440,0.444,-9.962
16 27 34 40;0.0440,0.444,-9.962
20 27 34 40;0.0440,0.444,-9.962
18 27 34 40;0.0440,0.444,-9.962
27 32 34 40;0.0440,0.444,-9.962
1 16 20 40;0.0440,0.444,-9.962
9 12 23 34 40;0.0440,0.444,-9.962
3 12 23 34 40;0.0440,0.444,-9.962
7 12 18 23 40;0.0440,0.444,-9.962
1 6 12 20 40;0.0440,0.444,-9.962
1 12 20 23 40;0.0440,0.444,-9.962
1 12 18 23 40;0.0440,0.444,-9.962
3 6 18 20 40;0.0440,0.444,-9.962
3 6 18 23 40;0.0440,0.444,-9.962
3 6 9 11 38;0.0440,0.444,-9.962
3 6 18 20 38;0.0440,0.444,-9.962
3 6 18 23 38;0.0440,0.444,-9.962
6 7 9 20 31 38;0.0440,0.444,-9.962
6 7 9 23 31 38;0.0440,0.444,-9.962
3 7 9 11 20 38;0.0440,0.444,-9.962
7 9 18 20 31 38;0.0440,0.444,-9.962
7 9 18 23 31 38;0.0440,0.444,-9.962
1 6 9 20 31 38;0.0440,0.444,-9.962
1 6 9 23 31 38;0.0440,0.444,-9.962
1 3 9 11 20 38;0.0440,0.444,-9.962
1 9 18 23 31 38;0.0440,0.444,-9.962
1 9 34 42;0.0989,0.333,-9.945
18 20 34 37;0.1429,0.500,-9.864
18 23 34 37;0.1429,0.500,-9.864
9 16 31 34 39;0.0879,0.500,-9.862
9 21 31 34 39;0.0879,0.500,-9.862
3 9 18 31 34 39;0.0879,0.500,-9.862
15 42;0.1099,0.270,-9.823
1 9 32 42;0.1099,0.270,-9.823
14 19 34 42;0.0659,0.600,-9.791
11 15 34 41;0.0659,0.300,-9.753
9 16 31 39;0.1319,0.273,-9.613
18 23 36;0.3516,0.542,-9.593
3 23 34 42;0.0989,0.321,-9.571
3 9 32 34 42;0.0989,0.321,-9.571
14 19 42;0.0769,0.467,-9.521
1 9 42;0.1099,0.263,-9.517
1 23 32 42;0.1099,0.263,-9.517
18 23 37;0.2088,0.322,-9.472
27 34 40;0.0440,0.400,-9.451
6 12 20 40;0.0440,0.400,-9.451
3 12 20 40;0.0440,0.400,-9.451
3 7 12 23 40;0.0440,0.400,-9.451
6 12 18 23 40;0.0440,0.400,-9.451
1 3 12 23 40;0.0440,0.400,-9.451
1 3 18 20 40;0.0440,0.400,-9.451
3 7 9 11 38;0.0440,0.400,-9.451
7 9 20 31 38;0.0440,0.400,-9.451
7 9 23 31 38;0.0440,0.400,-9.451
6 9 20 31 38;0.0440,0.400,-9.451
6 9 23 31 38;0.0440,0.400,-9.451
1 3 9 11 38;0.0440,0.400,-9.451
1 9 23 31 38;0.0440,0.400,-9.451
1 3 18 20 38;0.0440,0.400,-9.451
9 16 20 32 34 40;0.0440,0.400,-9.451
9 16 23 32 34 40;0.0440,0.400,-9.451
1 3 6 11 20 38;0.0440,0.400,-9.451
3 9 18 20 32 34 40;0.0440,0.400,-9.451
3 9 18 23 32 34 40;0.0440,0.400,-9.451
3 10 41;0.0440,0.667,-9.420
6 15 20 34 41;0.0659,0.286,-9.416
6 11 20 34 41;0.0659,0.286,-9.416
3 6 23 34 41;0.0659,0.286,-9.416
16 21 31 34 39;0.0879,0.471,-9.274
9 16 21 34 39;0.0879,0.471,-9.274
3 9 31 34 39;0.0879,0.471,-9.274
9 18 31 34 39;0.0879,0.471,-9.274
3 21 31 34 39;0.0879,0.471,-9.274
3 9 18 21 34 39;0.0879,0.471,-9.274
3 7 13 34 41;0.0549,0.417,-9.259
3 6 13 34 41;0.0549,0.417,-9.259
7 23 32 42;0.1099,0.256,-9.221
9 32 34 42;0.0989,0.310,-9.213
23 30 41;0.0659,0.273,-9.098
15 20 34 41;0.0659,0.273,-9.098
6 11 34 41;0.0659,0.273,-9.098
3 20 34 41;0.0659,0.273,-9.098
7 11 20 34 41;0.0659,0.273,-9.098
3 7 23 34 41;0.0659,0.273,-9.098
11 21 31 36;0.2857,0.605,-9.079
18 36;0.3956,0.480,-9.077
3 12 14 23 42;0.0659,0.545,-9.045
9 31 36;0.3187,0.569,-9.037
16 31 39;0.1319,0.261,-9.001
3 9 18 31 39;0.1319,0.261,-9.001
1 12 20 40;0.0440,0.364,-8.999
9 12 20 40;0.0440,0.364,-8.999
12 20 23 40;0.0440,0.364,-8.999
12 18 23 40;0.0440,0.364,-8.999
12 16 32 34 40;0.0440,0.364,-8.999
7 9 12 23 40;0.0440,0.364,-8.999
3 6 12 23 40;0.0440,0.364,-8.999
1 9 12 23 40;0.0440,0.364,-8.999
9 16 20 34 40;0.0440,0.364,-8.999
9 16 23 34 40;0.0440,0.364,-8.999
1 3 6 11 38;0.0440,0.364,-8.999
6 9 11 20 38;0.0440,0.364,-8.999
1 3 11 20 38;0.0440,0.364,-8.999
9 12 18 32 34 40;0.0440,0.364,-8.999
3 12 18 32 34 40;0.0440,0.364,-8.999
3 6 9 20 34 40;0.0440,0.364,-8.999
3 9 18 20 34 40;0.0440,0.364,-8.999
9 18 20 32 34 40;0.0440,0.364,-8.999
3 9 18 23 34 40;0.0440,0.364,-8.999
9 18 23 32 34 40;0.0440,0.364,-8.999
3 6 11 20 32 38;0.0440,0.364,-8.999
1 9 18 20 31 38;0.0440,0.364,-8.999
12 16 30 40;0.0330,0.750,-8.944
12 20 30 40;0.0330,0.750,-8.944
12 18 30 40;0.0330,0.750,-8.944
11 14 16 34 38;0.0330,0.750,-8.944
7 16 20 31 38;0.0330,0.750,-8.944
7 16 23 31 38;0.0330,0.750,-8.944
6 16 20 31 38;0.0330,0.750,-8.944
6 16 23 31 38;0.0330,0.750,-8.944
1 16 23 31 38;0.0330,0.750,-8.944
3 11 14 18 34 38;0.0330,0.750,-8.944
1 16 20 31 34 38;0.0330,0.750,-8.944
3 6 11 14 20 38;0.0330,0.750,-8.944
9 23 36;0.3297,0.556,-8.930
3 9 34 42;0.0989,0.300,-8.871
30 41;0.0659,0.261,-8.795
7 11 34 41;0.0659,0.261,-8.795
6 11 15 20 41;0.0659,0.261,-8.795
3 6 7 23 41;0.0659,0.261,-8.795
3 7 13 41;0.0549,0.385,-8.784
3 6 13 41;0.0549,0.385,-8.784
3 13 23 34 41;0.0549,0.385,-8.784
9 31 34 39;0.0879,0.444,-8.735
3 18 31 34 39;0.0879,0.444,-8.735
9 18 21 34 39;0.0879,0.444,-8.735
18 20 21 37;0.2088,0.311,-8.718
3 9 31 39;0.1319,0.255,-8.706
1 23 42;0.1099,0.244,-8.654
7 14 23 42;0.0879,0.348,-8.608
12 16 34 40;0.0440,0.333,-8.594
12 23 34 40;0.0440,0.333,-8.594
3 12 23 40;0.0440,0.333,-8.594
6 9 11 38;0.0440,0.333,-8.594
1 3 11 38;0.0440,0.333,-8.594
9 12 18 34 40;0.0440,0.333,-8.594
3 12 18 34 40;0.0440,0.333,-8.594
6 9 12 23 40;0.0440,0.333,-8.594
16 20 32 34 40;0.0440,0.333,-8.594
16 23 32 34 40;0.0440,0.333,-8.594
6 9 20 34 40;0.0440,0.333,-8.594
9 18 20 34 40;0.0440,0.333,-8.594
9 18 23 34 40;0.0440,0.333,-8.594
7 9 18 20 40;0.0440,0.333,-8.594
7 9 18 23 40;0.0440,0.333,-8.594
1 9 18 23 40;0.0440,0.333,-8.594
7 9 11 20 38;0.0440,0.333,-8.594
7 9 18 20 38;0.0440,0.333,-8.594
7 9 18 23 38;0.0440,0.333,-8.594
3 6 11 20 38;0.0440,0.333,-8.594
3 6 11 32 38;0.0440,0.333,-8.594
1 9 11 20 38;0.0440,0.333,-8.594
1 9 20 31 38;0.0440,0.333,-8.594
1 9 18 23 38;0.0440,0.333,-8.594
3 7 9 20 34 40;0.0440,0.333,-8.594
1 3 9 20 34 40;0.0440,0.333,-8.594
3 18 20 32 34 40;0.0440,0.333,-8.594
3 18 23 32 34 40;0.0440,0.333,-8.594
3 6 7 9 20 40;0.0440,0.333,-8.594
1 3 6 9 20 40;0.0440,0.333,-8.594
1 6 9 18 20 40;0.0440,0.333,-8.594
3 6 7 9 20 38;0.0440,0.333,-8.594
3 7 11 20 32 38;0.0440,0.333,-8.594
1 3 6 9 20 38;0.0440,0.333,-8.594
1 6 9 18 20 38;0.0440,0.333,-8.594
9 34 42;0.0989,0.290,-8.542
3 6 9 32 42;0.0989,0.290,-8.542
6 11 15 41;0.0659,0.250,-8.508
11 15 20 41;0.0659,0.250,-8.508
3 7 23 41;0.0659,0.250,-8.508
3 6 23 41;0.0659,0.250,-8.508
3 18 31 39;0.1319,0.250,-8.418
3 12 23 42;0.0659,0.500,-8.395
9 12 14 23 42;0.0659,0.500,-8.395
11 21 36;0.3297,0.545,-8.306
11 21 31 34 37;0.1099,0.556,-8.257
11 18 21 34 37;0.1099,0.556,-8.257
9 16 34 39;0.0879,0.421,-8.237
16 21 34 39;0.0879,0.421,-8.237
3 31 34 39;0.0879,0.421,-8.237
3 9 18 34 39;0.0879,0.421,-8.237
3 18 21 34 39;0.0879,0.421,-8.237
11 15 41;0.0659,0.240,-8.233
9 12 23 40;0.0440,0.308,-8.226
16 20 34 40;0.0440,0.308,-8.226
16 23 34 40;0.0440,0.308,-8.226
7 9 11 38;0.0440,0.308,-8.226
3 6 11 38;0.0440,0.308,-8.226
1 9 11 38;0.0440,0.308,-8.226
7 9 20 34 40;0.0440,0.308,-8.226
1 9 20 34 40;0.0440,0.308,-8.226
3 18 20 34 40;0.0440,0.308,-8.226
3 18 23 34 40;0.0440,0.308,-8.226
3 7 9 20 40;0.0440,0.308,-8.226
3 6 9 20 40;0.0440,0.308,-8.226
6 9 18 20 40;0.0440,0.308,-8.226
6 9 18 23 40;0.0440,0.308,-8.226
3 7 11 20 38;0.0440,0.308,-8.226
3 7 11 32 38;0.0440,0.308,-8.226
3 7 9 20 38;0.0440,0.308,-8.226
3 6 9 20 38;0.0440,0.308,-8.226
6 9 18 20 38;0.0440,0.308,-8.226
6 9 18 23 38;0.0440,0.308,-8.226
1 3 6 20 34 40;0.0440,0.308,-8.226
1 3 9 20 23 40;0.0440,0.308,-8.226
1 3 9 20 23 38;0.0440,0.308,-8.226
3 6 9 42;0.0989,0.281,-8.226
3 31 39;0.1319,0.245,-8.137
7 23 42;0.1099,0.233,-8.117
3 9 23 32 42;0.1099,0.233,-8.117
16 27 30 40;0.0330,0.600,-8.036
20 27 30 40;0.0330,0.600,-8.036
18 27 30 40;0.0330,0.600,-8.036
14 16 20 31 34 38;0.0330,0.600,-8.036
14 16 23 31 34 38;0.0330,0.600,-8.036
3 11 14 31 34 38;0.0330,0.600,-8.036
9 11 14 18 34 38;0.0330,0.600,-8.036
3 9 11 14 20 34 38;0.0330,0.600,-8.036
3 14 18 20 31 34 38;0.0330,0.600,-8.036
3 14 18 23 31 34 38;0.0330,0.600,-8.036
19 32 42;0.0769,0.389,-8.027
18 20 37;0.2088,0.302,-7.993
6 11 20 41;0.0659,0.231,-7.971
13 15 34 41;0.0549,0.333,-7.958
3 32 34 42;0.0989,0.273,-7.923
3 7 11 38;0.0440,0.286,-7.890
12 18 32 34 40;0.0440,0.286,-7.890
7 16 32 34 40;0.0440,0.286,-7.890
6 16 32 34 40;0.0440,0.286,-7.890
1 16 32 34 40;0.0440,0.286,-7.890
1 3 20 34 40;0.0440,0.286,-7.890
1 3 6 20 40;0.0440,0.286,-7.890
1 9 18 20 40;0.0440,0.286,-7.890
1 3 6 20 38;0.0440,0.286,-7.890
1 9 18 20 38;0.0440,0.286,-7.890
3 7 18 32 34 40;0.0440,0.286,-7.890
3 6 20 32 34 40;0.0440,0.286,-7.890
3 6 18 32 34 40;0.0440,0.286,-7.890
1 3 18 32 34 40;0.0440,0.286,-7.890
9 18 31 39;0.1319,0.240,-7.863
9 12 23 42;0.0659,0.462,-7.820
6 12 14 23 42;0.0659,0.462,-7.820
21 31 34 37;0.1429,0.433,-7.778
9 18 34 39;0.0879,0.400,-7.776
11 31 36;0.2857,0.578,-7.764
6 11 41;0.0659,0.222,-7.719
6 15 34 41;0.0659,0.222,-7.719
7 11 20 41;0.0659,0.222,-7.719
20 21 23 37;0.2088,0.297,-7.641
3 6 32 42;0.0989,0.265,-7.630
11 18 34 37;0.1099,0.526,-7.626
19 42;0.0769,0.368,-7.604
3 14 34 42;0.0769,0.368,-7.604
9 31 39;0.1319,0.235,-7.595
7 13 20 34 41;0.0549,0.312,-7.594
7 13 23 34 41;0.0549,0.312,-7.594
6 13 20 34 41;0.0549,0.312,-7.594
6 13 23 34 41;0.0549,0.312,-7.594
12 20 40;0.0440,0.267,-7.580
12 18 34 40;0.0440,0.267,-7.580
7 12 23 40;0.0440,0.267,-7.580
1 12 23 40;0.0440,0.267,-7.580
7 16 34 40;0.0440,0.267,-7.580
6 16 34 40;0.0440,0.267,-7.580
1 16 34 40;0.0440,0.267,-7.580
7 12 16 32 40;0.0440,0.267,-7.580
6 12 16 32 40;0.0440,0.267,-7.580
3 7 18 34 40;0.0440,0.267,-7.580
3 6 20 34 40;0.0440,0.267,-7.580
3 6 18 34 40;0.0440,0.267,-7.580
1 3 18 34 40;0.0440,0.267,-7.580
1 3 7 20 40;0.0440,0.267,-7.580
1 3 9 20 40;0.0440,0.267,-7.580
1 3 20 23 40;0.0440,0.267,-7.580
1 3 7 20 38;0.0440,0.267,-7.580
7 11 18 32 38;0.0440,0.267,-7.580
6 11 31 32 38;0.0440,0.267,-7.580
6 11 18 32 38;0.0440,0.267,-7.580
1 11 18 32 38;0.0440,0.267,-7.580
1 3 9 20 38;0.0440,0.267,-7.580
1 3 20 23 38;0.0440,0.267,-7.580
3 7 12 18 32 40;0.0440,0.267,-7.580
7 9 18 32 34 40;0.0440,0.267,-7.580
3 7 20 32 34 40;0.0440,0.267,-7.580
6 9 18 32 34 40;0.0440,0.267,-7.580
1 9 18 32 34 40;0.0440,0.267,-7.580
3 9 20 32 34 40;0.0440,0.267,-7.580
3 6 7 20 32 40;0.0440,0.267,-7.580
3 6 7 20 32 38;0.0440,0.267,-7.580
1 3 6 12 18 32 40;0.0440,0.267,-7.580
15 34 41;0.0659,0.214,-7.478
7 11 41;0.0659,0.214,-7.478
6 20 34 41;0.0659,0.214,-7.478
11 20 34 41;0.0659,0.214,-7.478
3 23 34 41;0.0659,0.214,-7.478
6 7 15 20 41;0.0659,0.214,-7.478
27 30 40;0.0330,0.500,-7.351
16 23 30 32 40;0.0330,0.500,-7.351
18 23 30 32 40;0.0330,0.500,-7.351
7 14 16 20 38;0.0330,0.500,-7.351
7 14 16 23 38;0.0330,0.500,-7.351
6 14 16 20 38;0.0330,0.500,-7.351
6 14 16 23 38;0.0330,0.500,-7.351
1 14 16 23 38;0.0330,0.500,-7.351
1 16 20 31 38;0.0330,0.500,-7.351
1 14 16 20 34 38;0.0330,0.500,-7.351
7 11 14 18 34 38;0.0330,0.500,-7.351
6 11 14 31 34 38;0.0330,0.500,-7.351
6 11 14 18 34 38;0.0330,0.500,-7.351
1 11 14 18 34 38;0.0330,0.500,-7.351
9 11 14 31 34 38;0.0330,0.500,-7.351
9 11 14 20 34 38;0.0330,0.500,-7.351
3 9 11 14 34 38;0.0330,0.500,-7.351
3 11 14 20 34 38;0.0330,0.500,-7.351
3 14 20 31 34 38;0.0330,0.500,-7.351
3 14 23 31 34 38;0.0330,0.500,-7.351
9 11 16 32 34 38;0.0330,0.500,-7.351
9 14 18 20 31 34 38;0.0330,0.500,-7.351
9 14 18 23 31 34 38;0.0330,0.500,-7.351
3 9 11 18 32 34 38;0.0330,0.500,-7.351
1 3 11 20 21 41;0.0440,0.444,-7.349
6 9 32 42;0.0989,0.257,-7.348
16 34 39;0.0879,0.381,-7.346
3 18 34 39;0.0879,0.381,-7.346
21 23 31 36;0.3077,0.549,-7.342
9 16 39;0.1319,0.231,-7.332
1 6 39;0.1319,0.231,-7.332
18 31 34 37;0.1429,0.419,-7.327
20 21 34 37;0.1429,0.419,-7.327
12 14 23 42;0.0659,0.429,-7.304
21 31 37;0.2088,0.292,-7.295
7 12 16 40;0.0440,0.250,-7.292
6 12 16 40;0.0440,0.250,-7.292
6 12 23 40;0.0440,0.250,-7.292
9 12 32 34 40;0.0440,0.250,-7.292
3 12 32 34 40;0.0440,0.250,-7.292
3 7 12 18 40;0.0440,0.250,-7.292
7 9 18 34 40;0.0440,0.250,-7.292
3 7 20 34 40;0.0440,0.250,-7.292
6 9 18 34 40;0.0440,0.250,-7.292
1 9 18 34 40;0.0440,0.250,-7.292
3 9 20 34 40;0.0440,0.250,-7.292
9 20 32 34 40;0.0440,0.250,-7.292
6 7 9 20 40;0.0440,0.250,-7.292
3 6 7 20 40;0.0440,0.250,-7.292
3 7 20 32 40;0.0440,0.250,-7.292
1 6 9 20 40;0.0440,0.250,-7.292
3 6 20 32 40;0.0440,0.250,-7.292
6 7 9 20 38;0.0440,0.250,-7.292
3 6 7 20 38;0.0440,0.250,-7.292
7 11 31 32 38;0.0440,0.250,-7.292
3 7 20 32 38;0.0440,0.250,-7.292
1 6 9 20 38;0.0440,0.250,-7.292
3 6 20 32 38;0.0440,0.250,-7.292
1 11 31 32 38;0.0440,0.250,-7.292
7 9 12 18 32 40;0.0440,0.250,-7.292
1 3 6 12 18 40;0.0440,0.250,-7.292
3 6 12 18 32 40;0.0440,0.250,-7.292
3 6 7 31 32 38;0.0440,0.250,-7.292
3 7 18 31 32 38;0.0440,0.250,-7.292
1 3 6 31 32 38;0.0440,0.250,-7.292
1 6 9 12 18 32 40;0.0440,0.250,-7.292
3 13 34 41;0.0549,0.294,-7.257
11 34 41;0.0659,0.207,-7.247
7 15 20 41;0.0659,0.207,-7.247
6 15 20 41;0.0659,0.207,-7.247
7 20 34 41;0.0659,0.207,-7.247
3 6 34 41;0.0659,0.207,-7.247
14 23 34 42;0.0769,0.350,-7.209
9 23 32 42;0.1099,0.213,-7.124
3 34 42;0.0989,0.250,-7.076
6 9 42;0.0989,0.250,-7.076
3 6 42;0.0989,0.250,-7.076
23 32 34 42;0.0989,0.250,-7.076
1 7 39;0.1319,0.226,-7.075
11 31 34 37;0.1099,0.500,-7.051
9 36;0.3736,0.486,-7.029
12 23 40;0.0440,0.235,-7.024
9 12 34 40;0.0440,0.235,-7.024
3 12 34 40;0.0440,0.235,-7.024
9 20 34 40;0.0440,0.235,-7.024
7 9 20 40;0.0440,0.235,-7.024
3 7 20 40;0.0440,0.235,-7.024
6 9 20 40;0.0440,0.235,-7.024
3 6 20 40;0.0440,0.235,-7.024
1 3 20 40;0.0440,0.235,-7.024
7 9 20 38;0.0440,0.235,-7.024
3 7 20 38;0.0440,0.235,-7.024
6 9 20 38;0.0440,0.235,-7.024
3 6 20 38;0.0440,0.235,-7.024
1 3 20 38;0.0440,0.235,-7.024
1 12 16 32 40;0.0440,0.235,-7.024
7 9 12 18 40;0.0440,0.235,-7.024
3 6 12 18 40;0.0440,0.235,-7.024
9 16 32 34 40;0.0440,0.235,-7.024
1 9 20 23 40;0.0440,0.235,-7.024
3 6 7 31 38;0.0440,0.235,-7.024
3 7 18 31 38;0.0440,0.235,-7.024
3 7 31 32 38;0.0440,0.235,-7.024
1 3 6 31 38;0.0440,0.235,-7.024
3 6 31 32 38;0.0440,0.235,-7.024
1 9 20 23 38;0.0440,0.235,-7.024
1 6 9 12 18 40;0.0440,0.235,-7.024
6 9 12 18 32 40;0.0440,0.235,-7.024
1 3 12 18 32 40;0.0440,0.235,-7.024
7 18 20 32 34 40;0.0440,0.235,-7.024
7 18 23 32 34 40;0.0440,0.235,-7.024
3 6 9 23 34 40;0.0440,0.235,-7.024
6 18 20 32 34 40;0.0440,0.235,-7.024
6 18 23 32 34 40;0.0440,0.235,-7.024
1 18 20 32 34 40;0.0440,0.235,-7.024
1 18 23 32 34 40;0.0440,0.235,-7.024
3 9 18 32 34 40;0.0440,0.235,-7.024
15 20 41;0.0659,0.200,-7.023
3 7 34 41;0.0659,0.200,-7.023
28 42;0.0330,1.000,-6.920
31 34 37;0.1429,0.406,-6.900
18 21 34 37;0.1429,0.406,-6.900
3 23 32 42;0.1099,0.208,-6.890
23 25 42;0.0440,0.667,-6.857
1 3 11 21 41;0.0440,0.400,-6.857
16 39;0.1319,0.222,-6.824
6 7 39;0.1319,0.222,-6.824
3 9 18 39;0.1319,0.222,-6.824
1 32 34 42;0.0989,0.243,-6.813
16 23 30 40;0.0330,0.429,-6.801
16 30 32 40;0.0330,0.429,-6.801
18 23 30 40;0.0330,0.429,-6.801
18 30 32 40;0.0330,0.429,-6.801
7 16 20 38;0.0330,0.429,-6.801
7 16 23 38;0.0330,0.429,-6.801
6 16 20 38;0.0330,0.429,-6.801
6 16 23 38;0.0330,0.429,-6.801
1 16 23 38;0.0330,0.429,-6.801
1 9 20 30 40;0.0330,0.429,-6.801
14 16 20 34 38;0.0330,0.429,-6.801
14 16 23 34 38;0.0330,0.429,-6.801
9 11 14 34 38;0.0330,0.429,-6.801
3 11 14 34 38;0.0330,0.429,-6.801
11 14 18 34 38;0.0330,0.429,-6.801
1 16 20 34 38;0.0330,0.429,-6.801
9 11 16 34 38;0.0330,0.429,-6.801
7 11 14 31 34 38;0.0330,0.429,-6.801
6 11 14 20 34 38;0.0330,0.429,-6.801
1 11 14 31 34 38;0.0330,0.429,-6.801
9 14 20 31 34 38;0.0330,0.429,-6.801
9 14 23 31 34 38;0.0330,0.429,-6.801
3 14 18 20 34 38;0.0330,0.429,-6.801
3 14 18 23 34 38;0.0330,0.429,-6.801
3 9 11 18 34 38;0.0330,0.429,-6.801
9 11 18 32 34 38;0.0330,0.429,-6.801
9 16 20 31 32 34 38;0.0330,0.429,-6.801
9 16 23 31 32 34 38;0.0330,0.429,-6.801
3 9 11 31 32 34 38;0.0330,0.429,-6.801
3 9 18 20 31 32 34 38;0.0330,0.429,-6.801
3 9 18 23 31 32 34 38;0.0330,0.429,-6.801
1 12 16 40;0.0440,0.222,-6.772
7 16 32 40;0.0440,0.222,-6.772
6 16 32 40;0.0440,0.222,-6.772
7 11 18 38;0.0440,0.222,-6.772
3 7 31 38;0.0440,0.222,-6.772
6 11 31 38;0.0440,0.222,-6.772
6 11 18 38;0.0440,0.222,-6.772
3 6 31 38;0.0440,0.222,-6.772
1 11 18 38;0.0440,0.222,-6.772
6 9 12 18 40;0.0440,0.222,-6.772
1 3 12 18 40;0.0440,0.222,-6.772
6 9 23 34 40;0.0440,0.222,-6.772
9 18 32 34 40;0.0440,0.222,-6.772
1 9 12 18 32 40;0.0440,0.222,-6.772
3 7 9 23 34 40;0.0440,0.222,-6.772
1 3 9 23 34 40;0.0440,0.222,-6.772
1 3 18 31 32 38;0.0440,0.222,-6.772
1 7 32 42;0.1099,0.204,-6.662
13 15 41;0.0549,0.263,-6.648
18 31 37;0.2088,0.284,-6.622
11 36;0.3297,0.517,-6.588
7 39;0.1319,0.218,-6.578
6 39;0.1319,0.218,-6.578
1 39;0.1319,0.218,-6.578
7 32 34 42;0.0989,0.237,-6.559
7 16 40;0.0440,0.211,-6.536
6 16 40;0.0440,0.211,-6.536
12 32 34 40;0.0440,0.211,-6.536
9 16 34 40;0.0440,0.211,-6.536
16 32 34 40;0.0440,0.211,-6.536
1 9 20 40;0.0440,0.211,-6.536
7 11 31 38;0.0440,0.211,-6.536
1 11 31 38;0.0440,0.211,-6.536
1 9 20 38;0.0440,0.211,-6.536
1 9 12 18 40;0.0440,0.211,-6.536
7 9 23 34 40;0.0440,0.211,-6.536
1 9 23 34 40;0.0440,0.211,-6.536
3 9 18 34 40;0.0440,0.211,-6.536
3 18 32 34 40;0.0440,0.211,-6.536
3 7 18 32 40;0.0440,0.211,-6.536
3 7 18 32 38;0.0440,0.211,-6.536
1 3 18 31 38;0.0440,0.211,-6.536
1 3 31 32 38;0.0440,0.211,-6.536
1 3 6 23 34 40;0.0440,0.211,-6.536
3 6 7 9 23 40;0.0440,0.211,-6.536
1 3 6 9 23 40;0.0440,0.211,-6.536
1 3 6 18 32 40;0.0440,0.211,-6.536
3 6 7 9 23 38;0.0440,0.211,-6.536
1 3 6 9 23 38;0.0440,0.211,-6.536
1 3 6 18 32 38;0.0440,0.211,-6.536
11 16 25 38;0.0220,1.000,-6.526
16 23 25 38;0.0220,1.000,-6.526
11 25 31 38;0.0220,1.000,-6.526
11 18 25 38;0.0220,1.000,-6.526
23 25 31 38;0.0220,1.000,-6.526
18 23 25 38;0.0220,1.000,-6.526
7 11 27 38;0.0220,1.000,-6.526
6 11 27 38;0.0220,1.000,-6.526
1 11 27 38;0.0220,1.000,-6.526
14 20 25 34 38;0.0220,1.000,-6.526
16 20 25 34 38;0.0220,1.000,-6.526
20 25 31 34 38;0.0220,1.000,-6.526
18 20 25 34 38;0.0220,1.000,-6.526
7 14 20 25 38;0.0220,1.000,-6.526
6 14 20 25 38;0.0220,1.000,-6.526
11 14 20 25 38;0.0220,1.000,-6.526
14 20 23 25 38;0.0220,1.000,-6.526
7 20 25 31 38;0.0220,1.000,-6.526
7 18 20 25 38;0.0220,1.000,-6.526
6 20 25 31 38;0.0220,1.000,-6.526
6 18 20 25 38;0.0220,1.000,-6.526
7 32 42;0.1099,0.200,-6.439
3 9 23 42;0.1099,0.200,-6.439
1 3 11 20 41;0.0440,0.364,-6.425
6 12 23 42;0.0659,0.375,-6.413
7 13 34 41;0.0549,0.250,-6.372
6 13 34 41;0.0549,0.250,-6.372
7 13 20 41;0.0549,0.250,-6.372
7 13 23 41;0.0549,0.250,-6.372
6 13 20 41;0.0549,0.250,-6.372
6 13 23 41;0.0549,0.250,-6.372
16 30 40;0.0330,0.375,-6.339
18 30 40;0.0330,0.375,-6.339
12 30 34 40;0.0330,0.375,-6.339
6 11 14 34 38;0.0330,0.375,-6.339
11 14 31 34 38;0.0330,0.375,-6.339
11 16 32 34 38;0.0330,0.375,-6.339
9 11 18 34 38;0.0330,0.375,-6.339
1 14 16 20 38;0.0330,0.375,-6.339
7 14 16 31 34 38;0.0330,0.375,-6.339
6 14 16 31 34 38;0.0330,0.375,-6.339
1 14 16 31 34 38;0.0330,0.375,-6.339
7 11 14 20 34 38;0.0330,0.375,-6.339
1 11 14 20 34 38;0.0330,0.375,-6.339
3 9 14 20 34 38;0.0330,0.375,-6.339
9 14 18 20 34 38;0.0330,0.375,-6.339
9 14 18 23 34 38;0.0330,0.375,-6.339
9 16 20 31 34 38;0.0330,0.375,-6.339
9 16 23 31 34 38;0.0330,0.375,-6.339
3 9 11 31 34 38;0.0330,0.375,-6.339
9 11 31 32 34 38;0.0330,0.375,-6.339
3 11 18 32 34 38;0.0330,0.375,-6.339
3 9 18 20 31 34 38;0.0330,0.375,-6.339
3 9 20 31 32 34 38;0.0330,0.375,-6.339
9 18 20 31 32 34 38;0.0330,0.375,-6.339
3 9 18 23 31 34 38;0.0330,0.375,-6.339
3 9 23 31 32 34 38;0.0330,0.375,-6.339
9 18 23 31 32 34 38;0.0330,0.375,-6.339
3 18 39;0.1319,0.214,-6.337
12 34 40;0.0440,0.200,-6.313
12 16 32 40;0.0440,0.200,-6.313
9 18 34 40;0.0440,0.200,-6.313
1 16 32 40;0.0440,0.200,-6.313
3 7 18 40;0.0440,0.200,-6.313
3 7 18 38;0.0440,0.200,-6.313
1 3 31 38;0.0440,0.200,-6.313
7 12 18 32 40;0.0440,0.200,-6.313
7 18 20 34 40;0.0440,0.200,-6.313
7 18 23 34 40;0.0440,0.200,-6.313
6 18 20 34 40;0.0440,0.200,-6.313
6 18 23 34 40;0.0440,0.200,-6.313
1 18 20 34 40;0.0440,0.200,-6.313
1 3 23 34 40;0.0440,0.200,-6.313
1 18 23 34 40;0.0440,0.200,-6.313
3 20 32 34 40;0.0440,0.200,-6.313
3 7 9 23 40;0.0440,0.200,-6.313
1 3 6 18 40;0.0440,0.200,-6.313
3 6 9 23 40;0.0440,0.200,-6.313
3 6 18 32 40;0.0440,0.200,-6.313
1 3 9 23 40;0.0440,0.200,-6.313
3 7 9 23 38;0.0440,0.200,-6.313
1 3 6 18 38;0.0440,0.200,-6.313
3 6 9 23 38;0.0440,0.200,-6.313
3 6 18 32 38;0.0440,0.200,-6.313
1 3 9 23 38;0.0440,0.200,-6.313
1 6 12 18 32 40;0.0440,0.200,-6.313
3 6 23 32 34 40;0.0440,0.200,-6.313
6 7 9 31 32 38;0.0440,0.200,-6.313
7 9 18 31 32 38;0.0440,0.200,-6.313
1 6 9 31 32 38;0.0440,0.200,-6.313
6 23 32 42;0.0989,0.231,-6.312
31 37;0.2088,0.279,-6.294
20 23 37;0.2088,0.279,-6.294
20 21 37;0.2088,0.279,-6.294
23 31 36;0.3077,0.528,-6.236
1 32 42;0.1099,0.196,-6.221
6 23 34 41;0.0659,0.176,-6.206
7 14 34 42;0.0769,0.304,-6.169
1 14 34 42;0.0769,0.304,-6.169
6 14 23 42;0.0769,0.304,-6.169
13 20 34 41;0.0549,0.238,-6.111
13 23 34 41;0.0549,0.238,-6.111
18 34 37;0.1429,0.382,-6.110
12 16 40;0.0440,0.190,-6.102
16 34 40;0.0440,0.190,-6.102
1 16 40;0.0440,0.190,-6.102
7 12 18 40;0.0440,0.190,-6.102
3 18 34 40;0.0440,0.190,-6.102
3 6 18 40;0.0440,0.190,-6.102
3 6 18 38;0.0440,0.190,-6.102
3 7 12 32 40;0.0440,0.190,-6.102
1 6 12 18 40;0.0440,0.190,-6.102
6 12 18 32 40;0.0440,0.190,-6.102
3 12 18 32 40;0.0440,0.190,-6.102
3 6 23 34 40;0.0440,0.190,-6.102
1 3 6 23 40;0.0440,0.190,-6.102
1 3 18 32 40;0.0440,0.190,-6.102
6 7 9 31 38;0.0440,0.190,-6.102
7 9 18 31 38;0.0440,0.190,-6.102
7 9 31 32 38;0.0440,0.190,-6.102
1 6 9 31 38;0.0440,0.190,-6.102
1 3 6 23 38;0.0440,0.190,-6.102
6 9 31 32 38;0.0440,0.190,-6.102
1 3 18 32 38;0.0440,0.190,-6.102
1 3 6 12 32 40;0.0440,0.190,-6.102
3 7 23 32 34 40;0.0440,0.190,-6.102
3 9 23 32 34 40;0.0440,0.190,-6.102
6 7 20 31 32 38;0.0440,0.190,-6.102
6 7 23 31 32 38;0.0440,0.190,-6.102
7 18 20 31 32 38;0.0440,0.190,-6.102
7 18 23 31 32 38;0.0440,0.190,-6.102
1 6 11 20 32 38;0.0440,0.190,-6.102
1 6 20 31 32 38;0.0440,0.190,-6.102
1 6 23 31 32 38;0.0440,0.190,-6.102
1 18 23 31 32 38;0.0440,0.190,-6.102
7 14 42;0.0879,0.258,-6.046
3 14 23 42;0.0879,0.258,-6.046
1 3 11 41;0.0440,0.333,-6.039
1 3 20 21 23 41;0.0440,0.333,-6.039
12 23 42;0.0659,0.353,-6.023
20 34 41;0.0659,0.171,-6.018
6 7 15 41;0.0659,0.171,-6.018
7 23 34 41;0.0659,0.171,-6.018
6 7 20 41;0.0659,0.171,-6.018
3 6 7 41;0.0659,0.171,-6.018
7 12 30 40;0.0330,0.333,-5.943
6 12 30 40;0.0330,0.333,-5.943
1 12 30 40;0.0330,0.333,-5.943
1 20 30 40;0.0330,0.333,-5.943
11 16 34 38;0.0330,0.333,-5.943
1 16 20 38;0.0330,0.333,-5.943
3 14 20 34 40;0.0330,0.333,-5.943
14 16 31 34 38;0.0330,0.333,-5.943
7 11 14 34 38;0.0330,0.333,-5.943
1 11 14 34 38;0.0330,0.333,-5.943
11 14 20 34 38;0.0330,0.333,-5.943
9 14 20 34 38;0.0330,0.333,-5.943
3 14 20 34 38;0.0330,0.333,-5.943
9 11 31 34 38;0.0330,0.333,-5.943
3 11 18 34 38;0.0330,0.333,-5.943
6 11 14 20 38;0.0330,0.333,-5.943
6 9 14 31 34 38;0.0330,0.333,-5.943
6 14 20 31 34 38;0.0330,0.333,-5.943
6 14 23 31 34 38;0.0330,0.333,-5.943
3 14 18 31 34 38;0.0330,0.333,-5.943
16 20 31 32 34 38;0.0330,0.333,-5.943
16 23 31 32 34 38;0.0330,0.333,-5.943
3 11 31 32 34 38;0.0330,0.333,-5.943
3 9 20 31 34 38;0.0330,0.333,-5.943
9 18 20 31 34 38;0.0330,0.333,-5.943
9 20 31 32 34 38;0.0330,0.333,-5.943
3 9 23 31 34 38;0.0330,0.333,-5.943
9 18 23 31 34 38;0.0330,0.333,-5.943
9 23 31 32 34 38;0.0330,0.333,-5.943
7 14 18 20 31 34 38;0.0330,0.333,-5.943
7 14 18 23 31 34 38;0.0330,0.333,-5.943
1 9 14 18 31 34 38;0.0330,0.333,-5.943
1 14 18 20 31 34 38;0.0330,0.333,-5.943
1 14 18 23 31 34 38;0.0330,0.333,-5.943
3 18 20 31 32 34 38;0.0330,0.333,-5.943
3 18 23 31 32 34 38;0.0330,0.333,-5.943
3 7 12 40;0.0440,0.182,-5.901
6 12 18 40;0.0440,0.182,-5.901
3 12 18 40;0.0440,0.182,-5.901
3 20 34 40;0.0440,0.182,-5.901
1 3 23 40;0.0440,0.182,-5.901
1 3 18 40;0.0440,0.182,-5.901
7 9 31 38;0.0440,0.182,-5.901
6 9 31 38;0.0440,0.182,-5.901
1 3 23 38;0.0440,0.182,-5.901
1 3 18 38;0.0440,0.182,-5.901
7 9 12 32 40;0.0440,0.182,-5.901
1 3 6 12 40;0.0440,0.182,-5.901
3 6 12 32 40;0.0440,0.182,-5.901
1 12 18 32 40;0.0440,0.182,-5.901
9 12 18 32 40;0.0440,0.182,-5.901
3 7 23 34 40;0.0440,0.182,-5.901
3 9 23 34 40;0.0440,0.182,-5.901
9 23 32 34 40;0.0440,0.182,-5.901
18 20 32 34 40;0.0440,0.182,-5.901
18 23 32 34 40;0.0440,0.182,-5.901
7 20 31 32 38;0.0440,0.182,-5.901
7 23 31 32 38;0.0440,0.182,-5.901
1 6 11 32 38;0.0440,0.182,-5.901
6 11 20 32 38;0.0440,0.182,-5.901
6 20 31 32 38;0.0440,0.182,-5.901
6 23 31 32 38;0.0440,0.182,-5.901
1 11 20 32 38;0.0440,0.182,-5.901
1 23 31 32 38;0.0440,0.182,-5.901
1 6 9 12 32 40;0.0440,0.182,-5.901
3 6 7 23 32 40;0.0440,0.182,-5.901
3 6 7 23 32 38;0.0440,0.182,-5.901
1 9 18 31 32 38;0.0440,0.182,-5.901
3 9 11 18 31 32 38;0.0440,0.182,-5.901
9 18 39;0.1319,0.207,-5.869
14 34 42;0.0769,0.292,-5.862
1 34 42;0.0989,0.220,-5.843
23 34 42;0.0989,0.220,-5.843
7 15 41;0.0659,0.167,-5.835
6 15 41;0.0659,0.167,-5.835
3 34 41;0.0659,0.167,-5.835
7 20 41;0.0659,0.167,-5.835
3 7 41;0.0659,0.167,-5.835
6 20 41;0.0659,0.167,-5.835
3 6 41;0.0659,0.167,-5.835
1 7 42;0.1099,0.189,-5.798
20 34 37;0.1429,0.371,-5.744
7 9 12 40;0.0440,0.174,-5.710
3 6 12 40;0.0440,0.174,-5.710
1 12 18 40;0.0440,0.174,-5.710
9 12 18 40;0.0440,0.174,-5.710
9 23 34 40;0.0440,0.174,-5.710
6 11 32 38;0.0440,0.174,-5.710
1 11 32 38;0.0440,0.174,-5.710
1 6 9 12 40;0.0440,0.174,-5.710
6 9 12 32 40;0.0440,0.174,-5.710
1 3 12 32 40;0.0440,0.174,-5.710
6 7 9 23 40;0.0440,0.174,-5.710
3 6 7 23 40;0.0440,0.174,-5.710
7 9 18 32 40;0.0440,0.174,-5.710
3 7 23 32 40;0.0440,0.174,-5.710
1 6 9 23 40;0.0440,0.174,-5.710
3 6 23 32 40;0.0440,0.174,-5.710
6 7 9 23 38;0.0440,0.174,-5.710
3 6 7 23 38;0.0440,0.174,-5.710
7 11 20 32 38;0.0440,0.174,-5.710
7 9 18 32 38;0.0440,0.174,-5.710
3 7 23 32 38;0.0440,0.174,-5.710
1 6 9 23 38;0.0440,0.174,-5.710
3 6 23 32 38;0.0440,0.174,-5.710
1 9 18 31 38;0.0440,0.174,-5.710
1 9 31 32 38;0.0440,0.174,-5.710
1 6 20 32 34 40;0.0440,0.174,-5.710
1 6 9 18 32 40;0.0440,0.174,-5.710
1 6 9 18 32 38;0.0440,0.174,-5.710
1 18 20 31 32 38;0.0440,0.174,-5.710
3 9 11 31 32 38;0.0440,0.174,-5.710
15 41;0.0659,0.162,-5.659
21 23 37;0.2088,0.271,-5.656
2 7 41;0.0220,1.000,-5.609
2 6 10 41;0.0220,1.000,-5.609
2 6 13 41;0.0220,1.000,-5.609
2 6 34 41;0.0220,1.000,-5.609
12 30 40;0.0330,0.300,-5.595
11 14 34 38;0.0330,0.300,-5.595
6 11 14 38;0.0330,0.300,-5.595
20 30 32 34 40;0.0330,0.300,-5.595
7 20 30 32 40;0.0330,0.300,-5.595
6 20 30 32 40;0.0330,0.300,-5.595
7 14 16 34 38;0.0330,0.300,-5.595
6 14 16 34 38;0.0330,0.300,-5.595
1 14 16 34 38;0.0330,0.300,-5.595
3 14 31 34 38;0.0330,0.300,-5.595
16 20 31 34 38;0.0330,0.300,-5.595
16 23 31 34 38;0.0330,0.300,-5.595
3 11 31 34 38;0.0330,0.300,-5.595
9 20 31 34 38;0.0330,0.300,-5.595
9 23 31 34 38;0.0330,0.300,-5.595
7 11 14 20 38;0.0330,0.300,-5.595
1 11 14 20 38;0.0330,0.300,-5.595
9 20 23 30 32 40;0.0330,0.300,-5.595
7 14 20 31 34 38;0.0330,0.300,-5.595
7 14 23 31 34 38;0.0330,0.300,-5.595
1 9 14 31 34 38;0.0330,0.300,-5.595
1 14 20 31 34 38;0.0330,0.300,-5.595
1 14 23 31 34 38;0.0330,0.300,-5.595
9 14 18 31 34 38;0.0330,0.300,-5.595
14 18 20 31 34 38;0.0330,0.300,-5.595
14 18 23 31 34 38;0.0330,0.300,-5.595
9 16 20 32 34 38;0.0330,0.300,-5.595
9 16 23 32 34 38;0.0330,0.300,-5.595
3 18 20 31 34 38;0.0330,0.300,-5.595
3 20 31 32 34 38;0.0330,0.300,-5.595
3 18 23 31 34 38;0.0330,0.300,-5.595
3 23 31 32 34 38;0.0330,0.300,-5.595
3 9 18 20 32 34 38;0.0330,0.300,-5.595
3 9 18 23 32 34 38;0.0330,0.300,-5.595
11 21 25 42;0.0330,0.750,-5.595
9 23 42;0.1099,0.185,-5.593
3 9 21 34 39;0.0879,0.308,-5.567
1 14 42;0.0879,0.242,-5.538
6 9 12 40;0.0440,0.167,-5.528
1 3 12 40;0.0440,0.167,-5.528
7 9 23 40;0.0440,0.167,-5.528
7 9 18 40;0.0440,0.167,-5.528
3 7 23 40;0.0440,0.167,-5.528
6 9 23 40;0.0440,0.167,-5.528
3 6 23 40;0.0440,0.167,-5.528
1 9 23 40;0.0440,0.167,-5.528
7 11 32 38;0.0440,0.167,-5.528
7 9 23 38;0.0440,0.167,-5.528
7 9 18 38;0.0440,0.167,-5.528
3 7 23 38;0.0440,0.167,-5.528
6 9 23 38;0.0440,0.167,-5.528
3 6 23 38;0.0440,0.167,-5.528
1 9 31 38;0.0440,0.167,-5.528
1 9 23 38;0.0440,0.167,-5.528
1 9 12 32 40;0.0440,0.167,-5.528
7 18 32 34 40;0.0440,0.167,-5.528
6 20 32 34 40;0.0440,0.167,-5.528
6 18 32 34 40;0.0440,0.167,-5.528
1 20 32 34 40;0.0440,0.167,-5.528
1 18 32 34 40;0.0440,0.167,-5.528
7 18 20 32 40;0.0440,0.167,-5.528
7 18 23 32 40;0.0440,0.167,-5.528
1 6 9 18 40;0.0440,0.167,-5.528
6 9 18 32 40;0.0440,0.167,-5.528
1 18 23 32 40;0.0440,0.167,-5.528
6 7 20 31 38;0.0440,0.167,-5.528
6 7 23 31 38;0.0440,0.167,-5.528
7 18 20 31 38;0.0440,0.167,-5.528
7 18 23 31 38;0.0440,0.167,-5.528
7 18 20 32 38;0.0440,0.167,-5.528
7 18 23 32 38;0.0440,0.167,-5.528
1 6 11 20 38;0.0440,0.167,-5.528
1 6 20 31 38;0.0440,0.167,-5.528
1 6 23 31 38;0.0440,0.167,-5.528
1 6 9 18 38;0.0440,0.167,-5.528
6 9 18 32 38;0.0440,0.167,-5.528
1 20 31 32 38;0.0440,0.167,-5.528
1 18 23 31 38;0.0440,0.167,-5.528
1 18 23 32 38;0.0440,0.167,-5.528
3 6 9 32 34 40;0.0440,0.167,-5.528
1 6 18 20 32 40;0.0440,0.167,-5.528
1 6 18 20 32 38;0.0440,0.167,-5.528
3 11 18 31 32 38;0.0440,0.167,-5.528
11 14 25 38;0.0220,0.667,-5.442
7 27 31 38;0.0220,0.667,-5.442
1 27 31 38;0.0220,0.667,-5.442
14 20 30 34 40;0.0220,0.667,-5.442
7 14 20 30 40;0.0220,0.667,-5.442
6 14 20 30 40;0.0220,0.667,-5.442
7 13 41;0.0549,0.208,-5.409
6 13 41;0.0549,0.208,-5.409
3 11 13 41;0.0549,0.208,-5.409
7 34 42;0.0989,0.209,-5.401
32 34 42;0.0989,0.209,-5.401
6 23 42;0.0989,0.209,-5.401
7 42;0.1099,0.182,-5.392
1 42;0.1099,0.182,-5.392
1 3 20 21 41;0.0440,0.286,-5.375
1 9 12 40;0.0440,0.160,-5.353
16 27 32 40;0.0440,0.160,-5.353
6 9 18 40;0.0440,0.160,-5.353
7 20 31 38;0.0440,0.160,-5.353
7 23 31 38;0.0440,0.160,-5.353
1 6 11 38;0.0440,0.160,-5.353
6 20 31 38;0.0440,0.160,-5.353
6 23 31 38;0.0440,0.160,-5.353
6 9 18 38;0.0440,0.160,-5.353
1 11 20 38;0.0440,0.160,-5.353
1 23 31 38;0.0440,0.160,-5.353
7 20 32 34 40;0.0440,0.160,-5.353
3 6 9 34 40;0.0440,0.160,-5.353
6 9 32 34 40;0.0440,0.160,-5.353
6 18 20 32 40;0.0440,0.160,-5.353
6 18 23 32 40;0.0440,0.160,-5.353
1 9 18 32 40;0.0440,0.160,-5.353
6 18 20 32 38;0.0440,0.160,-5.353
6 18 23 32 38;0.0440,0.160,-5.353
1 9 18 32 38;0.0440,0.160,-5.353
3 11 31 32 38;0.0440,0.160,-5.353
3 7 9 32 34 40;0.0440,0.160,-5.353
1 3 9 32 34 40;0.0440,0.160,-5.353
9 11 18 31 32 38;0.0440,0.160,-5.353
3 9 11 18 32 38;0.0440,0.160,-5.353
3 9 18 23 31 32 38;0.0440,0.160,-5.353
20 30 34 40;0.0330,0.273,-5.286
7 20 30 40;0.0330,0.273,-5.286
6 20 30 40;0.0330,0.273,-5.286
14 16 34 38;0.0330,0.273,-5.286
7 11 14 38;0.0330,0.273,-5.286
1 11 14 38;0.0330,0.273,-5.286
9 20 23 30 40;0.0330,0.273,-5.286
9 20 30 32 40;0.0330,0.273,-5.286
9 14 31 34 38;0.0330,0.273,-5.286
14 20 31 34 38;0.0330,0.273,-5.286
14 23 31 34 38;0.0330,0.273,-5.286
3 14 18 34 38;0.0330,0.273,-5.286
9 16 20 34 38;0.0330,0.273,-5.286
9 16 23 34 38;0.0330,0.273,-5.286
3 20 31 34 38;0.0330,0.273,-5.286
3 23 31 34 38;0.0330,0.273,-5.286
7 14 18 20 34 38;0.0330,0.273,-5.286
7 14 18 23 34 38;0.0330,0.273,-5.286
6 14 18 20 34 38;0.0330,0.273,-5.286
6 14 18 23 34 38;0.0330,0.273,-5.286
1 9 14 18 34 38;0.0330,0.273,-5.286
1 14 18 20 34 38;0.0330,0.273,-5.286
1 14 18 23 34 38;0.0330,0.273,-5.286
7 16 31 32 34 38;0.0330,0.273,-5.286
6 16 31 32 34 38;0.0330,0.273,-5.286
1 16 31 32 34 38;0.0330,0.273,-5.286
3 9 18 20 34 38;0.0330,0.273,-5.286
9 18 20 32 34 38;0.0330,0.273,-5.286
3 9 18 23 34 38;0.0330,0.273,-5.286
9 18 23 32 34 38;0.0330,0.273,-5.286
3 9 11 20 32 34 38;0.0330,0.273,-5.286
9 21 34 39;0.0879,0.296,-5.269
1 3 13 20 41;0.0330,0.429,-5.261
1 3 13 23 41;0.0330,0.429,-5.261
13 34 41;0.0549,0.200,-5.198
3 13 20 41;0.0549,0.200,-5.198
3 13 23 41;0.0549,0.200,-5.198
3 23 42;0.1099,0.179,-5.196
1 11 38;0.0440,0.154,-5.186
7 12 32 40;0.0440,0.154,-5.186
12 18 32 40;0.0440,0.154,-5.186
6 9 34 40;0.0440,0.154,-5.186
18 20 34 40;0.0440,0.154,-5.186
18 23 34 40;0.0440,0.154,-5.186
1 9 18 40;0.0440,0.154,-5.186
6 11 20 38;0.0440,0.154,-5.186
1 9 18 38;0.0440,0.154,-5.186
1 6 12 32 40;0.0440,0.154,-5.186
3 7 9 34 40;0.0440,0.154,-5.186
7 9 32 34 40;0.0440,0.154,-5.186
1 6 20 34 40;0.0440,0.154,-5.186
1 3 9 34 40;0.0440,0.154,-5.186
1 9 32 34 40;0.0440,0.154,-5.186
3 23 32 34 40;0.0440,0.154,-5.186
1 18 20 32 40;0.0440,0.154,-5.186
1 18 20 31 38;0.0440,0.154,-5.186
1 18 20 32 38;0.0440,0.154,-5.186
9 11 31 32 38;0.0440,0.154,-5.186
1 3 6 32 34 40;0.0440,0.154,-5.186
3 9 23 31 32 38;0.0440,0.154,-5.186
1 3 20 23 41;0.0440,0.267,-5.085
20 37;0.2088,0.264,-5.038
18 21 37;0.2088,0.264,-5.038
7 12 40;0.0440,0.148,-5.026
12 18 40;0.0440,0.148,-5.026
6 11 38;0.0440,0.148,-5.026
1 6 12 40;0.0440,0.148,-5.026
6 12 32 40;0.0440,0.148,-5.026
3 12 32 40;0.0440,0.148,-5.026
20 27 32 40;0.0440,0.148,-5.026
18 27 32 40;0.0440,0.148,-5.026
7 9 34 40;0.0440,0.148,-5.026
1 9 34 40;0.0440,0.148,-5.026
1 20 34 40;0.0440,0.148,-5.026
7 18 20 40;0.0440,0.148,-5.026
7 18 23 40;0.0440,0.148,-5.026
1 18 23 40;0.0440,0.148,-5.026
7 11 20 38;0.0440,0.148,-5.026
7 18 20 38;0.0440,0.148,-5.026
7 18 23 38;0.0440,0.148,-5.026
1 20 31 38;0.0440,0.148,-5.026
1 18 23 38;0.0440,0.148,-5.026
1 3 6 34 40;0.0440,0.148,-5.026
3 6 32 34 40;0.0440,0.148,-5.026
1 3 32 34 40;0.0440,0.148,-5.026
1 6 18 20 40;0.0440,0.148,-5.026
1 6 18 20 38;0.0440,0.148,-5.026
3 11 18 32 38;0.0440,0.148,-5.026
3 18 23 31 32 38;0.0440,0.148,-5.026
9 20 30 40;0.0330,0.250,-5.007
6 14 20 34 40;0.0330,0.250,-5.007
6 14 20 34 38;0.0330,0.250,-5.007
9 14 18 34 38;0.0330,0.250,-5.007
14 18 20 34 38;0.0330,0.250,-5.007
14 18 23 34 38;0.0330,0.250,-5.007
7 16 31 34 38;0.0330,0.250,-5.007
6 16 31 34 38;0.0330,0.250,-5.007
1 16 31 34 38;0.0330,0.250,-5.007
16 20 32 34 38;0.0330,0.250,-5.007
16 23 32 34 38;0.0330,0.250,-5.007
9 18 20 34 38;0.0330,0.250,-5.007
9 18 23 34 38;0.0330,0.250,-5.007
7 14 16 31 38;0.0330,0.250,-5.007
6 14 16 31 38;0.0330,0.250,-5.007
3 9 11 20 34 38;0.0330,0.250,-5.007
9 11 20 32 34 38;0.0330,0.250,-5.007
3 9 11 32 34 38;0.0330,0.250,-5.007
3 18 20 32 34 38;0.0330,0.250,-5.007
3 18 23 32 34 38;0.0330,0.250,-5.007
23 34 41;0.0659,0.146,-4.999
6 12 40;0.0440,0.143,-4.872
3 12 40;0.0440,0.143,-4.872
27 32 40;0.0440,0.143,-4.872
7 11 38;0.0440,0.143,-4.872
1 12 32 40;0.0440,0.143,-4.872
9 12 32 40;0.0440,0.143,-4.872
7 18 34 40;0.0440,0.143,-4.872
6 20 34 40;0.0440,0.143,-4.872
6 18 34 40;0.0440,0.143,-4.872
1 3 34 40;0.0440,0.143,-4.872
1 18 34 40;0.0440,0.143,-4.872
3 23 34 40;0.0440,0.143,-4.872
6 18 20 40;0.0440,0.143,-4.872
6 18 23 40;0.0440,0.143,-4.872
6 18 20 38;0.0440,0.143,-4.872
6 18 23 38;0.0440,0.143,-4.872
3 7 32 34 40;0.0440,0.143,-4.872
3 9 32 34 40;0.0440,0.143,-4.872
9 11 18 32 38;0.0440,0.143,-4.872
3 23 31 32 38;0.0440,0.143,-4.872
3 9 11 18 31 38;0.0440,0.143,-4.872
3 9 18 20 31 32 38;0.0440,0.143,-4.872
6 34 41;0.0659,0.143,-4.845
6 7 23 41;0.0659,0.143,-4.845
7 10 34 41;0.0440,0.250,-4.818
3 9 32 42;0.1099,0.172,-4.814
20 25 34 38;0.0220,0.500,-4.764
14 23 25 38;0.0220,0.500,-4.764
7 20 25 38;0.0220,0.500,-4.764
6 20 25 38;0.0220,0.500,-4.764
11 20 25 38;0.0220,0.500,-4.764
20 25 31 38;0.0220,0.500,-4.764
20 23 25 38;0.0220,0.500,-4.764
6 27 31 38;0.0220,0.500,-4.764
1 14 20 25 38;0.0220,0.500,-4.764
1 18 20 25 38;0.0220,0.500,-4.764
9 30 34 40;0.0330,0.231,-4.754
16 20 34 38;0.0330,0.231,-4.754
16 23 34 38;0.0330,0.231,-4.754
20 23 30 32 40;0.0330,0.231,-4.754
7 14 20 34 40;0.0330,0.231,-4.754
7 14 20 34 38;0.0330,0.231,-4.754
6 14 31 34 38;0.0330,0.231,-4.754
1 14 20 34 38;0.0330,0.231,-4.754
9 11 20 34 38;0.0330,0.231,-4.754
3 9 11 34 38;0.0330,0.231,-4.754
9 11 32 34 38;0.0330,0.231,-4.754
3 18 20 34 38;0.0330,0.231,-4.754
3 18 23 34 38;0.0330,0.231,-4.754
7 14 18 31 34 38;0.0330,0.231,-4.754
1 14 18 31 34 38;0.0330,0.231,-4.754
11 14 16 31 32 38;0.0330,0.231,-4.754
11 25 42;0.0330,0.600,-4.741
6 12 14 42;0.0659,0.286,-4.732
1 12 40;0.0440,0.138,-4.723
9 12 40;0.0440,0.138,-4.723
7 20 34 40;0.0440,0.138,-4.723
3 6 34 40;0.0440,0.138,-4.723
9 32 34 40;0.0440,0.138,-4.723
18 32 34 40;0.0440,0.138,-4.723
1 18 20 40;0.0440,0.138,-4.723
1 18 20 38;0.0440,0.138,-4.723
9 16 23 32 40;0.0440,0.138,-4.723
3 9 11 31 38;0.0440,0.138,-4.723
1 6 23 32 34 40;0.0440,0.138,-4.723
3 9 20 31 32 38;0.0440,0.138,-4.723
9 18 23 31 32 38;0.0440,0.138,-4.723
7 34 41;0.0659,0.140,-4.694
7 23 41;0.0659,0.140,-4.694
6 23 41;0.0659,0.140,-4.694
3 11 20 41;0.0659,0.140,-4.694
14 23 32 42;0.0879,0.216,-4.636
21 31 36;0.3407,0.477,-4.599
3 7 34 40;0.0440,0.133,-4.580
3 9 34 40;0.0440,0.133,-4.580
20 32 34 40;0.0440,0.133,-4.580
6 23 32 34 40;0.0440,0.133,-4.580
1 23 32 34 40;0.0440,0.133,-4.580
1 6 20 32 40;0.0440,0.133,-4.580
1 6 20 32 38;0.0440,0.133,-4.580
3 11 18 31 38;0.0440,0.133,-4.580
9 23 31 32 38;0.0440,0.133,-4.580
3 6 7 9 32 40;0.0440,0.133,-4.580
1 3 6 9 32 40;0.0440,0.133,-4.580
3 6 7 9 32 38;0.0440,0.133,-4.580
1 3 6 9 32 38;0.0440,0.133,-4.580
3 9 11 20 32 38;0.0440,0.133,-4.580
3 18 20 31 32 38;0.0440,0.133,-4.580
10 11 41;0.0440,0.235,-4.571
1 3 20 41;0.0440,0.235,-4.571
3 11 41;0.0659,0.136,-4.548
2 6 41;0.0220,0.667,-4.541
7 9 30 40;0.0330,0.214,-4.523
6 9 30 40;0.0330,0.214,-4.523
1 9 30 40;0.0330,0.214,-4.523
20 30 32 40;0.0330,0.214,-4.523
14 20 34 40;0.0330,0.214,-4.523
14 20 34 38;0.0330,0.214,-4.523
9 11 34 38;0.0330,0.214,-4.523
7 14 16 38;0.0330,0.214,-4.523
6 14 16 38;0.0330,0.214,-4.523
7 14 31 34 38;0.0330,0.214,-4.523
1 14 31 34 38;0.0330,0.214,-4.523
14 18 31 34 38;0.0330,0.214,-4.523
7 16 32 34 38;0.0330,0.214,-4.523
6 16 32 34 38;0.0330,0.214,-4.523
1 16 32 34 38;0.0330,0.214,-4.523
1 14 16 31 38;0.0330,0.214,-4.523
11 14 16 31 38;0.0330,0.214,-4.523
3 9 14 23 34 38;0.0330,0.214,-4.523
9 16 31 32 34 38;0.0330,0.214,-4.523
3 9 18 31 32 34 38;0.0330,0.214,-4.523
12 29 42;0.0220,1.000,-4.511
9 14 29 42;0.0220,1.000,-4.511
13 20 25 42;0.0220,1.000,-4.511
21 31 34 39;0.0879,0.267,-4.466
3 9 34 39;0.0879,0.267,-4.466
3 13 41;0.0549,0.172,-4.443
16 27 40;0.0440,0.129,-4.442
9 34 40;0.0440,0.129,-4.442
16 23 32 40;0.0440,0.129,-4.442
3 11 31 38;0.0440,0.129,-4.442
7 23 32 34 40;0.0440,0.129,-4.442
3 6 7 9 40;0.0440,0.129,-4.442
6 7 20 32 40;0.0440,0.129,-4.442
1 7 20 32 40;0.0440,0.129,-4.442
3 7 9 32 40;0.0440,0.129,-4.442
1 3 6 9 40;0.0440,0.129,-4.442
3 6 9 32 40;0.0440,0.129,-4.442
1 20 23 32 40;0.0440,0.129,-4.442
3 6 7 9 38;0.0440,0.129,-4.442
6 7 20 32 38;0.0440,0.129,-4.442
1 7 20 32 38;0.0440,0.129,-4.442
3 7 9 32 38;0.0440,0.129,-4.442
1 3 6 9 38;0.0440,0.129,-4.442
3 6 9 32 38;0.0440,0.129,-4.442
1 20 23 32 38;0.0440,0.129,-4.442
9 11 18 31 38;0.0440,0.129,-4.442
3 9 11 32 38;0.0440,0.129,-4.442
3 20 31 32 38;0.0440,0.129,-4.442
3 9 18 23 32 40;0.0440,0.129,-4.442
3 9 18 23 31 38;0.0440,0.129,-4.442
3 9 18 23 32 38;0.0440,0.129,-4.442
11 21 34 37;0.1099,0.385,-4.429
10 34 41;0.0440,0.222,-4.340
1 3 21 23 41;0.0440,0.222,-4.340
1 30 34 40;0.0330,0.200,-4.309
20 23 30 40;0.0330,0.200,-4.309
14 31 34 38;0.0330,0.200,-4.309
7 16 34 38;0.0330,0.200,-4.309
6 16 34 38;0.0330,0.200,-4.309
1 16 34 38;0.0330,0.200,-4.309
6 7 14 20 40;0.0330,0.200,-4.309
1 6 14 20 40;0.0330,0.200,-4.309
7 14 18 34 38;0.0330,0.200,-4.309
6 14 18 34 38;0.0330,0.200,-4.309
1 14 18 34 38;0.0330,0.200,-4.309
9 14 23 34 38;0.0330,0.200,-4.309
3 14 23 34 38;0.0330,0.200,-4.309
11 18 32 34 38;0.0330,0.200,-4.309
11 14 16 32 38;0.0330,0.200,-4.309
6 7 14 20 38;0.0330,0.200,-4.309
1 6 14 20 38;0.0330,0.200,-4.309
7 16 31 32 38;0.0330,0.200,-4.309
6 16 31 32 38;0.0330,0.200,-4.309
3 9 31 32 34 38;0.0330,0.200,-4.309
9 18 31 32 34 38;0.0330,0.200,-4.309
3 9 20 32 34 38;0.0330,0.200,-4.309
14 16 23 31 32 38;0.0330,0.200,-4.309
12 32 40;0.0440,0.125,-4.308
3 7 9 40;0.0440,0.125,-4.308
7 20 32 40;0.0440,0.125,-4.308
3 6 9 40;0.0440,0.125,-4.308
6 20 32 40;0.0440,0.125,-4.308
3 7 9 38;0.0440,0.125,-4.308
7 20 32 38;0.0440,0.125,-4.308
3 6 9 38;0.0440,0.125,-4.308
6 20 32 38;0.0440,0.125,-4.308
9 11 31 38;0.0440,0.125,-4.308
1 6 23 34 40;0.0440,0.125,-4.308
1 3 6 32 40;0.0440,0.125,-4.308
6 7 31 32 38;0.0440,0.125,-4.308
7 18 31 32 38;0.0440,0.125,-4.308
1 6 31 32 38;0.0440,0.125,-4.308
1 3 6 32 38;0.0440,0.125,-4.308
3 9 11 18 38;0.0440,0.125,-4.308
3 9 23 31 38;0.0440,0.125,-4.308
9 18 20 31 32 38;0.0440,0.125,-4.308
11 25 38;0.0220,0.400,-4.269
14 20 25 38;0.0220,0.400,-4.269
16 20 25 38;0.0220,0.400,-4.269
18 20 25 38;0.0220,0.400,-4.269
7 20 21 27 38;0.0220,0.400,-4.269
7 18 21 27 38;0.0220,0.400,-4.269
1 20 21 27 38;0.0220,0.400,-4.269
1 18 21 27 38;0.0220,0.400,-4.269
14 23 42;0.0879,0.205,-4.233
9 34 39;0.0879,0.258,-4.224
18 31 34 39;0.0879,0.258,-4.224
3 21 34 39;0.0879,0.258,-4.224
34 42;0.0989,0.184,-4.220
3 12 14 42;0.0659,0.261,-4.207
12 40;0.0440,0.121,-4.179
20 27 40;0.0440,0.121,-4.179
18 27 40;0.0440,0.121,-4.179
1 23 34 40;0.0440,0.121,-4.179
3 32 34 40;0.0440,0.121,-4.179
1 6 20 40;0.0440,0.121,-4.179
1 3 6 40;0.0440,0.121,-4.179
1 20 32 40;0.0440,0.121,-4.179
7 31 32 38;0.0440,0.121,-4.179
1 6 20 38;0.0440,0.121,-4.179
1 3 6 38;0.0440,0.121,-4.179
6 31 32 38;0.0440,0.121,-4.179
1 20 32 38;0.0440,0.121,-4.179
9 16 20 32 40;0.0440,0.121,-4.179
3 6 7 32 40;0.0440,0.121,-4.179
1 3 7 32 40;0.0440,0.121,-4.179
1 3 9 32 40;0.0440,0.121,-4.179
3 18 23 32 40;0.0440,0.121,-4.179
3 6 7 32 38;0.0440,0.121,-4.179
1 3 7 32 38;0.0440,0.121,-4.179
1 3 9 32 38;0.0440,0.121,-4.179
9 11 20 32 38;0.0440,0.121,-4.179
9 20 31 32 38;0.0440,0.121,-4.179
3 18 23 31 38;0.0440,0.121,-4.179
3 18 23 32 38;0.0440,0.121,-4.179
3 9 39;0.1319,0.182,-4.160
23 37;0.2088,0.253,-4.148
18 37;0.2088,0.253,-4.148
7 10 41;0.0440,0.211,-4.125
6 10 41;0.0440,0.211,-4.125
6 14 42;0.0769,0.226,-4.112
1 30 40;0.0330,0.188,-4.111
20 30 40;0.0330,0.188,-4.111
30 32 34 40;0.0330,0.188,-4.111
14 18 34 40;0.0330,0.188,-4.111
7 14 20 40;0.0330,0.188,-4.111
6 14 20 40;0.0330,0.188,-4.111
14 18 34 38;0.0330,0.188,-4.111
1 14 16 38;0.0330,0.188,-4.111
7 14 20 38;0.0330,0.188,-4.111
6 14 20 38;0.0330,0.188,-4.111
7 16 31 38;0.0330,0.188,-4.111
6 16 31 38;0.0330,0.188,-4.111
1 14 20 23 40;0.0330,0.188,-4.111
9 16 31 34 38;0.0330,0.188,-4.111
16 31 32 34 38;0.0330,0.188,-4.111
11 31 32 34 38;0.0330,0.188,-4.111
9 31 32 34 38;0.0330,0.188,-4.111
3 9 20 34 38;0.0330,0.188,-4.111
9 20 32 34 38;0.0330,0.188,-4.111
14 16 23 31 38;0.0330,0.188,-4.111
1 14 20 23 38;0.0330,0.188,-4.111
3 11 20 32 34 38;0.0330,0.188,-4.111
3 9 18 31 34 38;0.0330,0.188,-4.111
3 18 31 32 34 38;0.0330,0.188,-4.111
9 32 42;0.1099,0.161,-4.091
27 40;0.0440,0.118,-4.054
18 34 40;0.0440,0.118,-4.054
6 23 34 40;0.0440,0.118,-4.054
1 7 20 40;0.0440,0.118,-4.054
1 3 7 40;0.0440,0.118,-4.054
3 7 32 40;0.0440,0.118,-4.054
3 6 32 40;0.0440,0.118,-4.054
1 3 9 40;0.0440,0.118,-4.054
1 20 23 40;0.0440,0.118,-4.054
1 7 20 38;0.0440,0.118,-4.054
1 3 7 38;0.0440,0.118,-4.054
3 7 32 38;0.0440,0.118,-4.054
3 6 32 38;0.0440,0.118,-4.054
1 3 9 38;0.0440,0.118,-4.054
1 20 23 38;0.0440,0.118,-4.054
9 11 32 38;0.0440,0.118,-4.054
3 11 18 38;0.0440,0.118,-4.054
3 23 31 38;0.0440,0.118,-4.054
6 7 9 32 40;0.0440,0.118,-4.054
1 6 9 32 40;0.0440,0.118,-4.054
6 7 9 32 38;0.0440,0.118,-4.054
1 6 9 32 38;0.0440,0.118,-4.054
1 18 31 32 38;0.0440,0.118,-4.054
3 9 18 20 31 38;0.0440,0.118,-4.054
6 32 42;0.0989,0.180,-4.041
31 34 39;0.0879,0.250,-3.993
18 21 34 39;0.0879,0.250,-3.993
9 12 14 42;0.0659,0.250,-3.969
18 31 39;0.1319,0.179,-3.963
20 34 40;0.0440,0.114,-3.933
7 23 34 40;0.0440,0.114,-3.933
16 20 32 40;0.0440,0.114,-3.933
6 7 9 40;0.0440,0.114,-3.933
6 7 20 40;0.0440,0.114,-3.933
3 6 7 40;0.0440,0.114,-3.933
7 9 32 40;0.0440,0.114,-3.933
7 18 32 40;0.0440,0.114,-3.933
1 6 9 40;0.0440,0.114,-3.933
6 9 32 40;0.0440,0.114,-3.933
1 3 32 40;0.0440,0.114,-3.933
6 7 9 38;0.0440,0.114,-3.933
6 7 20 38;0.0440,0.114,-3.933
3 6 7 38;0.0440,0.114,-3.933
7 9 32 38;0.0440,0.114,-3.933
7 18 32 38;0.0440,0.114,-3.933
1 6 9 38;0.0440,0.114,-3.933
6 9 32 38;0.0440,0.114,-3.933
1 31 32 38;0.0440,0.114,-3.933
1 3 32 38;0.0440,0.114,-3.933
9 11 18 38;0.0440,0.114,-3.933
1 6 18 32 40;0.0440,0.114,-3.933
9 18 23 32 40;0.0440,0.114,-3.933
1 6 18 32 38;0.0440,0.114,-3.933
11 18 31 32 38;0.0440,0.114,-3.933
3 11 20 32 38;0.0440,0.114,-3.933
3 9 20 31 38;0.0440,0.114,-3.933
9 18 23 31 38;0.0440,0.114,-3.933
9 18 23 32 38;0.0440,0.114,-3.933
3 9 18 20 32 40;0.0440,0.114,-3.933
3 9 18 20 32 38;0.0440,0.114,-3.933
30 34 40;0.0330,0.176,-3.926
7 30 32 40;0.0330,0.176,-3.926
6 30 32 40;0.0330,0.176,-3.926
9 20 34 38;0.0330,0.176,-3.926
11 14 16 38;0.0330,0.176,-3.926
9 23 30 32 40;0.0330,0.176,-3.926
6 9 14 34 38;0.0330,0.176,-3.926
3 6 14 34 38;0.0330,0.176,-3.926
9 16 32 34 38;0.0330,0.176,-3.926
3 11 32 34 38;0.0330,0.176,-3.926
3 9 31 34 38;0.0330,0.176,-3.926
9 18 31 34 38;0.0330,0.176,-3.926
3 31 32 34 38;0.0330,0.176,-3.926
3 9 18 32 34 38;0.0330,0.176,-3.926
1 11 20 21 32 41;0.0440,0.200,-3.923
3 32 42;0.1099,0.159,-3.918
23 25 38;0.0220,0.333,-3.879
1 20 25 38;0.0220,0.333,-3.879
7 20 27 38;0.0220,0.333,-3.879
7 18 27 38;0.0220,0.333,-3.879
7 21 27 38;0.0220,0.333,-3.879
1 20 27 38;0.0220,0.333,-3.879
1 18 27 38;0.0220,0.333,-3.879
1 21 27 38;0.0220,0.333,-3.879
6 20 21 27 38;0.0220,0.333,-3.879
6 18 21 27 38;0.0220,0.333,-3.879
2 10 41;0.0220,0.500,-3.879
34 41;0.0659,0.122,-3.864
3 20 23 41;0.0659,0.122,-3.864
3 34 40;0.0440,0.111,-3.815
7 9 40;0.0440,0.111,-3.815
7 20 40;0.0440,0.111,-3.815
3 7 40;0.0440,0.111,-3.815
6 9 40;0.0440,0.111,-3.815
6 20 40;0.0440,0.111,-3.815
3 6 40;0.0440,0.111,-3.815
1 20 40;0.0440,0.111,-3.815
1 3 40;0.0440,0.111,-3.815
7 9 38;0.0440,0.111,-3.815
7 20 38;0.0440,0.111,-3.815
3 7 38;0.0440,0.111,-3.815
6 9 38;0.0440,0.111,-3.815
6 20 38;0.0440,0.111,-3.815
3 6 38;0.0440,0.111,-3.815
1 20 38;0.0440,0.111,-3.815
1 3 38;0.0440,0.111,-3.815
23 32 34 40;0.0440,0.111,-3.815
9 16 23 40;0.0440,0.111,-3.815
6 18 32 40;0.0440,0.111,-3.815
6 7 31 38;0.0440,0.111,-3.815
7 18 31 38;0.0440,0.111,-3.815
1 6 31 38;0.0440,0.111,-3.815
6 18 32 38;0.0440,0.111,-3.815
11 31 32 38;0.0440,0.111,-3.815
3 11 32 38;0.0440,0.111,-3.815
9 23 31 38;0.0440,0.111,-3.815
1 6 32 34 40;0.0440,0.111,-3.815
3 18 20 31 38;0.0440,0.111,-3.815
3 9 20 23 32 40;0.0440,0.111,-3.815
3 9 20 23 32 38;0.0440,0.111,-3.815
11 13 41;0.0549,0.152,-3.803
31 39;0.1319,0.176,-3.769
7 30 40;0.0330,0.167,-3.754
6 30 40;0.0330,0.167,-3.754
9 23 30 40;0.0330,0.167,-3.754
9 30 32 40;0.0330,0.167,-3.754
16 31 34 38;0.0330,0.167,-3.754
9 31 34 38;0.0330,0.167,-3.754
7 16 32 38;0.0330,0.167,-3.754
6 16 32 38;0.0330,0.167,-3.754
1 16 31 38;0.0330,0.167,-3.754
6 14 23 34 38;0.0330,0.167,-3.754
1 9 14 34 38;0.0330,0.167,-3.754
3 9 14 34 38;0.0330,0.167,-3.754
3 11 20 34 38;0.0330,0.167,-3.754
3 18 31 34 38;0.0330,0.167,-3.754
9 18 32 34 38;0.0330,0.167,-3.754
14 16 20 31 32 38;0.0330,0.167,-3.754
3 9 11 14 20 38;0.0330,0.167,-3.754
23 32 42;0.1099,0.156,-3.748
21 23 36;0.3516,0.457,-3.741
10 41;0.0440,0.190,-3.734
1 11 21 32 41;0.0440,0.190,-3.734
7 31 38;0.0440,0.108,-3.700
6 31 38;0.0440,0.108,-3.700
6 32 34 40;0.0440,0.108,-3.700
1 32 34 40;0.0440,0.108,-3.700
1 9 32 40;0.0440,0.108,-3.700
1 18 32 40;0.0440,0.108,-3.700
1 9 32 38;0.0440,0.108,-3.700
1 18 32 38;0.0440,0.108,-3.700
3 20 31 38;0.0440,0.108,-3.700
1 6 23 32 40;0.0440,0.108,-3.700
3 18 20 32 40;0.0440,0.108,-3.700
1 6 23 32 38;0.0440,0.108,-3.700
3 9 11 20 38;0.0440,0.108,-3.700
3 18 20 32 38;0.0440,0.108,-3.700
3 9 14 42;0.0879,0.190,-3.680
9 30 40;0.0330,0.158,-3.592
7 16 38;0.0330,0.158,-3.592
6 16 38;0.0330,0.158,-3.592
9 14 34 38;0.0330,0.158,-3.592
3 14 34 38;0.0330,0.158,-3.592
9 16 34 38;0.0330,0.158,-3.592
16 32 34 38;0.0330,0.158,-3.592
3 11 34 38;0.0330,0.158,-3.592
11 18 34 38;0.0330,0.158,-3.592
3 31 34 38;0.0330,0.158,-3.592
7 14 23 34 38;0.0330,0.158,-3.592
1 14 23 34 38;0.0330,0.158,-3.592
3 9 18 34 38;0.0330,0.158,-3.592
3 18 32 34 38;0.0330,0.158,-3.592
14 16 20 31 38;0.0330,0.158,-3.592
14 16 23 32 38;0.0330,0.158,-3.592
11 14 18 31 38;0.0330,0.158,-3.592
3 9 11 14 38;0.0330,0.158,-3.592
3 11 14 20 38;0.0330,0.158,-3.592
18 20 31 32 34 38;0.0330,0.158,-3.592
18 23 31 32 34 38;0.0330,0.158,-3.592
16 23 40;0.0440,0.105,-3.589
1 9 40;0.0440,0.105,-3.589
1 9 38;0.0440,0.105,-3.589
7 32 34 40;0.0440,0.105,-3.589
1 23 32 40;0.0440,0.105,-3.589
1 18 31 38;0.0440,0.105,-3.589
1 23 32 38;0.0440,0.105,-3.589
3 9 11 38;0.0440,0.105,-3.589
11 18 32 38;0.0440,0.105,-3.589
6 7 23 32 40;0.0440,0.105,-3.589
3 9 18 23 40;0.0440,0.105,-3.589
6 7 23 32 38;0.0440,0.105,-3.589
9 18 20 31 38;0.0440,0.105,-3.589
3 9 18 23 38;0.0440,0.105,-3.589
18 34 39;0.0879,0.235,-3.564
20 25 38;0.0220,0.286,-3.558
7 27 38;0.0220,0.286,-3.558
1 27 38;0.0220,0.286,-3.558
6 18 27 38;0.0220,0.286,-3.558
6 21 27 38;0.0220,0.286,-3.558
1 3 23 41;0.0440,0.182,-3.555
1 11 20 32 41;0.0440,0.182,-3.555
12 14 42;0.0659,0.231,-3.531
3 14 42;0.0879,0.186,-3.508
11 34 37;0.1099,0.345,-3.490
7 18 40;0.0440,0.103,-3.481
7 18 38;0.0440,0.103,-3.481
1 31 38;0.0440,0.103,-3.481
7 23 32 40;0.0440,0.103,-3.481
1 6 18 40;0.0440,0.103,-3.481
6 23 32 40;0.0440,0.103,-3.481
7 23 32 38;0.0440,0.103,-3.481
1 6 18 38;0.0440,0.103,-3.481
6 23 32 38;0.0440,0.103,-3.481
9 20 31 38;0.0440,0.103,-3.481
9 18 20 32 40;0.0440,0.103,-3.481
9 18 20 32 38;0.0440,0.103,-3.481
3 9 18 31 32 38;0.0440,0.103,-3.481
14 29 42;0.0220,0.667,-3.474
6 20 21 25 42;0.0220,0.667,-3.474
23 30 32 40;0.0330,0.150,-3.439
14 23 34 40;0.0330,0.150,-3.439
14 23 34 38;0.0330,0.150,-3.439
11 31 34 38;0.0330,0.150,-3.439
9 18 34 38;0.0330,0.150,-3.439
11 14 31 38;0.0330,0.150,-3.439
3 11 14 38;0.0330,0.150,-3.439
1 16 32 38;0.0330,0.150,-3.439
20 31 32 34 38;0.0330,0.150,-3.439
23 31 32 34 38;0.0330,0.150,-3.439
3 20 32 34 38;0.0330,0.150,-3.439
9 11 14 20 38;0.0330,0.150,-3.439
3 9 42;0.1099,0.152,-3.416
9 39;0.1319,0.171,-3.390
1 11 32 41;0.0440,0.174,-3.386
1 11 20 21 41;0.0440,0.174,-3.386
13 20 41;0.0549,0.139,-3.381
13 23 41;0.0549,0.139,-3.381
6 18 40;0.0440,0.100,-3.376
6 18 38;0.0440,0.100,-3.376
1 6 34 40;0.0440,0.100,-3.376
9 16 20 40;0.0440,0.100,-3.376
1 6 23 40;0.0440,0.100,-3.376
3 18 23 40;0.0440,0.100,-3.376
1 6 23 38;0.0440,0.100,-3.376
9 11 20 38;0.0440,0.100,-3.376
3 18 23 38;0.0440,0.100,-3.376
3 9 20 32 40;0.0440,0.100,-3.376
9 20 23 32 40;0.0440,0.100,-3.376
3 9 31 32 38;0.0440,0.100,-3.376
3 9 20 32 38;0.0440,0.100,-3.376
9 20 23 32 38;0.0440,0.100,-3.376
3 20 41;0.0659,0.113,-3.368
31 36;0.3407,0.456,-3.336
30 32 40;0.0330,0.143,-3.295
16 34 38;0.0330,0.143,-3.295
1 16 38;0.0330,0.143,-3.295
3 18 34 38;0.0330,0.143,-3.295
14 16 23 38;0.0330,0.143,-3.295
9 11 14 38;0.0330,0.143,-3.295
3 9 23 32 34 38;0.0330,0.143,-3.295
6 27 38;0.0220,0.250,-3.286
14 25 34 38;0.0220,0.250,-3.286
1 34 40;0.0440,0.098,-3.273
23 34 40;0.0440,0.098,-3.273
1 23 40;0.0440,0.098,-3.273
1 18 40;0.0440,0.098,-3.273
1 23 38;0.0440,0.098,-3.273
1 18 38;0.0440,0.098,-3.273
9 11 38;0.0440,0.098,-3.273
3 20 23 32 40;0.0440,0.098,-3.273
3 18 31 32 38;0.0440,0.098,-3.273
3 20 23 32 38;0.0440,0.098,-3.273
6 7 41;0.0659,0.111,-3.251
1 11 21 41;0.0440,0.167,-3.226
6 42;0.0989,0.164,-3.215
9 14 42;0.0879,0.178,-3.181
3 34 39;0.0879,0.222,-3.174
6 34 40;0.0440,0.095,-3.173
16 20 40;0.0440,0.095,-3.173
6 7 23 40;0.0440,0.095,-3.173
9 18 23 40;0.0440,0.095,-3.173
6 7 23 38;0.0440,0.095,-3.173
3 31 32 38;0.0440,0.095,-3.173
9 18 23 38;0.0440,0.095,-3.173
3 9 18 20 40;0.0440,0.095,-3.173
3 9 18 20 38;0.0440,0.095,-3.173
23 30 40;0.0330,0.136,-3.158
6 14 34 38;0.0330,0.136,-3.158
3 20 34 38;0.0330,0.136,-3.158
11 14 18 38;0.0330,0.136,-3.158
3 9 23 34 38;0.0330,0.136,-3.158
9 23 32 34 38;0.0330,0.136,-3.158
18 20 32 34 38;0.0330,0.136,-3.158
18 23 32 34 38;0.0330,0.136,-3.158
11 14 20 32 38;0.0330,0.136,-3.158
21 34 37;0.1429,0.295,-3.144
3 12 42;0.0659,0.214,-3.141
7 41;0.0659,0.109,-3.135
6 41;0.0659,0.109,-3.135
21 36;0.3956,0.424,-3.135
11 16 22 38;0.0110,1.000,-3.125
11 18 22 38;0.0110,1.000,-3.125
13 15 27 38;0.0110,1.000,-3.125
11 15 27 38;0.0110,1.000,-3.125
22 25 31 34 38;0.0110,1.000,-3.125
18 22 25 34 38;0.0110,1.000,-3.125
18 22 31 34 38;0.0110,1.000,-3.125
16 20 22 31 38;0.0110,1.000,-3.125
16 22 23 31 38;0.0110,1.000,-3.125
18 20 22 31 38;0.0110,1.000,-3.125
18 22 23 31 38;0.0110,1.000,-3.125
3 13 15 35 38;0.0110,1.000,-3.125
3 13 15 31 38;0.0110,1.000,-3.125
3 13 15 18 38;0.0110,1.000,-3.125
3 11 15 35 38;0.0110,1.000,-3.125
7 34 40;0.0440,0.093,-3.075
32 34 40;0.0440,0.093,-3.075
7 23 40;0.0440,0.093,-3.075
6 23 40;0.0440,0.093,-3.075
7 23 38;0.0440,0.093,-3.075
6 23 38;0.0440,0.093,-3.075
3 11 20 38;0.0440,0.093,-3.075
3 9 20 23 40;0.0440,0.093,-3.075
3 9 23 32 40;0.0440,0.093,-3.075
9 18 31 32 38;0.0440,0.093,-3.075
18 23 31 32 38;0.0440,0.093,-3.075
3 9 20 23 38;0.0440,0.093,-3.075
3 9 23 32 38;0.0440,0.093,-3.075
1 11 20 41;0.0440,0.160,-3.074
25 31 32 34 38;0.0220,0.222,-3.050
18 25 32 34 38;0.0220,0.222,-3.050
30 40;0.0330,0.130,-3.029
7 14 34 38;0.0330,0.130,-3.029
1 14 34 38;0.0330,0.130,-3.029
9 23 34 38;0.0330,0.130,-3.029
11 14 32 38;0.0330,0.130,-3.029
11 20 32 34 38;0.0330,0.130,-3.029
18 20 31 34 38;0.0330,0.130,-3.029
18 23 31 34 38;0.0330,0.130,-3.029
14 16 20 32 38;0.0330,0.130,-3.029
3 39;0.1319,0.167,-3.022
3 23 41;0.0659,0.107,-3.022
