8 36;0.4286,1.000,-59.671
5 21 36;0.4176,1.000,-55.701
5 16 20 36;0.4176,1.000,-55.701
5 18 20 36;0.4176,1.000,-55.701
2 18 36;0.4066,1.000,-52.405
5 16 36;0.4176,0.974,-52.056
5 20 36;0.4176,0.974,-52.056
5 18 36;0.4176,0.974,-52.056
2 5 36;0.3956,1.000,-49.496
2 16 36;0.3956,1.000,-49.496
5 36;0.4176,0.950,-49.079
2 9 36;0.3846,1.000,-46.857
2 21 36;0.4066,0.949,-45.871
3 18 20 21 36;0.4286,0.886,-45.773
16 20 21 36;0.4176,0.905,-44.151
3 18 20 36;0.4286,0.848,-41.875
2 36;0.4066,0.902,-41.030
16 20 36;0.4176,0.864,-40.048
4 37;0.1648,1.000,-38.543
15 26 37;0.1648,1.000,-38.543
1 26 37;0.1648,1.000,-38.543
6 26 37;0.1648,1.000,-38.543
7 26 37;0.1648,1.000,-38.543
11 16 21 36;0.3626,0.943,-35.980
1 15 18 37;0.1648,0.938,-35.771
7 15 18 37;0.1648,0.938,-35.771
1 6 15 31 37;0.1648,0.938,-35.771
1 15 21 31 37;0.1648,0.938,-35.771
6 7 15 31 37;0.1648,0.938,-35.771
7 15 21 31 37;0.1648,0.938,-35.771
9 18 20 21 36;0.4066,0.841,-35.216
3 18 21 23 36;0.3846,0.875,-33.834
15 18 37;0.1648,0.882,-33.630
1 15 31 37;0.1648,0.882,-33.630
6 15 31 37;0.1648,0.882,-33.630
7 15 31 37;0.1648,0.882,-33.630
15 21 31 37;0.1648,0.882,-33.630
11 16 36;0.3626,0.917,-33.604
3 11 18 21 36;0.3626,0.917,-33.604
16 21 23 36;0.3736,0.895,-33.580
3 20 35 36;0.3297,0.968,-32.815
3 20 21 36;0.4286,0.750,-32.494
9 18 20 36;0.4066,0.804,-31.942
15 31 37;0.1648,0.833,-31.839
3 11 18 36;0.3626,0.892,-31.491
19 24 39;0.1209,1.000,-31.488
6 24 39;0.1209,1.000,-31.488
7 24 39;0.1209,1.000,-31.488
6 16 19 39;0.1209,1.000,-31.488
6 19 31 39;0.1209,1.000,-31.488
6 18 19 39;0.1209,1.000,-31.488
6 12 16 25 39;0.1209,1.000,-31.488
6 12 25 31 39;0.1209,1.000,-31.488
6 12 18 25 39;0.1209,1.000,-31.488
16 21 35 36;0.3187,0.967,-31.038
1 10 31 37;0.1429,1.000,-30.536
1 10 18 37;0.1429,1.000,-30.536
6 10 31 37;0.1429,1.000,-30.536
6 10 18 37;0.1429,1.000,-30.536
7 10 31 37;0.1429,1.000,-30.536
7 10 18 37;0.1429,1.000,-30.536
23 26 31 37;0.1648,0.789,-30.281
1 21 23 31 37;0.1648,0.789,-30.281
7 20 21 31 37;0.1648,0.789,-30.281
7 21 23 31 37;0.1648,0.789,-30.281
1 6 20 21 31 37;0.1648,0.789,-30.281
9 20 35 36;0.3297,0.938,-30.199
3 18 21 35 36;0.3297,0.938,-30.199
3 18 21 36;0.4286,0.722,-29.882
9 20 21 36;0.4066,0.771,-29.010
16 19 39;0.1209,0.917,-29.003
19 31 39;0.1209,0.917,-29.003
18 19 39;0.1209,0.917,-29.003
6 12 25 39;0.1209,0.917,-29.003
7 12 16 25 39;0.1209,0.917,-29.003
7 12 25 31 39;0.1209,0.917,-29.003
7 12 18 25 39;0.1209,0.917,-29.003
6 12 16 31 39;0.1209,0.917,-29.003
1 3 6 12 31 39;0.1209,0.917,-29.003
3 6 7 12 31 39;0.1209,0.917,-29.003
26 31 37;0.1648,0.750,-28.894
1 6 20 31 37;0.1648,0.750,-28.894
1 6 23 31 37;0.1648,0.750,-28.894
1 18 21 23 37;0.1648,0.750,-28.894
6 7 20 31 37;0.1648,0.750,-28.894
6 7 23 31 37;0.1648,0.750,-28.894
6 20 21 31 37;0.1648,0.750,-28.894
6 21 23 31 37;0.1648,0.750,-28.894
7 18 20 31 37;0.1648,0.750,-28.894
7 18 20 21 37;0.1648,0.750,-28.894
7 18 21 23 37;0.1648,0.750,-28.894
1 6 18 20 21 37;0.1648,0.750,-28.894
1 18 20 23 31 37;0.1648,0.750,-28.894
3 18 23 36;0.3846,0.814,-28.680
16 35 36;0.3187,0.935,-28.470
16 23 36;0.3736,0.829,-28.155
3 18 35 36;0.3297,0.909,-27.960
3 21 35 36;0.3297,0.909,-27.960
9 18 21 35 36;0.3297,0.909,-27.960
3 20 31 36;0.3626,0.846,-27.821
16 21 36;0.4176,0.731,-27.797
9 11 18 21 36;0.3407,0.886,-27.710
3 9 20 36;0.4066,0.755,-27.650
23 26 37;0.1648,0.714,-27.641
6 20 31 37;0.1648,0.714,-27.641
6 23 31 37;0.1648,0.714,-27.641
7 20 31 37;0.1648,0.714,-27.641
1 20 23 31 37;0.1648,0.714,-27.641
1 20 21 31 37;0.1648,0.714,-27.641
1 18 23 31 37;0.1648,0.714,-27.641
6 18 20 21 37;0.1648,0.714,-27.641
6 18 21 23 37;0.1648,0.714,-27.641
7 18 23 31 37;0.1648,0.714,-27.641
1 24 39;0.1209,0.846,-27.131
24 25 31 39;0.1209,0.846,-27.131
12 19 25 39;0.1209,0.846,-27.131
6 19 25 39;0.1209,0.846,-27.131
7 12 25 39;0.1209,0.846,-27.131
6 16 25 39;0.1209,0.846,-27.131
6 25 31 39;0.1209,0.846,-27.131
6 18 25 39;0.1209,0.846,-27.131
3 6 12 31 39;0.1209,0.846,-27.131
7 12 16 31 39;0.1209,0.846,-27.131
3 7 12 31 39;0.1209,0.846,-27.131
1 6 9 12 31 39;0.1209,0.846,-27.131
6 7 9 12 31 39;0.1209,0.846,-27.131
26 37;0.1648,0.682,-26.496
1 23 31 37;0.1648,0.682,-26.496
7 23 31 37;0.1648,0.682,-26.496
7 18 20 37;0.1648,0.682,-26.496
1 6 15 20 37;0.1648,0.682,-26.496
1 15 20 21 37;0.1648,0.682,-26.496
1 6 18 20 37;0.1648,0.682,-26.496
1 6 18 23 37;0.1648,0.682,-26.496
1 18 20 31 37;0.1648,0.682,-26.496
1 18 20 23 37;0.1648,0.682,-26.496
1 18 20 21 37;0.1648,0.682,-26.496
6 7 18 23 37;0.1648,0.682,-26.496
3 20 36;0.4286,0.684,-26.302
9 18 21 23 36;0.3626,0.825,-26.197
3 35 36;0.3297,0.882,-25.982
9 18 35 36;0.3297,0.882,-25.982
9 21 35 36;0.3297,0.882,-25.982
3 21 23 31 36;0.3297,0.882,-25.982
1 10 37;0.1429,0.867,-25.930
10 31 37;0.1429,0.867,-25.930
10 18 37;0.1429,0.867,-25.930
9 11 18 36;0.3407,0.861,-25.885
24 25 39;0.1209,0.786,-25.591
24 31 39;0.1209,0.786,-25.591
19 25 39;0.1209,0.786,-25.591
12 25 31 39;0.1209,0.786,-25.591
7 16 25 39;0.1209,0.786,-25.591
7 25 31 39;0.1209,0.786,-25.591
7 18 25 39;0.1209,0.786,-25.591
6 12 16 39;0.1209,0.786,-25.591
1 12 16 25 39;0.1209,0.786,-25.591
1 12 18 25 39;0.1209,0.786,-25.591
6 9 12 31 39;0.1209,0.786,-25.591
7 9 12 31 39;0.1209,0.786,-25.591
1 3 6 12 18 39;0.1209,0.786,-25.591
3 6 7 12 18 39;0.1209,0.786,-25.591
1 15 20 37;0.1648,0.652,-25.440
1 20 31 37;0.1648,0.652,-25.440
1 18 23 37;0.1648,0.652,-25.440
6 18 20 37;0.1648,0.652,-25.440
6 18 23 37;0.1648,0.652,-25.440
7 18 23 37;0.1648,0.652,-25.440
9 17 42;0.1099,0.833,-25.302
11 27 36;0.2967,0.931,-25.247
3 18 36;0.4286,0.672,-25.186
11 29 41;0.0879,1.000,-25.166
20 29 41;0.0879,1.000,-25.166
9 20 36;0.4066,0.725,-25.105
3 11 21 31 36;0.3077,0.903,-24.677
1 18 20 37;0.1648,0.625,-24.459
7 15 20 21 37;0.1648,0.625,-24.459
20 21 27 36;0.3187,0.879,-24.346
18 21 27 36;0.3187,0.879,-24.346
24 39;0.1209,0.733,-24.269
1 12 25 39;0.1209,0.733,-24.269
12 16 25 39;0.1209,0.733,-24.269
12 18 25 39;0.1209,0.733,-24.269
7 12 16 39;0.1209,0.733,-24.269
6 16 31 39;0.1209,0.733,-24.269
1 12 16 31 39;0.1209,0.733,-24.269
1 3 12 31 39;0.1209,0.733,-24.269
3 6 12 18 39;0.1209,0.733,-24.269
3 7 12 18 39;0.1209,0.733,-24.269
1 6 9 12 18 39;0.1209,0.733,-24.269
6 7 9 12 18 39;0.1209,0.733,-24.269
9 35 36;0.3297,0.857,-24.202
20 35 36;0.3297,0.857,-24.202
18 20 21 36;0.4286,0.661,-24.104
1 3 9 15 42;0.1099,0.769,-23.836
3 7 9 15 42;0.1099,0.769,-23.836
15 20 21 37;0.1648,0.600,-23.543
12 21 25 34 39;0.0989,1.000,-23.380
16 36;0.4176,0.679,-23.113
12 25 39;0.1209,0.688,-23.106
25 31 39;0.1209,0.688,-23.106
1 16 25 39;0.1209,0.688,-23.106
1 18 25 39;0.1209,0.688,-23.106
7 16 31 39;0.1209,0.688,-23.106
1 6 12 31 39;0.1209,0.688,-23.106
1 9 12 31 39;0.1209,0.688,-23.106
6 7 12 31 39;0.1209,0.688,-23.106
6 9 12 18 39;0.1209,0.688,-23.106
7 9 12 18 39;0.1209,0.688,-23.106
1 3 6 31 39;0.1209,0.688,-23.106
3 6 7 31 39;0.1209,0.688,-23.106
10 15 21 37;0.1429,0.765,-22.859
6 10 21 37;0.1429,0.765,-22.859
7 10 21 37;0.1429,0.765,-22.859
6 7 15 20 37;0.1648,0.577,-22.683
1 6 20 21 37;0.1648,0.577,-22.683
1 7 20 21 37;0.1648,0.577,-22.683
1 20 21 23 37;0.1648,0.577,-22.683
20 27 36;0.3187,0.853,-22.611
18 27 36;0.3187,0.853,-22.611
21 27 36;0.3187,0.853,-22.611
1 17 42;0.1099,0.714,-22.583
3 9 15 42;0.1099,0.714,-22.583
18 21 35 36;0.3297,0.833,-22.578
6 25 39;0.1209,0.647,-22.065
16 25 39;0.1209,0.647,-22.065
18 25 39;0.1209,0.647,-22.065
6 16 39;0.1209,0.647,-22.065
6 12 19 39;0.1209,0.647,-22.065
1 12 16 39;0.1209,0.647,-22.065
6 12 31 39;0.1209,0.647,-22.065
7 12 31 39;0.1209,0.647,-22.065
12 16 31 39;0.1209,0.647,-22.065
3 6 31 39;0.1209,0.647,-22.065
1 3 12 18 39;0.1209,0.647,-22.065
3 7 18 31 39;0.1209,0.647,-22.065
18 20 36;0.4286,0.639,-22.035
9 18 23 36;0.3626,0.767,-21.933
6 15 20 37;0.1648,0.556,-21.872
7 15 20 37;0.1648,0.556,-21.872
27 35 36;0.2527,0.958,-21.825
27 31 36;0.2857,0.897,-21.690
9 18 21 36;0.4066,0.685,-21.660
1 9 15 42;0.1099,0.667,-21.484
1 3 15 42;0.1099,0.667,-21.484
7 9 15 42;0.1099,0.667,-21.484
29 41;0.0879,0.800,-21.359
17 20 30 41;0.0879,0.800,-21.359
6 17 20 41;0.0879,0.800,-21.359
15 20 30 41;0.0879,0.800,-21.359
6 11 20 30 41;0.0879,0.800,-21.359
7 11 20 30 41;0.0879,0.800,-21.359
3 6 15 20 34 41;0.0879,0.800,-21.359
3 9 11 21 36;0.3407,0.795,-21.252
12 19 39;0.1209,0.611,-21.120
6 19 39;0.1209,0.611,-21.120
7 25 39;0.1209,0.611,-21.120
7 16 39;0.1209,0.611,-21.120
3 12 31 39;0.1209,0.611,-21.120
1 16 31 39;0.1209,0.611,-21.120
3 7 31 39;0.1209,0.611,-21.120
1 6 12 18 39;0.1209,0.611,-21.120
1 9 12 18 39;0.1209,0.611,-21.120
6 7 12 18 39;0.1209,0.611,-21.120
1 6 9 31 39;0.1209,0.611,-21.120
1 3 6 18 39;0.1209,0.611,-21.120
6 7 9 31 39;0.1209,0.611,-21.120
3 6 7 18 39;0.1209,0.611,-21.120
15 20 37;0.1648,0.536,-21.105
1 15 21 37;0.1648,0.536,-21.105
1 6 20 37;0.1648,0.536,-21.105
1 20 21 37;0.1648,0.536,-21.105
7 20 21 37;0.1648,0.536,-21.105
3 11 31 36;0.3077,0.848,-21.103
9 12 21 31 34 39;0.0989,0.900,-21.100
9 15 30 42;0.0989,0.818,-21.100
18 35 36;0.3297,0.811,-21.085
21 35 36;0.3297,0.811,-21.085
3 23 31 36;0.3297,0.811,-21.085
27 36;0.3187,0.829,-21.032
9 15 42;0.1099,0.625,-20.503
10 15 37;0.1429,0.684,-20.476
6 10 37;0.1429,0.684,-20.476
7 10 37;0.1429,0.684,-20.476
10 21 37;0.1429,0.684,-20.476
1 6 15 37;0.1648,0.517,-20.377
1 7 20 37;0.1648,0.517,-20.377
1 20 23 37;0.1648,0.517,-20.377
6 20 21 37;0.1648,0.517,-20.377
7 21 31 37;0.1648,0.517,-20.377
1 6 21 31 37;0.1648,0.517,-20.377
19 39;0.1209,0.579,-20.255
1 12 31 39;0.1209,0.579,-20.255
6 12 18 39;0.1209,0.579,-20.255
7 12 18 39;0.1209,0.579,-20.255
9 12 31 39;0.1209,0.579,-20.255
6 9 31 39;0.1209,0.579,-20.255
3 6 18 39;0.1209,0.579,-20.255
3 7 18 39;0.1209,0.579,-20.255
1 3 18 31 39;0.1209,0.579,-20.255
7 9 18 31 39;0.1209,0.579,-20.255
17 20 41;0.0879,0.727,-20.060
11 17 30 41;0.0879,0.727,-20.060
6 11 17 41;0.0879,0.727,-20.060
11 15 30 41;0.0879,0.727,-20.060
6 11 30 41;0.0879,0.727,-20.060
7 11 30 41;0.0879,0.727,-20.060
11 20 30 34 41;0.0879,0.727,-20.060
3 15 20 34 41;0.0879,0.727,-20.060
3 6 7 15 20 41;0.0879,0.727,-20.060
3 6 11 15 34 41;0.0879,0.727,-20.060
3 6 11 15 20 41;0.0879,0.727,-20.060
9 11 21 36;0.3407,0.775,-19.921
35 36;0.3297,0.789,-19.701
1 15 37;0.1648,0.500,-19.683
7 15 21 37;0.1648,0.500,-19.683
6 21 31 37;0.1648,0.500,-19.683
7 18 21 37;0.1648,0.500,-19.683
1 6 18 21 37;0.1648,0.500,-19.683
17 32 42;0.1099,0.588,-19.616
9 21 23 31 36;0.3077,0.824,-19.569
3 11 21 36;0.3626,0.733,-19.484
1 25 39;0.1209,0.550,-19.457
12 16 39;0.1209,0.550,-19.457
1 16 39;0.1209,0.550,-19.457
1 3 31 39;0.1209,0.550,-19.457
7 9 31 39;0.1209,0.550,-19.457
1 3 6 12 39;0.1209,0.550,-19.457
3 6 7 12 39;0.1209,0.550,-19.457
1 6 9 18 39;0.1209,0.550,-19.457
6 7 9 18 39;0.1209,0.550,-19.457
9 12 18 21 34 39;0.0989,0.818,-19.417
3 12 18 21 34 39;0.0989,0.818,-19.417
14 17 42;0.0879,0.889,-19.184
3 7 14 15 42;0.0879,0.889,-19.184
15 21 37;0.1648,0.484,-19.022
1 20 37;0.1648,0.484,-19.022
1 6 31 37;0.1648,0.484,-19.022
1 21 31 37;0.1648,0.484,-19.022
6 7 31 37;0.1648,0.484,-19.022
6 18 21 37;0.1648,0.484,-19.022
11 17 41;0.0879,0.667,-18.961
6 20 30 41;0.0879,0.667,-18.961
7 20 30 41;0.0879,0.667,-18.961
11 30 34 41;0.0879,0.667,-18.961
3 6 11 15 41;0.0879,0.667,-18.961
3 6 15 20 41;0.0879,0.667,-18.961
3 7 15 20 41;0.0879,0.667,-18.961
3 11 15 34 41;0.0879,0.667,-18.961
3 11 15 20 41;0.0879,0.667,-18.961
17 42;0.1099,0.556,-18.805
3 7 15 32 42;0.1099,0.556,-18.805
25 39;0.1209,0.524,-18.715
1 12 18 39;0.1209,0.524,-18.715
3 6 12 39;0.1209,0.524,-18.715
3 7 12 39;0.1209,0.524,-18.715
3 12 18 39;0.1209,0.524,-18.715
1 3 18 39;0.1209,0.524,-18.715
6 9 18 39;0.1209,0.524,-18.715
7 9 18 39;0.1209,0.524,-18.715
1 6 9 12 39;0.1209,0.524,-18.715
6 7 9 12 39;0.1209,0.524,-18.715
1 9 18 31 39;0.1209,0.524,-18.715
3 9 11 36;0.3407,0.756,-18.673
1 15 30 42;0.0989,0.692,-18.557
1 9 30 42;0.0989,0.692,-18.557
6 9 30 42;0.0989,0.692,-18.557
7 9 30 42;0.0989,0.692,-18.557
1 11 18 21 37;0.1209,0.786,-18.514
10 37;0.1429,0.619,-18.514
6 31 37;0.1648,0.469,-18.389
1 18 21 37;0.1648,0.469,-18.389
1 21 23 37;0.1648,0.469,-18.389
6 7 20 37;0.1648,0.469,-18.389
7 18 31 37;0.1648,0.469,-18.389
3 7 15 42;0.1099,0.526,-18.058
3 15 32 42;0.1099,0.526,-18.058
12 21 31 34 39;0.0989,0.750,-18.054
19 30 42;0.0769,1.000,-18.027
15 19 42;0.0769,1.000,-18.027
6 19 23 42;0.0769,1.000,-18.027
12 31 39;0.1209,0.500,-18.022
6 9 12 39;0.1209,0.500,-18.022
7 9 12 39;0.1209,0.500,-18.022
9 12 18 39;0.1209,0.500,-18.022
1 9 31 39;0.1209,0.500,-18.022
20 30 34 41;0.0879,0.615,-18.006
3 11 15 41;0.0879,0.615,-18.006
3 15 20 41;0.0879,0.615,-18.006
3 6 11 20 34 41;0.0879,0.615,-18.006
6 20 37;0.1648,0.455,-17.783
7 31 37;0.1648,0.455,-17.783
7 20 37;0.1648,0.455,-17.783
6 7 15 37;0.1648,0.455,-17.783
1 6 18 37;0.1648,0.455,-17.783
6 7 18 37;0.1648,0.455,-17.783
9 18 36;0.4066,0.638,-17.622
3 14 15 42;0.0879,0.800,-17.596
9 11 36;0.3407,0.738,-17.500
1 3 12 39;0.1209,0.478,-17.371
1 9 18 39;0.1209,0.478,-17.371
3 15 42;0.1099,0.500,-17.365
1 3 9 23 42;0.1099,0.500,-17.365
3 7 9 23 42;0.1099,0.500,-17.365
11 18 21 36;0.3626,0.702,-17.280
3 21 31 36;0.3626,0.702,-17.280
1 11 18 37;0.1209,0.733,-17.241
6 11 18 37;0.1209,0.733,-17.241
7 11 18 37;0.1209,0.733,-17.241
6 15 37;0.1648,0.441,-17.201
7 15 37;0.1648,0.441,-17.201
6 18 37;0.1648,0.441,-17.201
7 18 37;0.1648,0.441,-17.201
1 18 31 37;0.1648,0.441,-17.201
7 21 23 37;0.1648,0.441,-17.201
13 17 41;0.0769,0.778,-17.172
13 15 30 41;0.0769,0.778,-17.172
3 13 15 34 41;0.0769,0.778,-17.172
3 6 11 13 34 41;0.0769,0.778,-17.172
3 7 11 13 34 41;0.0769,0.778,-17.172
3 6 11 34 41;0.0879,0.571,-17.158
3 6 11 20 41;0.0879,0.571,-17.158
3 7 11 20 34 41;0.0879,0.571,-17.158
10 17 41;0.0659,1.000,-16.985
10 30 41;0.0659,1.000,-16.985
3 10 15 41;0.0659,1.000,-16.985
3 6 10 41;0.0659,1.000,-16.985
3 7 10 41;0.0659,1.000,-16.985
12 18 21 34 39;0.0989,0.692,-16.898
1 6 12 39;0.1209,0.458,-16.758
1 9 12 39;0.1209,0.458,-16.758
6 7 12 39;0.1209,0.458,-16.758
15 37;0.1648,0.429,-16.642
1 31 37;0.1648,0.429,-16.642
1 6 23 37;0.1648,0.429,-16.642
6 21 23 37;0.1648,0.429,-16.642
1 30 42;0.0989,0.600,-16.635
20 21 36;0.4286,0.582,-16.455
11 20 30 41;0.0879,0.533,-16.396
3 6 11 41;0.0879,0.533,-16.396
3 7 11 34 41;0.0879,0.533,-16.396
3 7 11 20 41;0.0879,0.533,-16.396
11 18 36;0.3626,0.688,-16.257
3 9 21 23 36;0.3626,0.688,-16.257
6 12 39;0.1209,0.440,-16.178
7 12 39;0.1209,0.440,-16.178
12 18 39;0.1209,0.440,-16.178
1 9 23 42;0.1099,0.455,-16.112
1 3 23 42;0.1099,0.455,-16.112
7 9 23 42;0.1099,0.455,-16.112
1 18 37;0.1648,0.417,-16.103
19 23 42;0.0769,0.875,-15.979
14 15 30 42;0.0769,0.875,-15.979
6 13 30 41;0.0769,0.700,-15.979
7 13 30 41;0.0769,0.700,-15.979
3 13 15 41;0.0769,0.700,-15.979
3 7 11 13 41;0.0769,0.700,-15.979
3 6 13 20 34 41;0.0769,0.700,-15.979
3 6 13 23 34 41;0.0769,0.700,-15.979
3 7 13 20 34 41;0.0769,0.700,-15.979
3 7 13 23 34 41;0.0769,0.700,-15.979
1 3 18 23 31 38;0.0549,0.833,-15.863
3 7 18 23 31 38;0.0549,0.833,-15.863
15 30 32 42;0.0989,0.562,-15.820
9 23 30 32 42;0.0989,0.562,-15.820
11 30 41;0.0879,0.500,-15.703
17 30 34 41;0.0879,0.500,-15.703
6 17 34 41;0.0879,0.500,-15.703
15 30 34 41;0.0879,0.500,-15.703
3 7 11 41;0.0879,0.500,-15.703
3 6 15 34 41;0.0879,0.500,-15.703
3 6 20 34 41;0.0879,0.500,-15.703
9 23 31 36;0.3077,0.757,-15.668
3 21 23 36;0.3846,0.648,-15.666
3 21 36;0.4286,0.574,-15.603
1 23 37;0.1648,0.405,-15.583
3 11 36;0.3626,0.673,-15.281
9 30 32 34 42;0.0879,0.667,-15.243
1 12 39;0.1209,0.407,-15.105
3 12 39;0.1209,0.407,-15.105
15 30 42;0.0989,0.529,-15.078
9 30 32 42;0.0989,0.529,-15.078
17 30 41;0.0879,0.471,-15.067
6 17 41;0.0879,0.471,-15.067
17 34 41;0.0879,0.471,-15.067
15 30 41;0.0879,0.471,-15.067
20 23 30 41;0.0879,0.471,-15.067
3 15 34 41;0.0879,0.471,-15.067
3 6 7 20 41;0.0879,0.471,-15.067
3 7 20 34 41;0.0879,0.471,-15.067
9 12 21 34 39;0.0989,0.600,-14.999
13 30 34 41;0.0769,0.636,-14.978
3 6 13 20 41;0.0769,0.636,-14.978
3 6 13 23 41;0.0769,0.636,-14.978
3 7 13 20 41;0.0769,0.636,-14.978
3 7 13 23 41;0.0769,0.636,-14.978
18 21 36;0.4286,0.565,-14.770
1 3 23 31 38;0.0549,0.714,-14.611
3 7 23 31 38;0.0549,0.714,-14.611
9 12 39;0.1209,0.393,-14.606
6 7 23 37;0.1648,0.385,-14.595
6 14 30 42;0.0769,0.778,-14.507
7 14 30 42;0.0769,0.778,-14.507
3 7 23 32 42;0.1099,0.400,-14.492
17 41;0.0879,0.444,-14.479
20 30 41;0.0879,0.444,-14.479
6 30 34 41;0.0879,0.444,-14.479
7 30 34 41;0.0879,0.444,-14.479
3 6 20 41;0.0879,0.444,-14.479
3 7 20 41;0.0879,0.444,-14.479
3 6 7 15 41;0.0879,0.444,-14.479
6 30 32 42;0.0989,0.500,-14.397
7 30 32 42;0.0989,0.500,-14.397
9 23 30 42;0.0989,0.500,-14.397
9 21 23 36;0.3626,0.660,-14.349
9 30 34 42;0.0879,0.615,-14.310
1 3 6 9 39;0.1209,0.379,-14.129
3 6 7 9 39;0.1209,0.379,-14.129
6 23 37;0.1648,0.375,-14.125
13 30 41;0.0769,0.583,-14.114
3 7 23 42;0.1099,0.385,-14.006
6 30 41;0.0879,0.421,-13.933
7 30 41;0.0879,0.421,-13.933
30 34 41;0.0879,0.421,-13.933
3 6 15 41;0.0879,0.421,-13.933
3 7 15 41;0.0879,0.421,-13.933
6 11 15 20 34 41;0.0879,0.421,-13.933
6 30 42;0.0989,0.474,-13.767
7 30 42;0.0989,0.474,-13.767
9 30 42;0.0989,0.474,-13.767
3 6 9 23 42;0.0989,0.474,-13.767
3 10 41;0.0659,0.750,-13.694
3 6 9 39;0.1209,0.367,-13.672
7 23 37;0.1648,0.366,-13.670
1 3 18 23 38;0.0549,0.625,-13.630
3 7 18 23 38;0.0549,0.625,-13.630
1 9 18 23 31 38;0.0549,0.625,-13.630
7 9 18 23 31 38;0.0549,0.625,-13.630
1 15 32 42;0.1099,0.370,-13.543
12 21 34 39;0.0989,0.529,-13.466
3 31 36;0.3626,0.647,-13.458
3 15 41;0.0879,0.400,-13.422
6 11 15 34 41;0.0879,0.400,-13.422
11 15 20 34 41;0.0879,0.400,-13.422
12 39;0.1209,0.355,-13.234
1 6 31 39;0.1209,0.355,-13.234
1 6 9 39;0.1209,0.355,-13.234
1 3 6 39;0.1209,0.355,-13.234
6 7 31 39;0.1209,0.355,-13.234
6 7 9 39;0.1209,0.355,-13.234
3 7 9 39;0.1209,0.355,-13.234
1 6 21 37;0.1648,0.357,-13.228
1 7 21 37;0.1648,0.357,-13.228
1 3 11 18 38;0.0440,1.000,-13.189
3 6 11 31 38;0.0440,1.000,-13.189
3 6 11 18 38;0.0440,1.000,-13.189
3 7 11 18 38;0.0440,1.000,-13.189
12 14 23 30 42;0.0659,0.857,-13.066
11 15 34 41;0.0879,0.381,-12.942
6 15 20 34 41;0.0879,0.381,-12.942
1 9 23 31 38;0.0549,0.556,-12.819
7 9 23 31 38;0.0549,0.556,-12.819
6 31 39;0.1209,0.344,-12.813
6 9 39;0.1209,0.344,-12.813
7 18 31 39;0.1209,0.344,-12.813
9 16 21 31 34 39;0.0989,0.500,-12.797
3 9 21 31 34 39;0.0989,0.500,-12.797
3 6 13 34 41;0.0769,0.500,-12.670
3 7 13 34 41;0.0769,0.500,-12.670
23 30 32 42;0.0989,0.429,-12.635
6 9 23 42;0.0989,0.429,-12.635
9 21 31 36;0.3407,0.660,-12.528
15 20 34 41;0.0879,0.364,-12.490
6 11 15 20 41;0.0879,0.364,-12.490
6 11 20 34 41;0.0879,0.364,-12.490
3 6 23 34 41;0.0879,0.364,-12.490
9 21 36;0.4066,0.578,-12.476
7 31 39;0.1209,0.333,-12.407
7 9 39;0.1209,0.333,-12.407
1 6 18 39;0.1209,0.333,-12.407
1 3 7 39;0.1209,0.333,-12.407
1 3 9 39;0.1209,0.333,-12.407
6 7 18 39;0.1209,0.333,-12.407
1 21 37;0.1648,0.341,-12.382
7 21 37;0.1648,0.341,-12.382
20 36;0.4286,0.542,-12.379
1 15 42;0.1099,0.333,-12.273
7 15 32 42;0.1099,0.333,-12.273
3 7 9 32 42;0.1099,0.333,-12.273
18 23 36;0.3846,0.603,-12.252
9 21 31 34 39;0.0989,0.474,-12.180
1 9 18 23 38;0.0549,0.500,-12.126
7 9 18 23 38;0.0549,0.500,-12.126
30 32 42;0.0989,0.409,-12.122
7 14 15 42;0.0879,0.500,-12.076
6 11 15 41;0.0879,0.348,-12.063
11 15 20 41;0.0879,0.348,-12.063
6 11 34 41;0.0879,0.348,-12.063
7 11 20 34 41;0.0879,0.348,-12.063
3 11 20 34 41;0.0879,0.348,-12.063
13 15 34 41;0.0769,0.467,-12.052
3 6 13 41;0.0769,0.467,-12.052
3 7 13 41;0.0769,0.467,-12.052
7 11 13 34 41;0.0769,0.467,-12.052
6 18 39;0.1209,0.324,-12.016
7 18 39;0.1209,0.324,-12.016
1 18 31 39;0.1209,0.324,-12.016
6 21 37;0.1648,0.333,-11.977
15 32 42;0.1099,0.323,-11.884
3 7 9 42;0.1099,0.323,-11.884
3 9 23 36;0.3626,0.623,-11.789
12 14 30 42;0.0659,0.750,-11.721
12 23 30 42;0.0659,0.750,-11.721
14 30 34 42;0.0659,0.750,-11.721
1 12 16 27 40;0.0330,1.000,-11.708
1 12 20 27 40;0.0330,1.000,-11.708
1 12 18 27 40;0.0330,1.000,-11.708
6 12 16 27 40;0.0330,1.000,-11.708
7 12 16 27 40;0.0330,1.000,-11.708
7 12 20 27 40;0.0330,1.000,-11.708
7 12 18 27 40;0.0330,1.000,-11.708
12 16 27 34 40;0.0330,1.000,-11.708
12 20 27 34 40;0.0330,1.000,-11.708
12 18 27 34 40;0.0330,1.000,-11.708
6 12 16 20 40;0.0330,1.000,-11.708
6 12 16 23 40;0.0330,1.000,-11.708
7 12 16 20 40;0.0330,1.000,-11.708
3 7 12 20 40;0.0330,1.000,-11.708
12 16 20 34 40;0.0330,1.000,-11.708
9 12 20 34 40;0.0330,1.000,-11.708
3 12 20 34 40;0.0330,1.000,-11.708
1 3 6 12 20 40;0.0330,1.000,-11.708
1 12 16 20 23 40;0.0330,1.000,-11.708
1 3 12 20 23 40;0.0330,1.000,-11.708
1 3 6 12 18 23 40;0.0330,1.000,-11.708
3 6 7 12 18 23 40;0.0330,1.000,-11.708
6 9 12 18 23 34 40;0.0330,1.000,-11.708
3 6 12 18 23 34 40;0.0330,1.000,-11.708
23 30 41;0.0879,0.333,-11.657
11 15 41;0.0879,0.333,-11.657
7 11 34 41;0.0879,0.333,-11.657
3 11 34 41;0.0879,0.333,-11.657
3 6 7 23 41;0.0879,0.333,-11.657
3 7 23 34 41;0.0879,0.333,-11.657
1 31 39;0.1209,0.314,-11.639
1 9 39;0.1209,0.314,-11.639
1 3 39;0.1209,0.314,-11.639
3 6 7 39;0.1209,0.314,-11.639
3 9 23 32 34 42;0.0989,0.391,-11.638
18 36;0.4286,0.534,-11.615
9 16 31 34 39;0.0989,0.450,-11.607
16 21 31 34 39;0.0989,0.450,-11.607
9 16 21 34 39;0.0989,0.450,-11.607
3 21 31 34 39;0.0989,0.450,-11.607
3 9 18 31 34 39;0.0989,0.450,-11.607
3 9 18 21 34 39;0.0989,0.450,-11.607
1 16 23 31 38;0.0440,0.800,-11.589
1 3 11 31 38;0.0440,0.800,-11.589
1 9 11 18 38;0.0440,0.800,-11.589
6 9 11 31 38;0.0440,0.800,-11.589
6 9 11 18 38;0.0440,0.800,-11.589
7 16 23 31 38;0.0440,0.800,-11.589
3 7 11 31 38;0.0440,0.800,-11.589
7 9 11 18 38;0.0440,0.800,-11.589
1 3 6 20 31 38;0.0440,0.800,-11.589
3 6 7 20 31 38;0.0440,0.800,-11.589
3 7 18 20 31 38;0.0440,0.800,-11.589
1 6 37;0.1648,0.326,-11.582
14 23 30 42;0.0769,0.583,-11.514
7 9 32 42;0.1099,0.312,-11.509
1 3 7 32 42;0.1099,0.312,-11.509
1 3 9 32 42;0.1099,0.312,-11.509
6 13 20 34 41;0.0769,0.438,-11.489
6 13 23 34 41;0.0769,0.438,-11.489
7 13 20 34 41;0.0769,0.438,-11.489
7 13 23 34 41;0.0769,0.438,-11.489
14 15 42;0.0879,0.471,-11.464
20 21 31 34 37;0.1209,0.500,-11.351
21 23 31 34 37;0.1209,0.500,-11.351
1 18 39;0.1209,0.306,-11.274
3 6 39;0.1209,0.306,-11.274
30 41;0.0879,0.320,-11.272
6 11 20 41;0.0879,0.320,-11.272
3 6 23 41;0.0879,0.320,-11.272
23 30 42;0.0989,0.375,-11.181
3 6 23 32 42;0.0989,0.375,-11.181
9 23 32 34 42;0.0989,0.375,-11.181
7 9 42;0.1099,0.303,-11.148
1 3 7 42;0.1099,0.303,-11.148
1 3 9 42;0.1099,0.303,-11.148
9 18 31 34 39;0.0989,0.429,-11.073
3 9 31 34 39;0.0989,0.429,-11.073
9 18 21 34 39;0.0989,0.429,-11.073
6 11 13 41;0.0769,0.412,-10.969
7 11 13 41;0.0769,0.412,-10.969
3 13 20 34 41;0.0769,0.412,-10.969
3 13 23 34 41;0.0769,0.412,-10.969
3 7 39;0.1209,0.297,-10.921
6 11 41;0.0879,0.308,-10.904
7 11 20 41;0.0879,0.308,-10.904
3 7 23 41;0.0879,0.308,-10.904
3 20 34 41;0.0879,0.308,-10.904
6 7 15 20 41;0.0879,0.308,-10.904
1 7 37;0.1648,0.312,-10.823
7 15 42;0.1099,0.294,-10.800
1 9 32 42;0.1099,0.294,-10.800
1 23 32 42;0.1099,0.294,-10.800
1 3 32 42;0.1099,0.294,-10.800
14 30 42;0.0769,0.538,-10.775
1 11 37;0.1209,0.478,-10.754
18 20 31 34 37;0.1209,0.478,-10.754
30 42;0.0989,0.360,-10.748
3 6 23 42;0.0989,0.360,-10.748
3 9 23 34 42;0.0989,0.360,-10.748
11 21 31 36;0.3077,0.667,-10.743
16 31 34 39;0.0989,0.409,-10.572
16 21 34 39;0.0989,0.409,-10.572
9 31 34 39;0.0989,0.409,-10.572
3 18 31 34 39;0.0989,0.409,-10.572
3 18 21 34 39;0.0989,0.409,-10.572
7 11 41;0.0879,0.296,-10.553
6 15 34 41;0.0879,0.296,-10.553
6 15 20 41;0.0879,0.296,-10.553
7 15 20 41;0.0879,0.296,-10.553
6 20 34 41;0.0879,0.296,-10.553
2 7 41;0.0440,1.000,-10.550
2 10 15 41;0.0440,1.000,-10.550
2 6 10 41;0.0440,1.000,-10.550
2 13 15 41;0.0440,1.000,-10.550
2 15 34 41;0.0440,1.000,-10.550
2 6 13 41;0.0440,1.000,-10.550
2 6 34 41;0.0440,1.000,-10.550
1 14 16 23 38;0.0440,0.667,-10.500
7 14 16 23 38;0.0440,0.667,-10.500
1 9 11 31 38;0.0440,0.667,-10.500
3 6 20 31 38;0.0440,0.667,-10.500
3 6 23 31 38;0.0440,0.667,-10.500
7 9 11 31 38;0.0440,0.667,-10.500
3 7 20 31 38;0.0440,0.667,-10.500
13 15 41;0.0769,0.389,-10.489
15 42;0.1099,0.286,-10.463
1 9 42;0.1099,0.286,-10.463
1 3 42;0.1099,0.286,-10.463
3 7 32 42;0.1099,0.286,-10.463
21 23 31 37;0.1648,0.306,-10.457
9 23 34 42;0.0989,0.346,-10.337
1 12 27 40;0.0330,0.750,-10.321
7 12 27 40;0.0330,0.750,-10.321
12 27 34 40;0.0330,0.750,-10.321
12 16 27 40;0.0330,0.750,-10.321
1 16 27 40;0.0330,0.750,-10.321
6 16 27 40;0.0330,0.750,-10.321
7 16 27 40;0.0330,0.750,-10.321
6 12 20 27 40;0.0330,0.750,-10.321
6 12 18 27 40;0.0330,0.750,-10.321
1 12 16 23 40;0.0330,0.750,-10.321
3 6 12 20 40;0.0330,0.750,-10.321
7 12 16 23 40;0.0330,0.750,-10.321
7 9 12 20 40;0.0330,0.750,-10.321
12 16 23 34 40;0.0330,0.750,-10.321
12 16 20 23 40;0.0330,0.750,-10.321
1 20 27 34 40;0.0330,0.750,-10.321
1 18 27 34 40;0.0330,0.750,-10.321
6 20 27 34 40;0.0330,0.750,-10.321
6 18 27 34 40;0.0330,0.750,-10.321
7 20 27 34 40;0.0330,0.750,-10.321
7 18 27 34 40;0.0330,0.750,-10.321
1 6 9 12 20 40;0.0330,0.750,-10.321
1 9 12 20 23 40;0.0330,0.750,-10.321
1 3 12 18 23 40;0.0330,0.750,-10.321
3 6 12 18 23 40;0.0330,0.750,-10.321
3 7 12 18 23 40;0.0330,0.750,-10.321
9 12 18 23 34 40;0.0330,0.750,-10.321
3 12 18 23 34 40;0.0330,0.750,-10.321
1 6 9 12 18 23 40;0.0330,0.750,-10.321
6 7 9 12 18 23 40;0.0330,0.750,-10.321
9 23 36;0.3626,0.600,-10.258
15 34 41;0.0879,0.286,-10.216
15 20 41;0.0879,0.286,-10.216
7 20 34 41;0.0879,0.286,-10.216
20 31 34 37;0.1209,0.458,-10.195
18 23 31 34 37;0.1209,0.458,-10.195
18 20 21 34 37;0.1209,0.458,-10.195
18 21 23 34 37;0.1209,0.458,-10.195
6 14 19 42;0.0769,0.500,-10.115
9 16 34 39;0.0989,0.391,-10.102
3 31 34 39;0.0989,0.391,-10.102
3 9 18 34 39;0.0989,0.391,-10.102
1 37;0.1648,0.300,-10.101
6 7 37;0.1648,0.300,-10.101
18 20 23 31 37;0.1648,0.300,-10.101
6 13 20 41;0.0769,0.368,-10.041
6 13 23 41;0.0769,0.368,-10.041
7 13 20 41;0.0769,0.368,-10.041
7 13 23 41;0.0769,0.368,-10.041
3 23 36;0.3846,0.574,-10.002
1 23 42;0.1099,0.270,-9.823
3 7 42;0.1099,0.270,-9.823
7 23 32 42;0.1099,0.270,-9.823
6 37;0.1648,0.294,-9.752
20 23 31 37;0.1648,0.294,-9.752
18 23 31 37;0.1648,0.294,-9.752
23 31 34 37;0.1209,0.440,-9.670
1 16 23 38;0.0440,0.571,-9.662
7 16 23 38;0.0440,0.571,-9.662
3 7 18 20 38;0.0440,0.571,-9.662
14 16 23 31 34 38;0.0440,0.571,-9.662
1 6 9 20 31 38;0.0440,0.571,-9.662
1 3 6 18 20 38;0.0440,0.571,-9.662
1 3 18 20 31 38;0.0440,0.571,-9.662
6 7 9 20 31 38;0.0440,0.571,-9.662
7 9 18 20 31 38;0.0440,0.571,-9.662
3 14 18 23 31 34 38;0.0440,0.571,-9.662
9 18 34 39;0.0989,0.375,-9.658
6 13 34 41;0.0769,0.350,-9.622
7 13 34 41;0.0769,0.350,-9.622
11 21 36;0.3626,0.589,-9.540
3 9 36;0.4066,0.544,-9.530
14 19 42;0.0769,0.467,-9.521
3 36;0.4286,0.513,-9.412
7 37;0.1648,0.288,-9.412
23 31 37;0.1648,0.288,-9.412
20 21 31 37;0.1648,0.288,-9.412
6 12 27 40;0.0330,0.600,-9.405
12 20 27 40;0.0330,0.600,-9.405
12 18 27 40;0.0330,0.600,-9.405
12 20 34 40;0.0330,0.600,-9.405
12 16 23 40;0.0330,0.600,-9.405
1 27 34 40;0.0330,0.600,-9.405
1 20 27 40;0.0330,0.600,-9.405
1 18 27 40;0.0330,0.600,-9.405
6 27 34 40;0.0330,0.600,-9.405
7 27 34 40;0.0330,0.600,-9.405
7 20 27 40;0.0330,0.600,-9.405
7 18 27 40;0.0330,0.600,-9.405
1 12 16 20 40;0.0330,0.600,-9.405
1 3 12 20 40;0.0330,0.600,-9.405
6 9 12 20 40;0.0330,0.600,-9.405
3 12 20 23 40;0.0330,0.600,-9.405
1 9 12 18 23 40;0.0330,0.600,-9.405
6 12 18 23 34 40;0.0330,0.600,-9.405
6 9 12 18 23 40;0.0330,0.600,-9.405
7 9 12 18 23 40;0.0330,0.600,-9.405
16 23 25 38;0.0330,1.000,-9.405
23 25 31 38;0.0330,1.000,-9.405
18 23 25 38;0.0330,1.000,-9.405
1 11 16 38;0.0330,1.000,-9.405
6 11 16 38;0.0330,1.000,-9.405
7 11 16 38;0.0330,1.000,-9.405
3 6 9 11 14 20 38;0.0330,1.000,-9.405
9 31 36;0.3407,0.608,-9.373
3 6 34 41;0.0879,0.258,-9.285
3 7 18 31 32 38;0.0549,0.312,-9.273
16 34 39;0.0989,0.360,-9.238
3 18 34 39;0.0989,0.360,-9.238
3 13 34 41;0.0769,0.333,-9.229
3 6 9 32 42;0.0989,0.310,-9.213
18 20 34 37;0.1209,0.423,-9.176
11 31 36;0.3077,0.636,-9.162
18 20 31 37;0.1648,0.283,-9.079
3 12 14 23 42;0.0659,0.545,-9.045
6 7 12 14 23 42;0.0659,0.545,-9.045
21 23 31 36;0.3297,0.612,-9.018
7 14 23 42;0.0879,0.364,-9.010
6 7 20 41;0.0879,0.250,-8.997
11 20 34 41;0.0879,0.250,-8.997
3 14 23 34 42;0.0769,0.438,-8.980
2 15 41;0.0440,0.800,-8.978
2 6 41;0.0440,0.800,-8.978
14 16 23 34 38;0.0440,0.500,-8.978
1 3 20 31 38;0.0440,0.500,-8.978
6 9 20 31 38;0.0440,0.500,-8.978
6 9 23 31 38;0.0440,0.500,-8.978
3 6 18 20 38;0.0440,0.500,-8.978
3 6 18 23 38;0.0440,0.500,-8.978
7 9 20 31 38;0.0440,0.500,-8.978
3 14 23 31 34 38;0.0440,0.500,-8.978
3 14 18 23 34 38;0.0440,0.500,-8.978
3 6 9 11 20 38;0.0440,0.500,-8.978
9 14 18 23 31 34 38;0.0440,0.500,-8.978
3 7 18 31 38;0.0549,0.294,-8.925
3 7 31 32 38;0.0549,0.294,-8.925
3 6 9 42;0.0989,0.300,-8.871
3 23 32 34 42;0.0989,0.300,-8.871
11 13 34 41;0.0769,0.318,-8.858
20 31 37;0.1648,0.278,-8.754
6 20 41;0.0879,0.242,-8.720
7 20 41;0.0879,0.242,-8.720
11 34 41;0.0879,0.242,-8.720
6 7 15 41;0.0879,0.242,-8.720
6 23 34 41;0.0879,0.242,-8.720
3 7 34 41;0.0879,0.242,-8.720
3 23 34 41;0.0879,0.242,-8.720
12 27 40;0.0330,0.500,-8.712
1 27 40;0.0330,0.500,-8.712
7 27 40;0.0330,0.500,-8.712
6 20 27 40;0.0330,0.500,-8.712
6 18 27 40;0.0330,0.500,-8.712
6 16 20 40;0.0330,0.500,-8.712
6 16 23 40;0.0330,0.500,-8.712
7 16 20 40;0.0330,0.500,-8.712
1 9 12 20 40;0.0330,0.500,-8.712
12 18 23 34 40;0.0330,0.500,-8.712
9 12 20 23 40;0.0330,0.500,-8.712
3 12 18 23 40;0.0330,0.500,-8.712
1 16 20 34 40;0.0330,0.500,-8.712
1 16 20 23 40;0.0330,0.500,-8.712
1 3 18 20 34 40;0.0330,0.500,-8.712
3 6 18 20 34 40;0.0330,0.500,-8.712
3 6 18 23 34 40;0.0330,0.500,-8.712
3 7 18 20 34 40;0.0330,0.500,-8.712
18 23 34 37;0.1209,0.407,-8.709
7 23 42;0.1099,0.244,-8.654
3 7 31 38;0.0549,0.278,-8.599
3 7 18 32 38;0.0549,0.278,-8.599
1 18 23 31 32 38;0.0549,0.278,-8.599
1 3 18 31 32 38;0.0549,0.278,-8.599
7 9 18 31 32 38;0.0549,0.278,-8.599
7 18 23 31 32 38;0.0549,0.278,-8.599
6 9 32 42;0.0989,0.290,-8.542
3 9 32 34 42;0.0989,0.290,-8.542
6 13 41;0.0769,0.304,-8.508
7 13 41;0.0769,0.304,-8.508
13 20 34 41;0.0769,0.304,-8.508
13 23 34 41;0.0769,0.304,-8.508
6 19 32 42;0.0769,0.412,-8.484
6 15 41;0.0879,0.235,-8.451
7 15 41;0.0879,0.235,-8.451
18 21 23 37;0.1648,0.273,-8.436
1 3 18 20 38;0.0440,0.444,-8.400
6 9 11 20 38;0.0440,0.444,-8.400
3 6 9 11 38;0.0440,0.444,-8.400
7 9 18 20 38;0.0440,0.444,-8.400
9 14 23 31 34 38;0.0440,0.444,-8.400
9 14 18 23 34 38;0.0440,0.444,-8.400
1 6 9 18 20 38;0.0440,0.444,-8.400
1 3 9 11 20 38;0.0440,0.444,-8.400
1 9 18 20 31 38;0.0440,0.444,-8.400
3 7 9 11 20 38;0.0440,0.444,-8.400
3 12 23 42;0.0659,0.500,-8.395
6 12 14 23 42;0.0659,0.500,-8.395
9 12 14 23 42;0.0659,0.500,-8.395
3 7 18 38;0.0549,0.263,-8.294
1 3 18 31 38;0.0549,0.263,-8.294
1 23 31 32 38;0.0549,0.263,-8.294
1 3 31 32 38;0.0549,0.263,-8.294
7 9 18 31 38;0.0549,0.263,-8.294
7 9 31 32 38;0.0549,0.263,-8.294
7 23 31 32 38;0.0549,0.263,-8.294
6 9 42;0.0989,0.281,-8.226
9 32 34 42;0.0989,0.281,-8.226
6 10 34 41;0.0659,0.375,-8.211
7 10 34 41;0.0659,0.375,-8.211
15 41;0.0879,0.229,-8.192
3 6 7 41;0.0879,0.229,-8.192
7 23 34 41;0.0879,0.229,-8.192
9 36;0.4066,0.529,-8.183
1 6 39;0.1209,0.239,-8.174
9 16 31 39;0.1209,0.239,-8.174
6 27 40;0.0330,0.429,-8.152
7 12 20 40;0.0330,0.429,-8.152
1 16 23 40;0.0330,0.429,-8.152
7 16 23 40;0.0330,0.429,-8.152
1 6 12 20 40;0.0330,0.429,-8.152
1 12 20 23 40;0.0330,0.429,-8.152
9 12 18 23 40;0.0330,0.429,-8.152
3 7 18 20 40;0.0330,0.429,-8.152
1 6 12 18 23 40;0.0330,0.429,-8.152
6 7 12 18 23 40;0.0330,0.429,-8.152
1 3 6 18 20 40;0.0330,0.429,-8.152
1 3 6 18 23 40;0.0330,0.429,-8.152
1 9 18 20 34 40;0.0330,0.429,-8.152
1 3 18 23 34 40;0.0330,0.429,-8.152
1 3 18 20 23 40;0.0330,0.429,-8.152
3 6 7 18 23 40;0.0330,0.429,-8.152
6 9 18 20 34 40;0.0330,0.429,-8.152
6 9 18 23 34 40;0.0330,0.429,-8.152
7 9 18 20 34 40;0.0330,0.429,-8.152
3 7 18 23 34 40;0.0330,0.429,-8.152
11 21 31 34 37;0.0989,0.474,-8.152
6 16 20 31 38;0.0330,0.750,-8.036
6 16 23 31 38;0.0330,0.750,-8.036
7 16 20 31 38;0.0330,0.750,-8.036
3 6 11 14 20 38;0.0330,0.750,-8.036
1 16 20 31 34 38;0.0330,0.750,-8.036
6 19 42;0.0769,0.389,-8.027
19 32 42;0.0769,0.389,-8.027
1 3 31 38;0.0549,0.250,-8.006
7 9 31 38;0.0549,0.250,-8.006
1 3 9 23 38;0.0549,0.250,-8.006
1 18 23 32 38;0.0549,0.250,-8.006
1 3 18 32 38;0.0549,0.250,-8.006
7 9 18 32 38;0.0549,0.250,-8.006
3 7 9 23 38;0.0549,0.250,-8.006
7 18 23 32 38;0.0549,0.250,-8.006
1 9 18 31 32 38;0.0549,0.250,-8.006
3 6 41;0.0879,0.222,-7.940
3 23 34 42;0.0989,0.273,-7.923
2 10 41;0.0440,0.667,-7.917
6 9 11 38;0.0440,0.400,-7.899
1 9 11 20 38;0.0440,0.400,-7.899
1 3 9 11 38;0.0440,0.400,-7.899
1 9 20 31 38;0.0440,0.400,-7.899
6 9 18 20 38;0.0440,0.400,-7.899
6 9 18 23 38;0.0440,0.400,-7.899
7 9 11 20 38;0.0440,0.400,-7.899
3 7 9 11 38;0.0440,0.400,-7.899
1 14 16 31 34 38;0.0440,0.400,-7.899
7 14 16 31 34 38;0.0440,0.400,-7.899
1 3 6 11 20 38;0.0440,0.400,-7.899
1 14 18 23 31 34 38;0.0440,0.400,-7.899
7 14 18 23 31 34 38;0.0440,0.400,-7.899
9 16 23 31 32 34 38;0.0440,0.400,-7.899
3 9 18 23 31 32 34 38;0.0440,0.400,-7.899
1 7 32 42;0.1099,0.227,-7.859
9 12 23 42;0.0659,0.462,-7.820
18 20 23 37;0.1648,0.263,-7.818
3 9 21 34 39;0.0989,0.310,-7.758
1 3 18 38;0.0549,0.238,-7.734
7 9 18 38;0.0549,0.238,-7.734
1 9 18 31 38;0.0549,0.238,-7.734
1 9 31 32 38;0.0549,0.238,-7.734
1 18 23 31 38;0.0549,0.238,-7.734
7 18 23 31 38;0.0549,0.238,-7.734
3 7 41;0.0879,0.216,-7.697
20 34 41;0.0879,0.216,-7.697
6 12 20 40;0.0330,0.375,-7.682
12 16 20 40;0.0330,0.375,-7.682
1 16 20 40;0.0330,0.375,-7.682
1 12 18 23 40;0.0330,0.375,-7.682
6 12 18 23 40;0.0330,0.375,-7.682
7 12 18 23 40;0.0330,0.375,-7.682
16 27 32 34 40;0.0330,0.375,-7.682
20 27 32 34 40;0.0330,0.375,-7.682
18 27 32 34 40;0.0330,0.375,-7.682
1 3 18 23 40;0.0330,0.375,-7.682
3 6 18 20 40;0.0330,0.375,-7.682
3 6 18 23 40;0.0330,0.375,-7.682
3 7 18 23 40;0.0330,0.375,-7.682
6 9 12 23 34 40;0.0330,0.375,-7.682
3 6 12 23 34 40;0.0330,0.375,-7.682
1 9 18 23 34 40;0.0330,0.375,-7.682
7 9 18 23 34 40;0.0330,0.375,-7.682
1 7 39;0.1209,0.229,-7.647
16 31 39;0.1209,0.229,-7.647
3 9 18 31 39;0.1209,0.229,-7.647
3 6 32 42;0.0989,0.265,-7.630
3 9 34 42;0.0989,0.265,-7.630
11 18 31 34 37;0.0989,0.450,-7.630
11 18 21 34 37;0.0989,0.450,-7.630
3 9 23 32 42;0.1099,0.222,-7.608
19 42;0.0769,0.368,-7.604
18 23 37;0.1648,0.259,-7.519
1 9 31 38;0.0549,0.227,-7.476
1 23 31 38;0.0549,0.227,-7.476
1 9 23 38;0.0549,0.227,-7.476
1 3 23 38;0.0549,0.227,-7.476
7 23 31 38;0.0549,0.227,-7.476
7 9 23 38;0.0549,0.227,-7.476
1 9 18 32 38;0.0549,0.227,-7.476
1 9 11 38;0.0440,0.364,-7.457
7 9 11 38;0.0440,0.364,-7.457
1 14 16 34 38;0.0440,0.364,-7.457
7 14 16 34 38;0.0440,0.364,-7.457
1 3 6 11 38;0.0440,0.364,-7.457
1 3 11 20 38;0.0440,0.364,-7.457
1 9 18 20 38;0.0440,0.364,-7.457
1 14 18 23 34 38;0.0440,0.364,-7.457
7 14 18 23 34 38;0.0440,0.364,-7.457
1 3 6 9 20 38;0.0440,0.364,-7.457
3 6 7 9 20 38;0.0440,0.364,-7.457
9 16 23 31 34 38;0.0440,0.364,-7.457
3 9 18 23 31 34 38;0.0440,0.364,-7.457
9 18 23 31 32 34 38;0.0440,0.364,-7.457
3 9 23 31 32 34 38;0.0440,0.364,-7.457
9 21 34 39;0.0989,0.300,-7.430
10 34 41;0.0659,0.333,-7.415
10 11 41;0.0659,0.333,-7.415
3 9 31 39;0.1209,0.224,-7.393
1 32 42;0.1099,0.217,-7.363
9 34 42;0.0989,0.257,-7.348
12 14 23 42;0.0659,0.429,-7.304
6 12 23 42;0.0659,0.429,-7.304
1 12 20 40;0.0330,0.333,-7.277
12 20 23 40;0.0330,0.333,-7.277
3 12 20 40;0.0330,0.333,-7.277
27 32 34 40;0.0330,0.333,-7.277
9 12 23 34 40;0.0330,0.333,-7.277
3 12 23 34 40;0.0330,0.333,-7.277
1 3 18 20 40;0.0330,0.333,-7.277
7 9 18 20 40;0.0330,0.333,-7.277
1 3 6 12 23 40;0.0330,0.333,-7.277
3 6 7 12 23 40;0.0330,0.333,-7.277
1 6 9 18 20 40;0.0330,0.333,-7.277
1 6 9 18 23 40;0.0330,0.333,-7.277
1 9 18 20 23 40;0.0330,0.333,-7.277
6 7 9 18 23 40;0.0330,0.333,-7.277
13 34 41;0.0769,0.259,-7.272
1 9 18 38;0.0549,0.217,-7.231
1 18 23 38;0.0549,0.217,-7.231
7 18 23 38;0.0549,0.217,-7.231
6 7 23 41;0.0879,0.205,-7.231
18 20 21 37;0.1648,0.254,-7.226
1 16 30 40;0.0220,1.000,-7.219
1 18 30 40;0.0220,1.000,-7.219
6 16 30 40;0.0220,1.000,-7.219
6 18 30 40;0.0220,1.000,-7.219
7 16 30 40;0.0220,1.000,-7.219
7 18 30 40;0.0220,1.000,-7.219
12 16 30 34 40;0.0220,1.000,-7.219
12 18 30 34 40;0.0220,1.000,-7.219
12 18 23 30 40;0.0220,1.000,-7.219
16 30 32 34 40;0.0220,1.000,-7.219
18 30 32 34 40;0.0220,1.000,-7.219
11 31 34 37;0.0989,0.429,-7.147
11 18 34 37;0.0989,0.429,-7.147
1 39;0.1209,0.220,-7.144
6 7 39;0.1209,0.220,-7.144
9 18 31 39;0.1209,0.220,-7.144
3 18 31 39;0.1209,0.220,-7.144
14 23 25 38;0.0330,0.600,-7.137
6 14 16 20 38;0.0330,0.600,-7.137
6 14 16 23 38;0.0330,0.600,-7.137
3 6 11 14 38;0.0330,0.600,-7.137
7 14 16 20 38;0.0330,0.600,-7.137
11 14 16 34 38;0.0330,0.600,-7.137
3 7 11 14 20 38;0.0330,0.600,-7.137
3 11 14 18 34 38;0.0330,0.600,-7.137
3 6 9 14 20 34 38;0.0330,0.600,-7.137
7 32 42;0.1099,0.213,-7.124
9 23 32 42;0.1099,0.213,-7.124
21 31 34 39;0.0989,0.290,-7.116
3 6 42;0.0989,0.250,-7.076
6 23 32 42;0.0989,0.250,-7.076
21 31 34 37;0.1209,0.355,-7.073
1 3 11 38;0.0440,0.333,-7.061
7 14 16 31 38;0.0440,0.333,-7.061
14 16 31 34 38;0.0440,0.333,-7.061
1 11 18 32 38;0.0440,0.333,-7.061
6 11 31 32 38;0.0440,0.333,-7.061
6 11 18 32 38;0.0440,0.333,-7.061
3 6 9 20 38;0.0440,0.333,-7.061
7 11 18 32 38;0.0440,0.333,-7.061
3 7 9 20 38;0.0440,0.333,-7.061
14 18 23 31 34 38;0.0440,0.333,-7.061
3 14 18 31 34 38;0.0440,0.333,-7.061
16 23 31 32 34 38;0.0440,0.333,-7.061
9 16 23 32 34 38;0.0440,0.333,-7.061
9 18 23 31 34 38;0.0440,0.333,-7.061
3 9 23 31 34 38;0.0440,0.333,-7.061
9 23 31 32 34 38;0.0440,0.333,-7.061
3 18 23 31 32 34 38;0.0440,0.333,-7.061
3 9 18 23 32 34 38;0.0440,0.333,-7.061
6 10 41;0.0659,0.316,-7.059
7 10 41;0.0659,0.316,-7.059
23 31 36;0.3297,0.577,-7.049
6 23 41;0.0879,0.200,-7.008
11 36;0.3626,0.550,-6.954
9 12 20 40;0.0330,0.300,-6.920
12 18 23 40;0.0330,0.300,-6.920
16 27 34 40;0.0330,0.300,-6.920
20 27 34 40;0.0330,0.300,-6.920
18 27 34 40;0.0330,0.300,-6.920
1 3 12 23 40;0.0330,0.300,-6.920
6 12 23 34 40;0.0330,0.300,-6.920
3 6 12 23 40;0.0330,0.300,-6.920
3 7 12 23 40;0.0330,0.300,-6.920
1 9 18 23 40;0.0330,0.300,-6.920
6 9 18 20 40;0.0330,0.300,-6.920
6 9 18 23 40;0.0330,0.300,-6.920
7 9 18 23 40;0.0330,0.300,-6.920
1 6 9 12 23 40;0.0330,0.300,-6.920
6 7 9 12 23 40;0.0330,0.300,-6.920
3 6 9 20 34 40;0.0330,0.300,-6.920
28 42;0.0330,1.000,-6.920
6 39;0.1209,0.216,-6.901
9 31 39;0.1209,0.216,-6.901
3 31 39;0.1209,0.216,-6.901
1 7 42;0.1099,0.208,-6.890
6 23 25 42;0.0440,0.667,-6.857
6 14 23 42;0.0769,0.333,-6.840
14 23 34 42;0.0769,0.333,-6.840
3 14 34 42;0.0769,0.333,-6.840
7 23 41;0.0879,0.195,-6.791
3 7 23 32 38;0.0549,0.200,-6.775
3 11 13 41;0.0769,0.241,-6.735
20 21 34 37;0.1209,0.344,-6.712
7 14 16 38;0.0440,0.308,-6.703
14 16 34 38;0.0440,0.308,-6.703
14 23 31 34 38;0.0440,0.308,-6.703
3 14 31 34 38;0.0440,0.308,-6.703
14 18 23 34 38;0.0440,0.308,-6.703
3 14 18 34 38;0.0440,0.308,-6.703
1 6 9 20 38;0.0440,0.308,-6.703
1 3 6 20 38;0.0440,0.308,-6.703
1 11 31 32 38;0.0440,0.308,-6.703
6 7 9 20 38;0.0440,0.308,-6.703
7 11 31 32 38;0.0440,0.308,-6.703
16 23 31 34 38;0.0440,0.308,-6.703
9 23 31 34 38;0.0440,0.308,-6.703
9 14 18 31 34 38;0.0440,0.308,-6.703
1 16 31 32 34 38;0.0440,0.308,-6.703
3 6 11 20 32 38;0.0440,0.308,-6.703
7 16 31 32 34 38;0.0440,0.308,-6.703
3 18 23 31 34 38;0.0440,0.308,-6.703
3 23 31 32 34 38;0.0440,0.308,-6.703
9 18 23 32 34 38;0.0440,0.308,-6.703
7 39;0.1209,0.212,-6.664
18 20 37;0.1648,0.246,-6.656
27 34 40;0.0330,0.273,-6.602
12 23 34 40;0.0330,0.273,-6.602
1 9 12 23 40;0.0330,0.273,-6.602
6 9 12 23 40;0.0330,0.273,-6.602
7 9 12 23 40;0.0330,0.273,-6.602
1 9 18 20 40;0.0330,0.273,-6.602
6 9 20 34 40;0.0330,0.273,-6.602
6 12 16 32 34 40;0.0330,0.273,-6.602
1 3 6 9 20 40;0.0330,0.273,-6.602
1 3 9 20 34 40;0.0330,0.273,-6.602
3 6 7 9 20 40;0.0330,0.273,-6.602
3 7 9 20 34 40;0.0330,0.273,-6.602
9 16 20 32 34 40;0.0330,0.273,-6.602
6 9 12 18 32 34 40;0.0330,0.273,-6.602
3 6 12 18 32 34 40;0.0330,0.273,-6.602
3 9 18 20 32 34 40;0.0330,0.273,-6.602
7 14 42;0.0879,0.276,-6.598
3 14 23 32 42;0.0879,0.276,-6.598
6 34 41;0.0879,0.190,-6.579
3 34 41;0.0879,0.190,-6.579
3 7 23 38;0.0549,0.192,-6.561
23 32 34 42;0.0989,0.237,-6.559
3 32 34 42;0.0989,0.237,-6.559
18 31 34 39;0.0989,0.273,-6.526
18 21 34 39;0.0989,0.273,-6.526
3 13 20 41;0.0769,0.233,-6.482
3 13 23 41;0.0769,0.233,-6.482
6 16 20 38;0.0330,0.500,-6.461
6 16 23 38;0.0330,0.500,-6.461
7 16 20 38;0.0330,0.500,-6.461
3 7 11 14 38;0.0330,0.500,-6.461
1 16 20 34 38;0.0330,0.500,-6.461
1 16 20 31 38;0.0330,0.500,-6.461
1 11 14 18 34 38;0.0330,0.500,-6.461
3 6 7 14 20 38;0.0330,0.500,-6.461
6 11 14 31 34 38;0.0330,0.500,-6.461
6 11 14 18 34 38;0.0330,0.500,-6.461
6 9 14 20 34 38;0.0330,0.500,-6.461
3 6 14 20 34 38;0.0330,0.500,-6.461
7 11 14 18 34 38;0.0330,0.500,-6.461
9 11 14 18 34 38;0.0330,0.500,-6.461
1 3 9 14 20 34 38;0.0330,0.500,-6.461
3 9 11 14 20 34 38;0.0330,0.500,-6.461
1 42;0.1099,0.200,-6.439
10 41;0.0659,0.286,-6.413
12 23 42;0.0659,0.375,-6.413
21 31 37;0.1648,0.242,-6.379
6 9 20 38;0.0440,0.286,-6.377
7 9 20 38;0.0440,0.286,-6.377
1 14 16 31 38;0.0440,0.286,-6.377
9 14 31 34 38;0.0440,0.286,-6.377
9 14 18 34 38;0.0440,0.286,-6.377
1 3 7 20 38;0.0440,0.286,-6.377
1 16 31 34 38;0.0440,0.286,-6.377
1 3 9 20 38;0.0440,0.286,-6.377
3 6 11 20 38;0.0440,0.286,-6.377
3 6 11 32 38;0.0440,0.286,-6.377
7 16 31 34 38;0.0440,0.286,-6.377
9 16 23 34 38;0.0440,0.286,-6.377
16 23 32 34 38;0.0440,0.286,-6.377
3 23 31 34 38;0.0440,0.286,-6.377
3 7 11 20 32 38;0.0440,0.286,-6.377
3 9 18 23 34 38;0.0440,0.286,-6.377
3 18 23 32 34 38;0.0440,0.286,-6.377
18 31 34 37;0.1209,0.333,-6.368
18 21 34 37;0.1209,0.333,-6.368
3 9 14 23 42;0.0879,0.267,-6.316
3 12 23 40;0.0330,0.250,-6.314
6 12 16 34 40;0.0330,0.250,-6.314
12 16 32 34 40;0.0330,0.250,-6.314
1 9 20 34 40;0.0330,0.250,-6.314
3 6 9 20 40;0.0330,0.250,-6.314
7 9 20 34 40;0.0330,0.250,-6.314
3 7 9 20 40;0.0330,0.250,-6.314
6 9 12 18 34 40;0.0330,0.250,-6.314
3 6 12 18 34 40;0.0330,0.250,-6.314
9 12 18 32 34 40;0.0330,0.250,-6.314
3 12 18 32 34 40;0.0330,0.250,-6.314
1 3 6 20 34 40;0.0330,0.250,-6.314
1 3 9 20 23 40;0.0330,0.250,-6.314
9 16 23 32 34 40;0.0330,0.250,-6.314
9 18 20 32 34 40;0.0330,0.250,-6.314
3 9 18 23 32 34 40;0.0330,0.250,-6.314
31 34 39;0.0989,0.265,-6.249
3 9 34 39;0.0989,0.265,-6.249
9 16 39;0.1209,0.204,-6.203
7 34 41;0.0879,0.182,-6.173
23 34 41;0.0879,0.182,-6.173
7 18 31 32 38;0.0549,0.179,-6.159
3 9 18 23 31 32 38;0.0549,0.179,-6.159
12 16 30 40;0.0220,0.667,-6.128
12 20 30 40;0.0220,0.667,-6.128
12 18 30 40;0.0220,0.667,-6.128
16 30 34 40;0.0220,0.667,-6.128
18 30 34 40;0.0220,0.667,-6.128
20 21 23 37;0.1648,0.238,-6.107
1 14 16 38;0.0440,0.267,-6.077
1 11 18 38;0.0440,0.267,-6.077
6 11 31 38;0.0440,0.267,-6.077
6 11 18 38;0.0440,0.267,-6.077
3 6 11 38;0.0440,0.267,-6.077
7 11 18 38;0.0440,0.267,-6.077
1 16 32 34 38;0.0440,0.267,-6.077
7 16 32 34 38;0.0440,0.267,-6.077
7 16 31 32 38;0.0440,0.267,-6.077
3 7 11 20 38;0.0440,0.267,-6.077
3 7 11 32 38;0.0440,0.267,-6.077
9 18 23 34 38;0.0440,0.267,-6.077
1 14 18 31 34 38;0.0440,0.267,-6.077
7 14 18 31 34 38;0.0440,0.267,-6.077
3 9 14 23 34 38;0.0440,0.267,-6.077
6 23 42;0.0989,0.225,-6.074
23 25 42;0.0440,0.571,-6.068
12 20 40;0.0330,0.231,-6.052
12 16 34 40;0.0330,0.231,-6.052
9 12 23 40;0.0330,0.231,-6.052
1 6 12 23 40;0.0330,0.231,-6.052
6 7 12 23 40;0.0330,0.231,-6.052
6 12 16 32 40;0.0330,0.231,-6.052
9 12 18 34 40;0.0330,0.231,-6.052
3 12 18 34 40;0.0330,0.231,-6.052
1 6 9 20 40;0.0330,0.231,-6.052
1 3 6 20 40;0.0330,0.231,-6.052
1 3 20 34 40;0.0330,0.231,-6.052
6 7 9 20 40;0.0330,0.231,-6.052
9 16 20 34 40;0.0330,0.231,-6.052
16 20 32 34 40;0.0330,0.231,-6.052
6 12 18 32 34 40;0.0330,0.231,-6.052
3 9 18 20 34 40;0.0330,0.231,-6.052
9 18 23 32 34 40;0.0330,0.231,-6.052
3 18 20 32 34 40;0.0330,0.231,-6.052
1 3 6 12 18 32 40;0.0330,0.231,-6.052
3 6 7 12 18 32 40;0.0330,0.231,-6.052
3 14 23 42;0.0879,0.258,-6.046
31 34 37;0.1209,0.324,-6.040
11 16 25 38;0.0220,1.000,-6.015
11 25 31 38;0.0220,1.000,-6.015
11 18 25 38;0.0220,1.000,-6.015
1 11 27 38;0.0220,1.000,-6.015
6 11 27 38;0.0220,1.000,-6.015
7 11 27 38;0.0220,1.000,-6.015
16 22 25 34 38;0.0220,1.000,-6.015
22 25 31 34 38;0.0220,1.000,-6.015
18 22 25 34 38;0.0220,1.000,-6.015
16 22 31 34 38;0.0220,1.000,-6.015
18 22 31 34 38;0.0220,1.000,-6.015
16 22 23 31 38;0.0220,1.000,-6.015
18 22 23 31 38;0.0220,1.000,-6.015
6 14 20 25 38;0.0220,1.000,-6.015
7 14 20 25 38;0.0220,1.000,-6.015
14 20 25 34 38;0.0220,1.000,-6.015
11 14 20 25 38;0.0220,1.000,-6.015
6 20 25 31 38;0.0220,1.000,-6.015
6 18 20 25 38;0.0220,1.000,-6.015
7 20 25 31 38;0.0220,1.000,-6.015
7 18 20 25 38;0.0220,1.000,-6.015
16 20 25 34 38;0.0220,1.000,-6.015
20 25 31 34 38;0.0220,1.000,-6.015
18 20 25 34 38;0.0220,1.000,-6.015
7 42;0.1099,0.192,-6.007
3 23 32 42;0.1099,0.192,-6.007
9 34 39;0.0989,0.257,-5.982
3 21 34 39;0.0989,0.257,-5.982
7 31 32 38;0.0549,0.172,-5.970
3 9 23 31 32 38;0.0549,0.172,-5.970
23 25 38;0.0330,0.429,-5.919
3 6 14 20 38;0.0330,0.429,-5.919
3 7 14 20 38;0.0330,0.429,-5.919
1 11 14 31 34 38;0.0330,0.429,-5.919
1 9 14 20 34 38;0.0330,0.429,-5.919
1 3 14 20 34 38;0.0330,0.429,-5.919
6 11 14 20 34 38;0.0330,0.429,-5.919
7 11 14 31 34 38;0.0330,0.429,-5.919
9 11 14 20 34 38;0.0330,0.429,-5.919
3 9 11 14 34 38;0.0330,0.429,-5.919
3 11 14 20 34 38;0.0330,0.429,-5.919
1 3 11 20 21 41;0.0440,0.444,-5.904
21 31 36;0.3626,0.532,-5.821
1 12 23 40;0.0330,0.214,-5.810
6 12 16 40;0.0330,0.214,-5.810
6 12 23 40;0.0330,0.214,-5.810
7 12 23 40;0.0330,0.214,-5.810
6 9 20 40;0.0330,0.214,-5.810
7 9 20 40;0.0330,0.214,-5.810
6 12 18 34 40;0.0330,0.214,-5.810
7 12 16 32 40;0.0330,0.214,-5.810
12 18 32 34 40;0.0330,0.214,-5.810
1 3 7 20 40;0.0330,0.214,-5.810
1 9 20 23 40;0.0330,0.214,-5.810
1 3 9 20 40;0.0330,0.214,-5.810
1 3 20 23 40;0.0330,0.214,-5.810
6 16 32 34 40;0.0330,0.214,-5.810
9 16 23 34 40;0.0330,0.214,-5.810
16 23 32 34 40;0.0330,0.214,-5.810
9 18 20 34 40;0.0330,0.214,-5.810
1 3 6 12 18 40;0.0330,0.214,-5.810
3 6 7 12 18 40;0.0330,0.214,-5.810
3 6 12 18 32 40;0.0330,0.214,-5.810
3 7 12 18 32 40;0.0330,0.214,-5.810
1 18 20 32 34 40;0.0330,0.214,-5.810
6 18 20 32 34 40;0.0330,0.214,-5.810
6 18 23 32 34 40;0.0330,0.214,-5.810
3 6 18 32 34 40;0.0330,0.214,-5.810
7 18 20 32 34 40;0.0330,0.214,-5.810
3 9 18 23 34 40;0.0330,0.214,-5.810
3 18 23 32 34 40;0.0330,0.214,-5.810
1 6 9 12 18 32 40;0.0330,0.214,-5.810
6 7 9 12 18 32 40;0.0330,0.214,-5.810
1 16 34 38;0.0440,0.250,-5.799
1 11 31 38;0.0440,0.250,-5.799
1 9 20 38;0.0440,0.250,-5.799
1 3 20 38;0.0440,0.250,-5.799
7 16 34 38;0.0440,0.250,-5.799
7 16 31 38;0.0440,0.250,-5.799
7 11 31 38;0.0440,0.250,-5.799
3 7 11 38;0.0440,0.250,-5.799
16 23 34 38;0.0440,0.250,-5.799
1 14 31 34 38;0.0440,0.250,-5.799
1 14 18 34 38;0.0440,0.250,-5.799
7 14 31 34 38;0.0440,0.250,-5.799
7 14 18 34 38;0.0440,0.250,-5.799
9 14 23 34 38;0.0440,0.250,-5.799
3 14 23 34 38;0.0440,0.250,-5.799
3 6 31 32 38;0.0440,0.250,-5.799
3 18 23 34 38;0.0440,0.250,-5.799
14 16 23 31 32 38;0.0440,0.250,-5.799
3 6 7 20 32 38;0.0440,0.250,-5.799
3 9 23 42;0.1099,0.189,-5.798
7 18 32 38;0.0549,0.167,-5.788
1 18 31 32 38;0.0549,0.167,-5.788
3 7 9 32 38;0.0549,0.167,-5.788
9 18 23 31 32 38;0.0549,0.167,-5.788
3 18 23 31 32 38;0.0549,0.167,-5.788
9 14 23 42;0.0879,0.250,-5.787
16 39;0.1209,0.196,-5.762
3 9 18 39;0.1209,0.196,-5.762
18 34 39;0.0989,0.250,-5.725
3 34 42;0.0989,0.214,-5.619
1 31 32 38;0.0549,0.161,-5.612
3 7 9 38;0.0549,0.161,-5.612
9 23 31 32 38;0.0549,0.161,-5.612
3 23 31 32 38;0.0549,0.161,-5.612
11 21 25 42;0.0330,0.750,-5.595
7 12 16 40;0.0330,0.200,-5.587
12 18 34 40;0.0330,0.200,-5.587
6 16 34 40;0.0330,0.200,-5.587
16 20 34 40;0.0330,0.200,-5.587
3 6 12 18 40;0.0330,0.200,-5.587
3 7 12 18 40;0.0330,0.200,-5.587
1 16 32 34 40;0.0330,0.200,-5.587
3 6 18 34 40;0.0330,0.200,-5.587
7 16 32 34 40;0.0330,0.200,-5.587
9 18 23 34 40;0.0330,0.200,-5.587
3 18 20 34 40;0.0330,0.200,-5.587
1 6 9 12 18 40;0.0330,0.200,-5.587
6 7 9 12 18 40;0.0330,0.200,-5.587
6 9 12 18 32 40;0.0330,0.200,-5.587
7 9 12 18 32 40;0.0330,0.200,-5.587
1 18 23 32 34 40;0.0330,0.200,-5.587
1 3 18 32 34 40;0.0330,0.200,-5.587
6 9 18 32 34 40;0.0330,0.200,-5.587
3 6 20 32 34 40;0.0330,0.200,-5.587
7 18 23 32 34 40;0.0330,0.200,-5.587
3 7 18 32 34 40;0.0330,0.200,-5.587
18 31 37;0.1648,0.231,-5.578
3 13 41;0.0769,0.206,-5.567
3 6 31 38;0.0440,0.235,-5.542
7 16 32 38;0.0440,0.235,-5.542
14 18 31 34 38;0.0440,0.235,-5.542
14 16 23 31 38;0.0440,0.235,-5.542
3 6 7 20 38;0.0440,0.235,-5.542
3 6 20 32 38;0.0440,0.235,-5.542
3 7 20 32 38;0.0440,0.235,-5.542
1 16 20 38;0.0330,0.375,-5.467
14 25 31 34 38;0.0330,0.375,-5.467
14 18 25 34 38;0.0330,0.375,-5.467
6 11 14 34 38;0.0330,0.375,-5.467
6 11 14 20 38;0.0330,0.375,-5.467
9 11 14 34 38;0.0330,0.375,-5.467
11 14 18 34 38;0.0330,0.375,-5.467
3 11 14 34 38;0.0330,0.375,-5.467
1 11 14 20 34 38;0.0330,0.375,-5.467
7 11 14 20 34 38;0.0330,0.375,-5.467
3 9 14 20 34 38;0.0330,0.375,-5.467
9 11 16 32 34 38;0.0330,0.375,-5.467
3 9 11 18 32 34 38;0.0330,0.375,-5.467
16 27 30 32 40;0.0220,0.500,-5.442
20 27 30 32 40;0.0220,0.500,-5.442
18 27 30 32 40;0.0220,0.500,-5.442
1 18 32 38;0.0549,0.156,-5.442
7 18 31 38;0.0549,0.156,-5.442
7 9 32 38;0.0549,0.156,-5.442
1 3 7 32 38;0.0549,0.156,-5.442
1 3 9 32 38;0.0549,0.156,-5.442
1 3 11 21 41;0.0440,0.400,-5.432
18 34 37;0.1209,0.306,-5.426
3 11 20 41;0.0879,0.167,-5.417
9 23 42;0.1099,0.182,-5.392
12 23 40;0.0330,0.188,-5.380
1 16 34 40;0.0330,0.188,-5.380
1 9 20 40;0.0330,0.188,-5.380
1 3 20 40;0.0330,0.188,-5.380
6 16 32 40;0.0330,0.188,-5.380
7 16 34 40;0.0330,0.188,-5.380
16 23 34 40;0.0330,0.188,-5.380
1 12 16 32 40;0.0330,0.188,-5.380
6 9 12 18 40;0.0330,0.188,-5.380
7 9 12 18 40;0.0330,0.188,-5.380
1 3 18 34 40;0.0330,0.188,-5.380
6 9 18 34 40;0.0330,0.188,-5.380
3 6 20 34 40;0.0330,0.188,-5.380
3 7 18 34 40;0.0330,0.188,-5.380
3 18 23 34 40;0.0330,0.188,-5.380
1 3 12 18 32 40;0.0330,0.188,-5.380
6 9 12 32 34 40;0.0330,0.188,-5.380
3 6 12 32 34 40;0.0330,0.188,-5.380
1 9 18 32 34 40;0.0330,0.188,-5.380
3 6 7 20 32 40;0.0330,0.188,-5.380
3 6 9 23 34 40;0.0330,0.188,-5.380
7 9 18 32 34 40;0.0330,0.188,-5.380
3 7 20 32 34 40;0.0330,0.188,-5.380
3 9 20 32 34 40;0.0330,0.188,-5.380
9 18 39;0.1209,0.190,-5.337
3 18 39;0.1209,0.190,-5.337
6 12 14 42;0.0659,0.316,-5.330
31 37;0.1648,0.227,-5.320
7 16 38;0.0440,0.222,-5.301
14 31 34 38;0.0440,0.222,-5.301
14 18 34 38;0.0440,0.222,-5.301
1 16 31 38;0.0440,0.222,-5.301
3 6 20 38;0.0440,0.222,-5.301
3 7 20 38;0.0440,0.222,-5.301
6 9 31 32 38;0.0440,0.222,-5.301
6 20 31 32 38;0.0440,0.222,-5.301
6 23 31 32 38;0.0440,0.222,-5.301
3 6 18 32 38;0.0440,0.222,-5.301
1 3 9 14 34 38;0.0440,0.222,-5.301
3 14 18 23 31 38;0.0440,0.222,-5.301
1 6 11 20 32 38;0.0440,0.222,-5.301
9 16 31 32 34 38;0.0440,0.222,-5.301
3 9 18 31 32 34 38;0.0440,0.222,-5.301
14 34 42;0.0769,0.269,-5.297
7 31 38;0.0549,0.152,-5.278
7 9 38;0.0549,0.152,-5.278
1 3 7 38;0.0549,0.152,-5.278
1 3 9 38;0.0549,0.152,-5.278
3 9 18 23 32 38;0.0549,0.152,-5.278
3 11 41;0.0879,0.163,-5.239
23 34 42;0.0989,0.205,-5.190
6 16 40;0.0330,0.176,-5.185
1 12 16 40;0.0330,0.176,-5.185
7 16 32 40;0.0330,0.176,-5.185
1 3 12 18 40;0.0330,0.176,-5.185
6 9 12 34 40;0.0330,0.176,-5.185
3 6 12 34 40;0.0330,0.176,-5.185
9 12 32 34 40;0.0330,0.176,-5.185
3 12 32 34 40;0.0330,0.176,-5.185
1 9 18 34 40;0.0330,0.176,-5.185
1 18 20 34 40;0.0330,0.176,-5.185
3 6 7 20 40;0.0330,0.176,-5.185
6 9 23 34 40;0.0330,0.176,-5.185
6 18 20 34 40;0.0330,0.176,-5.185
6 18 23 34 40;0.0330,0.176,-5.185
3 6 20 32 40;0.0330,0.176,-5.185
7 9 18 34 40;0.0330,0.176,-5.185
7 18 20 34 40;0.0330,0.176,-5.185
3 7 20 34 40;0.0330,0.176,-5.185
3 7 20 32 40;0.0330,0.176,-5.185
9 20 32 34 40;0.0330,0.176,-5.185
1 6 12 18 32 40;0.0330,0.176,-5.185
1 9 12 18 32 40;0.0330,0.176,-5.185
6 7 12 18 32 40;0.0330,0.176,-5.185
1 3 6 18 32 40;0.0330,0.176,-5.185
3 6 7 18 32 40;0.0330,0.176,-5.185
11 13 41;0.0769,0.194,-5.157
20 34 37;0.1209,0.297,-5.138
21 23 34 37;0.1209,0.297,-5.138
7 18 38;0.0549,0.147,-5.119
1 18 31 38;0.0549,0.147,-5.119
1 9 32 38;0.0549,0.147,-5.119
1 23 32 38;0.0549,0.147,-5.119
1 3 32 38;0.0549,0.147,-5.119
3 9 18 23 31 38;0.0549,0.147,-5.119
21 23 36;0.3846,0.507,-5.095
6 11 14 38;0.0330,0.333,-5.079
1 11 14 34 38;0.0330,0.333,-5.079
1 11 14 20 38;0.0330,0.333,-5.079
7 11 14 34 38;0.0330,0.333,-5.079
7 11 14 20 38;0.0330,0.333,-5.079
9 14 20 34 38;0.0330,0.333,-5.079
3 14 20 34 38;0.0330,0.333,-5.079
9 11 16 31 34 38;0.0330,0.333,-5.079
9 11 18 32 34 38;0.0330,0.333,-5.079
3 9 11 18 31 34 38;0.0330,0.333,-5.079
3 9 11 31 32 34 38;0.0330,0.333,-5.079
1 16 32 38;0.0440,0.211,-5.075
6 9 31 38;0.0440,0.211,-5.075
3 6 18 38;0.0440,0.211,-5.075
1 9 14 34 38;0.0440,0.211,-5.075
1 14 23 34 38;0.0440,0.211,-5.075
1 3 14 34 38;0.0440,0.211,-5.075
7 14 23 34 38;0.0440,0.211,-5.075
3 7 14 34 38;0.0440,0.211,-5.075
14 16 23 32 38;0.0440,0.211,-5.075
3 14 23 31 38;0.0440,0.211,-5.075
1 6 11 32 38;0.0440,0.211,-5.075
1 11 20 32 38;0.0440,0.211,-5.075
3 6 9 23 38;0.0440,0.211,-5.075
9 18 31 32 34 38;0.0440,0.211,-5.075
3 9 31 32 34 38;0.0440,0.211,-5.075
20 21 37;0.1648,0.224,-5.066
6 7 41;0.0879,0.160,-5.064
1 3 20 21 23 41;0.0440,0.364,-5.020
7 16 40;0.0330,0.167,-5.003
9 12 34 40;0.0330,0.167,-5.003
3 12 34 40;0.0330,0.167,-5.003
3 6 20 40;0.0330,0.167,-5.003
3 7 20 40;0.0330,0.167,-5.003
1 6 12 18 40;0.0330,0.167,-5.003
1 9 12 18 40;0.0330,0.167,-5.003
6 7 12 18 40;0.0330,0.167,-5.003
6 12 32 34 40;0.0330,0.167,-5.003
6 12 18 32 40;0.0330,0.167,-5.003
7 12 18 32 40;0.0330,0.167,-5.003
1 3 6 18 40;0.0330,0.167,-5.003
1 18 23 34 40;0.0330,0.167,-5.003
3 6 7 18 40;0.0330,0.167,-5.003
3 6 18 32 40;0.0330,0.167,-5.003
7 18 23 34 40;0.0330,0.167,-5.003
3 7 18 32 40;0.0330,0.167,-5.003
3 9 20 34 40;0.0330,0.167,-5.003
1 3 6 23 34 40;0.0330,0.167,-5.003
1 3 6 9 23 40;0.0330,0.167,-5.003
1 3 9 23 34 40;0.0330,0.167,-5.003
3 6 7 9 23 40;0.0330,0.167,-5.003
3 7 9 23 34 40;0.0330,0.167,-5.003
2 22 41;0.0220,1.000,-4.985
13 22 41;0.0220,1.000,-4.985
1 31 38;0.0549,0.143,-4.965
1 9 38;0.0549,0.143,-4.965
1 3 38;0.0549,0.143,-4.965
3 7 32 38;0.0549,0.143,-4.965
3 9 23 31 38;0.0549,0.143,-4.965
9 18 23 32 38;0.0549,0.143,-4.965
3 18 23 32 38;0.0549,0.143,-4.965
16 27 30 40;0.0220,0.400,-4.939
20 27 30 40;0.0220,0.400,-4.939
18 27 30 40;0.0220,0.400,-4.939
27 30 32 40;0.0220,0.400,-4.939
16 23 30 32 40;0.0220,0.400,-4.939
18 23 30 32 40;0.0220,0.400,-4.939
22 25 34 38;0.0220,0.667,-4.939
16 22 25 38;0.0220,0.667,-4.939
22 25 31 38;0.0220,0.667,-4.939
18 22 25 38;0.0220,0.667,-4.939
16 22 34 38;0.0220,0.667,-4.939
22 31 34 38;0.0220,0.667,-4.939
18 22 34 38;0.0220,0.667,-4.939
16 22 31 38;0.0220,0.667,-4.939
16 22 23 38;0.0220,0.667,-4.939
18 22 31 38;0.0220,0.667,-4.939
22 23 31 38;0.0220,0.667,-4.939
18 22 23 38;0.0220,0.667,-4.939
11 14 25 38;0.0220,0.667,-4.939
6 41;0.0879,0.157,-4.894
1 16 38;0.0440,0.200,-4.863
1 11 32 38;0.0440,0.200,-4.863
3 9 14 34 38;0.0440,0.200,-4.863
6 9 18 32 38;0.0440,0.200,-4.863
6 18 20 32 38;0.0440,0.200,-4.863
6 18 23 32 38;0.0440,0.200,-4.863
9 16 31 34 38;0.0440,0.200,-4.863
16 31 32 34 38;0.0440,0.200,-4.863
9 16 32 34 38;0.0440,0.200,-4.863
9 31 32 34 38;0.0440,0.200,-4.863
9 14 18 23 31 38;0.0440,0.200,-4.863
3 9 18 31 34 38;0.0440,0.200,-4.863
18 23 31 32 34 38;0.0440,0.200,-4.863
3 18 31 32 34 38;0.0440,0.200,-4.863
3 9 18 32 34 38;0.0440,0.200,-4.863
14 23 32 42;0.0879,0.222,-4.849
6 12 34 40;0.0330,0.158,-4.831
6 12 18 40;0.0330,0.158,-4.831
7 12 18 40;0.0330,0.158,-4.831
12 32 34 40;0.0330,0.158,-4.831
12 16 32 40;0.0330,0.158,-4.831
1 16 32 40;0.0330,0.158,-4.831
3 6 18 40;0.0330,0.158,-4.831
3 7 18 40;0.0330,0.158,-4.831
9 20 34 40;0.0330,0.158,-4.831
1 9 23 34 40;0.0330,0.158,-4.831
3 6 9 23 40;0.0330,0.158,-4.831
7 9 23 34 40;0.0330,0.158,-4.831
7 18 20 32 40;0.0330,0.158,-4.831
1 3 6 12 32 40;0.0330,0.158,-4.831
3 6 7 12 32 40;0.0330,0.158,-4.831
1 6 9 18 32 40;0.0330,0.158,-4.831
1 6 18 20 32 40;0.0330,0.158,-4.831
1 6 18 23 32 40;0.0330,0.158,-4.831
1 18 20 23 32 40;0.0330,0.158,-4.831
6 7 9 18 32 40;0.0330,0.158,-4.831
6 7 18 23 32 40;0.0330,0.158,-4.831
20 23 37;0.1648,0.221,-4.817
1 18 38;0.0549,0.139,-4.815
9 18 23 31 38;0.0549,0.139,-4.815
3 18 23 31 38;0.0549,0.139,-4.815
6 14 42;0.0769,0.250,-4.788
6 32 42;0.0989,0.196,-4.786
32 34 42;0.0989,0.196,-4.786
13 20 41;0.0769,0.184,-4.774
13 23 41;0.0769,0.184,-4.774
11 25 42;0.0330,0.600,-4.741
14 25 34 38;0.0330,0.300,-4.741
1 11 14 38;0.0330,0.300,-4.741
7 11 14 38;0.0330,0.300,-4.741
11 14 20 34 38;0.0330,0.300,-4.741
9 11 16 34 38;0.0330,0.300,-4.741
11 16 32 34 38;0.0330,0.300,-4.741
9 11 18 31 34 38;0.0330,0.300,-4.741
3 9 11 31 34 38;0.0330,0.300,-4.741
3 9 11 18 34 38;0.0330,0.300,-4.741
3 11 18 32 34 38;0.0330,0.300,-4.741
7 41;0.0879,0.154,-4.727
21 36;0.4286,0.470,-4.727
1 23 38;0.0549,0.135,-4.670
3 7 38;0.0549,0.135,-4.670
7 23 32 38;0.0549,0.135,-4.670
9 23 31 38;0.0549,0.135,-4.670
3 23 31 38;0.0549,0.135,-4.670
12 34 40;0.0330,0.150,-4.669
12 16 40;0.0330,0.150,-4.669
1 16 40;0.0330,0.150,-4.669
1 3 6 12 40;0.0330,0.150,-4.669
1 12 18 32 40;0.0330,0.150,-4.669
3 6 7 12 40;0.0330,0.150,-4.669
3 6 12 32 40;0.0330,0.150,-4.669
3 7 12 32 40;0.0330,0.150,-4.669
3 12 18 32 40;0.0330,0.150,-4.669
1 6 9 18 40;0.0330,0.150,-4.669
1 6 9 23 40;0.0330,0.150,-4.669
1 3 6 23 40;0.0330,0.150,-4.669
1 3 23 34 40;0.0330,0.150,-4.669
1 3 9 23 40;0.0330,0.150,-4.669
1 18 23 32 40;0.0330,0.150,-4.669
1 3 18 32 40;0.0330,0.150,-4.669
6 7 9 18 40;0.0330,0.150,-4.669
6 7 9 23 40;0.0330,0.150,-4.669
6 9 18 32 40;0.0330,0.150,-4.669
6 18 20 32 40;0.0330,0.150,-4.669
6 18 23 32 40;0.0330,0.150,-4.669
7 9 18 32 40;0.0330,0.150,-4.669
3 7 9 23 40;0.0330,0.150,-4.669
7 18 23 32 40;0.0330,0.150,-4.669
9 16 32 34 40;0.0330,0.150,-4.669
1 6 9 12 32 40;0.0330,0.150,-4.669
6 7 9 12 32 40;0.0330,0.150,-4.669
1 6 20 32 34 40;0.0330,0.150,-4.669
3 9 18 32 34 40;0.0330,0.150,-4.669
9 14 34 38;0.0440,0.190,-4.662
14 23 34 38;0.0440,0.190,-4.662
3 14 34 38;0.0440,0.190,-4.662
14 16 23 38;0.0440,0.190,-4.662
6 20 31 38;0.0440,0.190,-4.662
6 23 31 38;0.0440,0.190,-4.662
6 9 18 38;0.0440,0.190,-4.662
6 9 23 38;0.0440,0.190,-4.662
1 6 11 20 38;0.0440,0.190,-4.662
6 11 20 32 38;0.0440,0.190,-4.662
9 18 31 34 38;0.0440,0.190,-4.662
3 9 31 34 38;0.0440,0.190,-4.662
23 31 32 34 38;0.0440,0.190,-4.662
3 31 32 34 38;0.0440,0.190,-4.662
9 18 32 34 38;0.0440,0.190,-4.662
3 9 32 42;0.1099,0.169,-4.628
18 21 37;0.1648,0.217,-4.572
21 23 37;0.1648,0.217,-4.572
34 41;0.0879,0.151,-4.563
3 20 23 41;0.0879,0.151,-4.563
27 30 40;0.0220,0.333,-4.541
16 30 32 40;0.0220,0.333,-4.541
18 30 32 40;0.0220,0.333,-4.541
1 12 18 40;0.0330,0.143,-4.515
3 6 12 40;0.0330,0.143,-4.515
3 7 12 40;0.0330,0.143,-4.515
3 12 18 40;0.0330,0.143,-4.515
1 3 18 40;0.0330,0.143,-4.515
6 9 18 40;0.0330,0.143,-4.515
6 9 23 40;0.0330,0.143,-4.515
7 9 18 40;0.0330,0.143,-4.515
1 6 9 12 40;0.0330,0.143,-4.515
6 7 9 12 40;0.0330,0.143,-4.515
6 9 12 32 40;0.0330,0.143,-4.515
7 9 12 32 40;0.0330,0.143,-4.515
9 12 18 32 40;0.0330,0.143,-4.515
1 20 32 34 40;0.0330,0.143,-4.515
1 18 20 32 40;0.0330,0.143,-4.515
9 18 32 34 40;0.0330,0.143,-4.515
18 20 32 34 40;0.0330,0.143,-4.515
3 6 23 32 34 40;0.0330,0.143,-4.515
12 29 42;0.0220,1.000,-4.511
9 14 29 42;0.0220,1.000,-4.511
13 20 25 42;0.0220,1.000,-4.511
7 14 23 38;0.0440,0.182,-4.472
1 6 11 38;0.0440,0.182,-4.472
1 11 20 38;0.0440,0.182,-4.472
6 11 32 38;0.0440,0.182,-4.472
16 31 34 38;0.0440,0.182,-4.472
16 32 34 38;0.0440,0.182,-4.472
9 31 34 38;0.0440,0.182,-4.472
3 14 18 23 38;0.0440,0.182,-4.472
7 11 20 32 38;0.0440,0.182,-4.472
3 18 31 34 38;0.0440,0.182,-4.472
18 23 32 34 38;0.0440,0.182,-4.472
3 18 32 34 38;0.0440,0.182,-4.472
3 12 14 42;0.0659,0.273,-4.461
11 14 34 38;0.0330,0.273,-4.441
25 31 32 34 38;0.0330,0.273,-4.441
18 25 32 34 38;0.0330,0.273,-4.441
6 14 20 34 38;0.0330,0.273,-4.441
6 14 16 31 38;0.0330,0.273,-4.441
9 11 18 34 38;0.0330,0.273,-4.441
14 23 42;0.0879,0.211,-4.431
6 9 12 40;0.0330,0.136,-4.368
7 9 12 40;0.0330,0.136,-4.368
9 12 18 40;0.0330,0.136,-4.368
1 9 23 40;0.0330,0.136,-4.368
1 3 23 40;0.0330,0.136,-4.368
7 9 23 40;0.0330,0.136,-4.368
7 18 20 40;0.0330,0.136,-4.368
16 32 34 40;0.0330,0.136,-4.368
1 3 12 32 40;0.0330,0.136,-4.368
1 6 18 20 40;0.0330,0.136,-4.368
1 6 18 23 40;0.0330,0.136,-4.368
1 9 18 32 40;0.0330,0.136,-4.368
1 18 20 23 40;0.0330,0.136,-4.368
6 7 18 23 40;0.0330,0.136,-4.368
6 18 32 34 40;0.0330,0.136,-4.368
3 6 23 34 40;0.0330,0.136,-4.368
18 23 32 34 40;0.0330,0.136,-4.368
3 18 32 34 40;0.0330,0.136,-4.368
3 34 39;0.0989,0.214,-4.367
1 3 20 21 41;0.0440,0.308,-4.326
1 11 38;0.0440,0.174,-4.292
6 18 20 38;0.0440,0.174,-4.292
6 18 23 38;0.0440,0.174,-4.292
7 11 32 38;0.0440,0.174,-4.292
9 16 34 38;0.0440,0.174,-4.292
3 31 34 38;0.0440,0.174,-4.292
3 9 18 34 38;0.0440,0.174,-4.292
3 9 23 32 34 38;0.0440,0.174,-4.292
11 21 34 37;0.0989,0.310,-4.270
22 25 38;0.0220,0.500,-4.269
16 22 38;0.0220,0.500,-4.269
22 31 38;0.0220,0.500,-4.269
18 22 38;0.0220,0.500,-4.269
6 20 25 38;0.0220,0.500,-4.269
7 20 25 38;0.0220,0.500,-4.269
20 25 34 38;0.0220,0.500,-4.269
11 20 25 38;0.0220,0.500,-4.269
20 25 31 38;0.0220,0.500,-4.269
6 27 31 38;0.0220,0.500,-4.269
1 14 20 25 38;0.0220,0.500,-4.269
1 20 21 27 38;0.0220,0.500,-4.269
7 20 21 27 38;0.0220,0.500,-4.269
9 32 42;0.1099,0.164,-4.266
3 23 42;0.1099,0.164,-4.266
1 3 12 40;0.0330,0.130,-4.228
1 9 18 40;0.0330,0.130,-4.228
1 18 23 40;0.0330,0.130,-4.228
6 18 20 40;0.0330,0.130,-4.228
6 18 23 40;0.0330,0.130,-4.228
7 18 23 40;0.0330,0.130,-4.228
9 16 34 40;0.0330,0.130,-4.228
1 6 12 32 40;0.0330,0.130,-4.228
1 9 12 32 40;0.0330,0.130,-4.228
6 7 12 32 40;0.0330,0.130,-4.228
1 6 20 34 40;0.0330,0.130,-4.228
1 18 32 34 40;0.0330,0.130,-4.228
6 20 32 34 40;0.0330,0.130,-4.228
7 18 32 34 40;0.0330,0.130,-4.228
3 9 18 34 40;0.0330,0.130,-4.228
3 20 32 34 40;0.0330,0.130,-4.228
3 6 7 23 32 40;0.0330,0.130,-4.228
3 7 23 32 34 40;0.0330,0.130,-4.228
3 9 23 32 34 40;0.0330,0.130,-4.228
16 23 30 40;0.0220,0.286,-4.213
18 23 30 40;0.0220,0.286,-4.213
9 12 14 42;0.0659,0.261,-4.207
7 14 25 38;0.0330,0.250,-4.171
14 25 31 38;0.0330,0.250,-4.171
16 25 34 38;0.0330,0.250,-4.171
25 31 34 38;0.0330,0.250,-4.171
18 25 34 38;0.0330,0.250,-4.171
6 14 16 38;0.0330,0.250,-4.171
11 16 34 38;0.0330,0.250,-4.171
1 14 20 34 38;0.0330,0.250,-4.171
7 14 20 34 38;0.0330,0.250,-4.171
3 11 18 34 38;0.0330,0.250,-4.171
7 23 38;0.0549,0.122,-4.128
3 9 18 23 38;0.0549,0.122,-4.128
3 9 18 31 32 38;0.0549,0.122,-4.128
1 14 34 38;0.0440,0.167,-4.121
7 14 34 38;0.0440,0.167,-4.121
9 18 34 38;0.0440,0.167,-4.121
9 14 18 23 38;0.0440,0.167,-4.121
3 6 23 32 38;0.0440,0.167,-4.121
18 23 31 34 38;0.0440,0.167,-4.121
9 23 32 34 38;0.0440,0.167,-4.121
14 18 23 31 32 38;0.0440,0.167,-4.121
1 6 12 40;0.0330,0.125,-4.095
1 9 12 40;0.0330,0.125,-4.095
6 7 12 40;0.0330,0.125,-4.095
6 12 32 40;0.0330,0.125,-4.095
7 12 32 40;0.0330,0.125,-4.095
12 18 32 40;0.0330,0.125,-4.095
1 20 34 40;0.0330,0.125,-4.095
1 18 20 40;0.0330,0.125,-4.095
9 18 34 40;0.0330,0.125,-4.095
3 6 7 23 40;0.0330,0.125,-4.095
3 6 23 32 40;0.0330,0.125,-4.095
7 20 32 34 40;0.0330,0.125,-4.095
3 7 23 34 40;0.0330,0.125,-4.095
9 23 32 34 40;0.0330,0.125,-4.095
3 6 9 32 34 40;0.0330,0.125,-4.095
13 41;0.0769,0.167,-4.078
3 14 32 42;0.0879,0.200,-4.042
3 9 31 32 38;0.0549,0.119,-4.001
18 23 31 32 38;0.0549,0.119,-4.001
18 31 39;0.1209,0.169,-3.968
6 12 40;0.0330,0.120,-3.967
7 12 40;0.0330,0.120,-3.967
12 18 40;0.0330,0.120,-3.967
16 34 40;0.0330,0.120,-3.967
16 27 32 40;0.0330,0.120,-3.967
3 6 23 40;0.0330,0.120,-3.967
3 18 34 40;0.0330,0.120,-3.967
1 6 20 32 40;0.0330,0.120,-3.967
3 6 9 34 40;0.0330,0.120,-3.967
6 9 32 34 40;0.0330,0.120,-3.967
3 7 23 32 40;0.0330,0.120,-3.967
3 9 23 34 40;0.0330,0.120,-3.967
16 34 38;0.0440,0.160,-3.958
6 11 20 38;0.0440,0.160,-3.958
3 6 23 38;0.0440,0.160,-3.958
23 31 34 38;0.0440,0.160,-3.958
3 18 34 38;0.0440,0.160,-3.958
14 18 23 31 38;0.0440,0.160,-3.958
14 23 31 32 38;0.0440,0.160,-3.958
1 6 20 32 38;0.0440,0.160,-3.958
3 9 23 34 38;0.0440,0.160,-3.958
9 11 18 31 32 38;0.0440,0.160,-3.958
3 20 41;0.0879,0.140,-3.940
16 30 40;0.0220,0.250,-3.933
18 30 40;0.0220,0.250,-3.933
1 12 30 40;0.0220,0.250,-3.933
1 20 30 40;0.0220,0.250,-3.933
14 16 25 38;0.0330,0.231,-3.927
14 18 25 38;0.0330,0.231,-3.927
1 6 14 20 38;0.0330,0.231,-3.927
6 7 14 20 38;0.0330,0.231,-3.927
11 14 16 31 32 38;0.0330,0.231,-3.927
3 11 14 18 31 32 38;0.0330,0.231,-3.927
3 9 11 20 32 34 38;0.0330,0.231,-3.927
23 31 32 38;0.0549,0.116,-3.878
9 18 23 38;0.0549,0.116,-3.878
3 18 23 38;0.0549,0.116,-3.878
9 18 31 32 38;0.0549,0.116,-3.878
3 18 31 32 38;0.0549,0.116,-3.878
6 42;0.0989,0.176,-3.867
20 37;0.1648,0.208,-3.860
3 9 14 42;0.0879,0.195,-3.858
31 36;0.3626,0.500,-3.852
1 12 32 40;0.0330,0.115,-3.844
3 12 32 40;0.0330,0.115,-3.844
6 9 34 40;0.0330,0.115,-3.844
6 18 34 40;0.0330,0.115,-3.844
3 7 23 40;0.0330,0.115,-3.844
9 23 34 40;0.0330,0.115,-3.844
18 20 34 40;0.0330,0.115,-3.844
3 20 34 40;0.0330,0.115,-3.844
1 7 20 32 40;0.0330,0.115,-3.844
1 20 23 32 40;0.0330,0.115,-3.844
1 6 23 32 34 40;0.0330,0.115,-3.844
1 3 6 32 34 40;0.0330,0.115,-3.844
1 3 9 32 34 40;0.0330,0.115,-3.844
3 7 9 32 34 40;0.0330,0.115,-3.844
14 34 38;0.0440,0.154,-3.803
6 11 38;0.0440,0.154,-3.803
14 23 31 38;0.0440,0.154,-3.803
7 11 20 38;0.0440,0.154,-3.803
9 23 34 38;0.0440,0.154,-3.803
14 16 31 32 38;0.0440,0.154,-3.803
1 7 20 32 38;0.0440,0.154,-3.803
9 11 31 32 38;0.0440,0.154,-3.803
31 39;0.1209,0.167,-3.786
11 25 38;0.0220,0.400,-3.781
14 22 23 38;0.0220,0.400,-3.781
1 22 34 38;0.0220,0.400,-3.781
9 22 34 38;0.0220,0.400,-3.781
9 22 23 38;0.0220,0.400,-3.781
14 20 25 38;0.0220,0.400,-3.781
16 20 25 38;0.0220,0.400,-3.781
18 20 25 38;0.0220,0.400,-3.781
1 20 27 38;0.0220,0.400,-3.781
1 21 27 38;0.0220,0.400,-3.781
7 20 27 38;0.0220,0.400,-3.781
7 21 27 38;0.0220,0.400,-3.781
6 20 21 27 38;0.0220,0.400,-3.781
6 18 21 27 38;0.0220,0.400,-3.781
1 7 32 38;0.0549,0.114,-3.757
9 31 32 38;0.0549,0.114,-3.757
3 31 32 38;0.0549,0.114,-3.757
23 32 42;0.1099,0.156,-3.748
12 14 42;0.0659,0.240,-3.744
1 12 40;0.0330,0.111,-3.726
3 12 40;0.0330,0.111,-3.726
9 12 32 40;0.0330,0.111,-3.726
20 27 32 40;0.0330,0.111,-3.726
18 27 32 40;0.0330,0.111,-3.726
1 18 34 40;0.0330,0.111,-3.726
6 20 34 40;0.0330,0.111,-3.726
7 18 34 40;0.0330,0.111,-3.726
18 23 34 40;0.0330,0.111,-3.726
1 3 6 34 40;0.0330,0.111,-3.726
1 3 9 34 40;0.0330,0.111,-3.726
1 9 32 34 40;0.0330,0.111,-3.726
3 7 9 34 40;0.0330,0.111,-3.726
7 9 32 34 40;0.0330,0.111,-3.726
1 14 25 38;0.0330,0.214,-3.705
6 14 20 38;0.0330,0.214,-3.705
7 14 20 38;0.0330,0.214,-3.705
11 14 16 31 38;0.0330,0.214,-3.705
6 16 31 32 38;0.0330,0.214,-3.705
3 11 14 18 31 38;0.0330,0.214,-3.705
9 11 20 32 34 38;0.0330,0.214,-3.705
3 9 11 32 34 38;0.0330,0.214,-3.705
12 30 40;0.0220,0.222,-3.689
9 20 23 30 32 40;0.0220,0.222,-3.689
3 14 42;0.0879,0.190,-3.680
7 11 38;0.0440,0.148,-3.654
14 16 31 38;0.0440,0.148,-3.654
18 23 34 38;0.0440,0.148,-3.654
14 18 23 32 38;0.0440,0.148,-3.654
3 9 11 18 32 38;0.0440,0.148,-3.654
11 20 41;0.0879,0.136,-3.646
3 9 23 32 38;0.0549,0.111,-3.639
18 37;0.1648,0.205,-3.630
9 12 40;0.0330,0.107,-3.613
27 32 40;0.0330,0.107,-3.613
1 6 20 40;0.0330,0.107,-3.613
1 9 34 40;0.0330,0.107,-3.613
1 20 32 40;0.0330,0.107,-3.613
7 9 34 40;0.0330,0.107,-3.613
7 20 34 40;0.0330,0.107,-3.613
1 23 32 34 40;0.0330,0.107,-3.613
1 3 32 34 40;0.0330,0.107,-3.613
6 7 20 32 40;0.0330,0.107,-3.613
1 3 6 9 32 40;0.0330,0.107,-3.613
3 6 7 9 32 40;0.0330,0.107,-3.613
21 34 39;0.0989,0.196,-3.604
34 42;0.0989,0.170,-3.532
3 12 32 42;0.0659,0.231,-3.531
1 32 38;0.0549,0.109,-3.524
1 6 20 38;0.0440,0.143,-3.512
6 31 32 38;0.0440,0.143,-3.512
3 14 18 31 38;0.0440,0.143,-3.512
6 7 20 32 38;0.0440,0.143,-3.512
18 31 32 34 38;0.0440,0.143,-3.512
9 11 18 32 38;0.0440,0.143,-3.512
9 14 42;0.0879,0.186,-3.508
1 7 20 40;0.0330,0.103,-3.504
1 3 34 40;0.0330,0.103,-3.504
1 20 23 40;0.0330,0.103,-3.504
6 20 32 40;0.0330,0.103,-3.504
7 20 32 40;0.0330,0.103,-3.504
1 6 23 34 40;0.0330,0.103,-3.504
1 3 6 9 40;0.0330,0.103,-3.504
1 6 18 32 40;0.0330,0.103,-3.504
3 6 7 9 40;0.0330,0.103,-3.504
6 7 18 32 40;0.0330,0.103,-3.504
6 23 32 34 40;0.0330,0.103,-3.504
3 6 32 34 40;0.0330,0.103,-3.504
3 6 9 32 40;0.0330,0.103,-3.504
11 41;0.0879,0.133,-3.503
14 25 38;0.0330,0.200,-3.501
25 32 34 38;0.0330,0.200,-3.501
25 31 32 38;0.0330,0.200,-3.501
6 16 31 38;0.0330,0.200,-3.501
11 14 16 32 38;0.0330,0.200,-3.501
3 11 14 31 38;0.0330,0.200,-3.501
9 11 32 34 38;0.0330,0.200,-3.501
9 11 14 18 31 38;0.0330,0.200,-3.501
3 11 14 18 32 38;0.0330,0.200,-3.501
3 9 11 20 34 38;0.0330,0.200,-3.501
14 29 42;0.0220,0.667,-3.474
9 20 30 32 40;0.0220,0.200,-3.474
23 34 37;0.1209,0.250,-3.432
3 9 39;0.1209,0.162,-3.430
3 32 42;0.1099,0.152,-3.416
22 27 40;0.0110,1.000,-3.412
14 20 22 30 40;0.0110,1.000,-3.412
9 20 22 30 40;0.0110,1.000,-3.412
7 32 38;0.0549,0.106,-3.412
9 23 32 38;0.0549,0.106,-3.412
18 23 32 38;0.0549,0.106,-3.412
3 9 18 32 38;0.0549,0.106,-3.412
12 32 40;0.0330,0.100,-3.399
3 6 9 40;0.0330,0.100,-3.399
6 18 32 40;0.0330,0.100,-3.399
7 18 32 40;0.0330,0.100,-3.399
18 32 34 40;0.0330,0.100,-3.399
1 6 9 32 40;0.0330,0.100,-3.399
1 3 6 32 40;0.0330,0.100,-3.399
6 7 9 32 40;0.0330,0.100,-3.399
3 7 9 32 40;0.0330,0.100,-3.399
3 23 32 34 40;0.0330,0.100,-3.399
9 16 20 23 32 40;0.0330,0.100,-3.399
14 22 38;0.0220,0.333,-3.399
1 22 38;0.0220,0.333,-3.399
9 22 38;0.0220,0.333,-3.399
1 27 38;0.0220,0.333,-3.399
7 27 38;0.0220,0.333,-3.399
22 32 34 38;0.0220,0.333,-3.399
22 23 32 38;0.0220,0.333,-3.399
1 20 25 38;0.0220,0.333,-3.399
6 20 27 38;0.0220,0.333,-3.399
6 18 27 38;0.0220,0.333,-3.399
6 21 27 38;0.0220,0.333,-3.399
7 14 38;0.0440,0.138,-3.375
3 14 31 38;0.0440,0.138,-3.375
14 18 23 38;0.0440,0.138,-3.375
1 7 20 38;0.0440,0.138,-3.375
6 20 32 38;0.0440,0.138,-3.375
31 32 34 38;0.0440,0.138,-3.375
3 14 23 32 38;0.0440,0.138,-3.375
3 6 9 32 38;0.0440,0.138,-3.375
3 11 18 32 38;0.0440,0.138,-3.375
3 23 41;0.0879,0.131,-3.362
3 12 42;0.0659,0.222,-3.331
25 34 38;0.0330,0.188,-3.312
25 31 38;0.0330,0.188,-3.312
16 25 32 38;0.0330,0.188,-3.312
18 25 32 38;0.0330,0.188,-3.312
1 14 20 38;0.0330,0.188,-3.312
6 16 32 38;0.0330,0.188,-3.312
9 11 14 31 38;0.0330,0.188,-3.312
9 11 20 34 38;0.0330,0.188,-3.312
3 9 11 34 38;0.0330,0.188,-3.312
11 18 32 34 38;0.0330,0.188,-3.312
3 9 20 32 34 38;0.0330,0.188,-3.312
3 9 11 14 20 32 38;0.0330,0.188,-3.312
1 7 38;0.0549,0.104,-3.302
3 9 18 31 38;0.0549,0.104,-3.302
12 40;0.0330,0.097,-3.297
1 20 40;0.0330,0.097,-3.297
1 6 9 40;0.0330,0.097,-3.297
1 3 6 40;0.0330,0.097,-3.297
1 23 34 40;0.0330,0.097,-3.297
6 7 9 40;0.0330,0.097,-3.297
3 6 34 40;0.0330,0.097,-3.297
6 9 32 40;0.0330,0.097,-3.297
3 7 9 40;0.0330,0.097,-3.297
20 32 34 40;0.0330,0.097,-3.297
7 23 32 34 40;0.0330,0.097,-3.297
3 7 32 34 40;0.0330,0.097,-3.297
3 9 32 34 40;0.0330,0.097,-3.297
9 16 23 32 40;0.0330,0.097,-3.297
9 20 23 30 40;0.0220,0.182,-3.281
11 34 37;0.0989,0.273,-3.272
14 16 32 38;0.0440,0.133,-3.244
3 6 9 38;0.0440,0.133,-3.244
6 18 32 38;0.0440,0.133,-3.244
18 32 34 38;0.0440,0.133,-3.244
9 14 18 31 38;0.0440,0.133,-3.244
3 9 14 23 38;0.0440,0.133,-3.244
3 23 32 34 38;0.0440,0.133,-3.244
16 27 40;0.0330,0.094,-3.198
6 9 40;0.0330,0.094,-3.198
1 18 32 40;0.0330,0.094,-3.198
6 7 20 40;0.0330,0.094,-3.198
7 9 32 40;0.0330,0.094,-3.198
9 32 34 40;0.0330,0.094,-3.198
1 6 23 32 40;0.0330,0.094,-3.198
1 3 7 32 40;0.0330,0.094,-3.198
1 3 9 32 40;0.0330,0.094,-3.198
16 20 23 32 40;0.0330,0.094,-3.198
3 9 18 20 23 32 40;0.0330,0.094,-3.198
3 9 31 38;0.0549,0.102,-3.194
9 18 32 38;0.0549,0.102,-3.194
3 18 32 38;0.0549,0.102,-3.194
9 12 42;0.0659,0.214,-3.141
16 25 38;0.0330,0.176,-3.137
18 25 38;0.0330,0.176,-3.137
6 16 38;0.0330,0.176,-3.137
11 14 16 38;0.0330,0.176,-3.137
9 11 34 38;0.0330,0.176,-3.137
3 11 14 18 38;0.0330,0.176,-3.137
9 20 32 34 38;0.0330,0.176,-3.137
11 14 18 31 32 38;0.0330,0.176,-3.137
9 11 14 20 32 38;0.0330,0.176,-3.137
3 9 11 14 32 38;0.0330,0.176,-3.137
3 11 14 20 32 38;0.0330,0.176,-3.137
1 14 38;0.0440,0.129,-3.118
1 20 38;0.0440,0.129,-3.118
9 14 31 38;0.0440,0.129,-3.118
3 14 23 38;0.0440,0.129,-3.118
6 9 32 38;0.0440,0.129,-3.118
3 9 32 34 38;0.0440,0.129,-3.118
9 11 18 31 38;0.0440,0.129,-3.118
6 20 30 40;0.0220,0.167,-3.107
7 20 30 40;0.0220,0.167,-3.107
9 20 30 40;0.0220,0.167,-3.107
6 20 40;0.0330,0.091,-3.103
7 9 40;0.0330,0.091,-3.103
7 20 40;0.0330,0.091,-3.103
1 6 18 40;0.0330,0.091,-3.103
1 3 7 40;0.0330,0.091,-3.103
1 3 9 40;0.0330,0.091,-3.103
6 7 18 40;0.0330,0.091,-3.103
6 23 34 40;0.0330,0.091,-3.103
3 7 34 40;0.0330,0.091,-3.103
3 23 34 40;0.0330,0.091,-3.103
16 23 32 40;0.0330,0.091,-3.103
3 6 7 32 40;0.0330,0.091,-3.103
3 9 18 23 32 40;0.0330,0.091,-3.103
3 9 42;0.1099,0.147,-3.096
1 38;0.0549,0.100,-3.089
9 18 31 38;0.0549,0.100,-3.089
3 18 31 38;0.0549,0.100,-3.089
22 34 38;0.0220,0.286,-3.085
22 23 38;0.0220,0.286,-3.085
22 32 38;0.0220,0.286,-3.085
20 25 38;0.0220,0.286,-3.085
6 27 38;0.0220,0.286,-3.085
9 39;0.1209,0.157,-3.085
21 34 37;0.1209,0.239,-3.029
20 27 40;0.0330,0.088,-3.011
18 27 40;0.0330,0.088,-3.011
6 18 40;0.0330,0.088,-3.011
7 18 40;0.0330,0.088,-3.011
1 9 32 40;0.0330,0.088,-3.011
1 23 32 40;0.0330,0.088,-3.011
1 3 32 40;0.0330,0.088,-3.011
3 6 32 40;0.0330,0.088,-3.011
3 9 34 40;0.0330,0.088,-3.011
1 6 32 34 40;0.0330,0.088,-3.011
9 16 20 32 40;0.0330,0.088,-3.011
9 18 20 23 32 40;0.0330,0.088,-3.011
3 18 20 23 32 40;0.0330,0.088,-3.011
