42
43
42
48
43
42
43
42
44
48
42
46
43
42
43
48
43
42
44
43
43
48
42
43
46
42
43
42
48
44
43
42
43
43
48
47
42
43
46
42
44
43
48
42
43
48
42
43
44
42
46
43
42
48
47
43
42
43
42
43
44
42
43
42
43
46
42
48
43
42
43
44
42
43
47
48
42
43
42
46
48
43
42
43
42
48
43
42
43
42
43
48
46
47
44
43
42
43
42
43
48
42
43
42
44
43
42
46
43
42
43
42
48
47
43
42
44
43
42
43
48
42
46
42
43
42
44
43
43
42
43
47
48
42
43
46
42
43
42
48
43
42
43
43
42
48
43
44
42
43
42
47
48
43
42
42
43
44
42
43
42
46
43
42
48
43
42
43
44
42
47
43
48
42
43
42
43
46
42
48
43
44
42
43
42
43
48
42
43
42
43
43
43
