48
49
48
48
50
48
51
49
48
48
48
49
50
51
48
49
48
52
48
50
48
51
48
48
49
50
48
51
48
49
48
48
50
48
51
49
52
48
48
49
50
48
51
48
48
48
48
50
48
51
48
48
49
48
52
50
48
51
48
49
48
48
48
50
51
48
48
48
49
50
48
48
51
48
49
52
48
48
50
48
49
51
48
48
48
49
50
48
48
48
49
48
48
50
48
52
51
48
48
49
50
48
48
51
48
48
48
50
49
48
51
48
48
49
52
48
50
48
48
51
49
48
48
48
49
48
51
48
48
49
48
50
48
48
51
52
49
48
48
50
48
49
48
48
51
48
49
50
48
48
48
49
51
48
48
50
48
52
49
48
51
48
49
50
48
48
49
48
51
48
48
50
49
48
48
48
51
52
49
48
50
48
48
49
48
51
48
48
50
49
48
48
51
49
48
50
48
52
48
51
48
48
50
49
48
48
48
51
50
48
48
48
49
51
48
50
52
48
49
48
48
49
48
48
49
48
48
51
48
50
49
48
48
52
49
51
48
48
48
49
48
48
48
50
49
48
48
49
51
48
50
48
52
48
49
48
48
51
50
49
48
48
49
51
48
50
48
48
49
48
48
48
48
