49
49
51
49
49
49
48
51
51
50
48
48
50
48
51
48
49
48
52
49
48
48
50
48
51
49
51
48
49
48
50
48
49
48
48
48
49
51
52
50
48
48
51
48
48
48
48
48
51
48
49
48
49
48
49
50
51
48
51
50
52
48
48
48
48
50
50
48
52
51
49
49
48
50
48
51
49
48
51
48
48
49
51
49
48
48
48
50
48
51
50
51
52
48
48
48
50
48
48
51
50
48
49
48
50
48
48
48
49
48
48
49
48
48
48
51
52
48
48
49
48
51
48
51
48
48
48
48
50
48
49
48
51
48
52
48
51
49
50
48
48
48
50
50
49
50
50
48
48
48
48
49
48
49
52
49
48
48
48
50
49
48
48
48
50
48
50
48
48
