2 9 12 15
1 10 11 14
5 10 13 16
2 6 12 15
1 8 11 14
3 7 13 15
2 7 12 15
3 10 13 16
2 6 12 15
1 10 11 14
3 6 13 16
1 6 12 15
1 9 11 14
3 10 13 16
2 9 12 15
2 10 11 14
3 10 13 16
2 6 12 15
1 6 11 14
2 9 13 16
5 10 13 15
1 9 11 14
3 6 13 16
5 10 12 15
1 10 11 14
5 9 13 16
4 9 12 15
1 10 11 14
2 7 13 16
1 9 12 15
1 10 11 14
5 9 13 16
2 10 13 16
1 10 11 14
1 6 12 16
3 8 12 15
2 10 11 14
5 10 13 16
3 6 12 15
1 9 11 14
3 10 13 16
3 10 12 15
1 10 11 14
3 7 13 16
2 6 12 15
1 9 11 14
3 6 13 16
2 10 11 14
2 7 12 15
5 8 13 16
1 10 11 14
1 10 11 14
5 7 13 15
5 9 13 15
1 10 11 14
2 9 12 15
5 10 13 16
1 10 11 14
2 8 12 15
5 7 13 16
2 10 11 14
5 10 13 16
1 10 11 14
3 6 12 15
5 10 13 16
1 10 11 14
2 6 13 15
1 10 11 14
1 6 12 15
1 6 12 15
1 10 11 14
5 6 13 16
1 6 12 15
1 10 11 14
3 9 13 16
2 6 12 15
1 10 11 14
2 8 12 15
1 10 11 14
5 10 13 16
2 6 13 15
1 10 11 14
5 10 13 16
1 6 12 15
1 10 11 14
2 9 12 15
1 10 11 14
2 7 13 16
2 8 12 15
2 10 11 14
5 10 13 16
1 10 11 14
5 10 12 15
2 6 13 16
1 10 11 14
2 6 13 16
2 6 12 15
3 10 13 16
1 10 11 14
3 6 13 15
5 6 13 16
1 10 11 14
2 6 12 15
5 10 13 16
1 10 11 14
3 8 13 16
1 10 11 14
2 6 12 15
3 10 13 16
1 9 11 14
3 7 12 15
5 10 13 16
2 9 12 15
3 9 13 16
1 10 11 14
5 7 13 16
1 10 11 14
5 9 13 16
1 10 11 14
2 6 12 15
3 7 13 16
1 10 11 14
2 10 12 15
2 9 13 16
1 10 11 14
5 9 13 16
1 10 11 14
5 10 12 15
1 10 11 14
2 6 12 15
3 9 13 16
1 10 11 14
3 8 12 15
5 9 13 16
5 10 13 16
